3 150 5
6030.05 17445 14301.3  3758.28 10824.5 8914.33  2320.59 6691.55 5499.2  1466.34 4189.42 3500.81  913.036 2589.75 2167.62  
6030.05 17445 14301.3  3777.37 10813.9 8954.99  2315.32 6721.13 5518.46  1448.48 4158.94 3431.4  906.513 2598.56 2170.69  
6030.05 17445 14301.3  3758.28 10824.5 8914.33  2320.59 6691.55 5499.2  1474.23 4180.49 3508.54  909.254 2602.21 2180.08  
6030.05 17445 14301.3  3757.16 10837 8935.32  2351.38 6692.85 5558.19  1454.01 4168.52 3449.58  906.501 2592.41 2156.86  
6030.05 17445 14301.3  3721.25 10815 8879.08  2362.91 6724.12 5618.04  1471.79 4176.5 3484.97  909.969 2592.61 2150.28  
6030.05 17445 14301.3  3724.64 10776.8 8815.06  2351.68 6721.81 5577.54  1454.59 4172.65 3461.45  918.415 2602.64 2190.2  
6030.05 17445 14301.3  3777.37 10813.9 8954.99  2346.21 6718.61 5571.17  1455.75 4163.62 3453.32  900.187 2593.25 2143.23  
6030.05 17445 14301.3  3777.37 10813.9 8954.99  2345.53 6726.28 5584  1438.79 4167.98 3420.14  912.159 2595.87 2173.77  
6030.05 17445 14301.3  3750.88 10834.1 8943.97  2355.56 6718.62 5588.17  1454.81 4159.9 3435.11  911.63 2584.62 2157.79  
6030.05 17445 14301.3  3773.38 10786.5 8922.24  2347.73 6729 5583.54  1445.72 4157.19 3427.28  909.517 2599.7 2170.66  
6030.05 17445 14301.3  3721.25 10815 8879.08  2366.78 6725.87 5612.73  1458.15 4147.67 3432.48  910.426 2585.7 2152.77  
6030.05 17445 14301.3  3776.28 10826.2 8975.61  2342.11 6719.87 5581.47  1458.83 4173.85 3462.27  905.587 2581.87 2138.18  
6030.05 17445 14301.3  3728.77 10805.2 8848.95  2350.12 6711.09 5564.85  1474.22 4180.39 3508.44  907.821 2582.63 2153.54  
6030.05 17445 14301.3  3728.77 10805.2 8848.95  2348.03 6734.51 5604.29  1455.57 4173.07 3460.44  909.788 2591.43 2167.36  
6030.05 17445 14301.3  3728.77 10805.2 8848.95  2352.66 6728.47 5585.73  1462.91 4181.64 3496.22  905.323 2590.48 2160.93  
14380.6 41103.2 34003.2  1446.15 4324.03 3530.32  155.246 508.359 414.643  16.0896 56.7943 46.0629  1.67814 6.7521 5.18507  
14380.6 41103.2 34003.2  1448.06 4363.17 3545.82  153.946 474.231 404.841  15.5383 52.3903 41.004  1.62192 6.2852 4.64491  
14380.6 41103.2 34003.2  1455.79 4346.8 3579.71  146.612 488.222 370.76  15.2144 55.4193 41.4963  1.55953 5.62489 4.32719  
14380.6 41103.2 34003.2  1456.44 4375.39 3583.25  146.368 464.681 369.448  14.873 50.7582 39.6639  1.49884 5.337 4.00089  
14380.6 41103.2 34003.2  1448.06 4363.17 3545.82  153.165 475.396 400.092  16.2694 52.1008 45.799  1.66269 5.52346 4.59538  
14380.6 41103.2 34003.2  1451.5 4347.19 3552.72  150.742 486.584 396.34  15.3606 56.3835 42.9751  1.57204 5.93741 4.29368  
14380.6 41103.2 34003.2  1448.06 4363.17 3545.82  153.7 478.581 403.611  15.8143 49.2579 42.5935  1.59317 5.14274 4.29267  
14380.6 41103.2 34003.2  1446.15 4324.03 3530.32  155.491 512.273 419.584  15.9198 53.767 42.1276  1.60888 6.05517 4.31096  
14380.6 41103.2 34003.2  1456.03 4380.43 3591.38  146.61 461.8 364.67  15.0118 48.6445 36.4373  1.52341 5.25768 3.88487  
14380.6 41103.2 34003.2  1444.18 4384.77 3547.33  156.638 456.176 398.758  16.6065 49.2601 45.0706  1.7311 5.84814 5.06833  
14380.6 41103.2 34003.2  1450.93 4319.1 3549.73  151.437 516.754 401.74  15.1871 54.3067 40.2425  1.61346 5.89069 4.57065  
14380.6 41103.2 34003.2  1455.79 4346.8 3579.71  146.554 485.047 370.44  15.2137 57.877 41.4175  1.60929 6.32065 4.67627  
14380.6 41103.2 34003.2  1454.93 4364.3 3570.36  147.813 472.644 381.956  14.851 53.3316 39.496  1.57478 5.84603 4.48202  
14380.6 41103.2 34003.2  1451.56 4380.59 3563.78  150.693 457.04 386.479  15.2514 52.9876 41.3349  1.66236 5.52188 4.68089  
14380.6 41103.2 34003.2  1456.03 4380.43 3591.38  146.782 458.867 363.952  14.8173 50.7212 36.8624  1.54597 6.03089 4.16076  
474.05 1374.84 1122.94  453.006 1323.51 1071.79  447.691 1297.05 1066.82  430.962 1255.97 1027.53  422.299 1220.9 1003.45  
474.05 1374.84 1122.94  461.146 1336.69 1098.76  450.608 1294.23 1067.33  434.065 1257.88 1034.22  424.146 1217.93 1004.64  
474.05 1374.84 1122.94  453.522 1327.06 1076.02  448.073 1292.44 1059.19  435.223 1257.1 1031.71  414 1208.53 979.743  
474.05 1374.84 1122.94  463.911 1330.81 1096.09  450.525 1294.41 1067.41  426.81 1249 1012.89  418.361 1214.18 989.647  
474.05 1374.84 1122.94  464.402 1334.2 1100.11  448.234 1295.57 1062.45  434.894 1256.8 1030.9  424.095 1218 1004.84  
474.05 1374.84 1122.94  457.92 1329.62 1082.93  448.427 1295.71 1062.96  430.101 1246.28 1014.54  424.426 1218.44 1005.83  
474.05 1374.84 1122.94  457.504 1334.33 1090.79  444.427 1289.86 1050.89  426.689 1245.68 1009.54  421.683 1220.77 1004.87  
474.05 1374.84 1122.94  462.055 1335.5 1095.12  450.581 1294.27 1067.44  434.766 1258.25 1033.32  418.18 1213.77 989.075  
474.05 1374.84 1122.94  457.92 1329.62 1082.93  448.294 1297.2 1065.46  434.229 1258.01 1034.75  414.366 1211.54 983.138  
474.05 1374.84 1122.94  457.504 1334.33 1090.79  439.657 1283.93 1040.08  427.314 1249.2 1013.84  418.475 1218.69 997.77  
474.05 1374.84 1122.94  453.006 1323.51 1071.79  444.155 1294.76 1059.09  435.226 1258.59 1034.27  417.567 1209.14 984.763  
474.05 1374.84 1122.94  458.428 1333.12 1087.09  444.892 1293.29 1055.04  437.382 1255.67 1036.21  417.997 1218.25 996.776  
474.05 1374.84 1122.94  463.911 1330.81 1096.09  443.834 1294.54 1058.37  431.494 1256.17 1026.05  422.074 1220.75 1003.02  
474.05 1374.84 1122.94  457.504 1334.33 1090.79  444.919 1293.26 1054.93  437.409 1255.64 1036.1  418.867 1217.11 993.291  
474.05 1374.84 1122.94  453.522 1327.06 1076.02  448.425 1297.28 1065.67  426.689 1245.67 1009.54  419.07 1218.94 996.59  
10988.1 31562 26193.3  3423.75 9946.77 8090.92  1094.28 3060.15 2557.19  340.282 975.034 797.312  104.932 311.195 248.56  
10988.1 31562 26193.3  3423.75 9946.77 8090.92  1087.17 3085.87 2556.69  342.929 965.568 797.496  108.501 302.65 248.866  
10988.1 31562 26193.3  3423.75 9946.77 8090.92  1084.84 3045.21 2554.18  343.031 990.424 797.831  109.228 312.021 249.826  
10988.1 31562 26193.3  3437.99 9818.99 8129.54  1069.39 3138.17 2522.43  347.215 1015.27 796.202  108.178 320.482 246.533  
10988.1 31562 26193.3  3437.99 9818.99 8129.54  1072.75 3163.84 2525.72  340.492 988.573 789.825  109.734 316.293 248.536  
10988.1 31562 26193.3  3431.02 9920.32 8123.95  1089.75 3098.39 2537.03  333.683 964.26 785.914  108.347 311.957 248.075  
10988.1 31562 26193.3  3446.95 9939.53 8119.56  1065.76 3093.87 2525.64  342.532 961.457 800.551  107.801 303.812 248.86  
10988.1 31562 26193.3  3449.36 9899.6 8141.17  1067.39 3126.61 2511.9  340.624 961.64 794.628  105.222 309.564 245.884  
10988.1 31562 26193.3  3446.95 9939.53 8119.56  1069.3 3070.01 2537.02  341.506 973.243 791.488  105.28 308.597 246.493  
10988.1 31562 26193.3  3396.54 9845.55 8084.46  1100.98 3145.58 2556.64  351.348 980.904 801.197  112.191 319.448 251.244  
10988.1 31562 26193.3  3416.09 9889.88 8109.69  1092.41 3124.9 2543.79  345.62 979.481 793.792  107.518 303.912 246.847  
10988.1 31562 26193.3  3396.54 9845.55 8084.46  1110.95 3161.56 2559.79  344.553 985.751 796.565  109.419 305.82 251.728  
10988.1 31562 26193.3  3454.9 9902.22 8133.63  1071.12 3089.63 2530.07  334.774 985.283 786.575  103.206 312.438 244.974  
10988.1 31562 26193.3  3431.02 9920.32 8123.95  1089.75 3098.39 2537.03  336.196 975.145 788.317  106.266 302.009 246.068  
10988.1 31562 26193.3  3431.02 9920.32 8123.95  1077.49 3094.45 2529.53  342.798 978.782 789.903  110.251 305.854 250.059  
13065.1 37553.3 31123.7  2383.22 6850.5 5622.88  447.869 1306.81 1020.77  84.6448 233.842 190.387  15.6959 45.2426 34.6421  
13065.1 37553.3 31123.7  2404.33 6884.52 5629.6  433.965 1272.88 1021.62  78.4387 236.851 183.311  14.7621 42.9351 34.0235  
13065.1 37553.3 31123.7  2400.47 6882.67 5634.82  436.821 1279.56 1014.64  79.3928 232.962 184.564  14.9099 42.133 34.5614  
13065.1 37553.3 31123.7  2400.47 6882.67 5634.82  435.686 1263.95 1015.9  80.5935 245.416 184.549  14.7595 44.3175 33.5643  
13065.1 37553.3 31123.7  2404.33 6884.52 5629.6  430.844 1266.93 1019.46  81.5456 238.973 186.029  14.8352 45.4651 33.7306  
13065.1 37553.3 31123.7  2399.47 6837.69 5628.99  434.794 1304.85 1019.96  82.4253 246.251 185.949  14.8031 47.4029 33.7263  
13065.1 37553.3 31123.7  2386.63 6917.45 5594.59  445.843 1252.37 1042.77  83.8903 224.189 195.44  15.1416 43.0856 35.5972  
13065.1 37553.3 31123.7  2392.56 6826.55 5626.79  439.307 1318.74 1019.97  84.3894 244.023 187.746  15.1874 46.8377 34.1874  
13065.1 37553.3 31123.7  2392.56 6826.55 5626.79  444.444 1319 1020.67  79.2498 246.122 186.298  15.1106 44.9581 34.6362  
13065.1 37553.3 31123.7  2393.43 6871.33 5632.58  441.422 1273.09 1017.73  81.9456 244.729 184.839  14.8558 46.8441 33.6251  
13065.1 37553.3 31123.7  2375.33 6903.79 5597.67  453.24 1255.9 1043.69  86.1325 233.59 191.774  16.4448 43.6009 35.3046  
13065.1 37553.3 31123.7  2404.33 6884.52 5629.6  429.417 1276.82 1014.89  82.2664 233.687 188.602  15.3721 42.3074 35.1609  
13065.1 37553.3 31123.7  2377.29 6875.87 5613  453.634 1282.55 1033.01  84.1582 235.582 187.468  16.1027 43.1233 34.8833  
13065.1 37553.3 31123.7  2398.79 6910.5 5619.84  434.257 1250.5 1025.62  82.5129 232.536 188.431  15.6692 43.437 34.5281  
13065.1 37553.3 31123.7  2400.47 6882.67 5634.82  432.9 1273.11 1013.41  82.5802 238.244 185.569  15.5507 42.8776 34.7334  
3836.49 10944.6 9071.26  2910.61 8384.64 6903.97  2216.92 6339.44 5246.74  1683.16 4868.43 4013.37  1282.49 3675.39 3040.79  
3836.49 10944.6 9071.26  2909.77 8394.19 6919.88  2211.02 6271.85 5212.73  1677.2 4801.92 3956.38  1282.5 3690.53 3043.59  
3836.49 10944.6 9071.26  2907.54 8363.35 6878.72  2219.33 6367.58 5283.57  1686.43 4816.89 4013.42  1281.87 3686.01 3038.02  
3836.49 10944.6 9071.26  2909.77 8394.19 6919.88  2217.79 6318.71 5268.31  1687.03 4852.84 4011.33  1282.52 3695.16 3050.15  
3836.49 10944.6 9071.26  2913 8278.39 6885.04  2210.25 6299.05 5220.96  1686.05 4835.83 4003.79  1282.83 3717.96 3053.72  
3836.49 10944.6 9071.26  2916.47 8362.73 6931.84  2216.18 6326.16 5265.44  1686.28 4853.11 4000.12  1277.55 3701.1 3027.27  
3836.49 10944.6 9071.26  2907.41 8299.99 6857.43  2218.35 6341.03 5283.25  1687.94 4864.5 4013.64  1278.24 3657.93 3025.56  
3836.49 10944.6 9071.26  2915.97 8298.93 6909.39  2216.3 6341.27 5270.81  1679.99 4802.48 3966.82  1283.08 3724.5 3062.72  
3836.49 10944.6 9071.26  2907.54 8363.35 6878.72  2207.2 6342.9 5216.71  1688.83 4836.81 4010.02  1276.45 3653.29 3020.55  
3836.49 10944.6 9071.26  2911.8 8360.59 6938.28  2211.41 6320.47 5212.74  1685.36 4859.2 4023.97  1283.96 3701.23 3056.02  
3836.49 10944.6 9071.26  2896.7 8256.04 6814.28  2216.82 6417.24 5289.87  1685.14 4825.78 3988.18  1282.34 3683.17 3042.8  
3836.49 10944.6 9071.26  2911.8 8360.59 6938.28  2217.3 6326.66 5263.9  1677.45 4840.16 3957.26  1284.82 3700.14 3052.85  
3836.49 10944.6 9071.26  2906.26 8246.54 6851.68  2219.25 6346.62 5272.91  1685.51 4832.12 3999.37  1283.75 3724.45 3061.33  
3836.49 10944.6 9071.26  2910.61 8384.64 6903.97  2206.47 6337.85 5210.74  1678.08 4788.62 3960.6  1287.18 3708.2 3079.91  
3836.49 10944.6 9071.26  2915.97 8298.93 6909.39  2210.51 6383.42 5235.79  1683.41 4878.42 4014.69  1279.66 3668.59 3026.79  
10873.4 30948.5 25733.2  3470.57 10031.8 8231.73  1121.21 3335.25 2720.28  363.326 1138.48 892.632  116.497 369.012 286.615  
10873.4 30948.5 25733.2  3482.16 10095.6 8301.11  1113.73 3349.9 2671.73  360.633 1084.24 876.503  115.174 349.984 280.37  
10873.4 30948.5 25733.2  3481.2 10106.9 8319.56  1117.8 3342.04 2679.85  357.206 1064.81 854.438  115.514 361.01 280.334  
10873.4 30948.5 25733.2  3477.2 10170.8 8335.88  1116.6 3252.98 2637.88  361.373 1099.9 878.69  116.216 354.339 281.282  
10873.4 30948.5 25733.2  3467.51 9976.68 8241.24  1125.75 3395.27 2714.48  362.42 1133.89 888.097  115.743 366.026 284.08  
10873.4 30948.5 25733.2  3480.15 10136.4 8279.52  1114.59 3275.76 2675.66  360.586 1110.91 886.901  116.11 354.748 288.322  
10873.4 30948.5 25733.2  3482.16 10095.6 8301.11  1116.64 3327.72 2689.58  357.239 1082.98 862.187  115.453 363.342 277.758  
10873.4 30948.5 25733.2  3483.76 10161.9 8309.34  1111.98 3252.5 2673.85  359.048 1085.05 862.345  116.621 371.77 284.332  
10873.4 30948.5 25733.2  3483.76 10161.9 8309.34  1112.64 3305.11 2666.18  359.078 1071.02 869.943  116.008 344.723 286.028  
10873.4 30948.5 25733.2  3478.62 10070.6 8271.83  1117.31 3375.39 2701.35  359.188 1067.95 874.031  116.126 360.596 281.803  
10873.4 30948.5 25733.2  3474.77 10211.7 8313.78  1118.73 3271.47 2663.19  360.89 1045.25 865.554  116.472 346.691 285.045  
10873.4 30948.5 25733.2  3481.2 10106.9 8319.56  1112.9 3277.35 2651.85  360.476 1111.15 869.252  116.834 372.991 288.369  
10873.4 30948.5 25733.2  3467.51 9976.68 8241.24  1122.97 3375.61 2719.8  364.307 1147.17 884.495  116.742 372.709 285.359  
10873.4 30948.5 25733.2  3482.16 10095.6 8301.11  1112.25 3284.78 2664.23  360.804 1121.79 883.472  116.026 364.964 281.787  
10873.4 30948.5 25733.2  3477.2 10170.8 8335.88  1117.09 3299.16 2648.31  360.89 1061.72 870.691  116.397 349.06 279.374  
1116.74 3179.09 2655.46  1028.25 2918.24 2455.48  957.209 2719.35 2284.89  901.99 2587.18 2138.88  837.211 2390.85 1989.17  
1116.74 3179.09 2655.46  1037.32 2929.1 2452.95  959.528 2744.16 2293.7  897.9 2543.82 2128.17  837.056 2407.08 1991.55  
1116.74 3179.09 2655.46  1036.13 2973.81 2471.49  966.828 2771.82 2299.58  896.083 2538.23 2128.38  833.743 2364.45 1980.21  
1116.74 3179.09 2655.46  1041.14 2976.11 2464.61  962.998 2727.84 2288.95  892.791 2569.9 2135.42  833.89 2365.14 1980.94  
1116.74 3179.09 2655.46  1041.14 2976.11 2464.61  964.492 2728.52 2286.89  889.685 2529.46 2125.38  837.017 2405.9 1991.41  
1116.74 3179.09 2655.46  1037.32 2929.1 2452.95  963.263 2731.05 2289.76  890.033 2532.49 2125.99  837.345 2408.78 1991.98  
1116.74 3179.09 2655.46  1040.37 2960 2467.65  966.532 2772.78 2299.85  897.445 2536.95 2122.08  827.595 2354.65 1976.84  
1116.74 3179.09 2655.46  1039.17 2978.68 2472.47  963.429 2748.95 2296.22  897.499 2540.1 2126.64  833.669 2365.55 1980.5  
1116.74 3179.09 2655.46  1037.32 2929.1 2452.95  966.335 2756.83 2298.48  900.717 2583.82 2138.11  833.937 2399.49 1989.74  
1116.74 3179.09 2655.46  1040.84 2979.45 2470.18  956.34 2715.19 2283.87  897.093 2578.33 2139.06  837.089 2403.2 1990.28  
1116.74 3179.09 2655.46  1035.75 2954.47 2468.94  966.855 2773.16 2299.76  896.716 2576.04 2138.04  838.318 2398.99 1983  
1116.74 3179.09 2655.46  1028.25 2918.24 2455.48  965.654 2729.48 2282.54  893.5 2573.79 2136.5  831.561 2395.58 1987.36  
1116.74 3179.09 2655.46  1038.73 2959.25 2469.9  960.44 2724.62 2287.7  893.811 2538.38 2128.5  834.164 2368.66 1981.14  
1116.74 3179.09 2655.46  1038.73 2959.25 2469.9  964.924 2726.68 2281.54  892.824 2571.15 2135.56  838.133 2386.58 1982.42  
1116.74 3179.09 2655.46  1037.32 2929.1 2452.95  956.583 2718.62 2285.07  893.5 2573.79 2136.5  828.765 2357.93 1977.89  
4585.29 13303.1 10947.1  3284.28 9442.41 7823.53  2319.89 6723.35 5492.77  1642.38 4754.84 3918.75  1196.72 3409.85 2827.67  
4585.29 13303.1 10947.1  3282.82 9469.98 7784.2  2303.72 6662.73 5519.86  1676.14 4797.48 3956.05  1178.96 3395.21 2798.79  
4585.29 13303.1 10947.1  3277.32 9467.46 7791.73  2331.13 6687.78 5560.41  1678.34 4786.2 3960.01  1172.12 3391.97 2783.93  
4585.29 13303.1 10947.1  3294.12 9458.11 7826.7  2305.86 6705.44 5494.98  1680.78 4783.8 3968.81  1173.83 3390.27 2790.12  
4585.29 13303.1 10947.1  3241.25 9434.54 7731.93  2350.63 6737.47 5559.38  1680.37 4780.09 3981.35  1176.24 3388.9 2795.2  
4585.29 13303.1 10947.1  3282.82 9469.98 7784.2  2334.77 6725.41 5549.71  1654.11 4770.92 3918.72  1176.4 3384.8 2800.92  
4585.29 13303.1 10947.1  3251.43 9450.77 7735.21  2326.22 6698.69 5551.53  1657.42 4774.65 3934.4  1197.33 3389.37 2838.25  
4585.29 13303.1 10947.1  3257.02 9453.33 7727.55  2354.18 6723.59 5591.01  1666.25 4783.4 3955.7  1185.2 3378.98 2822.93  
4585.29 13303.1 10947.1  3277.32 9467.46 7791.73  2329.21 6714.79 5545.25  1671.13 4769.18 3966.53  1171.98 3369.18 2792.85  
4585.29 13303.1 10947.1  3226.48 9404.63 7717.72  2314.45 6699.52 5515.92  1697.85 4800.99 3994.25  1191.51 3409.24 2806.4  
4585.29 13303.1 10947.1  3233.75 9379.23 7749.82  2322.99 6728.16 5516.92  1685.45 4790.78 3986.83  1199.98 3417.27 2819.61  
4585.29 13303.1 10947.1  3284.28 9442.41 7823.53  2308.65 6709.96 5495.88  1667.76 4763.16 3964.64  1198.77 3407.94 2826.21  
4585.29 13303.1 10947.1  3277.32 9467.46 7791.73  2310.63 6702.74 5504.95  1662.56 4778.2 3929.34  1186.62 3385.48 2824.01  
4585.29 13303.1 10947.1  3267.31 9451.5 7788.51  2324.72 6720.72 5502.76  1658.54 4776.32 3934.78  1191.9 3396.02 2829.08  
4585.29 13303.1 10947.1  3282.82 9469.98 7784.2  2346.74 6718.76 5574.63  1664.51 4767.32 3960.22  1183.08 3399.58 2803.49  
9683.31 28025.1 23010.4  3818.21 10909.8 9017.21  1517.95 4284.08 3609.44  590.351 1691.02 1430.95  236.1 663.297 562.762  
9683.31 28025.1 23010.4  3837.71 10899.6 9059.11  1499.62 4310.41 3589.38  594.486 1682.33 1424.69  234.076 658.113 555.897  
9683.31 28025.1 23010.4  3814.8 10947.8 9081.12  1512.29 4265.12 3554.3  598.633 1682.68 1424.83  236.322 655.099 559.064  
9683.31 28025.1 23010.4  3821.2 10950.7 9072.34  1507.07 4278.19 3584.8  598.19 1668.1 1418.84  237.09 653.677 552.171  
9683.31 28025.1 23010.4  3791.16 10931.4 9006.27  1535.55 4286.8 3637.68  596.03 1676.18 1420.45  236.506 656.357 554.541  
9683.31 28025.1 23010.4  3803.15 10929.4 9077.37  1528.26 4288.05 3594.47  598.609 1672.13 1400.77  231.668 659.914 551.504  
9683.31 28025.1 23010.4  3837.71 10899.6 9059.11  1497.11 4309.31 3592.85  589.283 1682.14 1404.51  235.611 659.149 560.643  
9683.31 28025.1 23010.4  3814.8 10947.8 9081.12  1514.14 4268.61 3594.13  596.507 1680.1 1402.08  237.949 655.617 553.377  
9683.31 28025.1 23010.4  3837.71 10899.6 9059.11  1498.44 4294.25 3567.55  590.351 1691.02 1430.95  234.913 662.791 564.401  
9683.31 28025.1 23010.4  3834.36 10937 9121.92  1490.28 4275.11 3517  600.29 1681.23 1419.37  236.796 656.477 560.243  
9683.31 28025.1 23010.4  3772.8 10909.7 9011.38  1538.86 4304.26 3618.2  608.234 1677.12 1435.59  237.726 658.942 555.958  
9683.31 28025.1 23010.4  3841.77 10927.4 9092.35  1495.99 4277.45 3547.55  595.201 1685.93 1428.55  230.371 658.564 552.118  
9683.31 28025.1 23010.4  3822.91 10918.9 9118.23  1497.16 4286.14 3519.21  602.878 1687.51 1423.61  236.306 658.285 557.894  
9683.31 28025.1 23010.4  3784.65 10928.5 9015.2  1539.5 4288.59 3632.26  599.943 1673.88 1408.93  238.7 659.733 567.379  
9683.31 28025.1 23010.4  3841.77 10927.4 9092.35  1494.66 4292.4 3572.71  596.012 1676.84 1413.26  232.515 656.184 550.254  
