2 22 22 2
500 200
2200 1000 
1518.23 322.98 1
0.0690567 1 10
1418.17
1413.81
1418.39
1413.65
1412.93
1416.54
1413.49
1421.07
1424.22
1416.03
1416.36
1414.34
1422.27
1418.32
1414.95
1415.58
1415.35
1414.78
1414.19
1413.93
1415.92
1413.33
46.5142 -0.26386
44.4884 0.94014
46.5255 -0.48222
44.2028 0.42979
44.6054 -0.50695
45.9144 1.27582
44.2048 0.22553
46.8596 -0.68625
47.0042 -1.59146
44.0877 1.46186
44.1266 -1.6753
44.8534 -1.35622
46.806 1.41437
43.6104 -1.6505
45.0078 -1.5569
45.6612 1.2691
45.7125 -1.17383
44.8412 -1.51305
44.4342 -1.15041
45.388 0.8431
43.6003 0.41119
44.7349 0.80614
46.9673 1.02016
43.7625 0.62195
