2 66 2
13884.6 19942.8  9146.95 13116.5  
33831.1 48535.8  5859.8 8661.88  
8499.8 12385.3  6696.81 9769.54  
13884.6 19942.8  9169.65 13227.6  
13884.6 19942.8  9169.65 13227.6  
33831.1 48535.8  5859.8 8661.88  
38286.1 55773  2472.3 3128  
23145.4 33639.5  10059 14454.1  
13884.6 19942.8  9174.85 13243.9  
13884.6 19942.8  9133 13036.2  
8499.8 12385.3  6626.3 9719.02  
34022.1 49513.4  5667.74 7955.38  
38286.1 55773  2477.32 3136.59  
23145.4 33639.5  10059 14454.1  
23145.4 33639.5  10032.9 14465.2  
2829.14 4126.36  2636.43 3826.54  
15516.1 22259.3  9580.52 13817.5  
2829.14 4126.36  2641.11 3841.11  
33831.1 48535.8  5823.61 8622.46  
23145.4 33639.5  10082.3 14460.5  
15516.1 22259.3  9591.13 13707.6  
23145.4 33639.5  9931.63 14423.3  
15516.1 22259.3  9590.58 13915.1  
20705.9 30097  10208 14760.8  
33831.1 48535.8  5823.61 8622.46  
2829.14 4126.36  2641.11 3841.11  
15516.1 22259.3  9628.98 13844.2  
15516.1 22259.3  9627.8 13924  
15516.1 22259.3  9623.62 13827.5  
20705.9 30097  10208 14760.8  
8499.8 12385.3  6777.81 9777.59  
34022.1 49513.4  5761.61 8026.12  
12595.3 18248.7  8759.46 12582.5  
34022.1 49513.4  5728.82 8027.55  
15516.1 22259.3  9609.1 13951.9  
20705.9 30097  10208 14760.8  
12595.3 18248.7  8759.46 12582.5  
23145.4 33639.5  10080.4 14476.4  
34022.1 49513.4  5761.61 8026.12  
38286.1 55773  2414.18 3104.32  
38286.1 55773  2419.63 3089.54  
15516.1 22259.3  9627.8 13924  
34022.1 49513.4  5716.36 8014.85  
13884.6 19942.8  9133 13036.2  
8499.8 12385.3  6744.63 9780.74  
2829.14 4126.36  2656.16 3840.37  
34022.1 49513.4  5724.86 7988.66  
12595.3 18248.7  8759.46 12582.5  
8499.8 12385.3  6679.24 9730.28  
13884.6 19942.8  9150.11 13268.5  
20705.9 30097  10260.2 14739.7  
23145.4 33639.5  10032.9 14465.2  
38286.1 55773  2477.32 3136.59  
38286.1 55773  2419.46 3113.35  
15516.1 22259.3  9621.85 13842.3  
23145.4 33639.5  9931.63 14423.3  
12595.3 18248.7  8631.08 12594.7  
13884.6 19942.8  9155.4 13285  
38286.1 55773  2405.38 3090.71  
38286.1 55773  2463.94 3115.05  
38286.1 55773  2472.3 3128  
34022.1 49513.4  5724.86 7988.66  
8499.8 12385.3  6626.3 9719.02  
38286.1 55773  2414.18 3104.32  
33831.1 48535.8  5859.04 8711.73  
34022.1 49513.4  5695.99 7990.79  
