2 200 2
15516.1 22259.3  9635.07 13926  
15516.1 22259.3  9591.13 13707.6  
15516.1 22259.3  9628.98 13844.2  
15516.1 22259.3  9590.58 13915.1  
15516.1 22259.3  9609.1 13951.9  
15516.1 22259.3  9580.52 13817.5  
15516.1 22259.3  9591.13 13707.6  
15516.1 22259.3  9623.62 13827.5  
15516.1 22259.3  9611.43 13872.7  
15516.1 22259.3  9609.1 13951.9  
15516.1 22259.3  9575.42 13737.7  
15516.1 22259.3  9609.1 13951.9  
15516.1 22259.3  9635.07 13926  
15516.1 22259.3  9580.52 13817.5  
15516.1 22259.3  9627.8 13924  
15516.1 22259.3  9621.85 13842.3  
15516.1 22259.3  9605.77 13792  
15516.1 22259.3  9621.85 13842.3  
15516.1 22259.3  9590.58 13915.1  
15516.1 22259.3  9627.8 13924  
12595.3 18248.7  8723.93 12588  
12595.3 18248.7  8697.99 12625.4  
12595.3 18248.7  8759.46 12582.5  
12595.3 18248.7  8759.46 12582.5  
12595.3 18248.7  8631.08 12594.7  
12595.3 18248.7  8745.85 12637.1  
12595.3 18248.7  8631.08 12594.7  
12595.3 18248.7  8759.46 12582.5  
12595.3 18248.7  8759.46 12582.5  
12595.3 18248.7  8695.29 12537.1  
12595.3 18248.7  8651.7 12539.8  
12595.3 18248.7  8651.7 12539.8  
12595.3 18248.7  8703.14 12641.4  
12595.3 18248.7  8631.08 12594.7  
12595.3 18248.7  8703.14 12641.4  
12595.3 18248.7  8613.64 12560.3  
12595.3 18248.7  8723.93 12588  
12595.3 18248.7  8613.64 12560.3  
12595.3 18248.7  8631.08 12594.7  
12595.3 18248.7  8745.85 12637.1  
23145.4 33639.5  10082.3 14460.5  
23145.4 33639.5  10032.9 14465.2  
23145.4 33639.5  9931.63 14423.3  
23145.4 33639.5  10080.4 14476.4  
23145.4 33639.5  10088.2 14478.5  
23145.4 33639.5  10032.9 14465.2  
23145.4 33639.5  10059 14454.1  
23145.4 33639.5  9931.63 14423.3  
23145.4 33639.5  10038.9 14483.5  
23145.4 33639.5  10088.2 14478.5  
23145.4 33639.5  10080.4 14476.4  
23145.4 33639.5  10009.2 14458.6  
23145.4 33639.5  10082.3 14460.5  
23145.4 33639.5  10032.9 14465.2  
23145.4 33639.5  10082.3 14460.5  
23145.4 33639.5  10082.3 14460.5  
23145.4 33639.5  9955.73 14430  
23145.4 33639.5  10082.3 14460.5  
23145.4 33639.5  10080.4 14476.4  
23145.4 33639.5  9931.63 14423.3  
13884.6 19942.8  9167.92 13242  
13884.6 19942.8  9169.65 13227.6  
13884.6 19942.8  9167.92 13242  
13884.6 19942.8  9174.85 13243.9  
13884.6 19942.8  9169.65 13227.6  
13884.6 19942.8  9152.33 13193.3  
13884.6 19942.8  9155.4 13285  
13884.6 19942.8  9133 13036.2  
13884.6 19942.8  9152.33 13193.3  
13884.6 19942.8  9150.11 13268.5  
13884.6 19942.8  9118.05 13064.9  
13884.6 19942.8  9150.11 13268.5  
13884.6 19942.8  9133 13036.2  
13884.6 19942.8  9146.95 13116.5  
13884.6 19942.8  9133 13036.2  
13884.6 19942.8  9152.33 13193.3  
13884.6 19942.8  9146.95 13116.5  
13884.6 19942.8  9163.95 13150.2  
13884.6 19942.8  9155.4 13285  
13884.6 19942.8  9167.92 13242  
20705.9 30097  10208 14760.8  
20705.9 30097  10208 14760.8  
20705.9 30097  10266.1 14758  
20705.9 30097  10260.2 14739.7  
20705.9 30097  10149.6 14693.7  
20705.9 30097  10185.8 14737.7  
20705.9 30097  10129.4 14725.2  
20705.9 30097  10106.9 14701.7  
20705.9 30097  10129.4 14725.2  
20705.9 30097  10208 14760.8  
20705.9 30097  10236.5 14733  
20705.9 30097  10149.6 14693.7  
20705.9 30097  10260.2 14739.7  
20705.9 30097  10208 14760.8  
20705.9 30097  10260.2 14739.7  
20705.9 30097  10216 14763.1  
20705.9 30097  10210 14744.4  
20705.9 30097  10149.6 14693.7  
20705.9 30097  10236.5 14733  
20705.9 30097  10149.6 14693.7  
38286.1 55773  2414.18 3104.32  
38286.1 55773  2463.94 3115.05  
38286.1 55773  2477.32 3136.59  
38286.1 55773  2447.33 3134.1  
38286.1 55773  2419.63 3089.54  
38286.1 55773  2466.58 3141.78  
38286.1 55773  2405.38 3090.71  
38286.1 55773  2445.58 3129.74  
38286.1 55773  2451.25 3115.57  
38286.1 55773  2414.18 3104.32  
38286.1 55773  2464.87 3137.49  
38286.1 55773  2447.33 3134.1  
38286.1 55773  2419.63 3089.54  
38286.1 55773  2472.3 3128  
38286.1 55773  2464.87 3137.49  
38286.1 55773  2464.87 3137.49  
38286.1 55773  2459.76 3128.75  
38286.1 55773  2477.32 3136.59  
38286.1 55773  2447.33 3134.1  
38286.1 55773  2419.46 3113.35  
34022.1 49513.4  5761.61 8026.12  
34022.1 49513.4  5761.61 8026.12  
34022.1 49513.4  5671.96 7995.3  
34022.1 49513.4  5724.86 7988.66  
34022.1 49513.4  5761.61 8026.12  
34022.1 49513.4  5728.82 8027.55  
34022.1 49513.4  5695.99 7990.79  
34022.1 49513.4  5728.82 8027.55  
34022.1 49513.4  5695.99 7990.79  
34022.1 49513.4  5724.86 7988.66  
34022.1 49513.4  5716.36 8014.85  
34022.1 49513.4  5757.12 8024.8  
34022.1 49513.4  5724.86 7988.66  
34022.1 49513.4  5716.36 8014.85  
34022.1 49513.4  5761.61 8026.12  
34022.1 49513.4  5651.25 7970.83  
34022.1 49513.4  5684.64 8008.21  
34022.1 49513.4  5667.74 7955.38  
34022.1 49513.4  5744.87 8012.31  
34022.1 49513.4  5689.28 8009.57  
8499.8 12385.3  6696.81 9769.54  
8499.8 12385.3  6679.24 9730.28  
8499.8 12385.3  6777.81 9777.59  
8499.8 12385.3  6776.5 9788.3  
8499.8 12385.3  6744.63 9780.74  
8499.8 12385.3  6776.5 9788.3  
8499.8 12385.3  6692.75 9756.96  
8499.8 12385.3  6744.63 9780.74  
8499.8 12385.3  6777.81 9777.59  
8499.8 12385.3  6743.3 9791.64  
8499.8 12385.3  6743.3 9791.64  
8499.8 12385.3  6728.69 9776.31  
8499.8 12385.3  6676.54 9752.45  
8499.8 12385.3  6731.34 9754.51  
8499.8 12385.3  6728.69 9776.31  
8499.8 12385.3  6743.3 9791.64  
8499.8 12385.3  6691.4 9768.04  
8499.8 12385.3  6777.81 9777.59  
8499.8 12385.3  6626.3 9719.02  
8499.8 12385.3  6781.72 9789.76  
33831.1 48535.8  5839.88 8586.53  
33831.1 48535.8  5804.36 8547.85  
33831.1 48535.8  5863.59 8713.16  
33831.1 48535.8  5846.76 8698.35  
33831.1 48535.8  5826.73 8673.03  
33831.1 48535.8  5823.61 8622.46  
33831.1 48535.8  5859.04 8711.73  
33831.1 48535.8  5823.61 8622.46  
33831.1 48535.8  5835.5 8585.15  
33831.1 48535.8  5859.04 8711.73  
33831.1 48535.8  5859.8 8661.88  
33831.1 48535.8  5846.76 8698.35  
33831.1 48535.8  5863.59 8713.16  
33831.1 48535.8  5823.66 8572.26  
33831.1 48535.8  5859.8 8661.88  
33831.1 48535.8  5804.36 8547.85  
33831.1 48535.8  5846.76 8698.35  
33831.1 48535.8  5823.66 8572.26  
33831.1 48535.8  5859.04 8711.73  
33831.1 48535.8  5859.8 8661.88  
2829.14 4126.36  2616.03 3817.04  
2829.14 4126.36  2656.16 3840.37  
2829.14 4126.36  2593.68 3807.6  
2829.14 4126.36  2641.11 3841.11  
2829.14 4126.36  2621.32 3827.5  
2829.14 4126.36  2641.11 3841.11  
2829.14 4126.36  2620.79 3831.85  
2829.14 4126.36  2621.32 3827.5  
2829.14 4126.36  2636.43 3826.54  
2829.14 4126.36  2595.3 3812.62  
2829.14 4126.36  2654.63 3835.6  
2829.14 4126.36  2593.68 3807.6  
2829.14 4126.36  2641.11 3841.11  
2829.14 4126.36  2621.32 3827.5  
2829.14 4126.36  2656.16 3840.37  
2829.14 4126.36  2636.43 3826.54  
2829.14 4126.36  2641.11 3841.11  
2829.14 4126.36  2593.68 3807.6  
2829.14 4126.36  2643.2 3841.69  
2829.14 4126.36  2614.97 3825.73  
