2 22 22 5
500 200
2200 1000 
1518.23 322.98 1
0.0690567 1 10
745.638
742.828
749.385
744.854
747.457
745.435
744.017
742.289
746.563
744.363
744.289
743.874
742.948
743.566
745.802
743.554
742.264
743.94
749.197
745.157
749.378
746.191
47.0055 -0.26383
46.2013 0.02115
43.6085 1.52112
46.7382 0.60669
44.3615 2.04738
44.1195 -1.04237
44.334 -0.41009
45.1031 -0.48522
47.0329 0.93224
44.3373 -0.85666
46.6915 -0.10545
44.5936 0.85849
45.0392 0.83592
46.0526 -1.30469
43.8918 0.00737
44.7731 0.93188
45.8898 -0.18693
46.0671 1.2548
43.5245 1.22847
46.7524 0.80939
43.5351 1.34012
43.8138 -0.23673
43.504 -0.29022
47.0667 -0.7632
