2 66 5
15914.7 10933.2  11569.5 7924.79  8486.76 5878.69  6194.43 4274.97  4556.52 3178.66  
42976 29719.4  11736.5 8135.33  3185.45 2217.59  857.806 601.5  239.748 167.082  
20056 13805.9  13253.5 9129.17  8698.63 5983.2  5774.67 4071.59  3816.94 2686.11  
52898.7 36763.7  5534 3701.46  579.359 395.145  65.4237 40.069  6.72841 4.16614  
39427.5 27269.1  12993.7 9066.18  4459.2 3033.56  1467.09 1027.27  489.105 337.342  
22190.4 15528.8  13942.8 9629.87  8639.87 5959.12  5326.34 3705.27  3374.67 2308.9  
12982.5 8935.66  10107 6992.14  7903.52 5474.7  6164.34 4247.13  4798.39 3314.47  
42976 29719.4  11735.7 8132.02  3149.66 2212.1  888.496 606.647  243.35 171.228  
42976 29719.4  11689 8109.17  3193.83 2222.16  889.65 619.313  243.279 168.766  
35632.9 24879.6  14117.6 9745.59  5619.01 3818.92  2219.4 1494.9  899.827 583.044  
45012.6 31424.5  10623.8 7244.97  2620.74 1718.14  629.91 397.868  151.919 91.6223  
35632.9 24879.6  14228.1 9766.13  5560.57 3812.91  2208.42 1490.21  875.861 581.441  
15914.7 10933.2  11593.9 7991.84  8486.19 5825.57  6213.99 4285.74  4541.67 3189.71  
35632.9 24879.6  14228.1 9766.13  5606.89 3795.79  2180.53 1500.64  858.149 584.882  
15914.7 10933.2  11626 8010.5  8505.77 5872.68  6208.25 4327.88  4501.03 3124.27  
20056 13805.9  13243.9 9179.69  8719.38 6086.78  5771.43 3973.1  3832.25 2661.29  
12982.5 8935.66  10121.9 7004.42  7889.85 5466.91  6159.29 4213.09  4809.16 3304.14  
42976 29719.4  11720.9 8127.71  3172.71 2196.26  884.892 622.614  240.766 173.862  
35632.9 24879.6  14019.3 9674.78  5634.74 3857.83  2289.52 1518.47  915.177 593.74  
35632.9 24879.6  14228.1 9766.13  5606.89 3795.79  2180.53 1500.64  858.149 584.882  
20056 13805.9  13252.4 9125.34  8734.72 6002.11  5762.84 4066.47  3814.08 2685.19  
39427.5 27269.1  13100.2 9022.38  4387.93 3062.6  1449.7 1028.53  479.554 349.643  
12982.5 8935.66  10109.4 6910.86  7896.2 5450.2  6169.23 4297.89  4811.67 3334.19  
15914.7 10933.2  11586.3 8036.66  8464.35 5799.8  6234.57 4316.55  4534.65 3151.38  
12982.5 8935.66  10095.7 6904.1  7868.33 5504.04  6157.49 4249.97  4809.59 3365.25  
20056 13805.9  13253.5 9129.17  8698.63 5983.2  5774.67 4071.59  3816.94 2686.11  
45012.6 31424.5  10611.8 7272.77  2628.61 1686.98  631.926 397.918  150.866 94.2452  
52898.7 36763.7  5528.84 3715.77  590.482 381.429  59.7064 39.5581  6.46449 4.11216  
20056 13805.9  13253.5 9129.17  8698.63 5983.2  5771.43 4047.39  3815.29 2643.41  
45012.6 31424.5  10770.5 7249.67  2512.66 1716.1  600.535 395.826  144.501 91.4876  
12982.5 8935.66  10121.9 7004.42  7889.85 5466.91  6159.29 4213.09  4809.16 3304.14  
15914.7 10933.2  11569.5 7924.79  8486.76 5878.69  6194.43 4274.97  4556.52 3178.66  
20056 13805.9  13197.9 9204.89  8759.97 6022.47  5792.38 4019.84  3817.05 2620.59  
12982.5 8935.66  10095.7 6904.1  7893.75 5482.12  6177.23 4268.75  4809.74 3309.08  
52898.7 36763.7  5480.54 3712.07  627.628 385.96  69.1935 38.8113  8.02112 4.02189  
52898.7 36763.7  5514.91 3711.89  603.016 385.068  61.4094 39.7939  6.23248 4.12469  
52898.7 36763.7  5549.17 3709.93  569.906 385.566  60.1678 41.2032  6.26696 4.1433  
22190.4 15528.8  13731 9606.97  8719.52 5967.79  5354.51 3699.38  3421.5 2309.29  
12982.5 8935.66  10116.5 6962.1  7891.04 5476.17  6152.31 4217.9  4811.24 3308.82  
42976 29719.4  11735.7 8132.02  3149.66 2212.1  888.496 606.647  243.35 171.228  
39427.5 27269.1  13046.8 9098.55  4420.16 3027.54  1458.83 1004.56  486.93 337.859  
22190.4 15528.8  13729.9 9603.24  8665.79 5969.45  5387.78 3703.82  3421.51 2314.71  
15914.7 10933.2  11632.3 8059.22  8497.95 5892.14  6213.14 4285.83  4537.66 3139.27  
45012.6 31424.5  10623.8 7244.97  2590 1709.71  652.427 404.137  156.872 93.5891  
15914.7 10933.2  11633.2 8062.52  8451.82 5792.98  6212.64 4331.28  4540.39 3125.21  
22190.4 15528.8  13713.5 9598.5  8705.44 5987.34  5380.32 3703.18  3423.68 2303.67  
35632.9 24879.6  14206.2 9745.37  5550.1 3807.65  2227.9 1506.05  890.445 588.631  
42976 29719.4  11689 8109.17  3193.83 2222.16  889.65 619.313  243.279 168.766  
42976 29719.4  11647.6 8033.94  3237.13 2284.79  881.594 627.976  249.641 173.779  
52898.7 36763.7  5480.54 3712.07  627.628 385.96  69.1935 38.8113  8.02112 4.02189  
35632.9 24879.6  14106.1 9673.24  5582.95 3858.78  2287.34 1512.03  885.788 594.969  
12982.5 8935.66  10108.6 6907.89  7892.15 5415.22  6149.47 4268.45  4823.52 3352.05  
39427.5 27269.1  13136.5 9043.48  4360.17 3064.26  1444.89 1020.05  477.047 340.085  
39427.5 27269.1  12993.7 9066.18  4449.97 3047.49  1480.33 1016.09  488.76 338.765  
20056 13805.9  13180.8 9196.48  8747.77 5975.09  5802.78 4040.38  3831.31 2654.47  
15914.7 10933.2  11633.2 8062.52  8498.37 5893.67  6212.29 4282.74  4528.32 3112.72  
12982.5 8935.66  10114 6953.32  7901.99 5483.21  6157.36 4272.09  4807.49 3337.72  
35632.9 24879.6  14137.9 9762.09  5642.01 3808.82  2232.11 1488.45  868.083 588.451  
20056 13805.9  13243.9 9179.69  8720.24 6016.88  5782.66 3974.69  3830.91 2669.6  
27582.5 19163.6  14632.6 10204.5  7836.41 5417.07  4237.37 2865.7  2227.66 1527.34  
20056 13805.9  13243.9 9179.69  8719.38 6086.78  5771.43 3973.1  3832.25 2661.29  
45012.6 31424.5  10776.6 7293.02  2513.75 1677.46  588.91 390.921  146.382 91.3495  
15914.7 10933.2  11586.3 8036.66  8517.13 5868.15  6207.67 4318.03  4543.07 3160.5  
39427.5 27269.1  13136.5 9043.48  4360.17 3064.26  1444.89 1020.05  477.047 340.085  
39427.5 27269.1  13154.2 9052.15  4331.06 3049.87  1440.63 1016.85  489.171 344.967  
45012.6 31424.5  10570.3 7250.64  2630.2 1705.37  660.78 402.226  161.476 93.9839  
