2 200 5
22190.4 15528.8  13855.6 9629.8  8563.36 5956.04  5379.14 3698.85  3385 2305.22  
22190.4 15528.8  13855.6 9629.8  8618.81 5959.4  5415.73 3715.45  3346.03 2293.87  
22190.4 15528.8  13713.5 9598.5  8692.97 5977.25  5453.74 3708.94  3392.96 2312.53  
22190.4 15528.8  13731 9606.97  8665.37 5968.04  5395.2 3709.11  3418.49 2311.83  
22190.4 15528.8  13802.3 9603.9  8726.72 5985.35  5394.85 3713.97  3334.24 2297.09  
22190.4 15528.8  13855.6 9629.8  8707.24 5977.92  5312.95 3686.95  3356.12 2301.46  
22190.4 15528.8  13677.6 9577.82  8685.29 5979.06  5407.65 3715.98  3390.45 2305.88  
22190.4 15528.8  13888.5 9603.49  8528.7 5953.14  5366.83 3706.22  3377.23 2307.37  
22190.4 15528.8  13713.5 9598.5  8705.44 5987.34  5380.32 3703.18  3423.68 2303.67  
22190.4 15528.8  13731 9606.97  8719.52 5967.79  5354.51 3699.38  3421.5 2309.29  
22190.4 15528.8  13729.9 9603.24  8665.79 5969.45  5387.78 3703.82  3421.51 2314.71  
22190.4 15528.8  13925.7 9624.95  8535.42 5950.94  5454.86 3720.56  3336.43 2296.96  
22190.4 15528.8  13835.7 9613.56  8659.58 5981.62  5407.49 3711.71  3376.74 2303.19  
22190.4 15528.8  13802.3 9603.9  8593.44 5968.79  5423.85 3710.24  3364.08 2299.79  
22190.4 15528.8  13942.8 9629.87  8639.87 5959.12  5326.34 3705.27  3374.67 2308.9  
22190.4 15528.8  13856.7 9633.61  8695.51 5971.02  5379.61 3706.27  3352.85 2295.48  
22190.4 15528.8  13713.5 9598.5  8705.44 5987.34  5380.32 3703.18  3432.14 2306.02  
22190.4 15528.8  13855.6 9629.8  8652.77 5977.83  5402.98 3708.46  3381.53 2293.43  
22190.4 15528.8  13922.5 9613.32  8538.55 5962.28  5446.57 3712.78  3339.54 2300.01  
22190.4 15528.8  13729.9 9603.24  8620.98 5971.35  5496.5 3721.06  3397.52 2307.45  
45012.6 31424.5  10611.8 7272.77  2628.61 1686.98  631.926 397.918  150.866 94.2452  
45012.6 31424.5  10762.5 7286.33  2531.32 1686.36  590.118 389.444  143.436 91.0761  
45012.6 31424.5  10695.2 7286.35  2565.22 1676.58  621.404 395.786  145.345 93.4019  
45012.6 31424.5  10776.6 7293.02  2513.75 1677.46  588.91 390.921  146.382 91.3495  
45012.6 31424.5  10570.3 7250.64  2630.2 1705.37  660.78 402.226  161.476 93.9839  
45012.6 31424.5  10623.8 7244.97  2590 1709.71  652.427 404.137  156.872 93.5891  
45012.6 31424.5  10611.8 7272.77  2650.02 1698.35  620.385 389.542  144.485 91.5878  
45012.6 31424.5  10800 7266.24  2470.36 1692.12  613.825 399.272  142.67 94.233  
45012.6 31424.5  10666.8 7270.37  2564.57 1693.95  639.115 396.725  154.64 91.907  
45012.6 31424.5  10770.5 7249.67  2512.66 1716.1  600.535 395.826  144.501 91.4876  
45012.6 31424.5  10775.9 7290.12  2476.02 1675.22  618.629 395.213  154.567 92.2573  
45012.6 31424.5  10623.8 7244.97  2596.9 1713.42  652.176 401.658  151.621 92.5911  
45012.6 31424.5  10598.2 7266.32  2622.54 1692.07  651.298 401.286  153.462 92.9636  
45012.6 31424.5  10611.8 7272.77  2650.02 1698.35  616.784 391.707  148.42 90.5054  
45012.6 31424.5  10623.8 7244.97  2620.74 1718.14  629.91 397.868  151.919 91.6223  
45012.6 31424.5  10623.8 7244.97  2639.25 1709.47  619.748 404.537  144.011 92.8672  
45012.6 31424.5  10623.8 7244.97  2639.25 1709.47  613.383 403.425  148.513 94.0565  
45012.6 31424.5  10733.5 7270.04  2562.36 1694.17  592.225 395.91  138.776 92.2749  
45012.6 31424.5  10689.8 7244.17  2540.53 1710.32  642.207 403.365  151.493 94.0611  
45012.6 31424.5  10611.8 7272.77  2628.61 1686.98  628.001 397.961  155.033 94.3862  
35632.9 24879.6  14255.5 9718.29  5570.83 3835.45  2185.91 1506.23  873.445 588.087  
35632.9 24879.6  14228.1 9766.13  5560.57 3812.91  2208.42 1490.21  875.861 581.441  
35632.9 24879.6  14019.3 9674.78  5697.59 3850.11  2251.67 1523.18  886.756 589.975  
35632.9 24879.6  14206.2 9745.37  5515.26 3808.63  2243.83 1491.73  886.836 594.102  
35632.9 24879.6  14019.3 9674.78  5634.74 3857.83  2289.52 1518.47  915.177 593.74  
35632.9 24879.6  14117.6 9745.59  5619.01 3818.92  2216.23 1492.41  911.315 587.286  
35632.9 24879.6  14137.9 9762.09  5642.01 3808.82  2232.11 1488.45  868.083 588.451  
35632.9 24879.6  14106.1 9673.24  5582.95 3858.78  2287.34 1512.03  885.788 594.969  
35632.9 24879.6  14117.6 9745.59  5638.27 3807.21  2228.36 1506.79  884.918 588.542  
35632.9 24879.6  14206.2 9745.37  5550.1 3807.65  2227.9 1506.05  890.445 588.631  
35632.9 24879.6  14139.1 9765.98  5649.56 3813.03  2208.42 1490.23  878.884 579.665  
35632.9 24879.6  14226.9 9762.17  5537.7 3797.48  2213.46 1494.98  888.559 591.326  
35632.9 24879.6  14255.5 9718.29  5536.08 3835.54  2220.76 1506.19  866.663 587.049  
35632.9 24879.6  14228.1 9766.13  5606.89 3795.79  2180.53 1500.64  858.149 584.882  
35632.9 24879.6  14117.6 9745.59  5619.01 3818.92  2219.4 1494.9  899.827 583.044  
35632.9 24879.6  14206.2 9745.37  5574.21 3827.07  2231.84 1487.52  860.08 586.459  
35632.9 24879.6  14165.9 9715.73  5574.25 3825.6  2256.26 1506.38  876.225 594.532  
35632.9 24879.6  14165.9 9715.73  5523.87 3815.33  2244.14 1512.69  913.818 596.936  
35632.9 24879.6  13950.9 9690.41  5775.3 3841.7  2242.82 1516.21  886.5 589.829  
35632.9 24879.6  14206.2 9745.37  5608.85 3825.57  2203.11 1492.57  866.118 583.127  
15914.7 10933.2  11626 8010.5  8489.11 5902.14  6204.53 4315.93  4540.43 3157.67  
15914.7 10933.2  11586.3 8036.66  8517.13 5868.15  6207.67 4318.03  4543.07 3160.5  
15914.7 10933.2  11617.9 8055  8497.23 5857.65  6196.11 4256.31  4537.09 3131.27  
15914.7 10933.2  11626 8010.5  8499.65 5905.24  6209.41 4317.36  4518.35 3147.61  
15914.7 10933.2  11626 8010.5  8505.77 5872.68  6208.25 4327.88  4501.03 3124.27  
15914.7 10933.2  11632.3 8059.22  8504.74 5862.12  6185.87 4279.76  4533.92 3163.39  
15914.7 10933.2  11626 8010.5  8499.65 5905.24  6206.05 4291.25  4537.19 3163.47  
15914.7 10933.2  11586.3 8036.66  8464.35 5799.8  6234.57 4316.55  4534.65 3151.38  
15914.7 10933.2  11593.9 7991.84  8486.19 5825.57  6213.99 4285.74  4541.67 3189.71  
15914.7 10933.2  11545.3 7962.16  8527.52 5885.61  6228.12 4311.73  4530.45 3149.66  
15914.7 10933.2  11617 7948.13  8490.88 5840.36  6210.85 4325.25  4534.7 3144.56  
15914.7 10933.2  11640.7 8014.79  8462.16 5887.56  6216.04 4322.73  4535.05 3116.39  
15914.7 10933.2  11633.2 8062.52  8487.23 5812.54  6215.78 4306.23  4518.05 3161.5  
15914.7 10933.2  11617.9 8055  8468.23 5876.77  6212.39 4255.41  4531.1 3142.28  
15914.7 10933.2  11633.2 8062.52  8451.82 5792.98  6212.64 4331.28  4540.39 3125.21  
15914.7 10933.2  11633.2 8062.52  8498.37 5893.67  6212.29 4282.74  4528.32 3112.72  
15914.7 10933.2  11569.5 7924.79  8486.76 5878.69  6194.43 4274.97  4556.52 3178.66  
15914.7 10933.2  11632.3 8059.22  8497.95 5892.14  6213.14 4285.83  4537.66 3139.27  
15914.7 10933.2  11593.9 7991.84  8480.19 5860.82  6215.56 4332.04  4514.44 3131.26  
15914.7 10933.2  11640.7 8014.79  8473.65 5819.5  6204.29 4279.42  4534.73 3144.57  
20056 13805.9  13197.9 9204.89  8759.97 6022.47  5792.38 4019.84  3817.05 2620.59  
20056 13805.9  13171.4 9022.87  8750.91 6032.98  5796.83 4021.66  3832.49 2678.67  
20056 13805.9  13190.6 9150.24  8767.21 6077.6  5789.27 3995.37  3823.3 2665.42  
20056 13805.9  13226.5 9171.13  8743.54 5986.83  5788.72 4044.99  3819.36 2672.27  
20056 13805.9  13252.4 9125.34  8734.72 6002.11  5762.84 4066.47  3814.08 2685.19  
20056 13805.9  13235.7 9120.46  8704.6 5986.09  5802.96 4040.02  3824.61 2656.75  
20056 13805.9  13242.9 9175.93  8737.96 5985.23  5753.37 3974.8  3827.69 2660.3  
20056 13805.9  13235.7 9120.46  8758.87 6056.64  5779.93 4036.86  3814.01 2668.55  
20056 13805.9  13243.9 9179.69  8720.24 6016.88  5782.66 3974.69  3830.91 2669.6  
20056 13805.9  13180.8 9196.48  8747.77 5975.09  5802.78 4040.38  3831.31 2654.47  
20056 13805.9  13253.5 9129.17  8698.63 5983.2  5771.43 4047.39  3815.29 2643.41  
20056 13805.9  13253.5 9129.17  8698.63 5983.2  5774.67 4071.59  3816.94 2686.11  
20056 13805.9  13252.4 9125.34  8716.53 6105.24  5768.96 4031.44  3831.46 2654.77  
20056 13805.9  13252.4 9125.34  8734.72 6002.11  5763.4 4019.75  3821.85 2655.41  
20056 13805.9  13243.9 9179.69  8719.38 6086.78  5771.43 3973.1  3832.25 2661.29  
20056 13805.9  13180.8 9196.48  8765.77 6025.29  5773.28 4010.46  3824.6 2641.47  
20056 13805.9  13180.8 9196.48  8771.19 6064.43  5771.45 3997.26  3839.14 2641.45  
20056 13805.9  13171.4 9022.87  8762.19 6036.32  5801.09 4078.44  3830.19 2679.47  
20056 13805.9  13253.5 9129.17  8734.37 6000.83  5759.39 4041.45  3810.05 2690.36  
20056 13805.9  13226.5 9171.13  8750.27 6033.81  5785.98 4027.43  3822.75 2663.72  
27582.5 19163.6  14633.8 10208.5  7835.86 5415.17  4203.92 2857.74  2245.44 1511.69  
27582.5 19163.6  14776 10176.5  7777.85 5362.85  4178.98 2888.85  2215.44 1555.03  
27582.5 19163.6  14648.8 10082  7843.78 5446.4  4167.2 2902.46  2249.55 1554.44  
27582.5 19163.6  14725.8 10208.7  7793.14 5415.11  4172.98 2872.47  2256.49 1519.58  
27582.5 19163.6  14633.8 10208.5  7877.75 5372.01  4141.09 2865.76  2233.71 1532.7  
27582.5 19163.6  14633.8 10208.5  7884.58 5413.06  4181.25 2858.72  2227.61 1528.01  
27582.5 19163.6  14599.7 10111.6  7893.58 5417.09  4166.88 2902.29  2253.59 1546.32  
27582.5 19163.6  14754.2 10158.7  7779.41 5436.42  4206.76 2876.89  2223.9 1522.86  
27582.5 19163.6  14611.6 10187.3  7846.2 5425.16  4236.05 2863.76  2233.5 1532.54  
27582.5 19163.6  14509.9 10113.3  7892.82 5457.71  4268.51 2889.39  2258.34 1540.59  
27582.5 19163.6  14776 10176.5  7784.64 5402.26  4153.36 2892.44  2238.16 1534.86  
27582.5 19163.6  14633.8 10208.5  7844.02 5348.04  4232.93 2894.93  2216.24 1536.9  
27582.5 19163.6  14776 10176.5  7818.78 5430.27  4145.71 2865.63  2193.29 1520.57  
27582.5 19163.6  14632.6 10204.5  7836.41 5417.07  4237.37 2865.7  2227.66 1527.34  
27582.5 19163.6  14754.2 10158.7  7828.98 5438.66  4183.86 2877.03  2199.54 1533.39  
27582.5 19163.6  14703.2 10187  7880.19 5410.51  4108.01 2857.88  2237.1 1523.75  
27582.5 19163.6  14661.6 10156  7860.13 5428.33  4161.98 2863.5  2234.99 1543.2  
27582.5 19163.6  14633.8 10208.5  7877.75 5372.01  4176.14 2891.63  2236.54 1535.03  
27582.5 19163.6  14633.8 10208.5  7885.19 5415.25  4213.95 2864.66  2237.28 1523.23  
27582.5 19163.6  14724.7 10204.6  7830.71 5405.61  4149.8 2872.86  2223.22 1515.39  
12982.5 8935.66  10107 6992.14  7909.22 5444.58  6166.9 4281.31  4805.36 3335.67  
12982.5 8935.66  10122.7 7007.3  7905.13 5438.99  6168.29 4253.88  4787.05 3352.94  
12982.5 8935.66  10107 6992.14  7903.52 5474.7  6164.34 4247.13  4798.39 3314.47  
12982.5 8935.66  10114 6953.32  7901.99 5483.21  6157.36 4272.09  4807.49 3337.72  
12982.5 8935.66  10108.6 6907.89  7871.36 5475.55  6174.37 4291.23  4816.17 3330.77  
12982.5 8935.66  10088.5 6945.88  7895.31 5472.98  6165.4 4224.42  4813.92 3356.15  
12982.5 8935.66  10082 6984.83  7898.59 5471.19  6174.24 4275.33  4799.62 3329.26  
12982.5 8935.66  10121.9 7004.42  7893.46 5429.85  6158.99 4222.91  4810.61 3330.37  
12982.5 8935.66  10108.6 6907.89  7908.86 5462.93  6170.57 4270.31  4792.39 3348.97  
12982.5 8935.66  10108.6 6907.89  7892.8 5417.55  6164.85 4272.52  4816.54 3369.21  
12982.5 8935.66  10109.4 7000.77  7865.31 5482.82  6159.5 4208.13  4806.8 3357.86  
12982.5 8935.66  10129.2 6965.82  7898.65 5480.47  6143.54 4241.7  4815.03 3348.11  
12982.5 8935.66  10116.5 6962.1  7894.67 5439.06  6146.59 4300.88  4821.88 3327.98  
12982.5 8935.66  10116.5 6962.1  7891.04 5476.17  6152.31 4217.9  4811.24 3308.82  
12982.5 8935.66  10095.7 6904.1  7868.33 5504.04  6157.49 4249.97  4809.59 3365.25  
12982.5 8935.66  10109.4 6910.86  7896.2 5450.2  6169.23 4297.89  4811.67 3334.19  
12982.5 8935.66  10095.7 6904.1  7893.75 5482.12  6177.23 4268.75  4809.74 3309.08  
12982.5 8935.66  10108.6 6907.89  7892.15 5415.22  6149.47 4268.45  4823.52 3352.05  
12982.5 8935.66  10109.4 7000.77  7891.99 5395.16  6174.6 4266.63  4801.52 3305.62  
12982.5 8935.66  10121.9 7004.42  7889.85 5466.91  6159.29 4213.09  4809.16 3304.14  
52898.7 36763.7  5495.17 3720.24  620.743 377.585  62.5905 39.1218  6.9466 3.93358  
52898.7 36763.7  5536.79 3722.15  576.907 376.567  64.9455 38.0942  6.8158 4.06887  
52898.7 36763.7  5534 3701.46  579.359 395.145  64.8666 40.2191  7.23134 4.05516  
52898.7 36763.7  5495.17 3720.24  612.147 377.441  70.0907 38.9858  7.94374 4.19382  
52898.7 36763.7  5480.54 3712.07  631.252 383.655  66.9225 40.8923  6.78489 4.22964  
52898.7 36763.7  5528.84 3715.77  590.482 381.429  59.7064 39.5581  6.46449 4.11216  
52898.7 36763.7  5514.91 3711.89  603.016 385.068  61.4094 39.7939  6.23248 4.12469  
52898.7 36763.7  5528.84 3715.77  588.144 380.374  61.9445 40.5454  6.59543 4.17512  
52898.7 36763.7  5502.02 3722.15  608.554 376.901  67.7394 37.7967  7.10767 4.03692  
52898.7 36763.7  5556.26 3711.9  558.153 384.924  63.8448 39.9803  7.2271 4.058  
52898.7 36763.7  5536.79 3722.15  576.907 376.567  64.5674 38.3218  7.1938 3.8428  
52898.7 36763.7  5480.54 3712.07  626.785 385.606  70.9334 39.1439  7.22792 4.04455  
52898.7 36763.7  5502.33 3723.6  612.109 375.454  64.0494 37.8997  6.98512 3.91836  
52898.7 36763.7  5534 3701.46  579.359 395.145  65.4237 40.069  6.72841 4.16614  
52898.7 36763.7  5495.17 3720.24  614.601 378.473  68.6368 38.1835  7.00589 3.98787  
52898.7 36763.7  5549.17 3709.93  569.906 385.566  60.1678 41.2032  6.26696 4.1433  
52898.7 36763.7  5480.54 3712.07  627.628 385.96  69.1935 38.8113  8.02112 4.02189  
52898.7 36763.7  5492.39 3698.67  620.175 397.634  66.2235 40.3583  6.67851 4.19794  
52898.7 36763.7  5537.11 3723.62  576.6 375.238  64.8754 38.154  6.92134 3.86948  
52898.7 36763.7  5556.59 3713.41  565.576 383.546  57.1736 39.7775  6.24659 4.12291  
39427.5 27269.1  13136.5 9043.48  4324.85 3044.51  1457.31 1020.3  492.301 353.129  
39427.5 27269.1  13046.8 9098.55  4420.16 3027.54  1458.83 1004.56  486.93 337.859  
39427.5 27269.1  13045.2 8988.86  4387.88 3063.21  1488.48 1051.36  488.396 355.255  
39427.5 27269.1  13154.2 9052.15  4316.25 3058.47  1455.4 1019.99  485.206 334.952  
39427.5 27269.1  13136.5 9043.48  4360.17 3064.26  1444.89 1020.05  477.047 340.085  
39427.5 27269.1  13091.6 9073.01  4390.22 3044.57  1438.08 1009.46  492.914 337.449  
39427.5 27269.1  13154.2 9052.15  4331.06 3049.87  1440.63 1016.85  489.171 344.967  
39427.5 27269.1  13081.9 9118.92  4381.64 3023.46  1455.93 984.508  489.748 335.509  
39427.5 27269.1  13098.9 9127.28  4335.11 2997.65  1479.59 1010.42  494.979 334.712  
39427.5 27269.1  13037.5 9040.06  4408.62 3057.88  1467.39 1013.75  491.686 348.49  
39427.5 27269.1  13136.5 9043.48  4357.73 3045.67  1447.56 1026.75  474.637 344.699  
39427.5 27269.1  12993.7 9066.18  4459.2 3033.56  1467.09 1027.27  489.105 337.342  
39427.5 27269.1  13143.7 9098.56  4334.83 3034.3  1445.1 996.426  488.69 337.058  
39427.5 27269.1  13091.6 9073.01  4339.91 3033.69  1489.57 1015.12  486.736 341.766  
39427.5 27269.1  12993.7 9066.18  4449.97 3047.49  1480.33 1016.09  488.76 338.765  
39427.5 27269.1  12993.7 9066.18  4434.53 3055.93  1488.65 1009.51  495.234 336.594  
39427.5 27269.1  13100.2 9022.38  4387.93 3062.6  1449.7 1028.53  481.201 348.54  
39427.5 27269.1  13046.8 9098.55  4369.48 3016.72  1498.64 1015.03  494.851 334.504  
39427.5 27269.1  13154.2 9052.15  4342.89 3056.85  1444.52 1018.8  475.117 339.008  
39427.5 27269.1  13100.2 9022.38  4387.93 3062.6  1449.7 1028.53  479.554 349.643  
42976 29719.4  11649 8132  3236.12 2213.74  887.345 611.97  243.322 165.703  
42976 29719.4  11649 8132  3238 2227.02  890.946 597.886  240.021 166.663  
42976 29719.4  11735.7 8132.02  3149.66 2212.1  888.496 606.647  243.35 171.228  
42976 29719.4  11695.6 8157.7  3199.98 2206.26  883.964 597.374  239.989 163.08  
42976 29719.4  11735.7 8132.02  3162.53 2220  880.977 605.721  239.157 166.057  
42976 29719.4  11689 8109.17  3195.73 2209.56  888.866 624.929  241.506 175.288  
42976 29719.4  11601.6 8103.07  3272.42 2248.12  896.559 608.332  245.377 164.761  
42976 29719.4  11689 8109.17  3209.25 2217.81  881.525 620.437  239.024 171.723  
42976 29719.4  11649 8132  3249.35 2220.91  874.779 601.49  243.828 168.583  
42976 29719.4  11689 8109.17  3220.21 2237.5  869.896 611.295  238.522 165.519  
42976 29719.4  11720.9 8127.71  3199.32 2211.76  865.54 611.425  234.652 171.137  
42976 29719.4  11735.7 8132.02  3173.4 2213.75  871.135 612.273  239.246 165.372  
42976 29719.4  11647.6 8033.94  3252.75 2279.56  870.391 631.774  243.564 174.122  
42976 29719.4  11689 8109.17  3220.21 2237.5  874.099 610.176  236.429 166.796  
42976 29719.4  11601.6 8103.07  3268.09 2246.04  902.867 608.169  243.284 166.021  
42976 29719.4  11647.6 8033.94  3237.13 2284.79  881.594 627.976  249.641 173.779  
42976 29719.4  11736.5 8135.33  3185.45 2217.59  857.806 601.5  239.748 167.082  
42976 29719.4  11720.9 8127.71  3172.71 2196.26  884.892 622.614  240.766 173.862  
42976 29719.4  11729.2 8082.77  3167.15 2255.77  876.861 615.832  242.629 167.043  
42976 29719.4  11689 8109.17  3193.83 2222.16  889.65 619.313  243.279 168.766  
