4 50 50 5
500 200
2200 1000 2200 1000 
1518.23 322.98 1
0.0690567 1 10
651.496
651.775
652.053
650.558
651.166
651.017
653.998
651.896
652.416
652.29
650.428
653.427
651.898
651.916
652.467
653.045
650.837
650.904
651.492
653.614
651.268
651.099
653.122
650.693
653.6
653.721
650.829
651.135
651.449
650.542
651.672
651.571
653.944
651.442
650.635
652.006
650.754
653.57
651.711
651.86
653.463
653.016
650.639
653.763
652.468
652.624
650.52
652.108
652.017
651.25
46.4136 -0.26342
44.0393 -1.56389
43.8528 -0.51415
44.8862 -0.67697
44.6816 0.20542
45.1347 0.34528
46.1416 1.97209
46.656 -1.43106
43.7007 -1.33861
44.0975 0.52644
45.2529 -0.68903
44.6911 1.78228
46.4472 0.2581
46.631 -0.22358
46.9419 -0.65447
43.5435 -0.0289
44.6368 -1.41149
44.5556 -1.35803
45.7271 0.69053
43.4462 0.33757
46.3575 -0.6959
45.8566 0.20415
43.5697 0.16575
44.7732 -1.35399
46.6676 1.30115
44.7372 1.94337
46.0315 -1.12033
45.9846 0.09878
46.3223 -0.0784
44.8926 -1.0544
44.0222 -1.18243
44.416 0.31816
43.4894 0.73962
45.445 0.74555
45.335 -1.68642
46.6951 -1.5022
44.7778 -1.51641
47.0006 0.73468
46.4091 0.10484
44.7052 0.8623
43.9654 1.20076
45.0468 1.70243
44.8261 -1.30856
46.5902 1.48908
44.2616 0.89807
46.7599 0.38386
45.1411 -0.41026
46.3227 0.66797
45.4131 1.16326
44.555 0.14679
45.1947 -0.90135
46.5353 0.77157
45.973 0.37083
44.9035 -0.50536
