4 18 5
6062.58 6814.21 10595.7 14310  3766.42 4245.07 6603.99 8955.08  2332.08 2630.94 4086.25 5531.54  1441 1629.72 2528.63 3423.4  905.91 1013.06 1579.67 2165.54  
6062.58 6814.21 10595.7 14310  3751.52 4185.75 6521.94 8859.96  2337.71 2653.41 4117.23 5567.23  1453.82 1643.01 2553.31 3470.46  903.089 1017.77 1583.66 2162.97  
6062.58 6814.21 10595.7 14310  3769.15 4226.55 6580.54 8932.15  2338.37 2610.06 4072.5 5564.86  1445.88 1651.06 2557.07 3453.09  902.725 1015.22 1579.75 2156.88  
6062.58 6814.21 10595.7 14310  3769.15 4226.55 6580.54 8932.15  2337.86 2641.07 4107.01 5578.61  1446.07 1639.29 2544.01 3447.92  900.141 1016.97 1580.44 2152.78  
6062.58 6814.21 10595.7 14310  3766.42 4245.07 6603.99 8955.08  2332.08 2630.94 4086.25 5531.54  1447.94 1622.43 2524.64 3436.79  903.292 1015.81 1581.17 2160.53  
6062.58 6814.21 10595.7 14310  3770.85 4232.04 6597.75 8986.85  2335.02 2616.52 4070.48 5525.13  1440.86 1623.93 2520.11 3411.26  897.386 1026.01 1587.75 2145.06  
2877.87 3211.34 5013.08 6827.44  2360.37 2638.53 4112.8 5586.96  1929.43 2145.5 3350.93 4573.15  1581.13 1782.89 2776.49 3775.7  1300.19 1473.77 2288.37 3094.87  
2877.87 3211.34 5013.08 6827.44  2356.68 2622.85 4097.25 5591.08  1934.16 2177.46 3383.16 4568.86  1587.16 1792.83 2784.02 3760.26  1298.93 1469.07 2284.03 3097.67  
2877.87 3211.34 5013.08 6827.44  2356.68 2622.85 4097.25 5591.08  1925.07 2138.75 3344.83 4578.99  1586.5 1786.49 2781.01 3776.95  1303.18 1465.86 2280.85 3095.84  
2877.87 3211.34 5013.08 6827.44  2358.3 2654.44 4127.06 5578.42  1933.14 2152.07 3361.63 4590.54  1579.1 1754.86 2744.3 3759.57  1296.72 1446.36 2258.36 3086.62  
2877.87 3211.34 5013.08 6827.44  2354.91 2634.86 4112.42 5605.87  1927.51 2165.89 3375.89 4594.03  1588.17 1787.66 2775.84 3745.73  1302.84 1467.7 2278.67 3076.73  
2877.87 3211.34 5013.08 6827.44  2357.44 2630.66 4107.68 5602.45  1930.19 2179.35 3389.32 4591.13  1589.12 1780.35 2771.45 3760  1298.99 1447.67 2258.05 3077.71  
4312.01 4836.98 7540.19 10244.3  3153.6 3522.74 5490.99 7461.85  2303.44 2587.47 4027.33 5466.7  1673.16 1885.29 2935.51 3996.39  1219.12 1379.74 2144.44 2912.73  
4312.01 4836.98 7540.19 10244.3  3154.6 3532.99 5504.67 7476.77  2298.04 2596.73 4032.01 5446.66  1677.07 1891.11 2941.48 3994.7  1228.37 1372.07 2139.43 2921.65  
4312.01 4836.98 7540.19 10244.3  3150.84 3543.98 5510.02 7450.42  2300.6 2566.6 4007.21 5474  1681.48 1895.84 2947.4 3997.61  1227.95 1388.35 2153.17 2908.05  
4312.01 4836.98 7540.19 10244.3  3151.27 3538.49 5510.88 7481.26  2303.33 2575.75 4011.98 5450.58  1677.97 1883.79 2934.97 3998.73  1228.05 1390.61 2155.01 2905.76  
4312.01 4836.98 7540.19 10244.3  3126.32 3514.56 5480.27 7464.38  2308.05 2597.74 4034.15 5446.77  1684.1 1901.22 2950.96 3987.04  1233.32 1382.14 2150.88 2924.76  
4312.01 4836.98 7540.19 10244.3  3151.27 3538.49 5510.88 7481.26  2292.32 2572.73 4010.64 5464.6  1671.3 1899.81 2943.77 3966.02  1231.03 1376.87 2145.34 2925.11  
