5 33 4
27792.8 27678.2 34598.3 24241.7 58980.3  5827.07 5884.35 7304.02 5169.53 12375.8  1242.34 1273.84 1639.08 1086.1 2710.18  266.133 285.357 361.786 236.795 578.955  
24624.1 24513.6 30598.3 21501.3 52210.2  7367.62 7366.79 9278.79 6443.72 15751.9  2231.07 2284.45 2833.15 1983.09 4743.24  682.575 718.779 899.837 605.2 1465.08  
7361.71 7387.25 9193.59 6433.89 15586.2  5810.95 5829.7 7210.14 5106.45 12260.7  4566.5 4596.24 5741.09 3986.56 9696.4  3658.68 3648.88 4558.43 3201.47 7769.14  
24624.1 24513.6 30598.3 21501.3 52210.2  7386.81 7475.61 9317.48 6497.17 15702.1  2225.99 2233.08 2854.82 1942.12 4815.52  670.946 673.95 851.16 595.558 1444.89  
26018.5 26016.8 32390.5 22745.6 55091  6774.9 6751.97 8578.74 5902.61 14567.1  1775.8 1787.56 2239.57 1576.91 3800.43  463.653 474.805 583.713 420.644 985.064  
27792.8 27678.2 34598.3 24241.7 58980.3  5827.07 5884.35 7304.02 5169.53 12375.8  1242.22 1285.46 1655.65 1083.62 2712.64  266.412 275.805 348.078 239.034 577.265  
24624.1 24513.6 30598.3 21501.3 52210.2  7392.22 7463.61 9299.67 6505.64 15709.4  2226.13 2240.76 2848.9 1948.85 4800.93  667.456 680.686 862.557 589.645 1441.39  
25997.5 26031.2 32371.9 22740.9 55012.3  6799.79 6769.68 8529.92 5960.57 14546.9  1774.19 1765.99 2265.15 1551.9 3849.14  464.558 467.52 614.746 402.747 1026.96  
26018.5 26016.8 32390.5 22745.6 55091  6774.9 6751.97 8578.74 5902.61 14567.1  1768.89 1793.36 2235.91 1574.52 3775.75  469.431 470.388 579.063 426.854 997.235  
24624.1 24513.6 30598.3 21501.3 52210.2  7367.62 7366.79 9278.79 6443.72 15751.9  2240.96 2305.13 2876.55 1981.69 4782.82  676.376 705.315 865.591 609.344 1433.92  
26018.5 26016.8 32390.5 22745.6 55091  6774.9 6751.97 8578.74 5902.61 14567.1  1775.8 1787.56 2239.57 1576.91 3800.43  463.653 474.805 583.713 420.644 985.064  
24624.1 24513.6 30598.3 21501.3 52210.2  7367.62 7366.79 9278.79 6443.72 15751.9  2231.07 2284.45 2833.15 1983.09 4743.24  682.575 718.779 899.837 605.2 1465.08  
24624.1 24513.6 30598.3 21501.3 52210.2  7399.89 7452.49 9337.97 6488.94 15776.8  2219.93 2258.6 2819.84 1965.8 4737.82  668.27 681.143 863.097 590.471 1443.05  
25997.5 26031.2 32371.9 22740.9 55012.3  6802.4 6739.42 8537.52 5944.52 14596.4  1766.72 1791.44 2251.46 1563.68 3789.38  467.653 471.785 616.707 406.926 1030.11  
14413.6 14415.6 17962.9 12592.3 30535.4  8513.08 8464.46 10591.8 7441.11 18091  4998.2 5034.99 6313.19 4365.05 10648.8  2967.1 2976.34 3686.05 2622.78 6278.91  
26018.5 26016.8 32390.5 22745.6 55091  6784.29 6780.3 8516.32 5957.07 14489.1  1764.61 1771.91 2253.3 1550.9 3810.18  465.317 466.066 612.998 403.518 1028.45  
27792.8 27678.2 34598.3 24241.7 58980.3  5838.82 5938.34 7376.93 5171.55 12410.1  1238.51 1246.21 1592.19 1092.14 2687.46  260.346 264.594 339.074 231.992 568.719  
26018.5 26016.8 32390.5 22745.6 55091  6740.79 6783.98 8529.76 5908.16 14408.9  1796.63 1769.21 2243.49 1587.07 3868.72  475.574 465.92 614.582 413.012 1051.72  
25997.5 26031.2 32371.9 22740.9 55012.3  6801.93 6770.29 8581.17 5937.63 14602.8  1770.61 1771.39 2249.69 1558.8 3819.35  462.473 463.288 585.741 412.745 998.263  
25997.5 26031.2 32371.9 22740.9 55012.3  6774.01 6761.11 8471.05 5959.48 14444.2  1782.36 1778.68 2305.46 1546.23 3891.11  474.344 464.688 625.612 405.932 1061.74  
25640.7 25636.2 32057.5 22344.9 54434.1  6947.94 6978.31 8663.37 6143.97 14735.7  1896.87 1875.6 2391.54 1666.31 4097.78  520.061 514.872 647.018 466.131 1117.32  
7361.71 7387.25 9193.59 6433.89 15586.2  5771.18 5815.12 7241.12 5043.54 12228.4  4619 4610.36 5775.84 4029.06 9822.25  3620.98 3640.51 4512.1 3182.55 7654.88  
26018.5 26016.8 32390.5 22745.6 55091  6784.29 6780.3 8516.32 5957.07 14489.1  1771.32 1774.15 2268.99 1551.18 3837.32  459.372 464.498 601.884 402.185 1006.75  
24907.6 24818 31198.3 21635.1 53036.8  7287.21 7290.94 9030.82 6451.57 15426.5  2129.12 2177.15 2668.59 1910.29 4495.6  621.319 647.495 780.524 567.693 1303.6  
24624.1 24513.6 30598.3 21501.3 52210.2  7395.01 7430.22 9307.8 6488.11 15762.6  2219.64 2253.98 2830.17 1958.06 4753.05  671.429 697.785 873.972 596.391 1441.01  
24624.1 24513.6 30598.3 21501.3 52210.2  7399.89 7452.49 9337.97 6488.94 15776.8  2219.93 2258.6 2819.84 1965.8 4737.82  668.27 681.143 863.097 590.471 1443.05  
26018.5 26016.8 32390.5 22745.6 55091  6784.29 6780.3 8516.32 5957.07 14489.1  1771.32 1774.15 2268.99 1551.18 3837.32  459.372 464.498 601.884 402.185 1006.75  
7361.71 7387.25 9193.59 6433.89 15586.2  5820.67 5837.96 7263.61 5093.5 12325.2  4569.29 4601.03 5703.51 4010.6 9658.19  3646.13 3625.71 4581.98 3165.57 7795.14  
24624.1 24513.6 30598.3 21501.3 52210.2  7399.89 7452.49 9337.97 6488.94 15776.8  2219.93 2258.6 2819.84 1965.8 4737.82  668.27 681.143 863.097 590.471 1443.05  
26018.5 26016.8 32390.5 22745.6 55091  6784.29 6780.3 8516.32 5957.07 14489.1  1764.61 1771.91 2253.3 1550.9 3810.18  465.317 466.066 612.998 403.518 1028.45  
25640.7 25636.2 32057.5 22344.9 54434.1  6931.25 6959.18 8691.31 6103.27 14752.8  1910.08 1900.47 2358.43 1708.94 4061.22  521.8 513.773 647.586 467.125 1122.78  
12284.8 12210.5 15353.6 10673 26159.8  8003.08 7982.24 9993.49 6985.23 17011.1  5170.57 5182.91 6512.91 4506.26 11024.1  3378.16 3362.74 4197.2 2967.82 7175.51  
12284.8 12210.5 15353.6 10673 26159.8  7997.9 7958.73 9961.82 6984.34 16996.1  5186.55 5182.13 6508.95 4524.18 11053.3  3374.4 3371.04 4209.5 2961.96 7170.52  
