5 100 4
12284.8 12210.5 15353.6 10673 26159.8  7961.75 7938.31 9997.29 6919.74 16982.7  5207.98 5235.02 6521.13 4565.65 11047.2  3386 3389.52 4232.53 2971.02 7196.06  
12284.8 12210.5 15353.6 10673 26159.8  7997.9 7958.73 9961.82 6984.34 16996.1  5186.55 5182.13 6508.95 4524.18 11053.3  3374.4 3371.04 4209.5 2961.96 7170.52  
12284.8 12210.5 15353.6 10673 26159.8  7994.23 8030.39 10004 6994.69 16947.1  5174.28 5120.33 6445.33 4513.25 11036.9  3407.61 3420.47 4235.63 3006.96 7206.78  
12284.8 12210.5 15353.6 10673 26159.8  7962.23 7902.99 9948.17 6927.58 16975.4  5218.6 5246.38 6534.99 4575.15 11069.4  3399.71 3416.6 4243.23 2993.13 7202.94  
12284.8 12210.5 15353.6 10673 26159.8  8003.08 7982.24 9993.49 6985.23 17011.1  5170.57 5182.91 6512.91 4506.26 11024.1  3378.16 3362.74 4197.2 2967.82 7175.51  
12284.8 12210.5 15353.6 10673 26159.8  8011.04 8028.98 9998.87 7013.63 16977.7  5190.81 5203.49 6520.58 4533.2 11048.9  3388.61 3408.2 4235.03 2981.85 7182.09  
12284.8 12210.5 15353.6 10673 26159.8  7967.32 7926.08 9979.26 6928.44 16990.1  5197.18 5193.38 6502.86 4543.42 11055.4  3365.59 3369.24 4219.76 2946.67 7165.01  
12284.8 12210.5 15353.6 10673 26159.8  8003.08 7982.24 9993.49 6985.23 17011.1  5181.44 5158.95 6477.68 4523.31 11038.5  3373.98 3401.2 4251.14 2955.24 7176.67  
12284.8 12210.5 15353.6 10673 26159.8  7967.32 7926.08 9979.26 6928.44 16990.1  5214.75 5261.76 6519.05 4586.87 11027.5  3359.53 3345.92 4214.2 2931.88 7174.78  
12284.8 12210.5 15353.6 10673 26159.8  7946.49 7869.05 9904.03 6917.14 16938.5  5236.76 5272.4 6529.7 4609.15 11070.4  3402.25 3439.38 4262.78 2997.09 7201.31  
25640.7 25636.2 32057.5 22344.9 54434.1  6947.94 6978.31 8663.37 6143.97 14735.7  1891.21 1884.16 2376.61 1672.34 4060.39  522.128 510.309 656.787 461.074 1137.1  
25640.7 25636.2 32057.5 22344.9 54434.1  6943.92 6937.94 8709.91 6096.19 14822.8  1902.96 1913.05 2354.54 1709.79 4028.06  518.553 516.986 640.063 469.24 1104.62  
25640.7 25636.2 32057.5 22344.9 54434.1  6931.25 6959.18 8691.31 6103.27 14752.8  1916.21 1897.25 2366.85 1709.28 4086.3  517.915 515.338 644.12 465.711 1109.46  
25640.7 25636.2 32057.5 22344.9 54434.1  6975.21 6955.49 8677.91 6153.07 14833.2  1880.97 1891.81 2379.73 1664.2 4033.96  512.501 521.849 640.329 465.337 1086.88  
25640.7 25636.2 32057.5 22344.9 54434.1  6955.51 6967.72 8698.61 6128.56 14799.7  1899.91 1888.05 2357.13 1693.08 4054.07  512.338 513.527 646.408 457.921 1102.54  
25640.7 25636.2 32057.5 22344.9 54434.1  6947.94 6978.31 8663.37 6143.97 14735.7  1896.87 1875.6 2391.54 1666.31 4097.78  520.061 514.872 647.018 466.131 1117.32  
25640.7 25636.2 32057.5 22344.9 54434.1  6920.08 6929.55 8702.73 6071.34 14776.8  1921.08 1910.62 2361.64 1723.28 4075.1  519.831 524.286 639.908 474.235 1098.48  
25640.7 25636.2 32057.5 22344.9 54434.1  6943.92 6937.94 8709.91 6096.19 14822.8  1905.1 1901.57 2352.09 1707.49 4043.37  517.879 527.568 641.008 473.422 1091.79  
25640.7 25636.2 32057.5 22344.9 54434.1  6923.26 6969.63 8655.94 6118.25 14688  1908.2 1879.62 2394.97 1677.98 4119.6  530.16 517.451 648.75 476.898 1136.7  
25640.7 25636.2 32057.5 22344.9 54434.1  6931.25 6959.18 8691.31 6103.27 14752.8  1910.08 1900.47 2358.43 1708.94 4061.22  521.8 513.773 647.586 467.125 1122.78  
25997.5 26031.2 32371.9 22740.9 55012.3  6799.79 6769.68 8529.92 5960.57 14546.9  1775.37 1771.37 2272.64 1552.1 3852.66  464.019 462.816 608.082 403.119 1024.82  
25997.5 26031.2 32371.9 22740.9 55012.3  6801.93 6770.29 8581.17 5937.63 14602.8  1770.61 1771.39 2249.69 1558.8 3819.35  462.473 463.288 585.741 412.745 998.263  
25997.5 26031.2 32371.9 22740.9 55012.3  6799.79 6769.68 8529.92 5960.57 14546.9  1774.19 1765.99 2265.15 1551.9 3849.14  464.558 467.52 614.746 402.747 1026.96  
25997.5 26031.2 32371.9 22740.9 55012.3  6763.97 6763.2 8578.36 5897.16 14530.3  1802.54 1768.22 2239.18 1594.7 3878.15  470.108 468.504 595.14 418.421 1017.42  
25997.5 26031.2 32371.9 22740.9 55012.3  6774.01 6761.11 8471.05 5959.48 14444.2  1782.36 1778.68 2305.46 1546.23 3891.11  474.344 464.688 625.612 405.932 1061.74  
25997.5 26031.2 32371.9 22740.9 55012.3  6802.4 6739.42 8537.52 5944.52 14596.4  1772.14 1796.59 2271.45 1561.93 3814.59  464.171 465.129 601.422 407.654 1015.52  
25997.5 26031.2 32371.9 22740.9 55012.3  6754.13 6773.41 8492.18 5934.99 14410  1809.67 1768.78 2314.16 1564.97 3968.55  468.888 462.911 603.722 410.157 1030.15  
25997.5 26031.2 32371.9 22740.9 55012.3  6763.97 6763.2 8578.36 5897.16 14530.3  1793.64 1776.82 2226.02 1596.58 3835.76  475.122 465.097 605.691 416.464 1042.65  
25997.5 26031.2 32371.9 22740.9 55012.3  6802.4 6739.42 8537.52 5944.52 14596.4  1766.72 1791.44 2251.46 1563.68 3789.38  467.653 471.785 616.707 406.926 1030.11  
25997.5 26031.2 32371.9 22740.9 55012.3  6795.26 6749.15 8501.8 5959.81 14533.6  1770.65 1787.18 2281.87 1550.32 3833.31  467.212 467.245 616.635 404.292 1034.55  
27792.8 27678.2 34598.3 24241.7 58980.3  5835.01 5904 7416.69 5130.95 12482.5  1241.52 1273.23 1560.95 1124.1 2630.37  260.517 270.417 334.54 237.239 557.712  
27792.8 27678.2 34598.3 24241.7 58980.3  5827.07 5884.35 7304.02 5169.53 12375.8  1242.22 1285.46 1655.65 1083.62 2712.64  266.412 275.805 348.078 239.034 577.265  
27792.8 27678.2 34598.3 24241.7 58980.3  5838.82 5938.34 7376.93 5171.55 12410.1  1238.51 1246.21 1592.19 1092.14 2687.46  260.346 264.594 339.074 231.992 568.719  
27792.8 27678.2 34598.3 24241.7 58980.3  5844.95 5929.33 7407.01 5158.37 12463.5  1232.39 1255.17 1562.09 1105.35 2634.05  260.238 265.822 338.773 232.589 566.783  
27792.8 27678.2 34598.3 24241.7 58980.3  5849.16 5919.95 7393.15 5165 12469.1  1227.37 1257.28 1584.49 1090.05 2643.81  260.448 269.144 330.867 238.416 555.358  
27792.8 27678.2 34598.3 24241.7 58980.3  5827.07 5884.35 7304.02 5169.53 12375.8  1242.34 1273.84 1639.08 1086.1 2710.18  266.133 285.357 361.786 236.795 578.955  
27792.8 27678.2 34598.3 24241.7 58980.3  5833.4 5876.26 7335.36 5156.39 12429.8  1239.79 1291.57 1630.08 1096.8 2674.82  263.786 278.546 343.073 240.288 563.632  
27792.8 27678.2 34598.3 24241.7 58980.3  5849.16 5919.95 7393.15 5165 12469.1  1228.24 1255.31 1581.58 1091.44 2644.98  259.849 270.731 335.149 236.426 556.544  
27792.8 27678.2 34598.3 24241.7 58980.3  5839.18 5910.8 7338.52 5177.62 12404.4  1236.11 1265.91 1610.36 1090.01 2677.92  261.135 269.918 351.768 229.113 576.852  
27792.8 27678.2 34598.3 24241.7 58980.3  5822.96 5905.05 7420.45 5117.27 12460.5  1248.82 1276.37 1554.57 1136.32 2635.23  264.903 267.855 335.529 239.972 570.688  
26018.5 26016.8 32390.5 22745.6 55091  6784.29 6780.3 8516.32 5957.07 14489.1  1764.61 1771.91 2253.3 1550.9 3810.18  465.317 466.066 612.998 403.518 1028.45  
26018.5 26016.8 32390.5 22745.6 55091  6740.79 6783.98 8529.76 5908.16 14408.9  1791.85 1772.4 2262.65 1574.31 3874.62  476.216 463.073 596.678 421.168 1037.97  
26018.5 26016.8 32390.5 22745.6 55091  6784.29 6780.3 8516.32 5957.07 14489.1  1771.32 1774.15 2268.99 1551.18 3837.32  459.372 464.498 601.884 402.185 1006.75  
26018.5 26016.8 32390.5 22745.6 55091  6774.9 6751.97 8578.74 5902.61 14567.1  1768.89 1793.36 2235.91 1574.52 3775.75  469.431 470.388 579.063 426.854 997.235  
26018.5 26016.8 32390.5 22745.6 55091  6758.58 6771.73 8457.57 5955.98 14386.8  1785.17 1783.67 2317.67 1545.71 3903.47  471.736 462.848 614.51 407.718 1047.45  
26018.5 26016.8 32390.5 22745.6 55091  6740.79 6783.98 8529.76 5908.16 14408.9  1796.63 1769.21 2243.49 1587.07 3868.72  475.574 465.92 614.582 413.012 1051.72  
26018.5 26016.8 32390.5 22745.6 55091  6740.79 6783.98 8529.76 5908.16 14408.9  1793.93 1769.75 2271.97 1570.45 3891.78  478.065 464.819 596.12 424.197 1039.27  
26018.5 26016.8 32390.5 22745.6 55091  6779.72 6741.44 8563.02 5910.11 14573.6  1774.71 1802.84 2234.82 1585.91 3775.32  460.387 472.008 596.358 409.57 994.325  
26018.5 26016.8 32390.5 22745.6 55091  6774.9 6751.97 8578.74 5902.61 14567.1  1775.8 1787.56 2239.57 1576.91 3800.43  463.653 474.805 583.713 420.644 985.064  
26018.5 26016.8 32390.5 22745.6 55091  6772.18 6782.12 8571.88 5918.11 14518.5  1780.27 1772.82 2228.28 1579.99 3815.78  465.299 463.188 596.172 410.365 1014.97  
14413.6 14415.6 17962.9 12592.3 30535.4  8477.59 8491.7 10509.7 7459.84 17902.7  5039.15 5028.67 6310.9 4404.3 10737.7  2974.14 2954.52 3766.43 2579.01 6401.1  
14413.6 14415.6 17962.9 12592.3 30535.4  8480.51 8468.4 10665.3 7373.28 18094.5  5043.19 5030.71 6273.46 4428.37 10705.3  2962.03 2976.49 3672.46 2624.62 6254.64  
14413.6 14415.6 17962.9 12592.3 30535.4  8513.08 8464.46 10591.8 7441.11 18091  4998.2 5034.99 6313.19 4365.05 10648.8  2967.1 2976.34 3686.05 2622.78 6278.91  
14413.6 14415.6 17962.9 12592.3 30535.4  8452.76 8507.13 10535.9 7429.2 17860.4  5045.91 4993.6 6334.73 4382.04 10817.5  2981.53 2962.51 3745.96 2600.51 6385.71  
14413.6 14415.6 17962.9 12592.3 30535.4  8485.42 8517.64 10608.4 7431.06 17988.3  5016.86 5011.72 6227.59 4415.28 10627.3  2983.01 2968.15 3762.1 2596.75 6398.58  
14413.6 14415.6 17962.9 12592.3 30535.4  8504.15 8476.68 10547.6 7460.24 18013.3  5009.23 5028.45 6252.12 4403.33 10617.2  2964.02 2978.88 3735.76 2595.81 6320.05  
14413.6 14415.6 17962.9 12592.3 30535.4  8485.42 8517.64 10608.4 7431.06 17988.3  5032.55 4989.32 6305.12 4381.28 10765.1  2959.98 2974.19 3729.21 2592.84 6310.75  
14413.6 14415.6 17962.9 12592.3 30535.4  8512.54 8503.22 10646 7432.5 18099  5015.88 5025.3 6296.31 4386.63 10679.3  2951.42 2969.86 3680.15 2606.7 6248.5  
14413.6 14415.6 17962.9 12592.3 30535.4  8513.08 8464.46 10591.8 7441.11 18091  5020.95 5047.91 6289.6 4406.22 10656.1  2964.97 2962.39 3748.44 2582.56 6354.54  
14413.6 14415.6 17962.9 12592.3 30535.4  8452.76 8507.13 10535.9 7429.2 17860.4  5045.6 5030.43 6312.27 4411.09 10749.9  2981.47 2969.28 3741.8 2605.86 6373.29  
7361.71 7387.25 9193.59 6433.89 15586.2  5839.27 5828.09 7289.36 5094.48 12401  4583.42 4608.89 5737.49 4011.69 9712.42  3653.04 3641.05 4561.19 3190.56 7769.83  
7361.71 7387.25 9193.59 6433.89 15586.2  5843.48 5818.89 7275.74 5101.04 12406.6  4608.72 4615.74 5742.24 4038.24 9760.75  3608.81 3628.15 4551.56 3144.35 7685.05  
7361.71 7387.25 9193.59 6433.89 15586.2  5778.37 5806.66 7271.01 5031.61 12283.6  4612.47 4619.13 5746.24 4041.69 9768.34  3662.36 3637.64 4554.68 3201.54 7786.25  
7361.71 7387.25 9193.59 6433.89 15586.2  5820.67 5837.96 7263.61 5093.5 12325.2  4587.29 4606.82 5742.85 4011.89 9728.13  3638.39 3640.42 4515.8 3198.21 7694.32  
7361.71 7387.25 9193.59 6433.89 15586.2  5820.67 5837.96 7263.61 5093.5 12325.2  4608.65 4605.57 5771.13 4018.65 9802.04  3651.65 3639.67 4559.54 3189.31 7766.95  
7361.71 7387.25 9193.59 6433.89 15586.2  5843.48 5818.89 7275.74 5101.04 12406.6  4591.18 4610.03 5702.96 4037.42 9691.78  3607.96 3634.63 4541 3151.97 7664.78  
7361.71 7387.25 9193.59 6433.89 15586.2  5820.67 5837.96 7263.61 5093.5 12325.2  4613.49 4611.74 5744.75 4039.82 9777.72  3646.8 3643.89 4546.52 3193.02 7738.75  
7361.71 7387.25 9193.59 6433.89 15586.2  5820.67 5837.96 7263.61 5093.5 12325.2  4569.29 4601.03 5703.51 4010.6 9658.19  3646.13 3625.71 4581.98 3165.57 7795.14  
7361.71 7387.25 9193.59 6433.89 15586.2  5810.95 5829.7 7210.14 5106.45 12260.7  4566.5 4596.24 5741.09 3986.56 9696.4  3658.68 3648.88 4558.43 3201.47 7769.14  
7361.71 7387.25 9193.59 6433.89 15586.2  5771.18 5815.12 7241.12 5043.54 12228.4  4619 4610.36 5775.84 4029.06 9822.25  3620.98 3640.51 4512.1 3182.55 7654.88  
24624.1 24513.6 30598.3 21501.3 52210.2  7395.01 7430.22 9307.8 6488.11 15762.6  2219.64 2253.98 2830.17 1958.06 4753.05  671.429 697.785 873.972 596.391 1441.01  
24624.1 24513.6 30598.3 21501.3 52210.2  7371.93 7407.67 9225.41 6494.63 15658.8  2237.85 2293.58 2903.46 1959.27 4817.66  673.044 679.074 881.228 585.435 1473.62  
24624.1 24513.6 30598.3 21501.3 52210.2  7386.81 7475.61 9317.48 6497.17 15702.1  2225.99 2233.08 2854.82 1942.12 4815.52  670.946 673.95 851.16 595.558 1444.89  
24624.1 24513.6 30598.3 21501.3 52210.2  7392.22 7463.61 9299.67 6505.64 15709.4  2226.13 2240.76 2848.9 1948.85 4800.93  667.456 680.686 862.557 589.645 1441.39  
24624.1 24513.6 30598.3 21501.3 52210.2  7399.89 7452.49 9337.97 6488.94 15776.8  2219.93 2258.6 2819.84 1965.8 4737.82  668.27 681.143 863.097 590.471 1443.05  
24624.1 24513.6 30598.3 21501.3 52210.2  7395.01 7430.22 9307.8 6488.11 15762.6  2212.04 2240.82 2813.22 1952.26 4735.86  676.708 710.255 890.344 599.742 1453.65  
24624.1 24513.6 30598.3 21501.3 52210.2  7367.62 7366.79 9278.79 6443.72 15751.9  2231.07 2284.45 2833.15 1983.09 4743.24  682.575 718.779 899.837 605.2 1465.08  
24624.1 24513.6 30598.3 21501.3 52210.2  7386.81 7475.61 9317.48 6497.17 15702.1  2227.57 2229.6 2849.59 1944.59 4817.66  671.186 679.304 858.655 594.751 1446.59  
24624.1 24513.6 30598.3 21501.3 52210.2  7367.62 7366.79 9278.79 6443.72 15751.9  2240.96 2305.13 2876.55 1981.69 4782.82  676.376 705.315 865.591 609.344 1433.92  
24624.1 24513.6 30598.3 21501.3 52210.2  7392.22 7463.61 9299.67 6505.64 15709.4  2222.21 2241.43 2867.27 1936.25 4810.47  669.802 676.468 854.868 593.754 1443.36  
24907.6 24818 31198.3 21635.1 53036.8  7246.74 7316.32 9073.31 6400.79 15358  2142.25 2147.76 2640.85 1922.68 4528.61  641.175 649.313 768.644 595.585 1329.3  
24907.6 24818 31198.3 21635.1 53036.8  7299.16 7355.33 9064.42 6478.61 15409.7  2124.3 2140.93 2641.29 1901.38 4500.67  611.22 620.559 776.333 545.993 1309.99  
24907.6 24818 31198.3 21635.1 53036.8  7259.33 7261.01 9046.62 6399.92 15421  2133.41 2186.5 2659.73 1923.3 4484.13  634.563 653.571 774.065 587.773 1316.56  
24907.6 24818 31198.3 21635.1 53036.8  7259.33 7261.01 9046.62 6399.92 15421  2146.5 2211.53 2660.27 1949.28 4482.59  624.939 634.222 771.29 569.558 1316.54  
24907.6 24818 31198.3 21635.1 53036.8  7287.21 7290.94 9030.82 6451.57 15426.5  2129.12 2177.15 2668.59 1910.29 4495.6  617.492 640.167 780.387 560.091 1303.97  
24907.6 24818 31198.3 21635.1 53036.8  7287.21 7290.94 9030.82 6451.57 15426.5  2113.81 2165.54 2670.94 1887.38 4480.27  630.848 655.838 779.272 582.308 1312.07  
24907.6 24818 31198.3 21635.1 53036.8  7283.83 7356.63 9069.1 6461.11 15381.9  2129.14 2143.78 2644.28 1906.14 4510.13  618.594 617.652 770.904 554.854 1322.96  
24907.6 24818 31198.3 21635.1 53036.8  7287.21 7290.94 9030.82 6451.57 15426.5  2129.12 2177.15 2668.59 1910.29 4495.6  621.319 647.495 780.524 567.693 1303.6  
24907.6 24818 31198.3 21635.1 53036.8  7214.96 7264.78 9060.15 6349.27 15340.4  2169.19 2173.78 2635.82 1965.95 4547.1  640.213 657.911 778.96 593.286 1327.87  
24907.6 24818 31198.3 21635.1 53036.8  7239.45 7273.47 9067.48 6374.99 15387.4  2162.96 2189.47 2642.66 1964.2 4523.36  630.564 647.35 772.506 581.349 1314.22  
23851.3 23768.1 29881.8 20715.6 50791.2  7661.23 7635.12 9525.61 6743.63 16279.3  2490.63 2573.52 3113.5 2246.39 5215.78  809.851 826.596 1004.86 735.038 1704.24  
23851.3 23768.1 29881.8 20715.6 50791.2  7645.12 7670.57 9577.4 6718.19 16257.8  2510.22 2552.61 3080.93 2272.86 5246.74  809.227 812.957 986.341 737.157 1700.05  
23851.3 23768.1 29881.8 20715.6 50791.2  7713.74 7744.64 9556.27 6836.18 16288.9  2470.7 2497.94 3087.85 2201.98 5237.58  789.128 807.116 1000.16 706.446 1680.32  
23851.3 23768.1 29881.8 20715.6 50791.2  7652.81 7715.76 9583.56 6745.39 16226.9  2506.01 2510.72 3079.14 2248.59 5285.29  805.13 814.542 988.829 732.377 1692.62  
23851.3 23768.1 29881.8 20715.6 50791.2  7645.12 7670.57 9577.4 6718.19 16257.8  2500.02 2523.29 3078.8 2248.5 5257.75  813.008 829.237 989.485 747.541 1691.95  
23851.3 23768.1 29881.8 20715.6 50791.2  7679.15 7725.1 9591.45 6772.99 16277.4  2492.39 2515.16 3069.8 2241.92 5242.99  793.786 804.26 989.003 715.392 1681.81  
23851.3 23768.1 29881.8 20715.6 50791.2  7660.74 7669.25 9572.64 6735.99 16286.2  2500.64 2542.13 3086.55 2254.92 5244.98  804.749 828.292 989.954 738.34 1677.11  
23851.3 23768.1 29881.8 20715.6 50791.2  7645.12 7670.57 9577.4 6718.19 16257.8  2517.33 2548.13 3073.58 2281.95 5258.66  802.677 819.8 996.788 728.237 1689.68  
23851.3 23768.1 29881.8 20715.6 50791.2  7660.74 7669.25 9572.64 6735.99 16286.2  2499.64 2553.51 3084.17 2260.85 5227.56  805.421 820.573 991.555 734.339 1688.89  
23851.3 23768.1 29881.8 20715.6 50791.2  7695.06 7723.75 9586.59 6791.11 16306.3  2472.25 2505.76 3078.63 2211.89 5222.09  793.152 805.793 984.869 717.538 1674.49  
