4 16 2
2877.87 3211.34 5013.08 6827.44  2352.61 2611.42 4081.13 5571.76  
15649.9 17575.4 27343.2 36971.4  341.06 413.846 638.811 993.34  
6062.58 6814.21 10595.7 14310  3755.45 4240.07 6584.86 8893.37  
6062.58 6814.21 10595.7 14310  3767.25 4195.25 6548.53 8933.04  
2877.87 3211.34 5013.08 6827.44  2352.9 2650.91 4126.76 5597.05  
6062.58 6814.21 10595.7 14310  3754.3 4228.24 6569.04 8876.06  
2877.87 3211.34 5013.08 6827.44  2349.08 2635.44 4111.45 5601.35  
4312.01 4836.98 7540.19 10244.3  3128.27 3546.23 5506.28 7432.9  
4312.01 4836.98 7540.19 10244.3  3138.51 3518.61 5489.17 7481.05  
2877.87 3211.34 5013.08 6827.44  2344.7 2612.07 4085.76 5594.82  
4312.01 4836.98 7540.19 10244.3  3140.05 3550.14 5514.87 7448.99  
4312.01 4836.98 7540.19 10244.3  3140.05 3550.14 5514.87 7448.99  
15649.9 17575.4 27343.2 36971.4  342.958 413.627 641.304 1005.5  
5750 6461.6 10062.9 13643.2  3657.32 4150.61 6434.92 8660.84  
6062.58 6814.21 10595.7 14310  3754.3 4228.24 6569.04 8876.06  
15649.9 17575.4 27343.2 36971.4  342.533 414.905 641.77 1001.8  
