2 16 3
44488.9 32022.2  10294.7 7545.17  2467.19 1853.85  
19645.7 14220.7  12900.4 9370.99  8635.15 6232.26  
35102.5 25448.3  13771.5 9943.3  5547.35 4017.51  
15578 11271.8  11393.8 8244.68  8274.03 5985.07  
19645.7 14220.7  12956.5 9417.38  8614.4 6211.66  
21931.6 15823.5  13638.9 9861.77  8403.73 6105.58  
15578 11271.8  11330.9 8231.64  8304.27 6026.42  
19645.7 14220.7  12900.4 9370.99  8549.85 6215.86  
19645.7 14220.7  12900.4 9370.99  8635.15 6232.26  
44488.9 32022.2  10363.3 7615.8  2407.86 1791.04  
21931.6 15823.5  13618.3 9803.9  8501.37 6200.84  
44488.9 32022.2  10339.5 7623.66  2436.55 1804.83  
44488.9 32022.2  10294.7 7545.17  2470.75 1863.72  
44488.9 32022.2  10363.3 7615.8  2407.86 1791.04  
44488.9 32022.2  10280.3 7518.21  2457.8 1852.88  
35102.5 25448.3  13771.5 9943.3  5532.35 3999.85  
