2 50 3
21931.6 15823.5  13622.1 9870.92  8440.63 6085.4  
21931.6 15823.5  13514.2 9796.52  8471.61 6132.39  
21931.6 15823.5  13622.1 9870.92  8474.91 6106.83  
21931.6 15823.5  13638.9 9861.77  8403.73 6105.58  
21931.6 15823.5  13563.4 9769.61  8477.73 6184.16  
21931.6 15823.5  13654.5 9845.75  8475.52 6152.41  
21931.6 15823.5  13564.6 9791.53  8496.56 6136.5  
21931.6 15823.5  13548.2 9800.5  8505.1 6175.05  
21931.6 15823.5  13618.3 9803.9  8501.37 6200.84  
21931.6 15823.5  13622.1 9870.92  8440.63 6085.4  
44488.9 32022.2  10339.5 7623.66  2436.55 1804.83  
44488.9 32022.2  10363.3 7615.8  2417.89 1809.58  
44488.9 32022.2  10280.3 7518.21  2457.8 1852.88  
44488.9 32022.2  10363.3 7615.8  2407.86 1791.04  
44488.9 32022.2  10294.7 7545.17  2460.43 1845.78  
44488.9 32022.2  10364.3 7604.37  2394.26 1788.23  
44488.9 32022.2  10280.3 7518.21  2457.8 1852.88  
44488.9 32022.2  10294.7 7545.17  2470.75 1863.72  
44488.9 32022.2  10280.3 7518.21  2472.11 1879.01  
44488.9 32022.2  10294.7 7545.17  2467.19 1853.85  
35102.5 25448.3  13881.7 10019  5444.61 3962.84  
35102.5 25448.3  13828.1 10040.8  5468.31 3912.82  
35102.5 25448.3  13771.5 9943.3  5547.35 4017.51  
35102.5 25448.3  13771.5 9943.3  5532.35 3999.85  
35102.5 25448.3  13754.7 10009.3  5498.63 3930.12  
35102.5 25448.3  13880.9 10074.7  5431.27 3912.14  
35102.5 25448.3  13846.3 10014.8  5487.1 3956.65  
35102.5 25448.3  13881.7 10019  5402.12 3933.36  
35102.5 25448.3  13880.9 10074.7  5436.67 3892.61  
35102.5 25448.3  13718.7 9926.09  5498.69 3972.89  
15578 11271.8  11330.9 8231.64  8304.27 6026.42  
15578 11271.8  11427.4 8274.25  8278.61 6015.08  
15578 11271.8  11426.3 8254.92  8278.91 6020.25  
15578 11271.8  11427.4 8274.25  8325.38 6038.98  
15578 11271.8  11394.9 8264.34  8333.24 6027.25  
15578 11271.8  11409.6 8224.2  8269.87 5990.55  
15578 11271.8  11343.9 8170.56  8310.38 5997.97  
15578 11271.8  11343.9 8170.56  8334.46 6029.44  
15578 11271.8  11393.8 8244.68  8274.03 5985.07  
15578 11271.8  11427.4 8274.25  8288.12 5970.45  
19645.7 14220.7  12973.3 9408.21  8598.67 6235.27  
19645.7 14220.7  12899.1 9348.24  8560.7 6202.25  
19645.7 14220.7  12956.5 9417.38  8614.4 6211.66  
19645.7 14220.7  12879.4 9312.05  8630.46 6267.91  
19645.7 14220.7  12993.8 9428.5  8602.61 6222.44  
19645.7 14220.7  12900.4 9370.99  8549.85 6215.86  
19645.7 14220.7  13011.5 9404.81  8512.79 6204.6  
19645.7 14220.7  12956.5 9417.38  8601.81 6188.54  
19645.7 14220.7  13010.3 9419.49  8513.11 6199.59  
19645.7 14220.7  12900.4 9370.99  8635.15 6232.26  
