2 16 3
22893.4 15921.6  14032.7 9692.15  8570.95 5951.27  
27674.8 19003  14709 10205.9  7778.34 5449.18  
22393.6 15469.9  13906.6 9542.45  8587.17 6026.73  
22893.4 15921.6  14032.7 9692.15  8570.95 5951.27  
22893.4 15921.6  13987.6 9715.84  8562.8 5924.36  
27674.8 19003  14654.1 10110  7844.58 5524.05  
27674.8 19003  14605.9 10020.5  7839.77 5484.16  
49746.2 34664  7888.1 5275.16  1221.87 818.53  
49746.2 34664  7805.47 5277.76  1281.81 814.704  
27674.8 19003  14605.9 10020.5  7839.77 5484.16  
22393.6 15469.9  13906.6 9542.45  8642.3 5966.77  
27421 19160.9  14673.2 10135.5  7913.77 5440.59  
49746.2 34664  7860.5 5256.22  1235.5 832.699  
22393.6 15469.9  13918.1 9602.07  8624.96 6000.75  
22393.6 15469.9  13918.1 9602.07  8624.96 6000.75  
49746.2 34664  7868.1 5290.54  1237.91 800.502  
