2 50 3
22393.6 15469.9  13855.7 9611.81  8593.22 5958.16  
22393.6 15469.9  13906.6 9542.45  8642.3 5966.77  
22393.6 15469.9  13855.7 9611.81  8612.63 5938.97  
22393.6 15469.9  13906.6 9542.45  8622.96 5986.05  
22393.6 15469.9  13817.2 9637.87  8676.87 5963.68  
22393.6 15469.9  13918.1 9602.07  8624.96 6000.75  
22393.6 15469.9  13925.8 9608.04  8628.5 5937.76  
22393.6 15469.9  13885.3 9632.61  8582.11 5950.37  
22393.6 15469.9  13918.1 9602.07  8624.96 6000.75  
22393.6 15469.9  13906.6 9542.45  8587.17 6026.73  
22893.4 15921.6  13879.8 9694.35  8625.1 5946.6  
22893.4 15921.6  13998.8 9723.38  8644.67 5916.16  
22893.4 15921.6  13987.6 9715.84  8562.8 5924.36  
22893.4 15921.6  13883 9695.66  8606.95 5933.81  
22893.4 15921.6  13891.2 9702.01  8646.59 5928.35  
22893.4 15921.6  14059.6 9711.84  8581.29 5924.48  
22893.4 15921.6  14067.6 9717.98  8592.8 5933.37  
22893.4 15921.6  14056.5 9710.57  8536.21 5926.42  
22893.4 15921.6  13987.6 9715.84  8623.85 5934.19  
22893.4 15921.6  14032.7 9692.15  8570.95 5951.27  
27674.8 19003  14654.1 10110  7844.58 5524.05  
27674.8 19003  14651.3 10053.8  7843.34 5487.25  
27674.8 19003  14661.8 10171.3  7857.27 5447.2  
27674.8 19003  14605.9 10020.5  7839.77 5484.16  
27674.8 19003  14588.7 10062.3  7860.03 5535.05  
27674.8 19003  14654.1 10110  7782.33 5417.13  
27674.8 19003  14705.2 10260.3  7780.14 5423.87  
27674.8 19003  14744.9 10232.8  7818.84 5448.47  
27674.8 19003  14678 10073.6  7818.44 5529.83  
27674.8 19003  14709 10205.9  7778.34 5449.18  
27421 19160.9  14608.3 10148.1  7930.02 5424.08  
27421 19160.9  14453.4 10097.1  7975.24 5428.9  
27421 19160.9  14673.2 10135.5  7913.77 5440.59  
27421 19160.9  14558.3 10112  7926.61 5421.9  
27421 19160.9  14673.2 10135.5  7771.51 5402.16  
27421 19160.9  14483.2 10118.8  7988.19 5437.79  
27421 19160.9  14646.4 10176.1  7824.15 5379.64  
27421 19160.9  14483.2 10118.8  8043.37 5446.11  
27421 19160.9  14832.4 10192.9  7698.82 5375.48  
27421 19160.9  14748 10190.7  7818.13 5402.63  
49746.2 34664  7868.1 5290.54  1244.89 805.125  
49746.2 34664  7820.84 5258.5  1269.04 831.021  
49746.2 34664  7860.5 5256.22  1235.5 832.699  
49746.2 34664  7888.1 5275.16  1221.87 818.53  
49746.2 34664  7868.1 5290.54  1237.91 800.502  
49746.2 34664  7868.1 5290.54  1244.89 805.125  
49746.2 34664  7805.47 5277.76  1290.54 811.163  
49746.2 34664  7805.47 5277.76  1281.81 814.704  
49746.2 34664  7888.1 5275.16  1205.22 811.76  
49746.2 34664  7848.92 5277.76  1247.57 811.445  
