3 50 50 5
500 200
2200 1000 2200 
1518.23 322.98 1
0.0690567 1 10
561.277
561.581
561.467
561.809
562.152
561.525
561.686
563.017
562.35
563.295
562.149
561.574
561.822
561.767
562.124
563.703
562.206
562.849
561.483
561.41
562.56
561.739
563.172
562.546
562.459
562.424
561.356
562.857
561.666
561.893
561.91
562.781
562.922
561.87
561.511
561.473
563.216
562.146
561.897
561.687
561.493
562.642
562.927
564.595
562.063
561.862
562.611
561.091
561.859
561.445
44.4485 -0.26354
44.657 -1.6482
44.3166 -1.00701
45.9489 -1.38457
45.6572 1.26887
44.8447 -1.66273
45.6251 0.75429
46.2124 1.52508
43.5857 -0.15262
46.8337 -1.48027
46.1975 0.55207
45.7303 0.44398
46.0449 -1.18835
44.3316 -1.60683
43.9363 0.60899
43.3613 1.31997
43.9277 -1.5988
43.3868 -1.14868
45.6313 -1.30449
45.4579 0.47238
46.6182 -0.65136
45.8065 0.61536
46.2186 1.64701
46.4955 0.42635
43.8828 0.95957
45.0699 1.69527
45.6594 -0.93645
43.4971 -1.54468
44.1165 0.12439
43.9878 0.3112
43.9547 0.25169
43.3847 0.07312
43.5794 0.94054
44.0895 0.50272
44.2332 -0.90074
44.6912 -1.51284
46.0653 1.83651
43.797 0.28725
45.6609 0.99257
44.4033 0.68911
45.8274 0.03031
45.9662 1.46376
46.6256 0.67313
46.9575 1.69628
45.9262 0.90622
45.9185 0.63662
44.9428 1.83062
44.8888 -0.70247
44.046 -1.2746
45.8189 -0.14376
43.8705 -0.45016
43.5285 1.37703
46.9583 0.37134
