3 66 5
24757.9 7418.34 29435.1  9425.47 2823.47 11338.2  3598.87 1087.04 4469.33  1371.15 414.632 1686.04  523.528 158.079 654.263  
3175.12 954.948 3834.42  2902.96 876.813 3513.84  2674.11 807.206 3234.27  2483.24 747.252 2980.85  2287.77 684.592 2752.19  
15175.6 4529.66 18109.4  9379.72 2798.46 11244.2  5817.32 1739.66 6945.66  3654.52 1112.24 4416.32  2254.82 680.982 2708.32  
24757.9 7418.34 29435.1  9440.06 2835.51 11432.7  3589.83 1079.59 4410.94  1366.29 409.145 1657.56  522.446 158.002 647.918  
13989.2 4185.82 16677.2  9070.52 2730.07 10933.8  5902.73 1774.99 7036.95  3845.94 1155.29 4608.22  2510.3 753.258 3039.17  
3175.12 954.948 3834.42  2884.28 871.092 3509.69  2658.37 802.389 3230.78  2485.97 748.093 2981.46  2278.33 687.146 2736.01  
15175.6 4529.66 18109.4  9415.58 2823.97 11316.8  5815.43 1743.31 7025.36  3620.61 1089.22 4368.06  2260.91 682.397 2680.63  
1976.54 593.362 2395.71  1890.47 565.254 2275.32  1784.39 535.001 2161.57  1707.76 510.73 2053.95  1622.54 486.577 1953.72  
30663.2 9209.2 36906.6  7148.81 2129.76 8523.59  1656.51 502.642 1971.06  404.724 121.484 457.766  96.597 28.2588 108.262  
1976.54 593.362 2395.71  1887.15 567.164 2277.55  1781.79 535.433 2161.09  1700.02 512.144 2052.79  1605.41 483.502 1948.02  
15175.6 4529.66 18109.4  9350.32 2781.73 11134.3  5841.68 1754.35 6973.69  3639.49 1099.19 4432.25  2268.52 690.366 2744.04  
25817.1 7769.98 31136.5  9150.77 2734.21 10948.4  3252.17 971.149 3812.21  1145.01 338.998 1363.19  410.316 119.89 480.328  
1976.54 593.362 2395.71  1851.95 557.959 2262.27  1761.74 530.665 2150.05  1696.66 509.673 2054.61  1626.44 486.05 1952.67  
1976.54 593.362 2395.71  1861.35 562.256 2265.01  1784.07 531.906 2154.37  1674.39 504.436 2043.04  1613.44 481.074 1945.72  
5166.63 1542.48 6218.24  4519.85 1352.41 5411.75  3892.2 1168.23 4717.45  3389.09 1012.17 4090.91  2988 897.694 3574.1  
30663.2 9209.2 36906.6  7141.54 2144.22 8506.01  1684.13 496.97 1986.92  389.492 114.511 461.102  92.5079 26.6715 107.069  
25817.1 7769.98 31136.5  9064.53 2715.25 10918.5  3304.78 982.441 3847.97  1164.28 341.482 1360  414.968 122.496 477.187  
15175.6 4529.66 18109.4  9350.32 2781.73 11134.3  5873.92 1778.46 7079.41  3644.19 1103.86 4407.34  2252.54 677.193 2722.52  
15175.6 4529.66 18109.4  9413.78 2830.79 11330.2  5843.93 1758.1 7035.41  3614.71 1079.42 4335.47  2257.5 681.211 2722.01  
10358.8 3096.64 12448  7634.52 2273.83 9165.65  5688.42 1712.4 6853.62  4213.8 1262.3 5055.01  3141.24 945.317 3750.42  
30739.9 9180.48 36774.6  7081.63 2143.59 8603.39  1675.99 518.258 2002.86  386.599 120.891 472.926  89.0851 28.1739 112.165  
30663.2 9209.2 36906.6  7141.54 2144.22 8506.01  1684.13 496.97 1986.92  389.492 114.511 461.102  92.5079 26.6715 107.069  
30739.9 9180.48 36774.6  7063.4 2132.52 8570.46  1681.79 521.479 2023.54  394.216 125.642 481.195  92.4234 30.4353 115.384  
1976.54 593.362 2395.71  1869.37 563.236 2271.33  1794.37 539.158 2164.11  1695.14 505.413 2046.48  1598 479.023 1943.88  
13989.2 4185.82 16677.2  9080.06 2718.47 10799.3  5897.71 1759.62 7079.55  3858.2 1162.67 4668.04  2506.47 756.741 3060.28  
30663.2 9209.2 36906.6  7115.1 2136.12 8519.03  1698.02 501.279 1979.9  397.622 116.679 456.615  95.8656 27.9026 105.9  
15175.6 4529.66 18109.4  9425.1 2826.69 11268.4  5846.66 1757.1 7020.32  3616.02 1085.96 4331.3  2234.09 670.01 2720.54  
3175.12 954.948 3834.42  2909.7 872.083 3525.29  2703.3 812.381 3242.56  2462.36 739.809 2984.57  2268.1 681.337 2746.38  
1976.54 593.362 2395.71  1861.35 562.256 2265.01  1784.07 531.906 2154.37  1674.39 504.436 2043.04  1613.44 481.074 1945.72  
13989.2 4185.82 16677.2  9078.25 2725.26 10812.6  5910.94 1770.37 7071.34  3849.5 1152.07 4654.21  2505.53 754.325 3063.34  
5166.63 1542.48 6218.24  4502.84 1347.37 5419.96  3895.11 1166.13 4711.04  3413.18 1019.67 4095.57  2956 888.422 3574.1  
15175.6 4529.66 18109.4  9350.32 2781.73 11134.3  5841.68 1754.35 6973.69  3639.49 1099.19 4432.25  2268.52 690.366 2744.04  
15175.6 4529.66 18109.4  9413.55 2815.73 11239.3  5816.2 1746.41 7054.67  3639.11 1099.37 4390.55  2254.38 680.51 2690.22  
13989.2 4185.82 16677.2  9086.71 2720.75 10922.8  5911.18 1777.72 7122.2  3846.45 1151.1 4598.45  2503 751.475 3005.86  
13989.2 4185.82 16677.2  9086.71 2720.75 10922.8  5905.19 1766.67 7095.82  3853.26 1159.43 4619.52  2500.94 755.876 2997.89  
15175.6 4529.66 18109.4  9379.72 2798.46 11244.2  5817.32 1739.66 6945.66  3654.52 1112.24 4416.32  2254.82 680.982 2708.32  
13989.2 4185.82 16677.2  9084.75 2712.8 10848  5918.97 1777.91 7109.36  3837.63 1151.62 4595.77  2504.11 758.024 3061.72  
1976.54 593.362 2395.71  1861.35 562.256 2265.01  1784.07 531.906 2154.37  1674.39 504.436 2043.04  1613.44 481.074 1945.72  
30739.9 9180.48 36774.6  7089.75 2140.22 8556.36  1661.64 515.631 2034.28  390.928 125.672 487.523  90.5349 29.1762 113.076  
30739.9 9180.48 36774.6  7063.4 2132.52 8570.46  1681.79 521.479 2023.54  394.216 125.642 481.195  92.4234 30.4353 115.384  
3175.12 954.948 3834.42  2902.96 876.813 3513.84  2683.88 810.239 3229.16  2484.97 741.974 2987.38  2283.27 685.452 2751.59  
5166.63 1542.48 6218.24  4502.84 1347.37 5419.96  3920.02 1176.57 4722.32  3426.93 1026 4098.08  2940.64 876.407 3546.2  
1976.54 593.362 2395.71  1861.35 562.256 2265.01  1784.07 531.906 2154.37  1674.39 504.436 2043.04  1613.44 481.074 1945.72  
1976.54 593.362 2395.71  1881.58 566.947 2274.13  1760.3 530.226 2149.46  1695.27 509.252 2054.04  1614.48 482.484 1949.72  
5166.63 1542.48 6218.24  4472.55 1341.75 5419.39  3924.68 1174.5 4716.96  3404.51 1014.06 4079.24  2957.21 888.791 3575.53  
30663.2 9209.2 36906.6  7174.44 2142.9 8520.62  1646.65 496.906 1967  395.641 116.06 465.189  91.7767 26.753 108.125  
30739.9 9180.48 36774.6  7108.29 2151.49 8589.88  1650.88 513.462 2023.94  383.487 118.237 470.435  90.1744 27.7232 107.996  
5166.63 1542.48 6218.24  4502.84 1347.37 5419.96  3894.39 1168.87 4716.38  3416.69 1025.61 4109.8  2945.23 877.432 3545.46  
30663.2 9209.2 36906.6  7174.44 2142.9 8520.62  1663.26 497.994 1967.67  380.075 114.974 462.629  91.1346 26.8704 108.773  
13989.2 4185.82 16677.2  9086.71 2720.75 10922.8  5905.19 1766.67 7095.82  3853.26 1159.43 4619.52  2500.94 755.876 2997.89  
10358.8 3096.64 12448  7690.78 2308.4 9220.52  5702.16 1707.42 6791.95  4168.36 1246.59 5050.74  3123.06 938.214 3758.98  
25817.1 7769.98 31136.5  9185.14 2744.58 10932  3203.49 953.856 3846.11  1158.51 344.771 1349.79  407.51 119.954 476.977  
3175.12 954.948 3834.42  2905.19 872.941 3524.68  2656.73 802.244 3229.59  2484.44 747.957 2980.36  2293.87 688.518 2747.13  
1976.54 593.362 2395.71  1887.15 567.164 2277.55  1781.79 535.433 2161.09  1700.02 512.144 2052.79  1605.41 483.502 1948.02  
15175.6 4529.66 18109.4  9350.32 2781.73 11134.3  5867.84 1767.22 7052.55  3639.11 1100.14 4419.85  2256.75 682.803 2727.86  
15175.6 4529.66 18109.4  9388.62 2800.74 11194.6  5859.38 1771.25 7056.66  3621.79 1086.62 4359.07  2258.07 686.53 2759.62  
25817.1 7769.98 31136.5  9157.62 2743.51 10915.2  3247.39 959.891 3862.52  1139.59 338.153 1352.45  410.606 121.768 475.366  
3175.12 954.948 3834.42  2926.45 881.681 3518.44  2696.61 805.83 3244.79  2443.85 738.002 2972.24  2267.03 684.261 2739.27  
30739.9 9180.48 36774.6  7081.63 2143.59 8603.39  1661.65 511.224 2001.78  394.212 124.569 473.479  94.3555 30.7744 112.08  
13989.2 4185.82 16677.2  9094.11 2730.05 10889.2  5894.51 1774.99 7052.31  3854.41 1153.28 4646.31  2497.55 752.657 3014.69  
30739.9 9180.48 36774.6  7115.56 2164.95 8621.95  1641.69 500.713 2002.63  384.956 117.688 462.153  90.5233 27.5965 106.096  
13989.2 4185.82 16677.2  9068.73 2707.73 10770.7  5913.86 1785.88 7143.51  3845 1150.62 4610.62  2507.56 754.893 3033.24  
25817.1 7769.98 31136.5  9199.8 2741.82 10934  3220.5 966.208 3821.5  1141.49 338.689 1366.52  401.376 118.368 481.485  
15175.6 4529.66 18109.4  9379.72 2798.46 11244.2  5817.32 1739.66 6945.66  3654.52 1112.24 4416.32  2254.82 680.982 2708.32  
30663.2 9209.2 36906.6  7100.65 2120.84 8522.68  1704.02 512.776 1974.15  407.395 120.894 455.452  95.5088 27.6951 108.426  
15175.6 4529.66 18109.4  9425.1 2826.69 11268.4  5795.15 1727.94 6968.3  3625.7 1090.98 4332.93  2264.8 687.158 2764.68  
