3 200 5
15175.6 4529.66 18109.4  9388.62 2800.74 11194.6  5843 1756.77 6979.78  3638.41 1101.12 4435.82  2257.91 682.864 2737.47  
15175.6 4529.66 18109.4  9350.32 2781.73 11134.3  5841.68 1754.35 6973.69  3639.49 1099.19 4432.25  2268.52 690.366 2744.04  
15175.6 4529.66 18109.4  9379.72 2798.46 11244.2  5817.32 1739.66 6945.66  3654.52 1112.24 4416.32  2254.82 680.982 2708.32  
15175.6 4529.66 18109.4  9350.32 2781.73 11134.3  5869.11 1772.41 7101.25  3617.75 1085.9 4341.39  2270.86 691.898 2768.98  
15175.6 4529.66 18109.4  9425.1 2826.69 11268.4  5846.66 1757.1 7020.32  3616.02 1085.96 4331.3  2234.09 670.01 2720.54  
15175.6 4529.66 18109.4  9413.55 2815.73 11239.3  5816.2 1746.41 7054.67  3639.11 1099.37 4390.55  2254.38 680.51 2690.22  
15175.6 4529.66 18109.4  9408.7 2821.61 11188.8  5839.93 1750.62 7062.68  3631.27 1098.2 4411.83  2254.18 678.417 2717.51  
15175.6 4529.66 18109.4  9350.32 2781.73 11134.3  5867.84 1767.22 7052.55  3639.11 1100.14 4419.85  2256.75 682.803 2727.86  
15175.6 4529.66 18109.4  9388.62 2800.74 11194.6  5859.38 1771.25 7056.66  3621.79 1086.62 4359.07  2258.07 686.53 2759.62  
15175.6 4529.66 18109.4  9380.14 2813.46 11334  5841.03 1745.94 6949.74  3639.72 1099.49 4344.69  2251.3 677.796 2700.07  
15175.6 4529.66 18109.4  9408.7 2821.61 11188.8  5830.24 1742.87 7004.07  3638.61 1102.24 4415.17  2245.02 674.859 2707.64  
15175.6 4529.66 18109.4  9413.78 2830.79 11330.2  5843.93 1758.1 7035.41  3614.71 1079.42 4335.47  2257.5 681.211 2722.01  
15175.6 4529.66 18109.4  9425.1 2826.69 11268.4  5795.15 1727.94 6968.3  3625.7 1090.98 4332.93  2264.8 687.158 2764.68  
15175.6 4529.66 18109.4  9350.32 2781.73 11134.3  5873.92 1778.46 7079.41  3644.19 1103.86 4407.34  2252.54 677.193 2722.52  
15175.6 4529.66 18109.4  9413.78 2830.79 11330.2  5804.54 1727.63 6913.76  3642.76 1103.43 4414.71  2255.32 678.023 2708.44  
15175.6 4529.66 18109.4  9380.14 2813.46 11334  5850.73 1753.7 7007.87  3624.82 1087.56 4344.33  2265.71 688.698 2719.23  
15175.6 4529.66 18109.4  9415.58 2823.97 11316.8  5815.43 1743.31 7025.36  3620.61 1089.22 4368.06  2260.91 682.397 2680.63  
15175.6 4529.66 18109.4  9408.7 2821.61 11188.8  5846.98 1757.33 7080.61  3615.46 1083.14 4371.59  2257.5 681.563 2725.88  
15175.6 4529.66 18109.4  9379.72 2798.46 11244.2  5862.76 1772.12 7037.92  3620.61 1092.1 4401.71  2261.04 683.338 2728.51  
15175.6 4529.66 18109.4  9371.61 2795.22 11113.7  5849.44 1758.83 7009.94  3628.54 1092.46 4426.37  2257.51 683.215 2761.27  
13989.2 4185.82 16677.2  9084.75 2712.8 10848  5918.97 1777.91 7109.36  3837.63 1151.62 4595.77  2504.11 758.024 3061.72  
13989.2 4185.82 16677.2  9075.76 2710.36 10895.2  5911.82 1775.56 7042.87  3843.26 1153.28 4602.41  2503.8 759.884 3065.61  
13989.2 4185.82 16677.2  9068.73 2707.73 10770.7  5924.58 1779.67 7136.19  3844.24 1153.9 4666.48  2505.92 756.555 3051.05  
13989.2 4185.82 16677.2  9079.42 2732.85 10887.2  5897.95 1754.66 7049.28  3846.82 1152.73 4602.96  2508.58 760.288 3052.9  
13989.2 4185.82 16677.2  9063.31 2728.12 10810.6  5908.78 1762.39 7053.32  3845.26 1147.71 4642.6  2512.5 759.461 3078  
13989.2 4185.82 16677.2  9080.06 2718.47 10799.3  5909.9 1782.12 7133.57  3845.43 1149.32 4657.48  2502.21 756.141 3048.2  
13989.2 4185.82 16677.2  9080.06 2718.47 10799.3  5897.71 1759.62 7079.55  3858.2 1162.67 4668.04  2506.47 756.741 3060.28  
13989.2 4185.82 16677.2  9060.7 2698.36 10804.9  5904.43 1766.57 7077.6  3857.88 1162.73 4654.69  2513.53 762.031 3050.56  
13989.2 4185.82 16677.2  9094.11 2730.05 10889.2  5909.73 1770.2 7125.56  3842.12 1158.98 4625.61  2505.51 751.034 3014.75  
13989.2 4185.82 16677.2  9086.71 2720.75 10922.8  5905.19 1766.67 7095.82  3853.26 1159.43 4619.52  2500.94 755.876 2997.89  
13989.2 4185.82 16677.2  9078.25 2725.26 10812.6  5914.01 1766.68 7103.25  3842.4 1160.71 4679.91  2504.6 753.847 3012.52  
13989.2 4185.82 16677.2  9086.71 2720.75 10922.8  5911.18 1777.72 7122.2  3846.45 1151.1 4598.45  2503 751.475 3005.86  
13989.2 4185.82 16677.2  9078.25 2725.26 10812.6  5910.94 1770.37 7071.34  3849.5 1152.07 4654.21  2505.53 754.325 3063.34  
13989.2 4185.82 16677.2  9068.73 2707.73 10770.7  5913.86 1785.88 7143.51  3845 1150.62 4610.62  2507.56 754.893 3033.24  
13989.2 4185.82 16677.2  9094.11 2730.05 10889.2  5894.51 1774.99 7052.31  3854.41 1153.28 4646.31  2497.55 752.657 3014.69  
13989.2 4185.82 16677.2  9078.25 2725.26 10812.6  5900.03 1776.65 7078.74  3847.26 1157.22 4688.45  2509.59 748.148 3027.94  
13989.2 4185.82 16677.2  9070.52 2730.07 10933.8  5902.73 1774.99 7036.95  3845.94 1155.29 4608.22  2510.3 753.258 3039.17  
13989.2 4185.82 16677.2  9079.42 2732.85 10887.2  5919.68 1775.27 7104.29  3843.27 1153.01 4601.89  2499.77 752.221 3047.12  
13989.2 4185.82 16677.2  9068.73 2707.73 10770.7  5918.6 1777.97 7166.86  3848.15 1157.93 4614.82  2509.17 756.465 3045.28  
13989.2 4185.82 16677.2  9079.42 2732.85 10887.2  5904.32 1775.29 7133.36  3844.62 1145.59 4574.1  2511.17 754.796 3034.25  
3175.12 954.948 3834.42  2905.19 872.941 3524.68  2656.73 802.244 3229.59  2484.44 747.957 2980.36  2293.87 688.518 2747.13  
3175.12 954.948 3834.42  2926.45 881.681 3518.44  2696.61 805.83 3244.79  2443.85 738.002 2972.24  2267.03 684.261 2739.27  
3175.12 954.948 3834.42  2905.19 872.941 3524.68  2680.14 803.156 3243.95  2484.62 744.61 2988.78  2266.79 684.642 2737.53  
3175.12 954.948 3834.42  2884.28 871.092 3509.69  2677.64 804.093 3244.59  2491.9 748.248 2984.93  2288.29 685.214 2751.37  
3175.12 954.948 3834.42  2915.63 878.36 3523.81  2684.78 808.508 3242.66  2472.21 744.21 2983.94  2268.32 680.799 2746.54  
3175.12 954.948 3834.42  2928.85 877.822 3529.73  2696.41 806.136 3243.89  2470.24 744.442 2983.37  2281.39 685.502 2749.46  
3175.12 954.948 3834.42  2924.25 878.696 3529.11  2702.14 811.853 3242.25  2470.15 743.918 2983.55  2272.96 686.12 2733.4  
3175.12 954.948 3834.42  2913.56 880.107 3508.28  2697.12 807.874 3249.34  2455.36 739.251 2980.98  2292.3 688.192 2746.82  
3175.12 954.948 3834.42  2913.56 880.107 3508.28  2673.28 806.945 3234.71  2489.91 747.3 2985.83  2282.88 685.029 2751.71  
3175.12 954.948 3834.42  2928.85 877.822 3529.73  2706.08 811.104 3242.78  2453.46 739.177 2979.79  2265.34 684.056 2737.94  
3175.12 954.948 3834.42  2929.4 875.737 3525.66  2666.28 803.423 3238.53  2479.9 745.108 2988.61  2274.62 686.932 2733.57  
3175.12 954.948 3834.42  2905.19 872.941 3524.68  2698.29 806.523 3244.29  2445.39 738.635 2971.78  2297.32 688.226 2747.14  
3175.12 954.948 3834.42  2884.28 871.092 3509.69  2658.37 802.389 3230.78  2485.97 748.093 2981.46  2278.33 687.146 2736.01  
3175.12 954.948 3834.42  2909.7 872.083 3525.29  2703.3 812.381 3242.56  2462.36 739.809 2984.57  2268.1 681.337 2746.38  
3175.12 954.948 3834.42  2909.7 872.083 3525.29  2697.42 808.511 3247.98  2469.93 746.191 2970.25  2282.85 685.63 2750.54  
3175.12 954.948 3834.42  2902.96 876.813 3513.84  2683.88 810.239 3229.16  2484.97 741.974 2987.38  2283.27 685.452 2751.59  
3175.12 954.948 3834.42  2902.96 876.813 3513.84  2693.73 808.94 3248.33  2456.46 739.426 2980.61  2288.78 683.448 2747.91  
3175.12 954.948 3834.42  2905.19 872.941 3524.68  2685.6 808.938 3242.59  2484.18 744.151 2988.88  2268.13 681.198 2746.08  
3175.12 954.948 3834.42  2924.25 878.696 3529.11  2684.1 808.481 3242.24  2460.84 742.875 2975.1  2295.7 687.272 2746.68  
3175.12 954.948 3834.42  2902.96 876.813 3513.84  2674.11 807.206 3234.27  2483.24 747.252 2980.85  2287.77 684.592 2752.19  
24757.9 7418.34 29435.1  9432.41 2825.86 11468  3575.74 1079.82 4296.74  1378.88 418.043 1711.88  528.76 158.944 664.608  
24757.9 7418.34 29435.1  9423.58 2830.53 11352.2  3591.41 1082.96 4409.58  1374.64 413.216 1713.7  527.967 157.784 670.888  
24757.9 7418.34 29435.1  9430.58 2832.69 11481.5  3589.28 1073.55 4314.57  1368.01 414.314 1674.18  528.631 161.042 676.173  
24757.9 7418.34 29435.1  9383.05 2810.56 11225.9  3623.12 1091.41 4482.05  1378.36 420.912 1756.3  530.705 159.605 679.914  
24757.9 7418.34 29435.1  9396.13 2837.32 11412.8  3617.01 1078.47 4423.26  1379.08 409.492 1674.16  525.51 158.832 649.412  
24757.9 7418.34 29435.1  9383.05 2810.56 11225.9  3625.03 1089.15 4502.31  1375.25 418.303 1715.2  530.938 162.866 685.753  
24757.9 7418.34 29435.1  9383.05 2810.56 11225.9  3622.39 1094.15 4487.59  1383.1 417.153 1741.38  528.219 160.236 685.698  
24757.9 7418.34 29435.1  9430.58 2832.69 11481.5  3595.62 1075.57 4345.57  1372.4 416.755 1685.98  521.568 158.997 647.622  
24757.9 7418.34 29435.1  9425.47 2823.47 11338.2  3579.97 1081.27 4375.26  1383.01 419.365 1755.61  528.807 159.006 674.001  
24757.9 7418.34 29435.1  9425.47 2823.47 11338.2  3579.13 1086.9 4411.08  1386.05 414.43 1731.79  524.145 157.562 655.328  
24757.9 7418.34 29435.1  9440.06 2835.51 11432.7  3589.83 1079.59 4410.94  1366.29 409.145 1657.56  522.446 158.002 647.918  
24757.9 7418.34 29435.1  9378.91 2832.37 11331.9  3628.39 1078.93 4468  1382.98 413.468 1708  527.031 158.834 653.7  
24757.9 7418.34 29435.1  9408.06 2833.5 11350.1  3600.97 1081.13 4410.85  1379.18 409.426 1707.9  528.427 158.888 677.067  
24757.9 7418.34 29435.1  9430.38 2817.59 11389.4  3577.7 1082.13 4338.78  1382.24 421.625 1754.35  524.127 160.924 660.661  
24757.9 7418.34 29435.1  9381.13 2817.74 11240.1  3624.05 1092.78 4509.89  1384 412.725 1726.91  527.704 158.914 667.478  
24757.9 7418.34 29435.1  9365.35 2820.76 11238  3636.79 1086.09 4526.03  1387.29 417.63 1724.84  527.56 159.011 665.514  
24757.9 7418.34 29435.1  9425.47 2823.47 11338.2  3598.87 1087.04 4469.33  1371.15 414.632 1686.04  523.528 158.079 654.263  
24757.9 7418.34 29435.1  9381.13 2817.74 11240.1  3629.93 1091.65 4510.71  1382.05 415.03 1730.87  524.962 159.363 666.959  
24757.9 7418.34 29435.1  9441.92 2828.57 11418.9  3580.11 1084.18 4368.81  1364.08 411.813 1681.04  529.214 158.829 670.237  
24757.9 7418.34 29435.1  9365.35 2820.76 11238  3629.56 1080.85 4462.88  1391.77 420.869 1763.71  529.253 159.388 675.044  
25817.1 7769.98 31136.5  9150.77 2734.21 10948.4  3252.17 971.149 3812.21  1145.01 338.998 1363.19  410.316 119.89 480.328  
25817.1 7769.98 31136.5  9194.17 2747.4 10885.5  3197.71 952.06 3876.28  1147.1 342.2 1358.58  413.911 121.946 479.607  
25817.1 7769.98 31136.5  9064.53 2715.25 10918.5  3304.78 982.441 3847.97  1164.28 341.482 1360  414.968 122.496 477.187  
25817.1 7769.98 31136.5  9157.62 2743.51 10915.2  3197.87 952.511 3840.49  1162.84 342.151 1360.85  430.805 124.608 482.144  
25817.1 7769.98 31136.5  9091.08 2716.28 10934.7  3268.82 971.049 3845.05  1178.03 350.425 1353.1  410.718 123.613 470.343  
25817.1 7769.98 31136.5  9031.79 2719.76 10855.4  3329 980.534 3872.07  1167.93 340.154 1385.03  418.975 122.271 485.429  
25817.1 7769.98 31136.5  9105.23 2713.61 10936.6  3281.63 984.522 3819.86  1150.33 343.056 1362.01  411.174 121.406 479.564  
25817.1 7769.98 31136.5  9091.08 2716.28 10934.7  3240.2 969.931 3827.95  1190.24 352.063 1355.85  425.134 124.138 480.803  
25817.1 7769.98 31136.5  9031.79 2719.76 10855.4  3339.2 980.926 3878.21  1163.22 339.571 1381.32  416.988 122.859 483.103  
25817.1 7769.98 31136.5  9064.53 2715.25 10918.5  3278.21 976.987 3842.9  1170.95 344.573 1357.18  432.445 124.759 483.723  
25817.1 7769.98 31136.5  9150.77 2734.21 10948.4  3216.06 960.135 3829.79  1167.4 346.801 1345.82  417.268 122.034 479.367  
25817.1 7769.98 31136.5  9084.07 2728.34 10900.9  3277.61 972.209 3848.12  1170.68 342.786 1364.58  420.387 120.548 486.938  
25817.1 7769.98 31136.5  9185.14 2744.58 10932  3203.49 953.856 3846.11  1158.51 344.771 1349.79  407.51 119.954 476.977  
25817.1 7769.98 31136.5  9117.25 2738.61 10883.6  3270.72 967.298 3870.47  1149.59 338.044 1363.47  414.82 120.465 481.359  
25817.1 7769.98 31136.5  9199.8 2741.82 10934  3220.5 966.208 3821.5  1141.49 338.689 1366.52  401.376 118.368 481.485  
25817.1 7769.98 31136.5  9091.08 2716.28 10934.7  3290.36 977.462 3849.89  1163.16 347.815 1345.62  412.526 122.361 472.602  
25817.1 7769.98 31136.5  9157.62 2743.51 10915.2  3247.39 959.891 3862.52  1139.59 338.153 1352.45  410.606 121.768 475.366  
25817.1 7769.98 31136.5  9105.23 2713.61 10936.6  3254.67 973.716 3843.13  1168.48 348.461 1351.16  421.037 125.491 474.919  
25817.1 7769.98 31136.5  9064.53 2715.25 10918.5  3292.53 978.716 3853.85  1184.33 347.46 1355.87  414.203 122.319 475.914  
25817.1 7769.98 31136.5  9194.17 2747.4 10885.5  3230.79 961.976 3875.29  1125.93 335.812 1359.22  402.449 118.837 478.583  
30739.9 9180.48 36774.6  7104.28 2167.14 8620.5  1650.64 497.85 2001.43  386.352 117.478 462.496  91.3334 28.4466 108.264  
30739.9 9180.48 36774.6  7124.12 2161.81 8574.87  1635.37 499.241 2020.23  385.091 121.797 482.022  88.7879 28.0047 112.944  
30739.9 9180.48 36774.6  7096.5 2141.96 8518.52  1662.86 519.003 2076.54  384.869 121.452 483.537  88.7281 28.3835 112.91  
30739.9 9180.48 36774.6  7115.56 2164.95 8621.95  1641.69 500.713 2002.63  384.956 117.688 462.153  90.5233 27.5965 106.096  
30739.9 9180.48 36774.6  7124.12 2161.81 8574.87  1638.73 505.53 2035.44  380.674 116.409 473.13  88.9452 27.052 108.372  
30739.9 9180.48 36774.6  7089.75 2140.22 8556.36  1665.12 522.126 2049.69  387.85 119.935 473.907  89.8945 28.2682 110.84  
30739.9 9180.48 36774.6  7081.63 2143.59 8603.39  1661.65 511.224 2001.78  394.212 124.569 473.479  94.3555 30.7744 112.08  
30739.9 9180.48 36774.6  7124.12 2161.81 8574.87  1635.45 501.925 2036.46  384.703 119.326 471.067  88.3693 27.5716 109.162  
30739.9 9180.48 36774.6  7122.76 2167.12 8585.26  1642.34 498.267 2011.46  380.847 118.174 480.196  87.5082 27.3144 112.653  
30739.9 9180.48 36774.6  7063.4 2132.52 8570.46  1688.28 526.236 2036.72  390.765 123.146 474.246  90.525 28.9171 110.096  
30739.9 9180.48 36774.6  7104.28 2167.14 8620.5  1656.54 498.258 1984.65  383.744 118.052 475.802  88.8008 27.6923 110.926  
30739.9 9180.48 36774.6  7081.63 2143.59 8603.39  1667.95 515.82 2014.54  392.3 122.286 462.795  90.7262 29.0719 111.092  
30739.9 9180.48 36774.6  7108.29 2151.49 8589.88  1650.88 513.462 2023.94  383.487 118.237 470.435  90.1744 27.7232 107.996  
30739.9 9180.48 36774.6  7063.4 2132.52 8570.46  1681.79 521.479 2023.54  394.216 125.642 481.195  92.4234 30.4353 115.384  
30739.9 9180.48 36774.6  7124.12 2161.81 8574.87  1636.93 499.643 2011.28  382.9 121.492 490.896  89.2944 28.013 113.794  
30739.9 9180.48 36774.6  7089.75 2140.22 8556.36  1661.64 515.631 2034.28  390.928 125.672 487.523  90.5349 29.1762 113.076  
30739.9 9180.48 36774.6  7096.5 2141.96 8518.52  1659.94 520.79 2078.73  386 119.093 476.624  90.4511 28.8593 116.221  
30739.9 9180.48 36774.6  7122.76 2167.12 8585.26  1640.7 497.822 2020.24  381.631 118.056 472.258  87.7442 27.6211 112.701  
30739.9 9180.48 36774.6  7090.08 2151.69 8624.87  1669.49 512.048 1986.46  381.804 117.821 468.801  91.2491 28.9917 110.657  
30739.9 9180.48 36774.6  7081.63 2143.59 8603.39  1675.99 518.258 2002.86  386.599 120.891 472.926  89.0851 28.1739 112.165  
1976.54 593.362 2395.71  1869.37 563.236 2271.33  1782.67 535.627 2161.4  1705.89 512.525 2056.17  1623.77 486.557 1953.82  
1976.54 593.362 2395.71  1890.47 565.254 2275.32  1788.03 538.852 2160.67  1680.52 502.476 2043.26  1611.51 480.682 1944.88  
1976.54 593.362 2395.71  1861.35 562.256 2265.01  1784.07 531.906 2154.37  1674.39 504.436 2043.04  1613.44 481.074 1945.72  
1976.54 593.362 2395.71  1890.47 565.254 2275.32  1759.87 530.309 2149.4  1689.91 509.139 2050.96  1596.46 479.642 1943.86  
1976.54 593.362 2395.71  1887.15 567.164 2277.55  1781.79 535.433 2161.09  1700.02 512.144 2052.79  1605.41 483.502 1948.02  
1976.54 593.362 2395.71  1878.1 561.574 2272.5  1793.93 539.241 2164.05  1688.84 508.88 2050.37  1613.01 483.459 1951.46  
1976.54 593.362 2395.71  1851.95 557.959 2262.27  1766.85 530.864 2153.18  1680.54 504.886 2046.21  1598.45 480.179 1944.56  
1976.54 593.362 2395.71  1851.95 557.959 2262.27  1769.9 529.113 2151.14  1696.25 509.75 2054.55  1592.92 479.847 1941.42  
1976.54 593.362 2395.71  1869.37 563.236 2271.33  1794.37 539.158 2164.11  1695.14 505.413 2046.48  1598 479.023 1943.88  
1976.54 593.362 2395.71  1878.1 561.574 2272.5  1785 535.182 2161.71  1680.96 504.007 2045.62  1606.64 484.192 1948.6  
1976.54 593.362 2395.71  1851.95 557.959 2262.27  1761.74 530.665 2150.05  1696.66 509.673 2054.61  1626.44 486.05 1952.67  
1976.54 593.362 2395.71  1881.58 566.947 2274.13  1776.87 535.241 2158.07  1705.57 512.36 2056.19  1620.92 486.884 1953.51  
1976.54 593.362 2395.71  1881.58 566.947 2274.13  1760.3 530.226 2149.46  1695.27 509.252 2054.04  1614.48 482.484 1949.72  
1976.54 593.362 2395.71  1890.47 565.254 2275.32  1764.97 530.508 2152.53  1700.69 512.483 2053.33  1595.68 479.469 1943.59  
1976.54 593.362 2395.71  1860.17 557.624 2265.95  1770.29 534.769 2152.47  1682.56 504.219 2046.41  1626.31 486.133 1952.77  
1976.54 593.362 2395.71  1887.15 567.164 2277.55  1784.89 533.651 2159.01  1673.1 504.111 2042.19  1598.67 479.163 1944.04  
1976.54 593.362 2395.71  1851.95 557.959 2262.27  1783.52 535.887 2161.85  1698.53 507.72 2052.04  1599.51 478.213 1942  
1976.54 593.362 2395.71  1881.58 566.947 2274.13  1783.07 531.676 2153.92  1707.94 512.027 2056.76  1609.93 483.888 1951.23  
1976.54 593.362 2395.71  1875.9 559.485 2266.96  1769.52 534.677 2152.42  1674.39 504.436 2043.04  1618.33 487.49 1951.87  
1976.54 593.362 2395.71  1890.47 565.254 2275.32  1784.39 535.001 2161.57  1707.76 510.73 2053.95  1622.54 486.577 1953.72  
30663.2 9209.2 36906.6  7100.65 2120.84 8522.68  1704.02 512.776 1974.15  407.395 120.894 455.452  95.5088 27.6951 108.426  
30663.2 9209.2 36906.6  7174.44 2142.9 8520.62  1663.26 497.994 1967.67  380.075 114.974 462.629  91.1346 26.8704 108.773  
30663.2 9209.2 36906.6  7174.44 2142.9 8520.62  1646.65 496.906 1967  394.821 116.135 462.469  91.7256 26.6384 109.732  
30663.2 9209.2 36906.6  7174.44 2142.9 8520.62  1646.65 496.906 1967  396.28 115.944 465.281  91.6332 26.9448 107.891  
30663.2 9209.2 36906.6  7115.1 2136.12 8519.03  1698.02 501.279 1979.9  397.622 116.679 456.615  95.8656 27.9026 105.9  
30663.2 9209.2 36906.6  7147.42 2134.82 8533.38  1673.34 502.279 1968.89  395.11 117.291 454.189  92.9317 27.9582 105.175  
30663.2 9209.2 36906.6  7110.06 2140.39 8481.42  1704.73 500.237 1994.08  399.698 114.604 474.769  93.0262 27.032 109.959  
30663.2 9209.2 36906.6  7148.81 2129.76 8523.59  1675.23 504.459 1974.49  391.906 119.898 457.861  92.1024 28.0831 105.561  
30663.2 9209.2 36906.6  7110.06 2140.39 8481.42  1709.96 500.437 1997.24  397.501 115.276 470.137  90.721 26.3705 111.087  
30663.2 9209.2 36906.6  7141.54 2144.22 8506.01  1666.88 491.833 1987.44  404.139 118.892 460  95.4762 27.5314 107.49  
30663.2 9209.2 36906.6  7174.44 2142.9 8520.62  1637.11 492.66 1973.32  401.748 119.275 459.631  93.7802 27.3598 107.405  
30663.2 9209.2 36906.6  7110.06 2140.39 8481.42  1711.03 499.414 2006.19  391.273 115.37 463.858  94.415 27.2215 108.667  
30663.2 9209.2 36906.6  7170.07 2147.27 8482.81  1664.93 494.134 2005.11  384.22 114.012 465.214  90.3054 27.2285 107.249  
30663.2 9209.2 36906.6  7141.54 2144.22 8506.01  1684.13 496.97 1986.92  389.492 114.511 461.102  92.5079 26.6715 107.069  
30663.2 9209.2 36906.6  7174.44 2142.9 8520.62  1646.65 496.906 1967  395.641 116.06 465.189  91.7767 26.753 108.125  
30663.2 9209.2 36906.6  7148.24 2146.42 8469.51  1675.72 491.753 2016.07  394.077 117.197 466.841  91.1235 27.2362 108.255  
30663.2 9209.2 36906.6  7174.44 2142.9 8520.62  1661.9 496.29 1973.77  384.334 116.654 458.037  88.8329 26.8613 108.091  
30663.2 9209.2 36906.6  7148.81 2129.76 8523.59  1656.51 502.642 1971.06  404.724 121.484 457.766  96.597 28.2588 108.262  
30663.2 9209.2 36906.6  7100.65 2120.84 8522.68  1710.37 514.733 1971.13  403.358 119.31 460.433  94.09 27.5144 106.75  
30663.2 9209.2 36906.6  7148.81 2129.76 8523.59  1678.58 508.089 1973.47  391.512 117.166 457.496  90.2692 27.5299 106.004  
5166.63 1542.48 6218.24  4502.84 1347.37 5419.96  3895.11 1166.13 4711.04  3413.18 1019.67 4095.57  2956 888.422 3574.1  
5166.63 1542.48 6218.24  4519.85 1352.41 5411.75  3933.37 1177.51 4710.79  3383.82 1010.99 4091.77  2980.32 891.072 3561.61  
5166.63 1542.48 6218.24  4514.4 1347.25 5398.06  3893.63 1166.15 4713.88  3389.64 1007.74 4061.29  2958.28 887.878 3576.96  
5166.63 1542.48 6218.24  4456.78 1326.82 5379.78  3940.8 1183.67 4720.48  3417.14 1018.46 4077.2  2945.12 879.071 3554.29  
5166.63 1542.48 6218.24  4501.99 1350.58 5426.22  3880.77 1155.46 4681.11  3406.37 1015.36 4082.98  2958.83 889.934 3578.81  
5166.63 1542.48 6218.24  4497.49 1342.3 5406.52  3936.27 1178.82 4711.47  3399.8 1013.44 4081.6  2953.13 888.248 3577.6  
5166.63 1542.48 6218.24  4472.55 1341.75 5419.39  3894.42 1162.51 4699.62  3408.4 1015.59 4081.48  2991.34 899.374 3576.64  
5166.63 1542.48 6218.24  4501.99 1350.58 5426.22  3894.5 1168.46 4715.57  3404.6 1013.7 4078.55  2954.4 878.434 3534.43  
5166.63 1542.48 6218.24  4456.78 1326.82 5379.78  3940.8 1183.67 4720.48  3390.95 1013.46 4094.64  2967.76 885.379 3556.06  
5166.63 1542.48 6218.24  4502.84 1347.37 5419.96  3894.39 1168.87 4716.38  3416.69 1025.61 4109.8  2945.23 877.432 3545.46  
5166.63 1542.48 6218.24  4514.4 1347.25 5398.06  3893.63 1166.15 4713.88  3415.94 1023.54 4108.23  2951.46 877.903 3534.45  
5166.63 1542.48 6218.24  4519.85 1352.41 5411.75  3892.2 1168.23 4717.45  3389.09 1012.17 4090.91  2988 897.694 3574.1  
5166.63 1542.48 6218.24  4468.17 1326.58 5358.04  3925.07 1170.19 4687.49  3391.53 1009.85 4069.78  2948.94 881.905 3562.28  
5166.63 1542.48 6218.24  4468.13 1333.62 5400.05  3924.5 1178.34 4724.91  3417.78 1018.27 4074.02  2972.58 889.168 3569.17  
5166.63 1542.48 6218.24  4514.4 1347.25 5398.06  3934.08 1178.18 4712.57  3387.77 1017.73 4107.97  2972.78 890.862 3575.51  
5166.63 1542.48 6218.24  4502.84 1347.37 5419.96  3920.02 1176.57 4722.32  3426.93 1026 4098.08  2940.64 876.407 3546.2  
5166.63 1542.48 6218.24  4519.85 1352.41 5411.75  3892.93 1165.49 4712.11  3389 1012.52 4091.6  2954.31 878.73 3535.05  
5166.63 1542.48 6218.24  4472.55 1341.75 5419.39  3924.68 1174.5 4716.96  3404.51 1014.06 4079.24  2957.21 888.791 3575.53  
5166.63 1542.48 6218.24  4497.49 1342.3 5406.52  3936.27 1178.82 4711.47  3386.34 1006.76 4060.51  2951.93 883.717 3567.55  
5166.63 1542.48 6218.24  4502.64 1340.2 5377.05  3935.6 1179.09 4715.29  3407.98 1018.93 4100.57  2948.61 877.74 3537.94  
10358.8 3096.64 12448  7690.78 2308.4 9220.52  5702.16 1707.42 6791.95  4168.36 1246.59 5050.74  3123.06 938.214 3758.98  
10358.8 3096.64 12448  7700.03 2305.06 9170.32  5672.32 1691.22 6790.28  4190.26 1253.21 5050.81  3122.72 941.543 3772.41  
10358.8 3096.64 12448  7662.97 2282.04 9150.63  5672.17 1711.98 6856.34  4215.49 1258.32 5030.61  3125.82 940.809 3765.63  
10358.8 3096.64 12448  7662.97 2282.04 9150.63  5675.38 1699.79 6832.59  4207.46 1272.49 5081.95  3133.31 947.052 3756.55  
10358.8 3096.64 12448  7682.98 2294.05 9186.39  5670.21 1696.71 6823.34  4182.68 1260.62 5069.55  3140.87 946.858 3753.54  
10358.8 3096.64 12448  7634.52 2273.83 9165.65  5689.49 1708.33 6845.7  4218.55 1268.12 5069.64  3139.06 942.112 3722.98  
10358.8 3096.64 12448  7690.6 2296.12 9146.61  5696.44 1708.95 6840.25  4202.08 1255.49 5035.77  3126.98 939.452 3737.98  
10358.8 3096.64 12448  7634.52 2273.83 9165.65  5688.42 1712.4 6853.62  4213.8 1262.3 5055.01  3141.24 945.317 3750.42  
10358.8 3096.64 12448  7611.75 2284.69 9222.7  5722.69 1713.56 6791.41  4231.79 1268.7 5061.25  3128.01 943.774 3753.9  
10358.8 3096.64 12448  7613.17 2279.32 9212.25  5695.01 1706.91 6833.62  4238.6 1271.81 5053.02  3126.22 941.575 3754.06  
10358.8 3096.64 12448  7613.17 2279.32 9212.25  5695.01 1706.91 6833.62  4238.6 1271.81 5053.02  3134.85 939.258 3734.56  
10358.8 3096.64 12448  7604.23 2270.84 9189.78  5708.68 1721.37 6835.93  4205.57 1254.25 5034.06  3113.04 938.385 3759.5  
10358.8 3096.64 12448  7611.75 2284.69 9222.7  5673.99 1690.34 6787.95  4221.02 1274.24 5074.82  3137.02 936.589 3723.48  
10358.8 3096.64 12448  7690.6 2296.12 9146.61  5675 1702.59 6850.64  4179.5 1258.58 5072.79  3138.47 945.326 3755.94  
10358.8 3096.64 12448  7654.19 2285.63 9200.78  5684.4 1705.29 6836.59  4230.71 1270.6 5055.22  3132.19 944.232 3750.09  
10358.8 3096.64 12448  7634.52 2273.83 9165.65  5700.83 1720.59 6842.18  4210.61 1260.2 5057.97  3123.3 936.684 3748.97  
10358.8 3096.64 12448  7661.85 2299.72 9234.31  5661.09 1686.5 6784.95  4227.24 1276.17 5064.99  3114.19 929.862 3729.91  
10358.8 3096.64 12448  7678.55 2310.73 9218.89  5692.71 1698.67 6804.29  4214.72 1270.15 5063.96  3131.64 938.197 3731.06  
10358.8 3096.64 12448  7611.75 2284.69 9222.7  5658.11 1694.42 6822.46  4227.51 1264.12 5048.32  3145.85 949.928 3749.21  
10358.8 3096.64 12448  7661.85 2299.72 9234.31  5697.03 1701.5 6800.3  4209.36 1256.48 5023.5  3117.55 935.893 3750.96  
