4 22 22 3
500 200
2200 1000 2200 1000 
1518.23 322.98 1
0.0690567 1 10
1039.59
1045.96
1040.09
1041.24
1040.47
1048.66
1041.77
1040.89
1043.37
1041.74
1043
1042.46
1041.8
1050.58
1049.88
1044.6
1040.15
1040.61
1039.6
1048.74
1046.56
1039.72
44.9398 -0.26351
46.37 1.19307
45.1343 0.99634
44.7495 -1.20767
45.4133 0.06295
46.7846 -0.22066
45.7543 0.11868
44.4559 1.72611
43.6144 -1.38918
43.3486 -0.03853
45.0277 -1.63833
45.4705 -1.10157
44.2781 1.99346
46.7738 -1.26102
46.5551 -1.58701
46.2079 0.98275
44.105 -0.61191
44.6127 1.61918
44.7216 1.07439
46.8224 0.43868
46.553 0.27757
44.8853 -0.42751
46.6861 -0.04236
44.119 -0.19375
43.7342 1.95383
44.214 -0.0302
