4 50 3
22754.2 12641.6 7633.96 12701.3  10145.3 5601.14 3347.94 5601.96  4392.42 2463.95 1480.1 2447.9  
12121.7 6808.45 4057 6783.37  8553.51 4757.76 2871.25 4772.28  5982.81 3335.07 1978.96 3319.51  
12121.7 6808.45 4057 6783.37  8560.91 4767.73 2866.06 4773.69  6042.82 3338.8 2001.87 3345.38  
5293.82 2948.3 1768.61 2952.81  4553.24 2562.31 1534.61 2554.91  4021.63 2233.96 1335.32 2234.91  
5293.82 2948.3 1768.61 2952.81  4620.76 2550.23 1536.83 2565.22  3992.16 2237.55 1335.09 2230.33  
17728.9 9978.51 5939.17 9930.86  9915.69 5567.63 3339.04 5550.12  5642.4 3126.18 1869.19 3121.38  
33097.7 18291.9 10985.9 18375.6  6296.5 3526.93 2126.38 3495.98  1215.79 728.174 423.156 689.639  
15468.8 8593.29 5178.12 8627.54  9518.36 5305.45 3209.21 5319.98  6022.82 3339.01 1992.35 3333.11  
33097.7 18291.9 10985.9 18375.6  6315 3545.95 2121.9 3502.61  1204.34 709.476 419.072 679.579  
19562.8 10807 6529.19 10880.8  10124.8 5679.97 3409.58 5663.43  5304.23 2937.4 1767.31 2937.63  
18236.5 10202.5 6125.55 10205.7  10134.8 5590.58 3377.58 5620.38  5615.94 3105.46 1857.7 3102.35  
19562.8 10807 6529.19 10880.8  10165 5592.38 3376.75 5624.91  5311.33 2997.57 1787.28 2969.11  
22754.2 12641.6 7633.96 12701.3  10120.9 5621.49 3357.62 5609.32  4467.62 2478.89 1479.59 2466.18  
17728.9 9978.51 5939.17 9930.86  10052.7 5587.39 3330.51 5576.83  5724.7 3145.23 1915.83 3169.77  
37086 20780.4 12525.8 20805.2  3431.05 1763.63 1016.38 1746.4  355.329 165.775 85.3155 159.424  
40182.9 22478 13409.9 22435.2  707.965 243.663 222.696 286.255  13.9164 3.29771 2.36923 3.44668  
18236.5 10202.5 6125.55 10205.7  10160.6 5625.29 3359.59 5625.29  5562.87 3081.7 1866.78 3090.44  
15468.8 8593.29 5178.12 8627.54  9647.58 5326.73 3201.52 5346.27  5988.39 3318.89 1989.52 3318.77  
40182.9 22478 13409.9 22435.2  707.965 243.663 222.696 286.255  13.8396 3.30029 2.36919 3.44134  
15468.8 8593.29 5178.12 8627.54  9593.36 5283.02 3199.59 5321.53  5999.56 3354.4 1992.46 3333.49  
19562.8 10807 6529.19 10880.8  10229.8 5649.44 3372.92 5652.29  5292.67 2941.41 1773.91 2940.58  
33097.7 18291.9 10985.9 18375.6  6311.98 3548.21 2115.35 3498.92  1203.38 711.081 432.086 687.27  
18236.5 10202.5 6125.55 10205.7  10160.6 5625.29 3359.59 5625.29  5562.87 3081.7 1866.78 3090.44  
12121.7 6808.45 4057 6783.37  8492.82 4758.88 2858.46 4753.7  6063.16 3341.45 2004.13 3351.37  
40182.9 22478 13409.9 22435.2  707.965 243.663 222.696 286.255  13.9164 3.29771 2.36923 3.44668  
18236.5 10202.5 6125.55 10205.7  10134.8 5590.58 3377.58 5620.38  5615.94 3105.46 1857.7 3102.35  
5293.82 2948.3 1768.61 2952.81  4587.4 2568.8 1533.73 2562.82  3988.91 2233.47 1329.28 2225.04  
12121.7 6808.45 4057 6783.37  8396.47 4740.22 2833.41 4715.12  6015.3 3341.59 2012.85 3347.68  
19562.8 10807 6529.19 10880.8  10165 5592.38 3376.75 5624.91  5311.33 2997.57 1787.28 2969.11  
12121.7 6808.45 4057 6783.37  8553.51 4757.76 2871.25 4772.28  5982.81 3335.07 1978.96 3319.51  
17728.9 9978.51 5939.17 9930.86  10157.3 5598.65 3366.46 5621.01  5705.67 3139.54 1893.84 3151.46  
12121.7 6808.45 4057 6783.37  8560.91 4767.73 2866.06 4773.69  6012.38 3329.22 1980.76 3324.32  
12121.7 6808.45 4057 6783.37  8585.11 4763.11 2843.61 4763.6  5973.44 3333.46 1987.11 3322.08  
5293.82 2948.3 1768.61 2952.81  4620.76 2550.23 1536.83 2565.22  3992.16 2237.55 1335.09 2230.33  
17728.9 9978.51 5939.17 9930.86  10052.7 5587.39 3330.51 5576.83  5603.46 3124.65 1884.83 3122.65  
17728.9 9978.51 5939.17 9930.86  9895.95 5563.3 3322.85 5535.57  5670.33 3135.13 1888.13 3140.51  
22754.2 12641.6 7633.96 12701.3  10077.2 5638.13 3352 5602.92  4505.63 2483.34 1479.52 2474.6  
33097.7 18291.9 10985.9 18375.6  6317.26 3568.96 2133.91 3516.93  1202.06 691.896 415.854 671.845  
12121.7 6808.45 4057 6783.37  8488.37 4762.14 2849.06 4748.34  6036.23 3341.25 2013.52 3351.81  
5293.82 2948.3 1768.61 2952.81  4589.75 2567.08 1538.69 2565.66  3996.15 2235.36 1334.85 2230.27  
18236.5 10202.5 6125.55 10205.7  10165.7 5621.57 3370.27 5631.39  5515.92 3077.3 1857.11 3074.64  
40182.9 22478 13409.9 22435.2  704.311 243.591 219.193 284.081  17.5882 3.35707 5.81173 5.59545  
15468.8 8593.29 5178.12 8627.54  9518.36 5305.45 3209.21 5319.98  6022.82 3339.01 1992.35 3333.11  
33097.7 18291.9 10985.9 18375.6  6302.14 3582.11 2140.03 3521.58  1216.89 681.105 406.472 665.953  
33097.7 18291.9 10985.9 18375.6  6312 3561.74 2137.65 3515.93  1208.48 695.556 410.34 671.01  
37086 20780.4 12525.8 20805.2  3459.3 1767.35 1019.06 1753.95  325.757 161.098 82.8106 151.525  
40182.9 22478 13409.9 22435.2  707.965 243.663 222.696 286.255  13.9164 3.29771 2.36923 3.44668  
17728.9 9978.51 5939.17 9930.86  10052.7 5587.39 3330.51 5576.83  5603.46 3124.65 1884.83 3122.65  
5293.82 2948.3 1768.61 2952.81  4620.76 2550.23 1536.83 2565.22  3992.16 2237.55 1335.09 2230.33  
15468.8 8593.29 5178.12 8627.54  9626.83 5308.55 3202.75 5337.51  5962.52 3298.45 1987.86 3306.71  
