4 150 3
15468.8 8593.29 5178.12 8627.54  9627.71 5360.66 3194.91 5349.04  5937.17 3309.32 1998.84 3311.68  
15468.8 8593.29 5178.12 8627.54  9553.04 5331.88 3212.47 5336.53  6024.24 3316.96 1985.37 3322.46  
15468.8 8593.29 5178.12 8627.54  9626.83 5308.55 3202.75 5337.51  5962.52 3298.45 1987.86 3306.71  
15468.8 8593.29 5178.12 8627.54  9574.53 5350.7 3211.21 5345.6  6001.58 3321.89 1991.6 3323.38  
15468.8 8593.29 5178.12 8627.54  9624.33 5346.09 3210.78 5353.29  5963.48 3284.42 1984.82 3300.76  
15468.8 8593.29 5178.12 8627.54  9603.21 5327.59 3212.03 5344.38  5977.57 3319.11 1992.06 3318.31  
15468.8 8593.29 5178.12 8627.54  9582.84 5361.92 3205.4 5347.18  6017.95 3312.36 1984.57 3319.37  
15468.8 8593.29 5178.12 8627.54  9647.58 5326.73 3201.52 5346.27  5976.06 3340.03 1985.41 3320.49  
15468.8 8593.29 5178.12 8627.54  9518.36 5305.45 3209.21 5319.98  6022.82 3339.01 1992.35 3333.11  
15468.8 8593.29 5178.12 8627.54  9518.36 5305.45 3209.21 5319.98  5991.64 3341.89 1992.62 3328.32  
15468.8 8593.29 5178.12 8627.54  9593.36 5283.02 3199.59 5321.53  5999.56 3354.4 1992.46 3333.49  
15468.8 8593.29 5178.12 8627.54  9626.83 5308.55 3202.75 5337.51  5968.66 3326.28 1995.58 3320.91  
15468.8 8593.29 5178.12 8627.54  9647.58 5326.73 3201.52 5346.27  5988.39 3318.89 1989.52 3318.77  
15468.8 8593.29 5178.12 8627.54  9632.5 5357.12 3205.07 5354.85  5935.36 3310.65 1994.98 3309.48  
15468.8 8593.29 5178.12 8627.54  9655.61 5337.56 3195.92 5347.8  5951.71 3287.61 1990.44 3302.84  
33097.7 18291.9 10985.9 18375.6  6311.98 3548.21 2115.35 3498.92  1208.93 710.915 430.67 687.504  
33097.7 18291.9 10985.9 18375.6  6314.19 3571.27 2127.24 3513.18  1207.72 689.312 417.969 673.415  
33097.7 18291.9 10985.9 18375.6  6311.98 3548.21 2115.35 3498.92  1206.02 713.54 431.917 688.412  
33097.7 18291.9 10985.9 18375.6  6298.42 3549.6 2138.47 3510.18  1217.22 707.401 412.169 677.289  
33097.7 18291.9 10985.9 18375.6  6317.26 3568.96 2133.91 3516.93  1202.06 691.896 415.854 671.845  
33097.7 18291.9 10985.9 18375.6  6311.98 3548.21 2115.35 3498.92  1203.38 711.081 432.086 687.27  
33097.7 18291.9 10985.9 18375.6  6298.42 3549.6 2138.47 3510.18  1220.9 711.26 411.289 678.598  
33097.7 18291.9 10985.9 18375.6  6315 3545.95 2121.9 3502.61  1204.34 709.476 419.072 679.579  
33097.7 18291.9 10985.9 18375.6  6309.84 3538.85 2125.57 3501.63  1207.73 721.085 423.643 686.22  
33097.7 18291.9 10985.9 18375.6  6317.26 3568.96 2133.91 3516.93  1205.66 695.664 414.966 673.136  
33097.7 18291.9 10985.9 18375.6  6302.14 3582.11 2140.03 3521.58  1216.89 681.105 406.472 665.953  
33097.7 18291.9 10985.9 18375.6  6296.5 3526.93 2126.38 3495.98  1215.79 728.174 423.156 689.639  
33097.7 18291.9 10985.9 18375.6  6300.79 3545.65 2105.93 3490.57  1217.57 708.362 435.791 691.43  
33097.7 18291.9 10985.9 18375.6  6312 3561.74 2137.65 3515.93  1208.48 695.556 410.34 671.01  
33097.7 18291.9 10985.9 18375.6  6302.79 3568.66 2117.65 3504.67  1216.35 691.827 424.337 679.543  
5293.82 2948.3 1768.61 2952.81  4624.59 2555.42 1534.14 2565.95  4014.4 2233.37 1339.62 2235.9  
5293.82 2948.3 1768.61 2952.81  4587.4 2568.8 1533.73 2562.82  3988.91 2233.47 1329.28 2225.04  
5293.82 2948.3 1768.61 2952.81  4602.72 2564.58 1526.64 2560.24  3993.06 2229.52 1343.16 2232.78  
5293.82 2948.3 1768.61 2952.81  4587.4 2568.8 1533.73 2562.82  4017.21 2233.11 1335.43 2233.88  
5293.82 2948.3 1768.61 2952.81  4611.23 2566.47 1533.65 2566.55  3963.65 2229.8 1336.27 2223.27  
5293.82 2948.3 1768.61 2952.81  4622.33 2557.08 1529.34 2563.22  3962.23 2231.01 1336.83 2223.7  
5293.82 2948.3 1768.61 2952.81  4624.59 2555.42 1534.14 2565.95  4020.69 2220.71 1338.14 2232.32  
5293.82 2948.3 1768.61 2952.81  4620.76 2550.23 1536.83 2565.22  3992.16 2237.55 1335.09 2230.33  
5293.82 2948.3 1768.61 2952.81  4553.24 2562.31 1534.61 2554.91  4029.94 2219.82 1338.08 2233.75  
5293.82 2948.3 1768.61 2952.81  4589.75 2567.08 1538.69 2565.66  4009.49 2231.69 1328.68 2228.02  
5293.82 2948.3 1768.61 2952.81  4553.24 2562.31 1534.61 2554.91  4021.63 2233.96 1335.32 2234.91  
5293.82 2948.3 1768.61 2952.81  4613.53 2564.78 1538.53 2569.33  4015.83 2232.16 1339.05 2235.46  
5293.82 2948.3 1768.61 2952.81  4589.75 2567.08 1538.69 2565.66  4025.21 2219.21 1337.55 2232.35  
5293.82 2948.3 1768.61 2952.81  4553.24 2562.31 1534.61 2554.91  3993.3 2234.31 1329.16 2226.07  
5293.82 2948.3 1768.61 2952.81  4589.75 2567.08 1538.69 2565.66  3996.15 2235.36 1334.85 2230.27  
22754.2 12641.6 7633.96 12701.3  10145.3 5601.14 3347.94 5601.96  4463.84 2498.85 1484.43 2474.42  
22754.2 12641.6 7633.96 12701.3  10120.9 5621.49 3357.62 5609.32  4467.62 2478.89 1479.59 2466.18  
22754.2 12641.6 7633.96 12701.3  10145.3 5601.14 3347.94 5601.96  4467.65 2504 1481.79 2475.14  
22754.2 12641.6 7633.96 12701.3  10120.9 5621.49 3357.62 5609.32  4463.03 2458.15 1473.86 2455.63  
22754.2 12641.6 7633.96 12701.3  10120.9 5621.49 3357.62 5609.32  4444.26 2480.88 1479.79 2462.56  
22754.2 12641.6 7633.96 12701.3  10062.7 5574.7 3355.57 5582.93  4460.09 2494.45 1479.43 2469.58  
22754.2 12641.6 7633.96 12701.3  10123.5 5582.01 3349.22 5592.78  4479.84 2514.68 1481.07 2480.28  
22754.2 12641.6 7633.96 12701.3  10009.3 5578.74 3355.98 5574.41  4491.27 2474.69 1475.49 2467.11  
22754.2 12641.6 7633.96 12701.3  10077.2 5638.13 3352 5602.92  4468.41 2471.63 1482.94 2466.13  
22754.2 12641.6 7633.96 12701.3  10009.3 5578.74 3355.98 5574.41  4550.61 2502.26 1475.66 2486.57  
22754.2 12641.6 7633.96 12701.3  10077.2 5638.13 3352 5602.92  4505.63 2483.34 1479.52 2474.6  
22754.2 12641.6 7633.96 12701.3  10145.3 5601.14 3347.94 5601.96  4430.74 2492.21 1485.21 2466.66  
22754.2 12641.6 7633.96 12701.3  10145.3 5601.14 3347.94 5601.96  4392.42 2463.95 1480.1 2447.9  
22754.2 12641.6 7633.96 12701.3  10088.2 5555.16 3345.92 5576.03  4499.5 2529.68 1482.91 2489.66  
22754.2 12641.6 7633.96 12701.3  10009.3 5578.74 3355.98 5574.41  4505.92 2504.63 1480.71 2482.03  
19562.8 10807 6529.19 10880.8  10200.3 5695.1 3407.78 5681.22  5329.68 2979.78 1770.34 2957  
19562.8 10807 6529.19 10880.8  10221.5 5638.11 3378.76 5650.69  5284.55 2975.92 1786.32 2956.81  
19562.8 10807 6529.19 10880.8  10165 5592.38 3376.75 5624.91  5302.43 3014.71 1789.32 2973.81  
19562.8 10807 6529.19 10880.8  10141.8 5647.71 3405.7 5654.49  5335.82 2960.93 1768.31 2951.33  
19562.8 10807 6529.19 10880.8  10229.8 5649.44 3372.92 5652.29  5292.67 2941.41 1773.91 2940.58  
19562.8 10807 6529.19 10880.8  10167.5 5627.9 3395.91 5647.51  5329.09 2995.35 1779.87 2967.35  
19562.8 10807 6529.19 10880.8  10165 5592.38 3376.75 5624.91  5311.33 2997.57 1787.28 2969.11  
19562.8 10807 6529.19 10880.8  10092 5612.07 3397.56 5629.42  5394.44 3008.52 1770.16 2977.93  
19562.8 10807 6529.19 10880.8  10141.8 5647.71 3405.7 5654.49  5357.68 3002.47 1771.33 2969.83  
19562.8 10807 6529.19 10880.8  10233.5 5686 3392.01 5675.39  5266.72 2924.54 1770.67 2928.55  
19562.8 10807 6529.19 10880.8  10177.9 5675.39 3409.11 5671.76  5318.63 2947.86 1766.68 2943.1  
19562.8 10807 6529.19 10880.8  10124.8 5679.97 3409.58 5663.43  5372.39 2951.07 1757.53 2948.74  
19562.8 10807 6529.19 10880.8  10203 5655.1 3399.26 5664.47  5281.13 2939.04 1767.22 2933.72  
19562.8 10807 6529.19 10880.8  10124.8 5679.97 3409.58 5663.43  5304.23 2937.4 1767.31 2937.63  
19562.8 10807 6529.19 10880.8  10141.8 5647.71 3405.7 5654.49  5341.32 2985.92 1775.18 2964.01  
12121.7 6808.45 4057 6783.37  8492.82 4758.88 2858.46 4753.7  6063.16 3341.45 2004.13 3351.37  
12121.7 6808.45 4057 6783.37  8443.53 4748 2817.91 4717.23  6015.28 3337.98 1994.7 3335.86  
12121.7 6808.45 4057 6783.37  8396.47 4740.22 2833.41 4715.12  6091.94 3347.04 2011.6 3362.92  
12121.7 6808.45 4057 6783.37  8560.91 4767.73 2866.06 4773.69  6042.82 3338.8 2001.87 3345.38  
12121.7 6808.45 4057 6783.37  8560.91 4767.73 2866.06 4773.69  6012.38 3329.22 1980.76 3324.32  
12121.7 6808.45 4057 6783.37  8492.82 4758.88 2858.46 4753.7  5983.75 3338.3 1998.79 3332.41  
12121.7 6808.45 4057 6783.37  8492.82 4758.88 2858.46 4753.7  6032.62 3331.88 1983 3330.27  
12121.7 6808.45 4057 6783.37  8585.11 4763.11 2843.61 4763.6  5973.44 3333.46 1987.11 3322.08  
12121.7 6808.45 4057 6783.37  8488.37 4762.14 2849.06 4748.34  6036.23 3341.25 2013.52 3351.81  
12121.7 6808.45 4057 6783.37  8553.51 4757.76 2871.25 4772.28  5982.81 3335.07 1978.96 3319.51  
12121.7 6808.45 4057 6783.37  8560.91 4767.73 2866.06 4773.69  6009.45 3332.59 2012.07 3343.23  
12121.7 6808.45 4057 6783.37  8396.47 4740.22 2833.41 4715.12  6015.3 3341.59 2012.85 3347.68  
12121.7 6808.45 4057 6783.37  8492.82 4758.88 2858.46 4753.7  6063.16 3341.45 2004.13 3351.37  
12121.7 6808.45 4057 6783.37  8556.54 4770.94 2856.82 4768.42  6013.67 3328.27 1983.49 3325.88  
12121.7 6808.45 4057 6783.37  8557.65 4752.95 2826.56 4745.28  6012.55 3346.26 2013.74 3349.01  
17728.9 9978.51 5939.17 9930.86  10004.8 5589.12 3341.55 5574.9  5712.97 3137.41 1884.39 3146.78  
17728.9 9978.51 5939.17 9930.86  10029.5 5589.55 3368.56 5595.53  5751.02 3141.25 1884.26 3154.87  
17728.9 9978.51 5939.17 9930.86  10052.7 5587.39 3330.51 5576.83  5603.46 3124.65 1884.83 3122.65  
17728.9 9978.51 5939.17 9930.86  10157.3 5598.65 3366.46 5621.01  5705.67 3139.54 1893.84 3151.46  
17728.9 9978.51 5939.17 9930.86  10157.3 5598.65 3366.46 5621.01  5601.16 3127.29 1868.13 3113.09  
17728.9 9978.51 5939.17 9930.86  10157.3 5598.65 3366.46 5621.01  5630.93 3136.6 1888.79 3133.63  
17728.9 9978.51 5939.17 9930.86  10024.2 5593.38 3357.48 5589.21  5737.09 3142.6 1904 3164.33  
17728.9 9978.51 5939.17 9930.86  10138.5 5594.53 3351.06 5607.18  5577.97 3123.97 1885.1 3117.71  
17728.9 9978.51 5939.17 9930.86  9923.57 5556.35 3295.13 5522.3  5658.55 3138.18 1900.1 3146.24  
17728.9 9978.51 5939.17 9930.86  9861.84 5550.75 3301.73 5512.9  5774.95 3154.23 1901.63 3173.8  
17728.9 9978.51 5939.17 9930.86  9895.95 5563.3 3322.85 5535.57  5670.33 3135.13 1888.13 3140.51  
17728.9 9978.51 5939.17 9930.86  10109.9 5599.96 3377.51 5619.06  5621.52 3126.71 1863.36 3113.95  
17728.9 9978.51 5939.17 9930.86  10052.7 5587.39 3330.51 5576.83  5724.7 3145.23 1915.83 3169.77  
17728.9 9978.51 5939.17 9930.86  9971.26 5576.77 3320.77 5552.59  5757.23 3152.01 1913.92 3176.89  
17728.9 9978.51 5939.17 9930.86  9915.69 5567.63 3339.04 5550.12  5642.4 3126.18 1869.19 3121.38  
18236.5 10202.5 6125.55 10205.7  10089 5626.17 3344.11 5603.03  5594.71 3081.3 1873.74 3100.42  
18236.5 10202.5 6125.55 10205.7  10089 5626.17 3344.11 5603.03  5612.13 3098.66 1869.61 3106.59  
18236.5 10202.5 6125.55 10205.7  10104.5 5614.83 3376.72 5621.66  5555.67 3091.37 1853.47 3084.32  
18236.5 10202.5 6125.55 10205.7  10081.8 5595.07 3378.06 5612.13  5567.76 3108.97 1843.38 3086.04  
18236.5 10202.5 6125.55 10205.7  10089 5626.17 3344.11 5603.03  5562.53 3086.31 1868.1 3092.66  
18236.5 10202.5 6125.55 10205.7  10113.3 5626.6 3370.62 5623.32  5551.8 3086.11 1856.21 3083.58  
18236.5 10202.5 6125.55 10205.7  10023.9 5604.17 3367.88 5598.09  5665.63 3099.37 1862.06 3112.37  
18236.5 10202.5 6125.55 10205.7  10160.6 5625.29 3359.59 5625.29  5562.87 3081.7 1866.78 3090.44  
18236.5 10202.5 6125.55 10205.7  10089 5626.17 3344.11 5603.03  5612.13 3098.66 1869.61 3106.59  
18236.5 10202.5 6125.55 10205.7  10165.7 5621.57 3370.27 5631.39  5530.67 3097.09 1846.85 3077.43  
18236.5 10202.5 6125.55 10205.7  10165.7 5621.57 3370.27 5631.39  5515.92 3077.3 1857.11 3074.64  
18236.5 10202.5 6125.55 10205.7  10134.8 5590.58 3377.58 5620.38  5615.94 3105.46 1857.7 3102.35  
18236.5 10202.5 6125.55 10205.7  10081.8 5595.07 3378.06 5612.13  5639.67 3103.45 1857.49 3106.06  
18236.5 10202.5 6125.55 10205.7  10165.7 5621.57 3370.27 5631.39  5606.87 3097.95 1857.68 3098.3  
18236.5 10202.5 6125.55 10205.7  10165.7 5621.57 3370.27 5631.39  5515.92 3077.3 1857.11 3074.64  
40182.9 22478 13409.9 22435.2  706.685 244.129 220.54 285.226  15.1181 2.82984 4.45468 4.44184  
40182.9 22478 13409.9 22435.2  711.765 243.437 222.664 286.67  10.0623 3.51761 2.4139 3.03153  
40182.9 22478 13409.9 22435.2  706.685 244.129 220.54 285.226  15.0041 2.83486 4.50542 4.45223  
40182.9 22478 13409.9 22435.2  707.965 243.663 222.696 286.255  13.8396 3.30029 2.36919 3.44134  
40182.9 22478 13409.9 22435.2  707.965 243.663 222.696 286.255  13.9164 3.29771 2.36923 3.44668  
40182.9 22478 13409.9 22435.2  698.485 243.144 218.554 282.842  23.1566 3.81582 6.45724 6.81776  
40182.9 22478 13409.9 22435.2  704.311 243.591 219.193 284.081  17.5882 3.35707 5.81173 5.59545  
40182.9 22478 13409.9 22435.2  706.685 244.129 220.54 285.226  15.1289 2.83978 4.51729 4.47105  
40182.9 22478 13409.9 22435.2  698.485 243.144 218.554 282.842  23.2857 3.80254 6.48903 6.83598  
40182.9 22478 13409.9 22435.2  698.485 243.144 218.554 282.842  23.1078 3.81275 6.4271 6.79932  
40182.9 22478 13409.9 22435.2  710.507 243.896 220.544 285.658  11.3741 3.06538 4.52158 4.04361  
40182.9 22478 13409.9 22435.2  702.324 243.886 220.975 284.762  19.2325 3.07574 4.06396 4.90231  
40182.9 22478 13409.9 22435.2  704.311 243.591 219.193 284.081  17.5882 3.35707 5.81173 5.59545  
40182.9 22478 13409.9 22435.2  711.884 244.084 221.559 286.389  9.94052 2.88226 3.48973 3.30325  
40182.9 22478 13409.9 22435.2  707.965 243.663 222.696 286.255  13.7243 3.29378 2.36257 3.42649  
37086 20780.4 12525.8 20805.2  3431.05 1763.63 1016.38 1746.4  355.329 165.775 85.3155 159.424  
37086 20780.4 12525.8 20805.2  3443.96 1772.62 1017.43 1751.97  334.427 156.002 83.7168 152.085  
37086 20780.4 12525.8 20805.2  3459.3 1767.35 1019.06 1753.95  325.757 161.098 82.8106 151.525  
37086 20780.4 12525.8 20805.2  3479.9 1782.51 1019.69 1762.43  301.234 146.29 81.5684 142.144  
37086 20780.4 12525.8 20805.2  3483.02 1786.29 1017.85 1762.97  303.955 145.164 83.5978 143.421  
37086 20780.4 12525.8 20805.2  3479.9 1782.51 1019.69 1762.43  303.139 147.601 81.6213 142.865  
37086 20780.4 12525.8 20805.2  3498.14 1781.07 1019.56 1764.98  286.155 148.382 81.7776 140.3  
37086 20780.4 12525.8 20805.2  3498.14 1781.07 1019.56 1764.98  285.045 147.613 81.6911 139.842  
37086 20780.4 12525.8 20805.2  3431.05 1763.63 1016.38 1746.4  353.46 165.898 85.3265 159.192  
37086 20780.4 12525.8 20805.2  3431.05 1763.63 1016.38 1746.4  355.329 165.775 85.3155 159.424  
37086 20780.4 12525.8 20805.2  3452 1779.04 1017.03 1755.03  333.614 151.23 84.766 151.015  
37086 20780.4 12525.8 20805.2  3393.15 1754.99 1010.9 1734  380.642 172.617 89.6456 168.665  
37086 20780.4 12525.8 20805.2  3490.37 1774.86 1019.96 1762.02  298.74 155.06 82.0706 144.601  
37086 20780.4 12525.8 20805.2  3406.28 1764.14 1011.97 1739.66  375.16 164.838 89.4174 165.094  
37086 20780.4 12525.8 20805.2  3498.14 1781.07 1019.56 1764.98  288.235 148.338 82.1341 140.842  
