3 18 4
12057.7 13755.9 12072.8  7492.16 8554.07 7467.73  4656.3 5296.31 4659.37  2865.65 3283.13 2883.25  
12057.7 13755.9 12072.8  7499.17 8511.79 7479.18  4649.28 5338.51 4647.76  2863.34 3299.77 2878.93  
12057.7 13755.9 12072.8  7499.17 8511.79 7479.18  4635.61 5301.66 4653.69  2882.57 3307.11 2887.66  
12057.7 13755.9 12072.8  7484.52 8560.43 7486.61  4618.44 5293.78 4633.19  2896.98 3271.88 2891.69  
12057.7 13755.9 12072.8  7499.17 8511.79 7479.18  4616.69 5285.4 4643.08  2897.4 3318.82 2894.16  
12057.7 13755.9 12072.8  7499.17 8511.79 7479.18  4632.12 5350.06 4627.69  2895.11 3295.47 2898.36  
4439.58 5073.48 4444.49  3781.84 4354.81 3795.87  3295.9 3739.15 3298.85  2835.77 3233.55 2825.63  
4439.58 5073.48 4444.49  3795.44 4344.99 3812.2  3269.22 3741.56 3281.23  2827.31 3231.64 2830.57  
4439.58 5073.48 4444.49  3824.21 4343.77 3830.01  3290.94 3760.33 3287.06  2817.27 3241.55 2817.42  
4439.58 5073.48 4444.49  3781.84 4354.81 3795.87  3284.29 3751.46 3290.9  2805.66 3226.48 2813.03  
4439.58 5073.48 4444.49  3824.6 4362.02 3814.36  3278.34 3750.46 3288.32  2822.33 3241.34 2817.86  
4439.58 5073.48 4444.49  3814.07 4336.44 3826.74  3282.68 3735.39 3291.71  2832.82 3223.08 2833.91  
23890.8 27537.9 23780  5942.74 6692.65 6024.3  1485.88 1615.45 1507.47  374.461 389.88 379.073  
23890.8 27537.9 23780  5867.32 6626.57 5902.86  1547.13 1655.18 1593.12  377.401 405.832 395.974  
23890.8 27537.9 23780  5893.29 6665.47 5949.75  1503.6 1619.88 1531.81  398.422 407.124 416.886  
23890.8 27537.9 23780  5894.35 6672.14 5961.06  1522.14 1631.01 1554.85  380.712 393.692 389.164  
23890.8 27537.9 23780  5867.32 6626.57 5902.86  1544.27 1666.03 1597.64  387.321 401.618 402.622  
23890.8 27537.9 23780  5867.32 6626.57 5902.86  1544.27 1666.03 1597.64  381.181 400.047 395.756  
