4 18 2
6901.91 12060.5 13721.4 5156.3  4271.86 7464.98 8477.95 3190.45  
6901.91 12060.5 13721.4 5156.3  4274.78 7435.01 8457.13 3203.3  
6901.91 12060.5 13721.4 5156.3  4278.33 7496.08 8573.76 3206.74  
6901.91 12060.5 13721.4 5156.3  4280.96 7475.7 8514.91 3204.71  
6901.91 12060.5 13721.4 5156.3  4256.68 7443.85 8429.17 3171.59  
6901.91 12060.5 13721.4 5156.3  4265.53 7424.1 8419.55 3188.81  
6360.07 11088 12642.4 4763.84  4118.25 7215.13 8287.3 3095.48  
6360.07 11088 12642.4 4763.84  4132.35 7215.04 8253.59 3102.49  
6360.07 11088 12642.4 4763.84  4123.49 7195.23 8255.01 3102.9  
6360.07 11088 12642.4 4763.84  4129.88 7244.17 8273.29 3090.3  
6360.07 11088 12642.4 4763.84  4135.33 7224.78 8240.76 3097.63  
6360.07 11088 12642.4 4763.84  4126.38 7175.55 8198.47 3101.37  
1441.22 2529.17 2906.76 1082.02  1323.06 2320.84 2671.73 994.771  
1441.22 2529.17 2906.76 1082.02  1323.06 2320.84 2671.73 994.771  
1441.22 2529.17 2906.76 1082.02  1307.75 2302.34 2660.94 984.276  
1441.22 2529.17 2906.76 1082.02  1307.75 2302.34 2660.94 984.276  
1441.22 2529.17 2906.76 1082.02  1321.79 2308.03 2661.84 997.215  
1441.22 2529.17 2906.76 1082.02  1333.04 2330.17 2671.79 1001.19  
