1 22 22 5
500 200
2200 
1518.23 322.98 1
0.0690567 1 10
1734.14
1733.76
1736.15
1738.47
1739.69
1738.06
1741.88
1733.57
1736.82
1733.58
1738.71
1735.84
1736.68
1737
1736.43
1733.98
1733.18
1732.93
1732.74
1732.65
1734.87
1735.91
45.8276 -0.26413
44.0109 1.69051
46.6352 0.28899
43.7928 -1.16231
46.8005 -0.93437
43.3944 -0.422
46.7775 -1.57447
43.9939 1.26475
46.7454 2.0171
45.5757 -0.23304
43.4508 -0.76297
43.4569 1.27299
44.0335 -0.90008
44.0388 -1.00255
43.8474 -0.59425
46.1849 0.54379
44.1171 1.22493
45.0126 -0.10197
45.1525 0.00118
44.3122 1.14641
44.1868 -0.42867
45.5558 -1.08882
44.5241 1.53281
