2  12  0.91  0.42  12145.8  12145.8  1  1

******************** Using iran model first stage solution ****************
12145.8  8
------------- Unsatisfy demand per scenario per model ---------------
16005  15998.3  
61369.5  61362.8  
61419.1  61412.4  
61586.6  61579.9  
15995.4  15988.7  
16051  16044.3  
61586.6  61579.9  
16051  16044.3  
209238  209231  
209144  209138  
16016.1  16009.4  
61419.1  61412.4  
------------- Recours cost per scenario per model ----------------------
3.1198e+06  3.1198e+06  
3.1198e+06  3.1198e+06  
3.1198e+06  3.1198e+06  
3.1198e+06  3.1198e+06  
3.1198e+06  3.1198e+06  
3.1198e+06  3.1198e+06  
3.1198e+06  3.1198e+06  
3.1198e+06  3.1198e+06  
3.1198e+06  3.1198e+06  
3.1198e+06  3.1198e+06  
3.1198e+06  3.1198e+06  
3.1198e+06  3.1198e+06  
------------- Number of mobile facility  per scenario per model ----------------------
14  0  
14  0  
14  0  
14  0  
14  0  
14  0  
14  0  
14  0  
14  0  
14  0  
14  0  
14  0  
------------- Resolution time per scenario per model ----------------------
0.09  0.03  
0.1  0.03  
0.1  0.04  
0.09  0.03  
0.1  0.03  
0.08  0.03  
0.08  0.04  
0.1  0.03  
0.08  0.03  
0.09  0.04  
0.1  0.04  
0.09  0.03  

******************** Using dbsWc first stage solution ****************
12145.8  8
------------------- Unsatisfy demand per scenario per model ---------------
16005  15998.3  
61369.5  61362.8  
61419.1  61412.4  
61586.6  61579.9  
15995.4  15988.7  
16051  16044.3  
61586.6  61579.9  
16051  16044.3  
209238  209231  
209144  209138  
16016.1  16009.4  
61419.1  61412.4  
------------------- Recours cost per scenario per model -------------------
3.1198e+06  3.1198e+06  
3.1198e+06  3.1198e+06  
3.1198e+06  3.1198e+06  
3.1198e+06  3.1198e+06  
3.1198e+06  3.1198e+06  
3.1198e+06  3.1198e+06  
3.1198e+06  3.1198e+06  
3.1198e+06  3.1198e+06  
3.1198e+06  3.1198e+06  
3.1198e+06  3.1198e+06  
3.1198e+06  3.1198e+06  
3.1198e+06  3.1198e+06  
------------- Number of mobile facility  per scenario per model ----------------------
14  0  
14  0  
14  0  
14  0  
14  0  
14  0  
14  0  
14  0  
14  0  
14  0  
14  0  
14  0  
------------- Resolution time per scenario per model ----------------------
0.1  0.03  
0.1  0.03  
0.09  0.04  
0.08  0.03  
0.1  0.03  
0.09  0.03  
0.1  0.04  
0.09  0.03  
0.08  0.02  
0.09  0.03  
0.09  0.03  
0.1  0.03  
