1  5
resolution time : 0.42
12145.8  12145.8
6  0
******************** fixed facilities: 8 ****************
7  10  11  12  16  17  18  21  
******************** Response cost ****************
0  0  0  0  1.73358e+07  0  
******************** Mobile facilities tour:  ****************
 scenario 0 : 0





------------------------------------
 scenario 1 : 0





------------------------------------
 scenario 2 : 0





------------------------------------
 scenario 3 : 0





------------------------------------
 scenario 4 : 0





------------------------------------
 scenario 5 : 0





------------------------------------
******************** Stock in hospital ****************
0  0  0  0  0  0  
0  0  0  0  0  0  
0  0  0  0  0  0  
0  0  0  0  0  0  
0  0  0  0  0  0  
0  0  0  0  0  0  
******************** Quantity of blood collect in hospitals ****************
0  0  0  0  0  
0  0  0  0  0  
0  0  0  0  0  
0  0  0  0  0  
4000  4000  4000  4000  4000  
0  0  0  0  0  
******************** Unsatisfy demand in hospital ****************
15305.9  14285.1  13225.4  12358.9  11351.1  
15305.9  14096.9  13269.5  12212.1  11371  
15305.9  14217.6  13117.7  12377.4  11400.5  
15305.9  14217.6  13117.7  12377.4  11400.5  
109810  50607.6  22676.4  8899.3  2206.49  
4377.76  4293.72  4198.23  4130.03  4005.29  
