1  5
resolution time : 0.91
12145.8  12145.8
6  0
******************** fixed facilities: 8 ****************
7  10  11  12  16  17  18  21  
******************** Response cost ****************
1.73403e+07  1.73403e+07  1.73403e+07  1.73403e+07  1.73403e+07  1.73404e+07  
******************** Mobile facilities tour:  ****************
 scenario 0 : 14
0  1  2  3  4  5  6  8  9  13  14  15  19  20  




------------------------------------
 scenario 1 : 14
0  1  2  3  4  5  6  8  9  13  14  15  19  20  




------------------------------------
 scenario 2 : 14
0  1  2  3  4  5  6  8  9  13  14  15  19  20  




------------------------------------
 scenario 3 : 14
0  1  2  3  4  5  6  8  9  13  14  15  19  20  




------------------------------------
 scenario 4 : 14
0  1  2  3  4  5  6  8  9  13  14  15  19  20  




------------------------------------
 scenario 5 : 14
0  1  2  3  4  5  6  8  9  13  14  15  19  20  
0  1  2  4  6  8  9  14  15  20  
0  1  2  4  6  8  9  20  
0  1  2  4  6  8  20  
0  1  20  
------------------------------------
******************** Stock in hospital ****************
0  0  0  0  0  
0  0  0  0  0  
0  0  0  0  0  
0  0  0  0  0  
0  0  0  0  0  
0  0  0  0  0  
******************** Quantity of blood collect in hospitals ****************
4000  4000  4000  4000  4000  
4000  4000  4000  4000  4000  
4000  4000  4000  4000  4000  
4000  4000  4000  4000  4000  
4000  4000  4000  4000  4000  
4000  4000  4000  4000  4000  
******************** Unsatisfy demand in hospital ****************
11305.9  10285.1  9225.4  8358.9  7351.1  
11305.9  10096.9  9269.5  8212.1  7371  
11305.9  10217.6  9117.7  8377.4  7400.5  
11305.9  10217.6  9117.7  8377.4  7400.5  
109810  50607.6  22676.4  8899.3  2206.49  
377.76  293.72  198.23  130.03  5.29  
