1 18 5
37775.3  23514.4  14482.4  9153.15  5683.91  
37775.3  23282.2  14653  9129.36  5701.83  
37775.3  23563.2  14623.3  8994.93  5681.85  
37775.3  23563.2  14649  8985.41  5677.55  
37775.3  23290.3  14752.4  9104.19  5674.79  
37775.3  23282.2  14639.2  9181.63  5675.96  
17914  14572.2  11966  9844.77  8203.16  
17914  14549.2  11989  9946.27  8148.29  
17914  14724.7  12083  9898.03  8108.78  
17914  14669.1  11967.7  9914.89  8099.88  
17914  14678.8  12066.2  9823.67  8109.88  
17914  14572.2  12106.6  9867.15  8165.68  
13931.6  11983.4  10286.6  8838.97  7659.57  
13931.6  11872.3  10301.9  8914.12  7619.27  
13931.6  12016.6  10310.1  8874.42  7638.68  
13931.6  11882.1  10241.4  8859.18  7669.06  
13931.6  12004.5  10283.6  8889.16  7657.88  
13931.6  11928.5  10340.5  8882.43  7624.74  
