1 33 5
66567.8  22231.5  7404.02  2517.53  848.104  
996.414  981.571  968.782  964.203  957.322  
80361.1  15718.2  3157.52  610.036  123.514  
37748.7  23284.4  14698.2  9192.02  5700.21  
92404.4  6946.12  601.917  43.5613  3.65214  
77519  17444.6  3879  888.368  207.163  
66567.8  22181.4  7419.04  2547.55  848.507  
59772.9  24056.6  9674.71  3868.83  1558.6  
80361.1  15698.5  3133.41  648.643  127.7  
92404.4  6968.97  575.201  47.3786  3.70061  
59772.9  23988.7  9671.41  3916.07  1581.7  
37748.7  23524.2  14668.4  9003.69  5689.07  
66567.8  22101.7  7533.9  2511.23  855.908  
37748.7  23405  14529.7  9188.79  5661.25  
37748.7  23524.2  14566.6  9129.86  5695.39  
32799.9  22093.5  14763.3  9980.04  6611.79  
92404.4  6968.28  581.127  42.1947  3.64143  
80361.1  15766.8  3113.46  611.974  117.668  
80361.1  15718.2  3157.52  610.036  123.514  
59772.9  24056.6  9665.47  3881.4  1566.27  
80361.1  15698.5  3133.41  648.643  127.7  
77519  17391.5  3920.04  900.598  209.001  
996.414  983.185  976.045  967.687  957.641  
77519  17444.6  3879  888.368  207.163  
28858.7  20369.1  14603.3  10403  7374.76  
32799.9  22093.5  14763.3  9980.04  6611.79  
28858.7  20518.2  14639  10378.2  7401.05  
59772.9  24012.4  9696.86  3877.6  1574.44  
80361.1  15718.2  3147.51  618.509  123.295  
80361.1  15766.8  3113.46  611.974  117.668  
32799.9  22102.5  14832.8  9921.9  6691.26  
59772.9  24056.6  9670.7  3885.09  1563.64  
59772.9  24044.6  9606.54  3934.32  1577.01  
