1 100 5
37748.7  23524.2  14566.6  9129.86  5695.39  
37748.7  23284.4  14698.2  9192.02  5700.21  
37748.7  23578.5  14587.5  9106.28  5650.06  
37748.7  23536.4  14556.2  9036.09  5727.84  
37748.7  23536.4  14669.9  9040.56  5672.45  
37748.7  23405  14529.7  9188.79  5661.25  
37748.7  23361.4  14621.3  9106.95  5718.77  
37748.7  23536.4  14556.2  9112.61  5701.28  
37748.7  23578.5  14620.3  9001.41  5703.16  
37748.7  23524.2  14668.4  9003.69  5689.07  
996.414  978.483  971.785  967.777  958.126  
996.414  986.281  973.391  959.115  958.119  
996.414  983.58  976.959  966.75  957.637  
996.414  985.054  973.794  959.123  949.643  
996.414  983.185  976.045  967.687  957.641  
996.414  981.571  976.503  962.158  955.998  
996.414  985.054  973.403  967.294  952.564  
996.414  985.836  968.74  965.606  955.587  
996.414  986.762  976.451  966.287  955.906  
996.414  981.571  968.782  964.203  957.322  
32799.9  21916.8  14750.2  10005.5  6752.02  
32799.9  21786.5  14767.1  10057.5  6705.92  
32799.9  21916.8  14750.2  9928.08  6754.68  
32799.9  22102.5  14832.8  9921.9  6691.26  
32799.9  21820.2  14899.8  9927.28  6745.02  
32799.9  21890  14870.2  10011.7  6718.8  
32799.9  21984.1  14746.4  9907.55  6665.36  
32799.9  21820.2  14919.4  9985.94  6719.35  
32799.9  21887.8  14689.9  10071.7  6672.3  
32799.9  22093.5  14763.3  9980.04  6611.79  
66567.8  22324.8  7366.01  2474.96  845.238  
66567.8  22314.4  7424.02  2457.47  821.989  
66567.8  22181.4  7419.04  2547.55  848.507  
66567.8  22252.2  7417.07  2505.66  828.94  
66567.8  22243.4  7420.02  2490.64  842.64  
66567.8  22101.7  7533.9  2511.23  855.908  
66567.8  22324.8  7413.95  2455.84  817.817  
66567.8  22252.6  7440.77  2471.34  845.926  
66567.8  22231.5  7404.02  2517.53  848.104  
66567.8  22262.4  7389.79  2483.61  859.591  
34668.6  22779.1  14836.7  9601.73  6315.71  
34668.6  22468.7  14848.9  9594.08  6334.06  
34668.6  22779.1  14741.8  9634.41  6299.12  
34668.6  22726  14709.5  9680.56  6342.46  
34668.6  22376.6  14693.5  9678.53  6379.52  
34668.6  22726.4  14574.4  9639.84  6357.61  
34668.6  22726.4  14855  9613.53  6308.81  
34668.6  22633.4  14852.8  9636.62  6235.9  
34668.6  22726.4  14855  9662.53  6268.4  
34668.6  22469.1  14797.9  9762.16  6340.31  
28858.7  20462.2  14642.2  10361.1  7421.26  
28858.7  20462.2  14642.2  10378.1  7413.23  
28858.7  20488  14563.5  10343.3  7369.05  
28858.7  20369.1  14532.4  10479.7  7445.64  
28858.7  20488  14615.4  10412  7367.69  
28858.7  20518.2  14639  10378.2  7401.05  
28858.7  20454.4  14508  10405.8  7409.25  
28858.7  20488  14587.4  10424.3  7411.28  
28858.7  20390  14591.6  10400.3  7449.01  
28858.7  20369.1  14603.3  10403  7374.76  
92404.4  7015  531.259  45.5406  3.45378  
92404.4  7011.75  534.185  45.341  3.93769  
92404.4  6977.31  571.895  42.4772  3.56076  
92404.4  7023.02  522.367  46.4338  3.43061  
92404.4  7004.77  546.14  41.1061  3.27171  
92404.4  6946.12  601.917  43.5613  3.65214  
92404.4  6968.97  575.201  47.3786  3.70061  
92404.4  6968.28  581.127  42.1947  3.64143  
92404.4  6955.95  592.823  43.357  3.16951  
92404.4  6934.47  612.716  44.3746  3.68899  
77519  17391.5  3920.04  900.598  208.391  
77519  17477.9  3853.53  887.345  202.832  
77519  17485.2  3876.53  863.128  198.773  
77519  17349.3  3978.19  890.051  203.379  
77519  17315.9  4005.95  894.306  204.397  
77519  17444.6  3879  888.368  207.163  
77519  17405.4  3896.21  910.027  208.814  
77519  17391.5  3920.04  900.598  209.001  
77519  17477.9  3882.22  864.869  198.421  
77519  17446.7  3877.57  897.134  200.964  
59772.9  24012.4  9696.86  3877.6  1574.44  
59772.9  24056.6  9670.7  3885.09  1563.64  
59772.9  24044.6  9606.54  3934.32  1577.01  
59772.9  24056.6  9674.71  3868.83  1558.6  
59772.9  24044.6  9677.43  3890.32  1564.37  
59772.9  23958.6  9701.46  3906.75  1584.4  
59772.9  24056.6  9665.47  3881.4  1566.27  
59772.9  23988.7  9671.41  3916.07  1581.7  
59772.9  23880.5  9747.8  3918.64  1591.51  
59772.9  24067.6  9659.75  3879.86  1566.73  
80361.1  15705.1  3173.82  606.118  122.874  
80361.1  15698.5  3133.41  648.643  127.7  
80361.1  15718.2  3157.52  610.036  123.514  
80361.1  15846.8  3030.88  607.162  123.048  
80361.1  15766.8  3113.46  611.974  117.668  
80361.1  15718.2  3147.51  618.509  123.295  
80361.1  15794.5  3091.26  607.57  115.895  
80361.1  15718.2  3146.89  620.928  122.857  
80361.1  15705.1  3175.22  609.879  119.312  
80361.1  15698.2  3143.77  639.608  126.177  
