5 33 4
6577.23 3287.45 5479.71 3272.56 5494.58  5867.66 2928.53 4886.42 2924.62 4882  5190.41 2599.48 4326.85 2581.81 4353.4  4653.1 2322.48 3875.2 2322.08 3868.92  
55474.7 27799.7 46187.9 27544 46469  4135.17 2021.95 3484.17 2223.48 3268.44  358.829 165.319 300.904 211.529 243.662  28.9878 12.1515 24.9926 19.2491 17.5687  
6577.23 3287.45 5479.71 3272.56 5494.58  5846.41 2912.96 4881.59 2918.41 4883.81  5164.47 2599.87 4296.44 2558.02 4346.54  4653.02 2319.61 3879.77 2324.45 3872.91  
38792.5 19185.7 32363.7 19462.3 31948  13706.9 6901.77 11445.1 6844.42 11585.7  4851.91 2503.12 4011.13 2397.59 4137.09  1696.11 889.286 1397.37 835.062 1463.33  
25137.7 12509 20977.5 12552.3 20932.9  14559.3 7212.9 12169.8 7322.56 12054.4  8478.99 4238.46 7066.73 4249.38 7055.23  4921.33 2490.18 4093.43 2451.78 4147.55  
6577.23 3287.45 5479.71 3272.56 5494.58  5866.26 2930.11 4878.93 2921.86 4870.83  5217.45 2602.2 4351.71 2603.87 4351.54  4602.85 2303.63 3842.66 2292.44 3868.99  
48892.6 24436.8 40775.1 24329 40949.3  8950.67 4507.67 7433.97 4527.08 7386.77  1763.47 856.518 1467.88 936.249 1356.44  316.797 161.204 260.309 165.734 250.974  
5964.59 2946.34 4992.16 2995.91 4943.85  5372.96 2656.27 4493.51 2698.39 4448.86  4827.02 2387.57 4040.33 2424.72 4007.56  4331.92 2143.82 3628.56 2176.4 3605.3  
39503.4 19591.3 32987.8 19778.4 32765.9  13405.9 6743.92 11182.5 6702.39 11280.4  4663.74 2397.62 3828.63 2312.06 3879.84  1594.43 822.746 1318.39 796.406 1350.21  
21555.1 10746.1 17969.9 10747.1 17959.3  13780.2 6928.16 11437.5 6842.71 11489.8  8842.94 4432.74 7364.85 4414.99 7386.72  5651.55 2823.26 4726.09 2838.16 4733.46  
48892.6 24436.8 40775.1 24329 40949.3  8950.67 4507.67 7433.97 4527.08 7386.77  1763.47 856.518 1467.88 936.249 1356.44  316.797 161.204 260.309 165.734 250.974  
39503.4 19591.3 32987.8 19778.4 32765.9  13480.8 6809.61 11172.4 6715.38 11231.1  4618.27 2362.84 3846.44 2301.06 3954.39  1577.96 807.503 1315.02 793.937 1344.07  
40011.9 20052.5 33295.9 19864.7 33474.5  13371.8 6642.5 11167 6755.11 11041.3  4385.85 2206.75 3660.02 2216.05 3666.39  1476.8 727.566 1244.94 766.695 1214.13  
40011.9 20052.5 33295.9 19864.7 33474.5  13215.3 6618.77 11028 6632.55 11042  4529.9 2224.01 3788.81 2332.4 3655.38  1486.72 737.632 1247.54 767.302 1222.17  
20360.7 10123.8 16958.2 10171.8 16846.9  13432.3 6733.04 11159.9 6684.68 11173.6  8887.01 4445 7424.77 4443.65 7458.85  5879.01 2932.42 4912.35 2953.72 4903.71  
40011.9 20052.5 33295.9 19864.7 33474.5  13215.3 6618.77 11028 6632.55 11042  4489.42 2222.57 3751.96 2296.38 3665.9  1523.21 740.81 1278.78 798.002 1213.06  
39503.4 19591.3 32987.8 19778.4 32765.9  13480.8 6809.61 11172.4 6715.38 11231.1  4618.27 2362.84 3846.44 2301.06 3954.39  1577.96 807.503 1315.02 793.937 1344.07  
48892.6 24436.8 40775.1 24329 40949.3  8950.67 4507.67 7433.97 4527.08 7386.77  1759.12 857.961 1463.84 931.03 1361.15  324.248 161.474 266.489 172.396 248.128  
6577.23 3287.45 5479.71 3272.56 5494.58  5866.26 2930.11 4878.93 2921.86 4870.83  5217.45 2602.2 4351.71 2603.87 4351.54  4602.85 2303.63 3842.66 2292.44 3868.99  
39503.4 19591.3 32987.8 19778.4 32765.9  13465.9 6758 11208 6743.74 11221.3  4632.17 2402.71 3816.48 2281.19 3948.32  1580.39 816.749 1311.1 788.649 1353.32  
38792.5 19185.7 32363.7 19462.3 31948  13706.9 6901.77 11445.1 6844.42 11585.7  4858.38 2520.9 4004.33 2389.66 4150.03  1691.94 878.067 1401.73 840.168 1455.22  
25137.7 12509 20977.5 12552.3 20932.9  14567.1 7282.66 12150.5 7274.18 12178.8  8479.4 4228.99 7074.95 4257.89 7047.84  4955.13 2502.9 4105.69 2471.55 4121.52  
20360.7 10123.8 16958.2 10171.8 16846.9  13415.7 6647.96 11214.1 6739.09 11120.4  8901.17 4459.65 7416.77 4443.93 7440.55  5873.32 2950.47 4897.52 2934.03 4932.12  
20360.7 10123.8 16958.2 10171.8 16846.9  13432.3 6733.04 11159.9 6684.68 11173.6  8887.01 4445 7424.77 4443.65 7458.85  5879.01 2932.42 4912.35 2953.72 4903.71  
38792.5 19185.7 32363.7 19462.3 31948  13696.5 6952.03 11359.1 6793.97 11527.3  4832.13 2443.09 4056.89 2428.43 4143.64  1738.39 914.715 1442.27 853.741 1537.16  
39503.4 19591.3 32987.8 19778.4 32765.9  13505.2 6811.8 11221 6736.58 11297.7  4598.29 2353.19 3803.23 2289.57 3868.59  1577.06 818.121 1309.14 784.839 1360.94  
39503.4 19591.3 32987.8 19778.4 32765.9  13458.4 6810.33 11192.2 6696.64 11347  4637.12 2368.28 3826.86 2312.09 3865.78  1581.92 809.608 1310.56 795.529 1327.28  
6577.23 3287.45 5479.71 3272.56 5494.58  5814.25 2928.27 4831.47 2876.81 4884.89  5214.23 2615.05 4330.43 2590.13 4341.33  4627.12 2313.7 3860.09 2306.05 3876.1  
55474.7 27799.7 46187.9 27544 46469  4135.17 2021.95 3484.17 2223.48 3268.44  358.829 165.319 300.904 211.529 243.662  28.9878 12.1515 24.9926 19.2491 17.5687  
6577.23 3287.45 5479.71 3272.56 5494.58  5823.78 2898.98 4869.28 2909.46 4874.46  5222.1 2605.61 4352.77 2605.23 4351.14  4641.25 2331.79 3851.38 2303.66 3865.71  
48892.6 24436.8 40775.1 24329 40949.3  8977.68 4472.34 7491.95 4581.31 7364.95  1741.38 885.187 1420.36 891.865 1374.17  316.699 166.304 255.892 161.606 253.861  
5964.59 2946.34 4992.16 2995.91 4943.85  5359.99 2647.52 4488.45 2693.91 4446.63  4845.28 2400.91 4044.69 2430.12 4006.33  4331.4 2143.37 3628.63 2176.31 3605.64  
48892.6 24436.8 40775.1 24329 40949.3  9025.43 4500.49 7521.18 4601.69 7389.49  1693.6 865.757 1386.49 864.52 1360.58  316.714 160.974 258.461 165.835 246.367  
