5 100 4
21555.1 10746.1 17969.9 10747.1 17959.3  13780.2 6928.16 11437.5 6842.71 11489.8  8799.63 4377.75 7371.04 4421.24 7366.38  5660.09 2822.88 4732.6 2846.12 4725.91  
21555.1 10746.1 17969.9 10747.1 17959.3  13817.1 6872.9 11523.6 6921.15 11456.9  8852.65 4442.2 7366.02 4416.19 7389.56  5654.43 2856.62 4692.26 2813.3 4731.47  
21555.1 10746.1 17969.9 10747.1 17959.3  13801.8 6859.65 11525.7 6918.48 11466.9  8856.74 4424.27 7376.97 4434.06 7356.61  5672.31 2846.5 4715.82 2837.46 4715.41  
21555.1 10746.1 17969.9 10747.1 17959.3  13803.7 6894.65 11507.5 6892.04 11512.8  8854 4414.14 7372.42 4439.47 7323.67  5653.72 2821.2 4726.54 2841.72 4723.19  
21555.1 10746.1 17969.9 10747.1 17959.3  13780.2 6928.16 11437.5 6842.71 11489.8  8842.94 4432.74 7364.85 4414.99 7386.72  5651.55 2823.26 4726.09 2838.16 4733.46  
21555.1 10746.1 17969.9 10747.1 17959.3  13801.8 6859.65 11525.7 6918.48 11466.9  8826.04 4423.31 7358.02 4407.77 7388.71  5683.36 2846.84 4722.64 2846.91 4703.98  
21555.1 10746.1 17969.9 10747.1 17959.3  13783.5 6924.34 11455.4 6849.32 11516.6  8809.06 4410.19 7351.02 4403.05 7379.9  5655.52 2812.71 4733.34 2850.25 4711.49  
21555.1 10746.1 17969.9 10747.1 17959.3  13732.6 6886.98 11443.9 6834.43 11520.9  8849.94 4391.32 7399.23 4454.99 7340.01  5701.84 2861.57 4736.83 2851.85 4731.52  
21555.1 10746.1 17969.9 10747.1 17959.3  13769.3 6871.42 11494 6880.12 11506.9  8868.43 4420.07 7388.37 4447.85 7342.34  5639.45 2828.01 4706.16 2823.32 4728.41  
21555.1 10746.1 17969.9 10747.1 17959.3  13819.3 6908.15 11505.4 6894.76 11502.6  8849.76 4431.96 7361.27 4421.48 7356.3  5670.74 2839.4 4728.37 2842.25 4732.25  
38792.5 19185.7 32363.7 19462.3 31948  13706.9 6901.77 11445.1 6844.42 11585.7  4851.91 2503.12 4011.13 2397.59 4137.09  1696.11 889.286 1397.37 835.062 1463.33  
38792.5 19185.7 32363.7 19462.3 31948  13599.9 6872.33 11285.9 6769.56 11377.6  4913.2 2519.77 4102.72 2440.8 4254.81  1742.87 909.886 1456.18 861.682 1548  
38792.5 19185.7 32363.7 19462.3 31948  13657.5 6897.29 11347.5 6802.07 11450.8  4834.49 2471.4 4030.89 2407.52 4147.33  1746.95 914.436 1459.24 861.513 1558.29  
38792.5 19185.7 32363.7 19462.3 31948  13706.9 6901.77 11445.1 6844.42 11585.7  4816.92 2474.1 3984.54 2388.43 4082.8  1718.47 907.591 1414.42 840.959 1497.42  
38792.5 19185.7 32363.7 19462.3 31948  13706.9 6901.77 11445.1 6844.42 11585.7  4866.08 2523.06 4015.71 2395.01 4165.21  1687.04 876.704 1394.44 836.729 1445.69  
38792.5 19185.7 32363.7 19462.3 31948  13758.6 6973.73 11439.1 6833.41 11628.2  4832.55 2476.65 4019.54 2402.14 4137.84  1694.69 878.804 1408.4 842.535 1467.1  
38792.5 19185.7 32363.7 19462.3 31948  13599.9 6872.33 11285.9 6769.56 11377.6  4892.99 2494.79 4098.19 2442.08 4229.29  1758.25 932.44 1456.62 858.004 1569.21  
38792.5 19185.7 32363.7 19462.3 31948  13696.5 6952.03 11359.1 6793.97 11527.3  4809.58 2436.87 4023.47 2412.74 4099.29  1752.53 919.206 1461.76 863.119 1562.24  
38792.5 19185.7 32363.7 19462.3 31948  13696.5 6952.03 11359.1 6793.97 11527.3  4832.13 2443.09 4056.89 2428.43 4143.64  1738.39 914.715 1442.27 853.741 1537.16  
38792.5 19185.7 32363.7 19462.3 31948  13706.9 6901.77 11445.1 6844.42 11585.7  4858.38 2520.9 4004.33 2389.66 4150.03  1691.94 878.067 1401.73 840.168 1455.22  
39503.4 19591.3 32987.8 19778.4 32765.9  13462.8 6761.58 11191.4 6737.65 11196.3  4616.03 2363.44 3835.54 2297.67 3934.55  1592.68 840.554 1307.49 781.084 1375.62  
39503.4 19591.3 32987.8 19778.4 32765.9  13505.2 6811.8 11221 6736.58 11297.7  4598.29 2353.19 3803.23 2289.57 3868.59  1577.06 818.121 1309.14 784.839 1360.94  
39503.4 19591.3 32987.8 19778.4 32765.9  13480.8 6809.61 11172.4 6715.38 11231.1  4618.27 2362.84 3846.44 2301.06 3954.39  1577.96 807.503 1315.02 793.937 1344.07  
39503.4 19591.3 32987.8 19778.4 32765.9  13465.9 6758 11208 6743.74 11221.3  4632.17 2402.71 3816.48 2281.19 3948.32  1580.39 816.749 1311.1 788.649 1353.32  
39503.4 19591.3 32987.8 19778.4 32765.9  13458.4 6810.33 11192.2 6696.64 11347  4637.12 2368.28 3826.86 2312.09 3865.78  1581.92 809.608 1310.56 795.529 1327.28  
39503.4 19591.3 32987.8 19778.4 32765.9  13492.1 6833.36 11205.3 6708.25 11352.9  4596.76 2316.92 3826.37 2317.05 3832.58  1580.08 815.508 1305.04 788.943 1334.98  
39503.4 19591.3 32987.8 19778.4 32765.9  13465.9 6758 11208 6743.74 11221.3  4619.03 2370.29 3823.95 2294.52 3914.86  1587.52 840.622 1304.35 776.588 1381.98  
39503.4 19591.3 32987.8 19778.4 32765.9  13405.9 6743.92 11182.5 6702.39 11280.4  4663.74 2397.62 3828.63 2312.06 3879.84  1594.43 822.746 1318.39 796.406 1350.21  
39503.4 19591.3 32987.8 19778.4 32765.9  13490.2 6798.66 11223 6733.98 11307.5  4600.45 2362.03 3808.65 2284.87 3902.04  1585.5 820.951 1304.26 789.627 1332.44  
39503.4 19591.3 32987.8 19778.4 32765.9  13492.1 6833.36 11205.3 6708.25 11352.9  4599.18 2339.32 3820.33 2301.73 3872.22  1574.64 798.349 1307.55 797.713 1308.52  
6577.23 3287.45 5479.71 3272.56 5494.58  5866.26 2930.11 4878.93 2921.86 4870.83  5217.45 2602.2 4351.71 2603.87 4351.54  4602.85 2303.63 3842.66 2292.44 3868.99  
6577.23 3287.45 5479.71 3272.56 5494.58  5866.26 2930.11 4878.93 2921.86 4870.83  5190.57 2599.31 4327.67 2582.11 4354.62  4605.77 2303.94 3845.28 2294.8 3868.65  
6577.23 3287.45 5479.71 3272.56 5494.58  5814.25 2928.27 4831.47 2876.81 4884.89  5214.23 2615.05 4330.43 2590.13 4341.33  4627.12 2313.7 3860.09 2306.05 3876.1  
6577.23 3287.45 5479.71 3272.56 5494.58  5860.22 2907.97 4895.04 2934.68 4866.86  5205.09 2595.85 4344.86 2597.97 4349.74  4615.39 2329.63 3828 2282.24 3869.74  
6577.23 3287.45 5479.71 3272.56 5494.58  5823.78 2898.98 4869.28 2909.46 4874.46  5222.1 2605.61 4352.77 2605.23 4351.14  4641.25 2331.79 3851.38 2303.66 3865.71  
6577.23 3287.45 5479.71 3272.56 5494.58  5823.78 2898.98 4869.28 2909.46 4874.46  5222.1 2605.61 4352.77 2605.23 4351.14  4637.13 2301.04 3876.62 2325.23 3856.04  
6577.23 3287.45 5479.71 3272.56 5494.58  5867.66 2928.53 4886.42 2924.62 4882  5190.41 2599.48 4326.85 2581.81 4353.4  4653.1 2322.48 3875.2 2322.08 3868.92  
6577.23 3287.45 5479.71 3272.56 5494.58  5814.25 2928.27 4831.47 2876.81 4884.89  5214.23 2615.05 4330.43 2590.13 4341.33  4638.93 2321.64 3864.71 2310.14 3878.12  
6577.23 3287.45 5479.71 3272.56 5494.58  5866.72 2913.59 4894.17 2935.81 4862.61  5216.67 2590.79 4356.92 2612.33 4335.11  4633.03 2301.07 3873.43 2321.56 3859.08  
6577.23 3287.45 5479.71 3272.56 5494.58  5846.41 2912.96 4881.59 2918.41 4883.81  5164.47 2599.87 4296.44 2558.02 4346.54  4653.02 2319.61 3879.77 2324.45 3872.91  
5964.59 2946.34 4992.16 2995.91 4943.85  5372.96 2656.27 4493.51 2698.39 4448.86  4816.47 2374.23 4028.33 2425.57 3967.71  4308.77 2122.21 3615.71 2172.83 3574.67  
5964.59 2946.34 4992.16 2995.91 4943.85  5342.51 2627.74 4475.89 2693.85 4406.19  4811.96 2379.15 4032.26 2418.03 4004.28  4365.2 2174.6 3644.15 2181.55 3641.19  
5964.59 2946.34 4992.16 2995.91 4943.85  5359.99 2647.52 4488.45 2693.91 4446.63  4845.28 2400.91 4044.69 2430.12 4006.33  4331.4 2143.37 3628.63 2176.31 3605.64  
5964.59 2946.34 4992.16 2995.91 4943.85  5372.96 2656.27 4493.51 2698.39 4448.86  4827.02 2387.57 4040.33 2424.72 4007.56  4331.92 2143.82 3628.56 2176.4 3605.3  
5964.59 2946.34 4992.16 2995.91 4943.85  5342.51 2627.74 4475.89 2693.85 4406.19  4785.07 2353.75 4016.66 2414.16 3965.95  4330.85 2136.88 3627.3 2180.73 3585.64  
5964.59 2946.34 4992.16 2995.91 4943.85  5394.54 2682.54 4497.97 2696.55 4475.25  4840.73 2398.73 4037.76 2427.66 3994.59  4344.72 2150.26 3637.22 2182.73 3610.73  
5964.59 2946.34 4992.16 2995.91 4943.85  5388.56 2677.37 4498.77 2695.51 4479.16  4820.9 2392.98 4034.45 2415.07 4024.21  4359.72 2168.34 3641.65 2181.68 3631.96  
5964.59 2946.34 4992.16 2995.91 4943.85  5375.35 2668.46 4493.61 2690.95 4476.89  4840.62 2405.25 4044.97 2422.8 4032.05  4359.08 2168.01 3641.11 2181.36 3631.41  
5964.59 2946.34 4992.16 2995.91 4943.85  5372.96 2656.27 4493.51 2698.39 4448.86  4838.71 2395.46 4044.89 2428.75 4009.57  4322.55 2130.08 3622.75 2178.82 3577.21  
5964.59 2946.34 4992.16 2995.91 4943.85  5375.35 2668.46 4493.61 2690.95 4476.89  4822.2 2393.85 4034.96 2415.52 4024.44  4323.94 2129.05 3623.72 2180.88 3573.02  
25137.7 12509 20977.5 12552.3 20932.9  14567.1 7282.66 12150.5 7274.18 12178.8  8479.4 4228.99 7074.95 4257.89 7047.84  4955.13 2502.9 4105.69 2471.55 4121.52  
25137.7 12509 20977.5 12552.3 20932.9  14559.3 7212.9 12169.8 7322.56 12054.4  8478.99 4238.46 7066.73 4249.38 7055.23  4921.33 2490.18 4093.43 2451.78 4147.55  
25137.7 12509 20977.5 12552.3 20932.9  14582.2 7338.75 12109.8 7241.61 12189.1  8441.12 4206.76 7062.83 4241.98 7058.17  4958.53 2471.25 4135.13 2500.37 4100.11  
25137.7 12509 20977.5 12552.3 20932.9  14601.5 7270.19 12184 7314.74 12136.5  8487.07 4269.99 7057.85 4231.88 7097.37  4916.94 2453.99 4101.25 2476.6 4077.89  
25137.7 12509 20977.5 12552.3 20932.9  14614.4 7288.14 12163.5 7310.82 12098.5  8491.31 4270.83 7065.14 4235.19 7106.97  4909.82 2446.24 4106.78 2476.86 4089.64  
25137.7 12509 20977.5 12552.3 20932.9  14559.3 7212.9 12169.8 7322.56 12054.4  8482.55 4303.86 7033.19 4200.71 7140.6  4936.48 2463.64 4117.56 2486.4 4094.01  
25137.7 12509 20977.5 12552.3 20932.9  14528.3 7299.16 12097.5 7225.87 12193.7  8463.23 4202.14 7079.61 4265.25 7028.34  4959.58 2481.34 4128.47 2492.98 4108.53  
25137.7 12509 20977.5 12552.3 20932.9  14617.8 7284.24 12181.8 7317.56 12125.9  8463.81 4217.1 7060.43 4253.09 7019.55  4925.26 2474.73 4100.36 2467.45 4110.97  
25137.7 12509 20977.5 12552.3 20932.9  14616.6 7325.56 12143.9 7282.79 12146.4  8488.34 4257.48 7062.51 4242.9 7070.72  4912.79 2459.88 4109.61 2468.97 4127.02  
25137.7 12509 20977.5 12552.3 20932.9  14565.4 7324.21 12112 7238.69 12200.1  8458.32 4242.69 7048.86 4227.99 7075.75  4949.48 2447.65 4134.49 2511.1 4057.04  
55474.7 27799.7 46187.9 27544 46469  4135.17 2021.95 3484.17 2223.48 3268.44  358.829 165.319 300.904 211.529 243.662  28.9878 12.1515 24.9926 19.2491 17.5687  
55474.7 27799.7 46187.9 27544 46469  4169.87 2018.75 3525.05 2260.15 3269.69  330.034 168.318 266.395 181.149 242.358  23.4867 12.3145 19.1094 13.4716 17.6307  
55474.7 27799.7 46187.9 27544 46469  4197.09 2035.42 3538.09 2271.12 3277.64  304.768 152.866 254.289 170.999 234.989  21.5098 11.1387 18.095 12.5722 17.0635  
55474.7 27799.7 46187.9 27544 46469  4135.17 2021.95 3484.17 2223.48 3268.44  359.321 165.662 300.851 211.629 243.44  28.5323 11.8325 25.0414 19.1577 17.774  
55474.7 27799.7 46187.9 27544 46469  4168.5 2043.35 3496.99 2235.81 3273.65  330.383 145.939 290.689 202.129 238.417  24.5264 10.2488 22.6825 16.6696 17.5811  
55474.7 27799.7 46187.9 27544 46469  4152.21 2032.06 3493.39 2230.73 3274.92  345.507 156.344 294.488 206.984 237.803  25.438 11.0371 22.3816 16.7276 17  
55474.7 27799.7 46187.9 27544 46469  4152.21 2032.06 3493.39 2230.73 3274.92  345.053 156.027 294.542 206.891 238.017  25.8198 11.25 22.373 16.8723 16.7488  
55474.7 27799.7 46187.9 27544 46469  4158.3 2023.16 3509.48 2244.95 3273.58  340.333 163.901 280.89 195.117 238.97  24.6974 12.3537 20.0696 14.591 17.1153  
55474.7 27799.7 46187.9 27544 46469  4202.09 2039.44 3537.44 2272.06 3274.73  300.122 149.139 254.887 170.132 237.683  21.2987 10.8724 18.2715 12.6278 17.2864  
55474.7 27799.7 46187.9 27544 46469  4175.06 2033.1 3518.54 2252.08 3279.95  324.353 155.377 271.247 187.368 233.133  24.0392 11.0036 20.7244 15.2778 16.6375  
48892.6 24436.8 40775.1 24329 40949.3  8950.67 4507.67 7433.97 4527.08 7386.77  1763.47 856.518 1467.88 936.249 1356.44  316.797 161.204 260.309 165.734 250.974  
48892.6 24436.8 40775.1 24329 40949.3  8950.67 4507.67 7433.97 4527.08 7386.77  1765.79 862.584 1465.31 933.054 1360.66  318.829 156.011 266.559 172.259 247.107  
48892.6 24436.8 40775.1 24329 40949.3  8977.68 4472.34 7491.95 4581.31 7364.95  1741.38 885.187 1420.36 891.865 1374.17  316.699 166.304 255.892 161.606 253.861  
48892.6 24436.8 40775.1 24329 40949.3  8977.68 4472.34 7491.95 4581.31 7364.95  1716.01 878.706 1401.01 874.199 1373.32  334.614 172.705 268.187 172.535 255.521  
48892.6 24436.8 40775.1 24329 40949.3  8950.67 4507.67 7433.97 4527.08 7386.77  1759.12 857.961 1463.84 931.03 1361.15  324.248 161.474 266.489 172.396 248.128  
48892.6 24436.8 40775.1 24329 40949.3  9070.57 4557.12 7514.97 4595.31 7410  1657.03 819.64 1391.55 869.704 1343.8  307.249 151.781 257.23 164.93 242.82  
48892.6 24436.8 40775.1 24329 40949.3  9025.3 4478.11 7533.61 4619.84 7360.27  1704.7 886.745 1383.79 857.395 1382.3  308.976 162.059 251.572 158.021 251.974  
48892.6 24436.8 40775.1 24329 40949.3  9025.43 4500.49 7521.18 4601.69 7389.49  1693.6 865.757 1386.49 864.52 1360.58  316.714 160.974 258.461 165.835 246.367  
48892.6 24436.8 40775.1 24329 40949.3  9083.72 4537.56 7549.07 4623.94 7407.5  1650.72 833.689 1369.77 852.21 1344.17  302.515 156.819 247.582 156.297 244.686  
48892.6 24436.8 40775.1 24329 40949.3  9060.03 4499.47 7552.32 4633.8 7374.21  1658.87 862.364 1357.63 835.919 1370.42  314.261 163.929 254.461 161.159 250.318  
20360.7 10123.8 16958.2 10171.8 16846.9  13415.7 6647.96 11214.1 6739.09 11120.4  8873.17 4426.77 7397.17 4444.63 7373.78  5888.85 2984.08 4888.02 2920.97 4958.76  
20360.7 10123.8 16958.2 10171.8 16846.9  13353.2 6631.01 11120.6 6694.91 11000.5  8880.41 4428.66 7408.16 4449.86 7387.2  5901.6 2966.6 4932.24 2947.02 4990.69  
20360.7 10123.8 16958.2 10171.8 16846.9  13432.3 6733.04 11159.9 6684.68 11173.6  8887.01 4445 7424.77 4443.65 7458.85  5873.35 2941.7 4905.46 2941.31 4927.65  
20360.7 10123.8 16958.2 10171.8 16846.9  13353.2 6631.01 11120.6 6694.91 11000.5  8913.84 4479.51 7438.11 4440.19 7517.57  5878.17 2933.39 4908.17 2951.88 4897.96  
20360.7 10123.8 16958.2 10171.8 16846.9  13392.3 6717.69 11112.4 6660.46 11116.4  8894.06 4457.43 7406.61 4439.23 7426.97  5873.02 2910.24 4928.89 2966.59 4900.45  
20360.7 10123.8 16958.2 10171.8 16846.9  13432.3 6733.04 11159.9 6684.68 11173.6  8867.56 4398.29 7415.54 4463.1 7356.04  5885.61 2948.17 4915.48 2947.12 4938.41  
20360.7 10123.8 16958.2 10171.8 16846.9  13415.7 6647.96 11214.1 6739.09 11120.4  8901.17 4459.65 7416.77 4443.93 7440.55  5873.32 2950.47 4897.52 2934.03 4932.12  
20360.7 10123.8 16958.2 10171.8 16846.9  13430.5 6698.72 11178.5 6710.74 11130.1  8828.81 4396.2 7358.28 4429.05 7307.36  5889.33 2974.64 4899.02 2929.12 4959.55  
20360.7 10123.8 16958.2 10171.8 16846.9  13453.9 6738.9 11192.2 6699.96 11215  8846.49 4392.6 7383.96 4448.16 7315.71  5866.89 2926.37 4902.23 2947.46 4893.72  
20360.7 10123.8 16958.2 10171.8 16846.9  13432.3 6733.04 11159.9 6684.68 11173.6  8887.01 4445 7424.77 4443.65 7458.85  5879.01 2932.42 4912.35 2953.72 4903.71  
40011.9 20052.5 33295.9 19864.7 33474.5  13368.7 6646.11 11149.9 6748.76 11016.1  4412.23 2192.81 3709.46 2252.33 3682.44  1472.37 742.427 1225.97 750.266 1219.33  
40011.9 20052.5 33295.9 19864.7 33474.5  13249.9 6641.89 11041.5 6644.64 11047.9  4502.58 2203.03 3786.3 2325.59 3663.09  1489.93 736.53 1249.18 771.101 1214.94  
40011.9 20052.5 33295.9 19864.7 33474.5  13321.7 6644.86 11120.6 6707.87 11064.7  4447.14 2211.77 3710.64 2267.14 3644.52  1480.8 730.169 1246.59 768.255 1215  
40011.9 20052.5 33295.9 19864.7 33474.5  13371.8 6642.5 11167 6755.11 11041.3  4385.85 2206.75 3660.02 2216.05 3666.39  1476.8 727.566 1244.94 766.695 1214.13  
40011.9 20052.5 33295.9 19864.7 33474.5  13215.3 6618.77 11028 6632.55 11042  4489.42 2222.57 3751.96 2296.38 3665.9  1523.21 740.81 1278.78 798.002 1213.06  
40011.9 20052.5 33295.9 19864.7 33474.5  13334 6661.74 11101.1 6704.13 11029.1  4446.49 2189.81 3746.39 2285.97 3675.66  1473.04 733.562 1235.78 758.266 1218.02  
40011.9 20052.5 33295.9 19864.7 33474.5  13215.3 6618.77 11028 6632.55 11042  4529.9 2224.01 3788.81 2332.4 3655.38  1486.72 737.632 1247.54 767.302 1222.17  
40011.9 20052.5 33295.9 19864.7 33474.5  13323.2 6607.16 11156 6740.75 11045.5  4446.13 2237.01 3687.14 2245.4 3657.39  1470.75 736.705 1230.09 753.403 1218.53  
40011.9 20052.5 33295.9 19864.7 33474.5  13235.1 6589.85 11078.8 6674.9 11037.5  4471.14 2224.29 3730.92 2278.91 3665.49  1510.69 750.801 1256.45 778.092 1217.3  
40011.9 20052.5 33295.9 19864.7 33474.5  13356.6 6629.51 11169.1 6752.44 11051.1  4424.83 2220.81 3684.23 2239.81 3662.11  1470.8 728.766 1236.09 760.238 1211.32  
