5 18 3
22170.9 11040.6 18463.1 11063.1 18384.5  13908.4 6973.23 11542.1 6922.35 11536.2  8835.17 4422.4 7370.35 4417.94 7391.71  
22170.9 11040.6 18463.1 11063.1 18384.5  13948.1 6953.53 11610.8 6974.61 11550.4  8819.12 4407.04 7356.92 4415.66 7357.35  
22170.9 11040.6 18463.1 11063.1 18384.5  13973.4 6955.78 11661.3 6996.65 11618.9  8770.19 4392.52 7286.97 4382.1 7268.66  
22170.9 11040.6 18463.1 11063.1 18384.5  13908.4 6973.23 11542.1 6922.35 11536.2  8820.95 4418.56 7349.05 4407.87 7364.39  
22170.9 11040.6 18463.1 11063.1 18384.5  13959.9 6977.8 11645 6967.23 11675.5  8795.42 4428.68 7311.86 4376.56 7366.22  
22170.9 11040.6 18463.1 11063.1 18384.5  13949.9 6989.16 11591.4 6947.53 11595.5  8810.84 4383.15 7376.51 4428.04 7363.86  
49714.2 24775.4 41442.1 24793.9 41386.1  8492.5 4277.21 7091.75 4305.89 7103.78  1483.52 783.437 1208.86 740.883 1242.4  
49714.2 24775.4 41442.1 24793.9 41386.1  8522.96 4299.81 7098.6 4314.88 7101.17  1460.36 761.493 1208.63 737.977 1244.19  
49714.2 24775.4 41442.1 24793.9 41386.1  8508.75 4320.47 7056.02 4284.62 7086.97  1469.94 747.651 1238.25 758.372 1256.19  
49714.2 24775.4 41442.1 24793.9 41386.1  8500.18 4334.38 7045.52 4265.99 7121.73  1478.12 734.949 1252.72 775.898 1236.11  
49714.2 24775.4 41442.1 24793.9 41386.1  8514.61 4313.41 7088.65 4296.72 7135.88  1465.95 748.445 1218.92 753.411 1219.47  
49714.2 24775.4 41442.1 24793.9 41386.1  8513.45 4291.51 7099.88 4313.21 7107.38  1467.11 770.342 1207.7 736.923 1247.97  
51522 25620.5 42972.6 25740 42795.1  7232.28 3685.78 6026.99 3654.75 6114.76  1068.34 590.377 859.929 519.544 931.917  
51522 25620.5 42972.6 25740 42795.1  7278.41 3755.74 6020.9 3640.96 6164.76  1028.97 533.552 863.796 529.354 892.808  
51522 25620.5 42972.6 25740 42795.1  7252.84 3755.03 6005.12 3618.89 6192.09  1051.85 535.496 875.83 547.928 866.594  
51522 25620.5 42972.6 25740 42795.1  7271.86 3746.36 6031.28 3642.94 6184.36  1035.73 542.634 854.735 527.868 875.203  
51522 25620.5 42972.6 25740 42795.1  7249.82 3697.97 6033.77 3660.83 6117.82  1047.72 573.537 852.14 514.017 922.492  
51522 25620.5 42972.6 25740 42795.1  7277.28 3736.56 6030.64 3654.97 6140.34  1027.66 544.184 854.365 519.637 901.08  
