2 16 2
22893.4 15921.6  13957.1 9694.52  
27674.8 19003  14629 10204.3  
22393.6 15469.9  13918.1 9602.07  
22893.4 15921.6  13957.1 9694.52  
22893.4 15921.6  13883 9695.66  
27674.8 19003  14735.6 10170.5  
27674.8 19003  14654.1 10110  
49746.2 34664  7905.05 5286.72  
49746.2 34664  7811.97 5282.09  
27674.8 19003  14654.1 10110  
22393.6 15469.9  13807.3 9577.57  
27421 19160.9  14673.2 10135.5  
49746.2 34664  7872.55 5293.78  
22393.6 15469.9  13817.2 9637.87  
22393.6 15469.9  13817.2 9637.87  
49746.2 34664  7868.1 5290.54  
