4 16 2
6360.07 11088 12642.4 4763.84  4118.25 7215.13 8287.3 3095.48  
6360.07 11088 12642.4 4763.84  4126.38 7175.55 8198.47 3101.37  
6901.91 12060.5 13721.4 5156.3  4271.86 7464.98 8477.95 3190.45  
6360.07 11088 12642.4 4763.84  4126.46 7185.14 8160.76 3086.98  
6901.91 12060.5 13721.4 5156.3  4256.68 7443.85 8429.17 3171.59  
6360.07 11088 12642.4 4763.84  4135.33 7224.78 8240.76 3097.63  
6901.91 12060.5 13721.4 5156.3  4256.68 7443.85 8429.17 3171.59  
11255 19563.8 22323 8446.43  4255 7429.14 8514.96 3203.7  
11255 19563.8 22323 8446.43  4279.5 7533.6 8654.46 3214.84  
11255 19563.8 22323 8446.43  4264.21 7502.36 8643.97 3210.67  
6901.91 12060.5 13721.4 5156.3  4271.86 7464.98 8477.95 3190.45  
1441.22 2529.17 2906.76 1082.02  1323.06 2320.84 2671.73 994.771  
11255 19563.8 22323 8446.43  4255 7429.14 8514.96 3203.7  
11255 19563.8 22323 8446.43  4264.21 7502.36 8643.97 3210.67  
11718.2 20534.3 23608.4 8805.9  4189.96 7312.4 8273.28 3128.97  
11255 19563.8 22323 8446.43  4288.69 7554.33 8652.99 3214.41  
