4 50 2
6901.91 12060.5 13721.4 5156.3  4271.86 7464.98 8477.95 3190.45  
6901.91 12060.5 13721.4 5156.3  4274.78 7435.01 8457.13 3203.3  
6901.91 12060.5 13721.4 5156.3  4278.33 7496.08 8573.76 3206.74  
6901.91 12060.5 13721.4 5156.3  4280.96 7475.7 8514.91 3204.71  
6901.91 12060.5 13721.4 5156.3  4256.68 7443.85 8429.17 3171.59  
6901.91 12060.5 13721.4 5156.3  4265.53 7424.1 8419.55 3188.81  
6901.91 12060.5 13721.4 5156.3  4266.43 7485.23 8512.73 3183.24  
6901.91 12060.5 13721.4 5156.3  4274.78 7435.01 8457.13 3203.3  
6901.91 12060.5 13721.4 5156.3  4266.43 7485.23 8512.73 3183.24  
6901.91 12060.5 13721.4 5156.3  4256.68 7443.85 8429.17 3171.59  
6360.07 11088 12642.4 4763.84  4132.35 7215.04 8253.59 3102.49  
6360.07 11088 12642.4 4763.84  4123.49 7195.23 8255.01 3102.9  
6360.07 11088 12642.4 4763.84  4129.88 7244.17 8273.29 3090.3  
6360.07 11088 12642.4 4763.84  4135.33 7224.78 8240.76 3097.63  
6360.07 11088 12642.4 4763.84  4126.38 7175.55 8198.47 3101.37  
6360.07 11088 12642.4 4763.84  4126.38 7175.55 8198.47 3101.37  
6360.07 11088 12642.4 4763.84  4135.33 7224.78 8240.76 3097.63  
6360.07 11088 12642.4 4763.84  4126.46 7185.14 8160.76 3086.98  
6360.07 11088 12642.4 4763.84  4132.43 7224.47 8216.51 3088.33  
6360.07 11088 12642.4 4763.84  4118.25 7215.13 8287.3 3095.48  
1441.22 2529.17 2906.76 1082.02  1323.06 2320.84 2671.73 994.771  
1441.22 2529.17 2906.76 1082.02  1335.86 2336.46 2671.34 1001.06  
1441.22 2529.17 2906.76 1082.02  1323.06 2320.84 2671.73 994.771  
1441.22 2529.17 2906.76 1082.02  1307.75 2302.34 2660.94 984.276  
1441.22 2529.17 2906.76 1082.02  1316.61 2308.4 2665.07 992.125  
1441.22 2529.17 2906.76 1082.02  1314.08 2314.56 2667.49 986.875  
1441.22 2529.17 2906.76 1082.02  1321.79 2308.03 2661.84 997.215  
1441.22 2529.17 2906.76 1082.02  1327.66 2330.15 2674.84 996.03  
1441.22 2529.17 2906.76 1082.02  1318.61 2323.7 2670.54 988.111  
1441.22 2529.17 2906.76 1082.02  1321.79 2308.03 2661.84 997.215  
11255 19563.8 22323 8446.43  4264.21 7502.36 8643.97 3210.67  
11255 19563.8 22323 8446.43  4264.21 7502.36 8643.97 3210.67  
11255 19563.8 22323 8446.43  4255 7429.14 8514.96 3203.7  
11255 19563.8 22323 8446.43  4257.6 7460.03 8586 3209.45  
11255 19563.8 22323 8446.43  4255 7429.14 8514.96 3203.7  
11255 19563.8 22323 8446.43  4285.64 7523.25 8581.49 3208.14  
11255 19563.8 22323 8446.43  4255 7429.14 8514.96 3203.7  
11255 19563.8 22323 8446.43  4286.13 7584.93 8673.67 3201.78  
11255 19563.8 22323 8446.43  4288.69 7554.33 8652.99 3214.41  
11255 19563.8 22323 8446.43  4279.5 7533.6 8654.46 3214.84  
11718.2 20534.3 23608.4 8805.9  4189.96 7312.4 8273.28 3128.97  
11718.2 20534.3 23608.4 8805.9  4144.33 7291.4 8269.51 3088.1  
11718.2 20534.3 23608.4 8805.9  4189.96 7312.4 8273.28 3128.97  
11718.2 20534.3 23608.4 8805.9  4101.73 7205.57 8241.08 3076.5  
11718.2 20534.3 23608.4 8805.9  4144.33 7291.4 8269.51 3088.1  
11718.2 20534.3 23608.4 8805.9  4121.59 7243.81 8261.36 3084.63  
11718.2 20534.3 23608.4 8805.9  4149.75 7263.5 8274.48 3109.31  
11718.2 20534.3 23608.4 8805.9  4172.92 7311.98 8282.78 3112.85  
11718.2 20534.3 23608.4 8805.9  4189.96 7312.4 8273.28 3128.97  
11718.2 20534.3 23608.4 8805.9  4181.11 7292.73 8274.66 3129.38  
