3 16 4
10725.1 27148.5 21529.3  4323.26 10813 8623.99  1842.7 4462.18 3656.2  752.209 1798.31 1498.5  
14456.7 36314.8 28939  2976.61 7270.42 5903.55  587.282 1485.06 1197.51  126.891 302.542 255.442  
14456.7 36314.8 28939  2976.61 7270.42 5903.55  587.946 1486.47 1201.45  124.947 301.431 250.62  
180.18 453.311 362.346  176.841 447.429 357.171  177.662 444.485 355.537  173.413 436.271 350.621  
12150.9 30381.2 24290.2  4007.45 10082.2 8038.42  1343.75 3336.45 2684.8  452.87 1103.55 898.187  
12150.9 30381.2 24290.2  4032.08 10033.8 8013.78  1324.88 3361.87 2708.2  446.787 1113.07 900.653  
12150.9 30381.2 24290.2  3999.82 10061.3 8058.92  1346.26 3343.45 2677.96  456.293 1112.79 889.078  
180.18 453.311 362.346  177.175 448.338 356.276  175.155 440.658 354.163  175.958 440.242 351.316  
180.18 453.311 362.346  179.471 449.115 358.389  176.792 442.325 355.463  173.395 436.275 350.61  
6880.59 17240.1 13779.4  4259.71 10704.9 8529.36  2666.55 6636.82 5326.45  1653.73 4113.39 3309.32  
180.18 453.311 362.346  179.471 449.115 358.389  176.792 442.325 355.463  173.395 436.275 350.61  
10725.1 27148.5 21529.3  4386.72 10905.7 8737.1  1798.34 4391.14 3568.13  755.655 1799.69 1509.05  
180.18 453.311 362.346  178.23 448.418 358.738  176.804 442.332 355.46  173.637 439.306 349.88  
14456.7 36314.8 28939  2966.43 7287.05 5890.56  595.269 1471.77 1207.68  128.194 300.565 257.107  
14456.7 36314.8 28939  2954.93 7298.02 5901.1  611.69 1463.85 1213.64  124.328 298.229 243.496  
14456.7 36314.8 28939  2951.56 7290.93 5881.52  607.496 1469.52 1221.08  129.843 298.377 251.097  
