3 50 4
6880.59 17240.1 13779.4  4259.71 10704.9 8529.36  2666.55 6636.82 5326.45  1653.73 4113.39 3309.32  
6880.59 17240.1 13779.4  4254.87 10694.5 8501.1  2666 6636.65 5308.64  1658.96 4126.07 3318.19  
6880.59 17240.1 13779.4  4238.65 10650.4 8544.56  2672.15 6653.38 5292.27  1662.78 4136.46 3307.95  
6880.59 17240.1 13779.4  4290.88 10664.5 8532.59  2642.11 6658.04 5306.36  1658.12 4115.83 3303.2  
6880.59 17240.1 13779.4  4280.08 10695.5 8559.72  2646.21 6608.35 5314.02  1648.59 4138.58 3288.82  
6880.59 17240.1 13779.4  4258.62 10701.1 8546.02  2672.99 6616.55 5314.02  1633.31 4122.65 3286.04  
6880.59 17240.1 13779.4  4276.27 10688.9 8514  2644.6 6642.33 5295.74  1658.53 4124.54 3324.78  
6880.59 17240.1 13779.4  4280.08 10695.5 8559.72  2641.14 6632.56 5309.58  1650.5 4129.39 3290.48  
6880.59 17240.1 13779.4  4280.08 10695.5 8559.72  2664.84 6618.62 5308.8  1641.15 4133.18 3297.24  
6880.59 17240.1 13779.4  4280.08 10695.5 8559.72  2660.33 6606.92 5312.06  1635.15 4118 3295.45  
10725.1 27148.5 21529.3  4354.64 10882.4 8760.13  1830.92 4435.24 3604.43  752.774 1781.98 1458.96  
10725.1 27148.5 21529.3  4340.03 10851.5 8675.39  1839.08 4452.13 3661.78  750.692 1786.35 1468.79  
10725.1 27148.5 21529.3  4340.03 10851.5 8675.39  1806.3 4401.42 3578.83  778.889 1826.63 1536.48  
10725.1 27148.5 21529.3  4355.72 10886.2 8743.47  1808.69 4406.48 3576.72  767.248 1801.04 1492.19  
10725.1 27148.5 21529.3  4386.72 10905.7 8737.1  1798.34 4391.14 3568.13  755.655 1799.69 1509.05  
10725.1 27148.5 21529.3  4386.72 10905.7 8737.1  1819.55 4416.77 3605.07  743.035 1784.33 1487  
10725.1 27148.5 21529.3  4401.6 10937.1 8823.45  1815.34 4408.2 3570.76  723.111 1757.75 1439.01  
10725.1 27148.5 21529.3  4323.26 10813 8623.99  1849.85 4455.72 3649.6  748.039 1802.17 1502.43  
10725.1 27148.5 21529.3  4386.72 10905.7 8737.1  1786.15 4385.06 3564.22  757.115 1799.85 1501.75  
10725.1 27148.5 21529.3  4323.26 10813 8623.99  1842.7 4462.18 3656.2  752.209 1798.31 1498.5  
14456.7 36314.8 28939  2966.43 7287.05 5890.56  595.269 1471.77 1207.68  128.194 300.565 257.107  
14456.7 36314.8 28939  2944.08 7274.1 5853.93  618.377 1486.8 1246.02  128.567 297.887 255.372  
14456.7 36314.8 28939  2944.08 7274.1 5853.93  616.097 1481.9 1236.04  128.386 302.13 262.514  
14456.7 36314.8 28939  2976.61 7270.42 5903.55  587.946 1486.47 1201.45  124.947 301.431 250.62  
14456.7 36314.8 28939  2949.32 7282.97 5916.17  617.339 1478.94 1198.49  124.893 297.925 244.433  
14456.7 36314.8 28939  2976.61 7270.42 5903.55  587.282 1485.06 1197.51  126.891 302.542 255.442  
14456.7 36314.8 28939  2954.93 7298.02 5901.1  611.69 1463.85 1213.64  124.328 298.229 243.496  
14456.7 36314.8 28939  2951.56 7290.93 5881.52  607.645 1470.05 1218.72  129.152 298.162 254.355  
14456.7 36314.8 28939  2976.61 7270.42 5903.55  587.946 1486.47 1201.45  126.604 302.05 251.642  
14456.7 36314.8 28939  2951.56 7290.93 5881.52  607.496 1469.52 1221.08  129.843 298.377 251.097  
180.18 453.311 362.346  176.841 447.429 357.171  177.662 444.485 355.537  173.413 436.271 350.621  
180.18 453.311 362.346  177.175 448.338 356.276  175.155 440.658 354.163  175.958 440.242 351.316  
180.18 453.311 362.346  178.57 449.345 357.827  177.348 443.697 355.745  172.822 437.237 349.827  
180.18 453.311 362.346  178.23 448.418 358.738  176.804 442.332 355.46  173.637 439.306 349.88  
180.18 453.311 362.346  178.57 449.345 357.827  176.462 443.941 355.172  175.003 440.264 351.425  
180.18 453.311 362.346  179.471 449.115 358.389  176.792 442.325 355.463  173.395 436.275 350.61  
180.18 453.311 362.346  178.57 449.345 357.827  174.559 441.636 353.354  172.849 437.257 349.851  
180.18 453.311 362.346  179.125 448.172 359.317  174.554 441.647 353.339  173.367 438.581 350.1  
180.18 453.311 362.346  179.424 448.949 359.1  176.793 442.327 355.456  175.036 440.444 350.724  
180.18 453.311 362.346  178.573 446.785 359.038  176.801 442.349 355.457  175.882 440.078 351.973  
12150.9 30381.2 24290.2  3999.82 10061.3 8058.92  1346.26 3343.45 2677.96  456.293 1112.79 889.078  
12150.9 30381.2 24290.2  4028.9 10022.3 8062.6  1333.65 3367.53 2679.85  446.192 1118.6 886.074  
12150.9 30381.2 24290.2  4026.63 10073.1 8067  1336.2 3337.42 2660.98  442.032 1107.21 895.898  
12150.9 30381.2 24290.2  4006.43 10078.5 8054.14  1341.88 3332.01 2681.16  452.404 1109.15 890.453  
12150.9 30381.2 24290.2  4036.79 10043.9 8041.37  1332.41 3345.81 2674.57  437.809 1121.15 903.967  
12150.9 30381.2 24290.2  4035.73 10040.1 8057.65  1323.47 3361.38 2663.22  444.436 1113.3 900.648  
12150.9 30381.2 24290.2  4007.45 10082.2 8038.42  1348.98 3331.42 2679.98  450.398 1103.27 900.329  
12150.9 30381.2 24290.2  4032.08 10033.8 8013.78  1324.88 3361.87 2708.2  446.787 1113.07 900.653  
12150.9 30381.2 24290.2  4027.67 10076.9 8051.01  1338.5 3323.89 2668.24  440.661 1109.64 902.485  
12150.9 30381.2 24290.2  4007.45 10082.2 8038.42  1343.75 3336.45 2684.8  452.87 1103.55 898.187  
