1 22 22 5
500 200
2200 
1518.23 322.98 1
0.0690567 1 10
958.764
959.423
959.597
958.278
961.193
958.307
958.987
962.829
967.384
961.616
958.257
962.09
961.541
957.785
957.251
959.096
957.111
957.431
961.093
957.554
959.645
963.097
43.5666 -0.26404
45.415 -1.06645
45.3537 -1.2215
43.9295 -0.63161
46.0688 -0.79189
45.4793 0.14394
43.4301 0.27895
46.194 1.86784
46.8317 -1.69259
46.3246 0.33193
43.676 0.18634
46.4122 0.39659
46.2026 1.12482
43.896 0.03489
44.2342 0.33829
43.5205 -0.46786
44.6489 0.42535
44.9555 0.68109
46.158 -0.38268
44.6708 1.04531
43.9913 -1.40213
46.5271 -0.45716
45.3385 1.36193
