1 66 5
72814.6  19735.1  5409.69  1475.26  403.323  
37766.6  23270.2  14671.9  9085.51  5681.98  
55740.3  24562.4  10934.3  4861.15  2172.85  
76309.1  17897.4  4369.59  1084.23  250.845  
55740.3  24502.2  10934  4909.83  2171.91  
76309.1  18108.7  4254.8  1005.77  235.028  
27874.3  20103.1  14406.3  10481  7546.15  
55740.3  24502.2  10967.7  4876  2171.91  
27874.3  20131.2  14425.4  10413.3  7565.62  
8964.28  8149.87  7433.27  6774.58  6156.55  
52540.1  24886.5  11738.7  5689.67  2707.38  
76309.1  17897.4  4406  1049.31  248.798  
76309.1  18043.2  4327.66  1000.3  233.103  
37766.6  23221.4  14609  9185.71  5752.85  
14957.9  12716.2  10823  9156.1  7817.56  
8964.28  8112.26  7432.32  6724.09  6174.24  
37766.6  23389.7  14522.4  9178.57  5646.73  
14957.9  12698.5  10764.1  9180.59  7828.38  
76309.1  18108.7  4254.8  1005.77  235.028  
8964.28  8120.99  7422.76  6772.8  6144.8  
76309.1  18028.1  4286.77  1030.36  255.991  
37766.6  23437.7  14513.6  9132.5  5736.64  
76309.1  17897.4  4369.59  1084.23  250.845  
74692.3  18907.7  4777.98  1204.12  305.251  
8964.28  8161.07  7426.55  6763.53  6161.99  
8964.28  8159.5  7407.25  6770.74  6156.01  
52540.1  25031.9  11757.5  5562.72  2677.29  
55740.3  24577.5  10925.9  4884.01  2154.49  
76309.1  18108.7  4241.62  1012.66  239.75  
27874.3  20103.1  14522.2  10457.1  7494.95  
72814.6  19781.7  5385.21  1460.02  399.462  
37766.6  23554.4  14599.7  9102.34  5631.45  
76309.1  17938.8  4403.7  1007.21  250.073  
72814.6  19758.5  5388.31  1474.33  403.049  
53754.9  24721.2  11524.6  5378.87  2463.98  
52540.1  24943  11736  5681.72  2653.3  
72814.6  19735.1  5406.28  1477.09  404.64  
8964.28  8120.99  7400.93  6760.12  6123.89  
8964.28  8154.56  7411.35  6745.19  6163.13  
72814.6  19712.7  5410.71  1490.13  408.222  
37766.6  23452.2  14691.2  9005.02  5715.58  
55740.3  24577.5  10945.3  4855.41  2153.96  
72814.6  19781.7  5385.21  1460.02  399.462  
74692.3  18785.9  4835.06  1239.41  325.259  
74692.3  18860.1  4778.51  1238.93  314.202  
76309.1  18108.7  4254.8  1005.77  235.028  
74692.3  18919.4  4770.08  1189.11  312.278  
74692.3  18852.9  4818.88  1209.64  309.66  
37766.6  23554.4  14562.3  9116.49  5674.3  
8964.28  8154.56  7411.35  6745.19  6163.13  
74692.3  18930.6  4758.78  1196.3  307.13  
72814.6  19712.7  5419.4  1483.82  406.492  
55740.3  24502.2  10967.7  4876  2171.91  
14957.9  12716.2  10823  9156.1  7817.56  
14957.9  12653.8  10815.4  9202.79  7836.38  
27874.3  20135.1  14397.6  10428.9  7528.39  
27874.3  20135.1  14397.6  10428.9  7528.39  
14957.9  12716.2  10823  9156.1  7817.56  
37766.6  23452.2  14691.2  9005.02  5715.58  
55740.3  24577.5  10916.9  4847.46  2183.43  
55740.3  24670  10940  4815.79  2136.61  
76309.1  18108.7  4223.84  1021.13  247.722  
53754.9  24881.1  11437.1  5343.08  2462.36  
76309.1  18108.7  4223.84  1021.13  247.722  
14957.9  12726.2  10766.1  9203.02  7778.19  
53754.9  24818.5  11496  5340.91  2448.57  
