1 200 5
37766.6  23389.7  14522.4  9178.57  5646.73  
37766.6  23554.4  14637.9  8992.4  5664.23  
37766.6  23591.7  14623.8  9087.97  5619.67  
37766.6  23437.7  14696.7  9014.08  5676.77  
37766.6  23221.4  14609  9185.71  5752.85  
37766.6  23221.4  14749.5  9133.03  5718.64  
37766.6  23284.9  14730.8  9123.43  5684.81  
37766.6  23540.2  14567.7  9018.11  5654.8  
37766.6  23270.2  14590.8  9181.64  5705.84  
37766.6  23554.4  14599.7  9102.34  5631.45  
37766.6  23284.9  14763.3  9142.4  5661.02  
37766.6  23221.4  14660.1  9190.07  5694.99  
37766.6  23270.2  14671.9  9085.51  5681.98  
37766.6  23554.4  14562.3  9116.49  5674.3  
37766.6  23412.8  14653.1  9139.03  5690.76  
37766.6  23452.2  14691.2  9005.02  5715.58  
37766.6  23308.1  14657.8  9134.8  5718.95  
37766.6  23493  14652.3  9019.04  5634.87  
37766.6  23437.7  14513.6  9132.5  5736.64  
37766.6  23535.7  14468.1  9112.85  5693.39  
55740.3  24670  10865.9  4848.14  2145.53  
55740.3  24709.5  10894  4810.66  2137.94  
55740.3  24651.3  10904.6  4857.56  2143.46  
55740.3  24651.3  10924.2  4846.59  2133.92  
55740.3  24704.7  10896.7  4811.85  2134.55  
55740.3  24502.2  10934  4909.83  2171.91  
55740.3  24620.5  10902.3  4873.16  2146.93  
55740.3  24670  10940  4815.79  2136.61  
55740.3  24577.5  10916.9  4847.46  2183.43  
55740.3  24577.5  10925.9  4884.01  2154.49  
55740.3  24620.5  10921.4  4851.1  2154.86  
55740.3  24502.2  10967.7  4876  2171.91  
55740.3  24610.8  10955.4  4819.79  2153.94  
55740.3  24562.4  10934.3  4861.15  2172.85  
55740.3  24577.5  10945.3  4855.41  2153.96  
55740.3  24620.5  10941.3  4851.37  2129.45  
55740.3  24651.3  10926.4  4801.69  2158.93  
55740.3  24610.8  10922.5  4870.17  2129.59  
55740.3  24502.2  10982.7  4874.47  2158.73  
55740.3  24502.2  10961  4888.54  2176.23  
27874.3  20015.7  14460.1  10425.2  7570.99  
27874.3  20028  14427  10441.3  7587.51  
27874.3  20135.1  14397.6  10428.9  7528.39  
27874.3  20015.7  14532.1  10470.3  7538.47  
27874.3  20028  14543.1  10472.2  7558.71  
27874.3  20011.7  14431.6  10434.2  7605.01  
27874.3  20062.8  14504.8  10445.9  7514.02  
27874.3  20103.1  14522.2  10457.1  7494.95  
27874.3  20131.2  14425.4  10413.3  7565.62  
27874.3  19974.7  14441.8  10452  7580.03  
27874.3  20062.8  14510.3  10461.4  7565.67  
27874.3  20147  14421  10473.1  7545.78  
27874.3  20015.7  14543.8  10421.4  7574.69  
27874.3  20147  14394.3  10428.5  7583.72  
27874.3  20011.7  14458.3  10500.3  7571.48  
27874.3  19974.7  14471.4  10517.5  7579.54  
27874.3  20103.1  14406.3  10481  7546.15  
27874.3  20135.1  14411.8  10495.6  7558.96  
27874.3  19974.7  14555.3  10410.3  7591.99  
27874.3  19994.3  14463.3  10451.7  7583.92  
72814.6  19703  5420.42  1493.72  406.63  
72814.6  19781.7  5375.73  1468.91  399.184  
72814.6  19770  5384.17  1465.54  403.806  
72814.6  19746.5  5397.86  1475.57  403.405  
72814.6  19754.7  5394.2  1469.32  405.349  
72814.6  19781.7  5385.21  1460.02  399.462  
72814.6  19735.1  5408.56  1478.07  403.298  
72814.6  19712.7  5431.19  1477.37  403.388  
72814.6  19712.7  5419.4  1483.82  406.492  
72814.6  19735.1  5406.28  1477.09  404.64  
72814.6  19758.5  5388.31  1474.33  403.049  
72814.6  19712.7  5410.71  1490.13  408.222  
72814.6  19762.3  5386.38  1474.98  401.089  
72814.6  19703  5426.42  1489.35  403.793  
72814.6  19712.7  5432.35  1475.35  403.552  
72814.6  19735.1  5414.88  1474.38  401.051  
72814.6  19735.1  5409.69  1475.26  403.323  
72814.6  19742.8  5407.15  1468.52  404.901  
72814.6  19746.5  5406.58  1466.16  403.199  
72814.6  19735.1  5403.13  1480.88  404.971  
52540.1  24761.1  11899.3  5671.34  2668.52  
52540.1  24886.5  11765.8  5692.87  2680.88  
52540.1  24886.5  11902.9  5628.2  2658.97  
52540.1  24593.9  11871.2  5781.69  2733.46  
52540.1  24593.9  11890.1  5761.06  2727.16  
52540.1  25017.9  11807.6  5581.66  2629.49  
52540.1  24943  11736  5681.72  2653.3  
52540.1  25031.9  11800.2  5598.13  2652.31  
52540.1  25031.9  11663.1  5652.96  2689.94  
52540.1  24929.2  11873.9  5552  2675.77  
52540.1  24744.1  11971.5  5604.1  2678.17  
52540.1  25031.9  11757.5  5562.72  2677.29  
52540.1  24866.5  11790.6  5627.35  2706.47  
52540.1  25017.9  11843.3  5561.4  2654.12  
52540.1  24922.6  11883.8  5549.72  2645.46  
52540.1  24922.6  11805  5633.16  2673.64  
52540.1  24647.3  11949.1  5704.78  2697.76  
52540.1  24886.5  11738.7  5689.67  2707.38  
52540.1  24593.9  11976.9  5679.41  2732.86  
52540.1  24943  11690.3  5702.89  2701.96  
76309.1  18028.1  4286.77  1030.36  255.991  
76309.1  18163.5  4153.64  1037.91  246.963  
76309.1  18163.5  4209.52  1001.8  233.187  
76309.1  17938.8  4370.42  1044.84  250.845  
76309.1  18043.2  4327.66  1000.3  233.103  
76309.1  18139.3  4172.17  1051.22  239.513  
76309.1  18028.1  4331.85  1005.36  241.711  
76309.1  18108.7  4254.8  1005.77  235.028  
76309.1  18108.7  4241.62  1012.66  239.75  
76309.1  17952.3  4344.48  1041.72  260.572  
76309.1  18068.9  4253.99  1033.57  248.81  
76309.1  17897.4  4369.59  1084.23  250.845  
76309.1  17938.8  4403.7  1007.21  250.073  
76309.1  18148.8  4230.12  995.479  235.039  
76309.1  17897.4  4406  1049.31  248.798  
76309.1  18068.9  4253.99  1022.07  256.225  
76309.1  17869  4427.67  1061.58  243.354  
76309.1  18108.7  4223.84  1021.13  247.722  
76309.1  18139.3  4197.8  1022.79  244.308  
76309.1  17869  4443.83  1049.19  239.962  
53754.9  24712  11573.3  5328.83  2480.4  
53754.9  24809.1  11456  5303.57  2494.78  
53754.9  24809.1  11477.9  5355.72  2461.46  
53754.9  24712  11507.7  5389.51  2477.89  
53754.9  24782.7  11412  5381.23  2508.82  
53754.9  24866.6  11499.2  5254.13  2466.48  
53754.9  24721.2  11524.6  5378.87  2463.98  
53754.9  24910.9  11397.5  5317.63  2451.75  
53754.9  24782.7  11491.7  5335.55  2491.95  
53754.9  24782.7  11515.2  5322.13  2473.5  
53754.9  24712  11596.4  5317.63  2470.35  
53754.9  24896.1  11490.3  5303.15  2436.46  
53754.9  24615.7  11509.1  5381.7  2542.92  
53754.9  24818.5  11496  5340.91  2448.57  
53754.9  24712  11503.2  5376.22  2491.54  
53754.9  24809.1  11544.1  5313.73  2447.16  
53754.9  24861.9  11447.4  5306.9  2474.14  
53754.9  24910.9  11423.6  5330.16  2449.76  
53754.9  24881.1  11437.1  5343.08  2462.36  
53754.9  24782.7  11549.2  5313.76  2468.26  
8964.28  8169.08  7435.95  6756.57  6147.75  
8964.28  8140.63  7399.17  6770.44  6121.36  
8964.28  8136.61  7434.47  6775.66  6152.61  
8964.28  8173.92  7434.09  6759.13  6118.87  
8964.28  8112.26  7397.23  6769.23  6173.33  
8964.28  8154.56  7411.35  6745.19  6163.13  
8964.28  8149.87  7433.27  6774.58  6156.55  
8964.28  8149.87  7433.27  6763.94  6159.9  
8964.28  8173.92  7380.72  6757.2  6165.52  
8964.28  8161.07  7426.55  6763.53  6161.99  
8964.28  8120.99  7400.93  6760.12  6123.89  
8964.28  8108.88  7397.54  6737.55  6169.14  
8964.28  8112.26  7432.32  6724.09  6174.24  
8964.28  8159.5  7407.25  6770.74  6156.01  
8964.28  8167.51  7410.19  6775.07  6159.39  
8964.28  8169.08  7381.15  6769.51  6129.7  
8964.28  8140.63  7431.21  6731.72  6156.48  
8964.28  8108.88  7436.94  6765.96  6159.46  
8964.28  8173.92  7380.72  6777.14  6161.26  
8964.28  8120.99  7422.76  6772.8  6144.8  
74692.3  18821.8  4827.69  1226.8  314.924  
74692.3  18852.9  4818.88  1209.64  309.66  
74692.3  18860.1  4778.51  1238.93  314.202  
74692.3  18915.8  4775.65  1201.28  301.264  
74692.3  18907.7  4777.98  1204.12  305.251  
74692.3  18919.4  4770.08  1189.11  312.278  
74692.3  18896.7  4780.35  1202.9  310.032  
74692.3  18852.9  4783.69  1235.69  316.354  
74692.3  18919.4  4744.63  1212.52  313.911  
74692.3  18893.1  4753.92  1225.1  318.051  
74692.3  18785.9  4835.06  1239.41  325.259  
74692.3  18907.7  4772.12  1201.33  309.812  
74692.3  18919.4  4734.7  1229.17  309.842  
74692.3  18818.2  4838.76  1225.46  310.067  
74692.3  18930.6  4758.78  1196.3  307.13  
74692.3  18818.2  4839.73  1226.29  308.726  
74692.3  18893.1  4783.96  1205.43  310.309  
74692.3  18778.8  4878.17  1217.77  316.078  
74692.3  18832.6  4812.37  1235.14  312.496  
74692.3  18821.8  4843.14  1217.19  309.319  
14957.9  12698.5  10798  9157.24  7823.8  
14957.9  12716.2  10761.4  9159.95  7812.48  
14957.9  12673  10823.1  9204.2  7777.46  
14957.9  12703.7  10797.2  9208.94  7810.66  
14957.9  12693.6  10820  9199.84  7785.62  
14957.9  12726.2  10766.1  9203.02  7778.19  
14957.9  12653.8  10815.4  9202.79  7836.38  
14957.9  12698.5  10764.1  9180.59  7828.38  
14957.9  12703.7  10784.9  9196.35  7829.79  
14957.9  12716.2  10823  9156.1  7817.56  
14957.9  12701.3  10763.6  9208.87  7816.04  
14957.9  12718.6  10767.3  9203.98  7827.56  
14957.9  12651.1  10813.6  9150.01  7790.13  
14957.9  12711.1  10778.6  9172.15  7805.13  
14957.9  12679.1  10800.8  9147.75  7830.69  
14957.9  12661  10824.9  9211.19  7832.61  
14957.9  12661  10818.4  9188.58  7807.95  
14957.9  12679.1  10809.4  9146.46  7829.62  
14957.9  12701.3  10769.8  9213.4  7819.16  
14957.9  12661  10824.9  9193.19  7835.31  
