1 50 50 5
500 200
2200 
1518.23 322.98 1
0.0690567 1 10
616.673
618.503
616.478
616.979
616.721
617.732
617.563
617.353
617.638
617.673
617.152
616.996
616.162
616.628
618.323
617.021
616.27
616.519
616.704
616.409
616.954
616.873
615.923
616.147
616.89
616.771
616.502
616.148
616.999
617.464
618.233
617.704
617.432
616.53
618.46
617.521
617.08
617.099
616.797
617.72
616.452
616.138
616.841
616.656
615.93
617.121
616.641
617.421
616.259
618.564
44.0579 -0.26401
43.3932 1.77482
46.1715 0.78184
46.4649 -0.45471
45.8249 1.76244
43.6844 1.58601
43.5592 -0.35666
44.4376 -1.69139
46.8604 0.8311
46.5742 1.77367
46.241 1.7562
46.1524 -1.14896
44.4358 0.54637
46.3383 0.3807
46.853 1.90255
46.3671 -0.80508
44.8262 1.41224
46.1814 -0.31131
45.2482 1.9962
46.0352 1.01161
43.9261 -0.4732
45.6059 -1.50003
45.6099 0.05155
45.9155 0.02718
43.9478 -0.40676
46.4006 0.70288
44.1711 -0.20091
44.7516 -0.598
46.4974 0.93556
44.1035 2.01336
43.6844 -1.53237
46.7291 -0.90708
43.9393 1.7442
46.1372 -0.4686
43.561 -1.51828
44.1449 -1.55538
43.7457 0.20715
45.9215 -1.50247
46.4028 0.7832
46.9307 -0.00364
45.8055 -0.89125
45.9091 0.5091
46.3541 1.07941
44.692 -1.23519
45.1152 0.93884
46.2877 1.64769
44.1496 -0.48662
46.6228 1.33627
46.0472 0.25472
43.4051 -1.30597
46.6651 -0.69677
