1 16 5
996.414  981.571  968.782  964.203  957.322  
37748.7  23524.2  14668.4  9003.69  5689.07  
34668.6  22726.4  14855  9613.53  6308.81  
37748.7  23524.2  14566.6  9129.86  5695.39  
66567.8  22181.4  7419.04  2547.55  848.507  
66567.8  22252.6  7440.77  2471.34  845.926  
996.414  985.054  973.403  967.294  952.564  
34668.6  22468.7  14848.9  9594.08  6334.06  
34668.6  22726.4  14574.4  9639.84  6357.61  
66567.8  22252.2  7417.07  2505.66  828.94  
34668.6  22726  14709.5  9680.56  6342.46  
37748.7  23536.4  14669.9  9040.56  5672.45  
996.414  985.836  968.74  965.606  955.587  
37748.7  23578.5  14587.5  9106.28  5650.06  
37748.7  23524.2  14566.6  9129.86  5695.39  
996.414  983.185  976.045  967.687  957.641  
