1 50 5
37748.7  23524.2  14566.6  9129.86  5695.39  
37748.7  23284.4  14698.2  9192.02  5700.21  
37748.7  23578.5  14587.5  9106.28  5650.06  
37748.7  23536.4  14556.2  9036.09  5727.84  
37748.7  23536.4  14669.9  9040.56  5672.45  
37748.7  23405  14529.7  9188.79  5661.25  
37748.7  23361.4  14621.3  9106.95  5718.77  
37748.7  23536.4  14556.2  9112.61  5701.28  
37748.7  23578.5  14620.3  9001.41  5703.16  
37748.7  23524.2  14668.4  9003.69  5689.07  
996.414  978.483  971.785  967.777  958.126  
996.414  986.281  973.391  959.115  958.119  
996.414  983.58  976.959  966.75  957.637  
996.414  985.054  973.794  959.123  949.643  
996.414  983.185  976.045  967.687  957.641  
996.414  981.571  976.503  962.158  955.998  
996.414  985.054  973.403  967.294  952.564  
996.414  985.836  968.74  965.606  955.587  
996.414  986.762  976.451  966.287  955.906  
996.414  981.571  968.782  964.203  957.322  
32799.9  21916.8  14750.2  10005.5  6752.02  
32799.9  21786.5  14767.1  10057.5  6705.92  
32799.9  21916.8  14750.2  9928.08  6754.68  
32799.9  22102.5  14832.8  9921.9  6691.26  
32799.9  21820.2  14899.8  9927.28  6745.02  
32799.9  21890  14870.2  10011.7  6718.8  
32799.9  21984.1  14746.4  9907.55  6665.36  
32799.9  21820.2  14919.4  9985.94  6719.35  
32799.9  21887.8  14689.9  10071.7  6672.3  
32799.9  22093.5  14763.3  9980.04  6611.79  
66567.8  22324.8  7366.01  2474.96  845.238  
66567.8  22314.4  7424.02  2457.47  821.989  
66567.8  22181.4  7419.04  2547.55  848.507  
66567.8  22252.2  7417.07  2505.66  828.94  
66567.8  22243.4  7420.02  2490.64  842.64  
66567.8  22101.7  7533.9  2511.23  855.908  
66567.8  22324.8  7413.95  2455.84  817.817  
66567.8  22252.6  7440.77  2471.34  845.926  
66567.8  22231.5  7404.02  2517.53  848.104  
66567.8  22262.4  7389.79  2483.61  859.591  
34668.6  22779.1  14836.7  9601.73  6315.71  
34668.6  22468.7  14848.9  9594.08  6334.06  
34668.6  22779.1  14741.8  9634.41  6299.12  
34668.6  22726  14709.5  9680.56  6342.46  
34668.6  22376.6  14693.5  9678.53  6379.52  
34668.6  22726.4  14574.4  9639.84  6357.61  
34668.6  22726.4  14855  9613.53  6308.81  
34668.6  22633.4  14852.8  9636.62  6235.9  
34668.6  22726.4  14855  9662.53  6268.4  
34668.6  22469.1  14797.9  9762.16  6340.31  
