4 16 4
2877.87 3211.34 5013.08 6827.44  2361.12 2646.21 4123.06 5598.14  1931.96 2182.8 3390.56 4579.32  1583.12 1785.29 2777.87 3769.68  
15649.9 17575.4 27343.2 36971.4  342.176 415.574 642.601 1002.45  7.70721 8.86489 13.8846 25.4197  0.193174 0.186113 0.30101 0.670016  
6062.58 6814.21 10595.7 14310  3754.3 4228.24 6569.04 8876.06  2334.22 2603.51 4060.21 5540.29  1454.54 1650.42 2563.23 3481.31  
6062.58 6814.21 10595.7 14310  3751.61 4246.42 6592.06 8898.58  2346.94 2629.51 4098.08 5587.97  1449.23 1612.75 2515.94 3442.01  
2877.87 3211.34 5013.08 6827.44  2360.37 2638.53 4112.8 5586.96  1929.43 2145.5 3350.93 4573.15  1588.73 1784.98 2777.39 3765.99  
6062.58 6814.21 10595.7 14310  3748.14 4210.94 6544.58 8846.66  2338.27 2636.48 4098.76 5561.35  1461.31 1641.38 2563 3521.12  
2877.87 3211.34 5013.08 6827.44  2354.91 2634.86 4112.42 5605.87  1927.51 2165.89 3375.89 4594.03  1588.17 1787.66 2775.84 3745.73  
4312.01 4836.98 7540.19 10244.3  3149.69 3512.23 5484.14 7482.53  2301.75 2598.36 4033.09 5441.89  1680.63 1881.77 2933.1 3998.29  
4312.01 4836.98 7540.19 10244.3  3128.27 3546.23 5506.28 7432.9  2304.2 2570.1 4012.82 5482.07  1686.59 1894.3 2946.89 4000.15  
2877.87 3211.34 5013.08 6827.44  2352.61 2611.42 4081.13 5571.76  1937.8 2178.93 3391.04 4597.53  1581.02 1781.77 2774.98 3774.05  
4312.01 4836.98 7540.19 10244.3  3138.51 3518.61 5489.17 7481.05  2302.37 2600.6 4036.2 5445.51  1673.82 1891.8 2939.84 3985.09  
4312.01 4836.98 7540.19 10244.3  3154.6 3532.99 5504.67 7476.77  2300.74 2588.75 4028.19 5465.97  1673.62 1882.2 2931.59 3992.56  
15649.9 17575.4 27343.2 36971.4  342.533 414.905 641.77 1001.8  7.39456 9.4719 14.6673 26.1549  0.14988 0.245229 0.345517 0.584748  
5750 6461.6 10062.9 13643.2  3684.76 4135.68 6441.84 8753.51  2359.07 2649.9 4117.64 5573.5  1505.95 1693.97 2639.14 3604.48  
6062.58 6814.21 10595.7 14310  3767.25 4195.25 6548.53 8933.04  2329.39 2653.79 4111.71 5543.09  1454.34 1631.8 2540.21 3462.33  
15649.9 17575.4 27343.2 36971.4  342.85 412.391 639.585 1003.43  7.07243 11.9209 16.7642 24.42  0.154554 0.30954 0.432377 0.690505  
