4 50 4
6062.58 6814.21 10595.7 14310  3766.42 4245.07 6603.99 8955.08  2332.08 2630.94 4086.25 5531.54  1441 1629.72 2528.63 3423.4  
6062.58 6814.21 10595.7 14310  3754.3 4228.24 6569.04 8876.06  2334.22 2603.51 4060.21 5540.29  1454.54 1650.42 2563.23 3481.31  
6062.58 6814.21 10595.7 14310  3754.3 4228.24 6569.04 8876.06  2332.11 2619.18 4074.31 5531.96  1460.64 1639.23 2556.23 3499.64  
6062.58 6814.21 10595.7 14310  3767.25 4195.25 6548.53 8933.04  2329.39 2653.79 4111.71 5543.09  1454.34 1631.8 2540.21 3462.33  
6062.58 6814.21 10595.7 14310  3769.15 4226.55 6580.54 8932.15  2337.86 2641.07 4107.01 5578.61  1446.07 1639.29 2544.01 3447.92  
6062.58 6814.21 10595.7 14310  3751.61 4246.42 6592.06 8898.58  2344.5 2633.53 4102.65 5591.28  1451.66 1632.16 2538.52 3453.73  
6062.58 6814.21 10595.7 14310  3748.14 4210.94 6544.58 8846.66  2338.27 2636.48 4098.76 5561.35  1461.31 1641.38 2563 3521.12  
6062.58 6814.21 10595.7 14310  3762.88 4208.93 6555.63 8902.21  2321.94 2612.25 4058.71 5496.29  1446.14 1650.44 2557.13 3456.17  
6062.58 6814.21 10595.7 14310  3773.63 4213.18 6573.88 8963.51  2338.59 2642.1 4104.98 5563.46  1442.76 1630.23 2528.93 3421.74  
6062.58 6814.21 10595.7 14310  3751.61 4246.42 6592.06 8898.58  2346.94 2629.51 4098.08 5587.97  1449.23 1612.75 2515.94 3442.01  
2877.87 3211.34 5013.08 6827.44  2356.68 2622.85 4097.25 5591.08  1934.16 2177.46 3383.16 4568.86  1579.21 1755.95 2745.77 3761.18  
2877.87 3211.34 5013.08 6827.44  2354.91 2634.86 4112.42 5605.87  1934.37 2161.96 3372.81 4594.94  1587.44 1793.45 2783.17 3752.95  
2877.87 3211.34 5013.08 6827.44  2356.68 2622.85 4097.25 5591.08  1925.07 2138.75 3344.83 4578.99  1580.83 1762.76 2752.55 3759.36  
2877.87 3211.34 5013.08 6827.44  2354.91 2634.86 4112.42 5605.87  1927.51 2165.89 3375.89 4594.03  1588.17 1787.66 2775.84 3745.73  
2877.87 3211.34 5013.08 6827.44  2357.57 2646.9 4116.99 5567.43  1933.9 2159.82 3371.99 4601.85  1583.41 1789.29 2782.29 3771.15  
2877.87 3211.34 5013.08 6827.44  2360.37 2638.53 4112.8 5586.96  1929.43 2145.5 3350.93 4573.15  1588.73 1784.98 2777.39 3765.99  
2877.87 3211.34 5013.08 6827.44  2356.37 2627.3 4096.95 5567.98  1930.38 2179.96 3391.25 4597.32  1580.46 1760.1 2751.54 3768.02  
2877.87 3211.34 5013.08 6827.44  2352.61 2611.42 4081.13 5571.76  1937.8 2178.93 3391.04 4597.53  1581.02 1781.77 2774.98 3774.05  
2877.87 3211.34 5013.08 6827.44  2356.37 2627.3 4096.95 5567.98  1933.48 2156.88 3367 4592.41  1579.38 1758.79 2748.68 3761.1  
2877.87 3211.34 5013.08 6827.44  2361.12 2646.21 4123.06 5598.14  1931.96 2182.8 3390.56 4579.32  1583.12 1785.29 2777.87 3769.68  
4312.01 4836.98 7540.19 10244.3  3149.69 3512.23 5484.14 7482.53  2301.75 2598.36 4033.09 5441.89  1680.63 1881.77 2933.1 3998.29  
4312.01 4836.98 7540.19 10244.3  3151.27 3538.49 5510.88 7481.26  2301.32 2591.29 4025.89 5442.23  1681.16 1890.68 2942.13 3997.85  
4312.01 4836.98 7540.19 10244.3  3153.6 3522.74 5490.99 7461.85  2297.38 2576.37 4016.94 5474.26  1681.37 1901.87 2949.44 3977.99  
4312.01 4836.98 7540.19 10244.3  3126.32 3514.56 5480.27 7464.38  2308.05 2597.74 4034.15 5446.77  1684.1 1901.22 2950.96 3987.04  
4312.01 4836.98 7540.19 10244.3  3154.6 3532.99 5504.67 7476.77  2300.74 2588.75 4028.19 5465.97  1673.62 1882.2 2931.59 3992.56  
4312.01 4836.98 7540.19 10244.3  3128.27 3546.23 5506.28 7432.9  2304.2 2570.1 4012.82 5482.07  1686.59 1894.3 2946.89 4000.15  
4312.01 4836.98 7540.19 10244.3  3147.57 3549.39 5516.12 7454.83  2288.28 2581.99 4017.79 5455.55  1685.45 1893.18 2942.45 3984.89  
4312.01 4836.98 7540.19 10244.3  3138.51 3518.61 5489.17 7481.05  2302.37 2600.6 4036.2 5445.51  1673.82 1891.8 2939.84 3985.09  
4312.01 4836.98 7540.19 10244.3  3143.62 3539.26 5509.61 7475.31  2285.46 2569.56 4004.47 5454.02  1685.52 1902.16 2951.06 3982.16  
4312.01 4836.98 7540.19 10244.3  3143.62 3539.26 5509.61 7475.31  2289.34 2584.71 4019.52 5450.04  1682.36 1892.65 2943.5 3994.17  
5750 6461.6 10062.9 13643.2  3657.86 4144.73 6436.47 8696.91  2372.3 2645.98 4125.62 5624.57  1516.77 1704.35 2648.21 3591.67  
5750 6461.6 10062.9 13643.2  3684.76 4135.68 6441.84 8753.51  2360.13 2653.34 4128.34 5607.61  1508.02 1702.67 2645.1 3589.45  
5750 6461.6 10062.9 13643.2  3683.1 4130.33 6425.12 8700.26  2359.54 2635.54 4114.31 5627.71  1510.72 1715.87 2659.28 3591.48  
5750 6461.6 10062.9 13643.2  3678.95 4111.53 6417.97 8760.34  2361.03 2642.23 4116.84 5606.11  1513.25 1717.6 2658.01 3575.6  
5750 6461.6 10062.9 13643.2  3671.63 4149.3 6446.51 8715.74  2355.27 2633.57 4110.41 5621.03  1518.15 1704.51 2650.47 3601.06  
5750 6461.6 10062.9 13643.2  3687.47 4117.27 6418.58 8730.79  2361.64 2655.79 4132.03 5612.4  1502.47 1713.83 2650.46 3563.4  
5750 6461.6 10062.9 13643.2  3680.43 4148.42 6447.96 8722.58  2360.5 2629.11 4106.13 5619.69  1509.44 1706.79 2650.88 3596.22  
5750 6461.6 10062.9 13643.2  3684.76 4135.68 6441.84 8753.51  2359.07 2649.9 4117.64 5573.5  1505.95 1693.97 2639.14 3604.48  
5750 6461.6 10062.9 13643.2  3669.84 4112.44 6416.47 8753.26  2355.91 2646.7 4121.12 5607.54  1518.36 1715.68 2657.03 3577.63  
5750 6461.6 10062.9 13643.2  3657.86 4144.73 6436.47 8696.91  2352.15 2659.66 4125.84 5568.33  1525.84 1694.16 2645.56 3624.58  
15649.9 17575.4 27343.2 36971.4  341.858 411.929 637.538 996.357  8.01048 12.3732 18.7081 31.0815  0.207929 0.317401 0.533118 1.09205  
15649.9 17575.4 27343.2 36971.4  342.176 415.574 642.601 1002.45  7.70721 8.86489 13.8846 25.4197  0.193174 0.186113 0.30101 0.670016  
15649.9 17575.4 27343.2 36971.4  342.533 414.905 641.77 1001.8  7.37734 9.51697 14.6962 26.073  0.166012 0.201631 0.316736 0.659594  
15649.9 17575.4 27343.2 36971.4  341.164 415.038 640.469 995.335  8.67888 9.38831 15.9304 32.1551  0.232566 0.197354 0.385429 1.0445  
15649.9 17575.4 27343.2 36971.4  342.85 412.391 639.585 1003.43  7.07243 11.9209 16.7642 24.42  0.154554 0.30954 0.432377 0.690505  
15649.9 17575.4 27343.2 36971.4  342.427 413.69 640.082 999.769  7.48342 10.5746 16.1977 27.9798  0.166001 0.354141 0.4967 0.77918  
15649.9 17575.4 27343.2 36971.4  342.595 414.309 642.149 1006.16  7.32412 10.0838 14.3098 21.8151  0.157708 0.231558 0.327334 0.570617  
15649.9 17575.4 27343.2 36971.4  340.814 415.696 641.284 995.974  9.07812 8.70185 15.1414 31.8492  0.184424 0.22514 0.358196 0.71716  
15649.9 17575.4 27343.2 36971.4  342.533 414.905 641.77 1001.8  7.39456 9.4719 14.6673 26.1549  0.14988 0.245229 0.345517 0.584748  
15649.9 17575.4 27343.2 36971.4  340.814 415.696 641.284 995.974  9.01964 8.7453 15.1363 31.536  0.241439 0.184084 0.364264 1.02068  
