1 22 22 3
500 200
2200 
1518.23 322.98 1
0.0690567 1 10
1414.31
1416.02
1412.13
1412.02
1412.1
1419.16
1415.44
1414.73
1414.5
1413.21
1413.85
1415.5
1414.73
1411.21
1412.83
1412.71
1413
1417.16
1415.7
1415.64
1414.94
1415.79
46.8101 -0.26407
43.702 -0.14746
44.5359 0.53541
45.1289 -0.80851
46.3127 0.41403
43.5394 -1.29813
47.0358 0.91457
44.2157 1.66681
46.8029 -0.45603
46.075 -1.10982
44.8459 -1.38351
46.672 1.94214
44.2346 1.70328
45.1885 -0.31092
45.3502 -1.22598
44.4086 -0.13064
44.4716 -0.56155
43.7296 1.67349
47.0677 0.99869
47.0411 1.07901
44.0565 1.42919
43.7135 0.5857
45.067 -1.08795
