1 66 3
79348  16344.8  3364.65  
49711.2  25011.6  12482.5  
69383.3  21160.8  6573.26  
37752.6  23455.9  14676.5  
22879.3  17590.5  13577.7  
79348  16429.1  3298.34  
22930.7  17651.2  13594.5  
69383.3  21336.3  6398.5  
22879.3  17555.9  13576.8  
39664.4  24031.4  14277.2  
8968.66  8129.89  7429.73  
37752.6  23478.9  14616.2  
14914.1  12709.2  10814.4  
49711.2  25064  12543.3  
90586.2  8512.99  807.837  
22930.7  17633.6  13603.3  
79348  16371.6  3398.43  
49711.2  25011.6  12482.5  
8968.66  8159.15  7429.75  
39664.4  23917  14503.7  
37752.6  23478.9  14514.9  
69383.3  21260.7  6483.86  
49711.2  24867  12641.3  
90586.2  8512.99  807.837  
49711.2  25011.6  12595.7  
22930.7  17651.2  13594.5  
79348  16308.5  3430.92  
69383.3  21344  6403.82  
8968.66  8142.59  7380.84  
22879.3  17578.9  13618.9  
69383.3  21260.7  6432.81  
22930.7  17628.6  13604.5  
79348  16331.9  3412.5  
79348  16331.9  3412.5  
90586.2  8495.21  821.458  
8968.66  8132.73  7437.66  
39664.4  23686.1  14475.6  
49711.2  25064  12483.8  
39664.4  23917  14295  
49711.2  24867  12567.3  
90586.2  8510.05  808.635  
8968.66  8159.15  7432.61  
14914.1  12671.2  10816.3  
8968.66  8132.73  7437.66  
8968.66  8159.15  7414.47  
69383.3  21268.2  6434.33  
8968.66  8159.15  7432.61  
49711.2  24987.3  12568.9  
39664.4  24031.4  14277.2  
22930.7  17664.3  13581.9  
8968.66  8132.73  7437.66  
90586.2  8440.91  863.646  
49711.2  24987.3  12568.9  
14914.1  12723.2  10809.5  
22879.3  17472.7  13577.7  
37752.6  23401.6  14635.9  
39664.4  23947  14310.2  
37752.6  23478.9  14616.2  
8968.66  8164.47  7400.66  
37752.6  23478.9  14514.9  
22930.7  17633.6  13603.3  
37752.6  23478.9  14514.9  
8968.66  8159.15  7432.61  
22930.7  17633.6  13594.6  
49711.2  24839  12668.8  
8968.66  8161.33  7427.57  
