1 200 3
37752.6  23470.7  14670.9  
37752.6  23478.9  14667.8  
37752.6  23255.3  14690.9  
37752.6  23478.9  14481.8  
37752.6  23255.3  14656.9  
37752.6  23561.7  14611.6  
37752.6  23478.9  14621.2  
37752.6  23561.7  14451.1  
37752.6  23308.5  14722.7  
37752.6  23401.6  14635.9  
37752.6  23478.9  14616.2  
37752.6  23561.7  14484.2  
37752.6  23331.1  14698.6  
37752.6  23553.4  14588.2  
37752.6  23323.1  14682.7  
37752.6  23331.1  14662.4  
37752.6  23478.9  14514.9  
37752.6  23401.6  14697.1  
37752.6  23553.4  14639.7  
37752.6  23455.9  14676.5  
8968.66  8132.73  7437.66  
8968.66  8129.89  7429.73  
8968.66  8132.73  7403.47  
8968.66  8167.42  7411.94  
8968.66  8142.59  7380.84  
8968.66  8167.42  7378.62  
8968.66  8129.89  7417.07  
8968.66  8151  7410.76  
8968.66  8153.21  7401.65  
8968.66  8151  7410.76  
8968.66  8167.42  7395.72  
8968.66  8159.15  7429.75  
8968.66  8159.15  7414.47  
8968.66  8164.47  7400.66  
8968.66  8161.33  7427.57  
8968.66  8159.15  7432.61  
8968.66  8151  7433.34  
8968.66  8151  7430.48  
8968.66  8159.15  7432.61  
8968.66  8129.89  7437.92  
22930.7  17633.6  13627  
22930.7  17633.6  13627  
22930.7  17651.2  13618.1  
22930.7  17664.3  13573.7  
22930.7  17657.5  13597.8  
22930.7  17610.6  13594.2  
22930.7  17633.6  13603.3  
22930.7  17651.2  13594.5  
22930.7  17621.1  13619.7  
22930.7  17657.5  13565.2  
22930.7  17657.5  13594.2  
22930.7  17635.1  13603  
22930.7  17621.1  13606.2  
22930.7  17633.6  13594.6  
22930.7  17597.5  13620.4  
22930.7  17597.5  13589  
22930.7  17628.6  13618.1  
22930.7  17628.6  13604.5  
22930.7  17664.3  13581.9  
22930.7  17621.1  13625  
79348  16331.9  3412.5  
79348  16446.5  3321.88  
79348  16463.5  3284.53  
79348  16463.5  3329.17  
79348  16429.1  3298.34  
79348  16371.6  3398.43  
79348  16349.4  3399  
79348  16331.9  3382.61  
79348  16344.8  3416.28  
79348  16344.8  3419.97  
79348  16344.8  3373.41  
79348  16331.9  3426.22  
79348  16308.5  3456.13  
79348  16308.5  3430.92  
79348  16331.9  3437.41  
79348  16349.4  3390.78  
79348  16344.8  3364.65  
79348  16226.7  3492.27  
79348  16406.9  3342  
79348  16291  3457.96  
69383.3  21260.7  6483.86  
69383.3  21268.2  6475.45  
69383.3  21160.8  6573.26  
69383.3  21260.7  6432.81  
69383.3  21133.6  6507.17  
69383.3  21336.3  6428.49  
69383.3  21299.8  6434.2  
69383.3  21344  6434.03  
69383.3  21344  6459.34  
69383.3  21260.7  6480.63  
69383.3  21126.2  6573.6  
69383.3  21299.8  6393.75  
69383.3  21268.2  6434.33  
69383.3  21336.3  6462.37  
69383.3  21068.4  6625.1  
69383.3  21336.3  6398.5  
69383.3  21126.2  6553.72  
69383.3  21126.2  6512.18  
69383.3  21268.2  6475.45  
69383.3  21344  6403.82  
22879.3  17632.9  13477.2  
22879.3  17511.3  13666.9  
22879.3  17640.3  13539.5  
22879.3  17646.8  13630.8  
22879.3  17645.4  13470.2  
22879.3  17676  13624.1  
22879.3  17682.4  13595.1  
22879.3  17578.9  13618.9  
22879.3  17682.4  13622.7  
22879.3  17646.8  13474  
22879.3  17590.5  13486.8  
22879.3  17467.4  13638.7  
22879.3  17555.9  13576.8  
22879.3  17511.3  13610.2  
22879.3  17472.7  13577.7  
22879.3  17578.9  13519.2  
22879.3  17645.4  13504.1  
22879.3  17524.2  13592.8  
22879.3  17590.5  13577.7  
22879.3  17472.7  13577.7  
14914.1  12627.5  10797.9  
14914.1  12671.2  10816.3  
14914.1  12709.2  10811.6  
14914.1  12627.5  10757.2  
14914.1  12709.2  10785.8  
14914.1  12627.5  10826.6  
14914.1  12581.3  10833.5  
14914.1  12656.7  10786.1  
14914.1  12701.1  10804.9  
14914.1  12710.3  10778.1  
14914.1  12656.7  10786.1  
14914.1  12656.7  10818.4  
14914.1  12723.2  10763.9  
14914.1  12723.2  10809.5  
14914.1  12723.2  10809.5  
14914.1  12671.2  10817.2  
14914.1  12701.1  10746.3  
14914.1  12624.3  10753.6  
14914.1  12709.2  10814.4  
14914.1  12701.1  10804.9  
39664.4  23917  14503.7  
39664.4  23955.4  14346.3  
39664.4  24039.9  14318.2  
39664.4  23686.1  14475.6  
39664.4  23947  14496.8  
39664.4  23947  14310.2  
39664.4  23917  14503.7  
39664.4  23917  14295  
39664.4  23796.3  14341.9  
39664.4  23730.7  14501.9  
39664.4  23796.3  14526.8  
39664.4  23947  14283.1  
39664.4  24039.9  14459.9  
39664.4  23947  14354.5  
39664.4  23990.4  14308.9  
39664.4  23756.8  14357.4  
39664.4  23947  14491.7  
39664.4  23906.7  14325.9  
39664.4  23947  14445.7  
39664.4  24031.4  14277.2  
90586.2  8512.99  808.097  
90586.2  8525.95  793.653  
90586.2  8512.99  801.895  
90586.2  8495.21  820.608  
90586.2  8522.41  794.975  
90586.2  8512.99  801.895  
90586.2  8510.05  808.635  
90586.2  8483.16  832.981  
90586.2  8525.95  795.858  
90586.2  8525.95  794.502  
90586.2  8525.95  793.125  
90586.2  8510.05  809.941  
90586.2  8440.91  863.646  
90586.2  8495.21  824.248  
90586.2  8440.91  873.43  
90586.2  8522.41  797.579  
90586.2  8495.21  815.325  
90586.2  8483.16  835.134  
90586.2  8512.99  807.837  
90586.2  8495.21  821.458  
49711.2  25011.6  12595.7  
49711.2  24987.3  12521.4  
49711.2  25013.2  12481.4  
49711.2  24883.9  12606.3  
49711.2  24987.3  12568.9  
49711.2  25011.6  12482.5  
49711.2  25013.2  12542.3  
49711.2  25011.6  12565.5  
49711.2  24839  12668.8  
49711.2  25013.2  12508.6  
49711.2  25013.2  12564.5  
49711.2  25011.6  12583  
49711.2  25055  12574  
49711.2  24867  12641.3  
49711.2  24959.8  12595  
49711.2  25055  12483.6  
49711.2  25038.6  12483.1  
49711.2  25064  12543.3  
49711.2  24867  12567.3  
49711.2  25064  12483.8  
