4 22 22 5
500 200
2200 1000 2200 1000 
1518.23 322.98 1
0.0690567 1 10
1123.33
1123.97
1126.87
1124.32
1124.07
1127.9
1124.67
1125.68
1126.81
1126.8
1125.95
1123.06
1124.04
1124.94
1125.63
1123.81
1124.87
1127.65
1127.92
1123.05
1126.94
1126.91
45.9223 -0.26345
46.0611 -0.6449
46.7698 1.24276
46.0856 -0.85387
44.9254 1.41135
46.9296 -1.09679
46.0125 -1.15255
44.6777 -1.63209
43.672 -0.10205
43.8479 -0.9153
46.4228 1.50138
44.9509 -0.43242
44.4793 0.83655
44.1887 -0.56939
44.3231 1.54152
44.4316 0.30832
44.4595 1.36187
47.0645 -0.36563
46.6368 -1.68835
45.8165 0.37127
46.4226 -1.62483
46.7778 1.24702
47.033 1.47613
45.2037 0.03116
45.0377 0.27569
46.6878 -0.93885
