4 66 5
5666.67 7577.94 15234.7 13159.3  3333.67 4441.98 8858.31 7787.38  1926.99 2567.66 5139.27 4495.96  1124.77 1503.67 2990.59 2651.1  657.078 866.983 1728.29 1531.79  
9053.31 12158.8 24323.2 21190.2  3057.78 4024.33 8051.68 7074.97  1007.3 1333.31 2663.62 2357.72  342.725 442.43 884.496 789.449  114.21 146.875 291.873 265.018  
5163.95 6899.91 13744.3 12079.3  3216.71 4274.24 8551.66 7473.81  1988.27 2658.18 5311.01 4656.52  1236.51 1644.36 3285.33 2887.87  770.684 1024.33 2067.48 1786.5  
9949.69 13201.2 26353.2 23094.5  2687.77 3614.35 7258.57 6322.62  727.227 991.347 1984.13 1747.86  197.192 271.591 554.992 472.882  53.2324 73.0358 149.377 128.077  
5666.67 7577.94 15234.7 13159.3  3284.01 4396.3 8830.88 7652.85  1921.49 2547.57 5101.9 4461.5  1148.72 1524.81 3013.3 2705.95  664.603 888.419 1749.66 1582.48  
9949.69 13201.2 26353.2 23094.5  2684.9 3588.67 7194.57 6293.36  726.806 996.553 2013.35 1741.14  199.377 286.88 580.273 500.081  54.0828 76.9113 157.116 134.165  
2998.2 3983.83 7953.28 6967.41  2336.94 3108.52 6181.02 5458.38  1824.67 2432.33 4865.57 4250.97  1423.21 1893.64 3795.08 3307.75  1110.64 1483.32 2969.6 2593.76  
1896.75 2539.51 5050.47 4450.36  1616.53 2178.28 4340.18 3808.85  1409.96 1882.67 3769.72 3284.51  1217.45 1618.69 3232.05 2834.06  1044.8 1392.4 2778.03 2439.64  
4864.32 6534.9 13042 11411.4  3102.91 4172.06 8350.7 7277.22  1994.55 2669.83 5337.36 4672.42  1305.27 1719.54 3421.61 3033.94  833.307 1101.66 2213.85 1929.28  
5666.67 7577.94 15234.7 13159.3  3280.96 4415.12 8844.18 7697.6  1939.99 2553.64 5108.44 4482.18  1126.97 1491.53 2976.49 2625.86  677.17 898.566 1759.62 1610.46  
4864.32 6534.9 13042 11411.4  3102.91 4172.06 8350.7 7277.22  2014.03 2675.34 5318.07 4710.77  1305.56 1725.28 3463.45 3019.66  843.824 1104.41 2215.97 1939.85  
1896.75 2539.51 5050.47 4450.36  1637.27 2179.4 4329.56 3828.16  1411.59 1881.71 3758.7 3290.55  1207.46 1619.34 3241.39 2825.13  1035.72 1390.97 2781.23 2429.47  
2991.47 3988.44 7929.65 6996.17  2324.38 3103.37 6161.33 5452.93  1819.32 2413.51 4796.06 4245.1  1424.75 1888.18 3768.09 3312.19  1109.87 1477.17 2951.59 2588.5  
11235.3 15064.4 30146.3 26253.2  1990.33 2578.58 5131.96 4600.41  337.247 445.222 895.174 795.327  58.5333 75.5271 154.11 135.514  11.1646 13.3825 26.8452 24.9797  
5163.95 6899.91 13744.3 12079.3  3216.71 4274.24 8551.66 7473.81  1996.09 2646.25 5285.63 4643.24  1224.25 1652.58 3316.8 2883.89  769.913 1026.15 2072.06 1788.19  
9053.31 12158.8 24323.2 21190.2  3028.5 4020.38 8045.21 7056.83  1035.43 1339.07 2670.15 2380.86  344.315 442.86 882.771 792.736  115.753 146.273 293.461 262.606  
5163.95 6899.91 13744.3 12079.3  3214.66 4266.35 8499.83 7488.48  1981.64 2657.58 5316.08 4648.27  1242.17 1652.83 3327.54 2883.62  770.993 1025.71 2069.27 1789.36  
5163.95 6899.91 13744.3 12079.3  3177.4 4262.63 8482.15 7476.23  1985.59 2651.82 5300.84 4644.1  1251.78 1656.43 3335.49 2891.98  777.478 1028.39 2085.63 1787.65  
4864.32 6534.9 13042 11411.4  3151.76 4185.91 8353.38 7335.14  1995.64 2676.14 5374.27 4663.85  1290.1 1716.03 3448.98 2997.1  826.233 1098.38 2189.1 1935.41  
2998.2 3983.83 7953.28 6967.41  2337.91 3105.91 6209.99 5429.28  1822.1 2409.18 4809.7 4223.34  1424.49 1898.37 3783.11 3331.21  1110.01 1485.19 2960.06 2606.17  
2998.2 3983.83 7953.28 6967.41  2335.41 3083.9 6155.35 5404.17  1818.64 2440.99 4864.78 4274.8  1424.28 1898.73 3783.13 3332.16  1112.31 1477.09 2955.77 2586.31  
4864.32 6534.9 13042 11411.4  3116.64 4168.94 8285.23 7322.42  2031.79 2687.36 5385.3 4702.71  1281.49 1715.67 3454.96 2988.29  833.449 1102.55 2227.01 1922.15  
2991.47 3988.44 7929.65 6996.17  2340.92 3103.42 6186 5441.06  1819.92 2413.51 4797.05 4244.67  1407.76 1897.82 3788.48 3318.92  1103.96 1487.23 2987.81 2589.06  
5666.67 7577.94 15234.7 13159.3  3280.96 4415.12 8844.18 7697.6  1932.28 2572.82 5141.38 4511.45  1143.67 1500.14 2982.65 2653.65  666.925 872.536 1729.17 1551.41  
4864.32 6534.9 13042 11411.4  3122.03 4181.9 8346.59 7316.86  1987.82 2666.32 5338.84 4658.32  1295.13 1718.55 3449.59 3006.09  832.513 1099.75 2204.82 1930.1  
9053.31 12158.8 24323.2 21190.2  3056.85 4028.06 8014.38 7114.01  1019.81 1333.36 2681.84 2348.97  333.83 440.517 896.038 771.658  114.135 146.718 297.386 260.349  
5666.67 7577.94 15234.7 13159.3  3268.59 4352.34 8766.54 7564.73  1954.5 2612.3 5185.22 4604.29  1131.4 1508.3 2998.71 2660.87  675.171 892.038 1750.6 1596.96  
9053.31 12158.8 24323.2 21190.2  3028.5 4020.38 8045.21 7056.83  1036.59 1337.25 2670.09 2375.86  344.394 444.079 884.021 795.471  113.114 145.78 292.19 261.057  
2998.2 3983.83 7953.28 6967.41  2338.93 3096.22 6172.29 5429.29  1817.87 2438.28 4861.08 4269.27  1422.75 1881.6 3764.54 3294.8  1111.56 1483.36 2974.99 2590.18  
2991.47 3988.44 7929.65 6996.17  2337.36 3117.43 6224.06 5452.59  1803.74 2422.78 4821.82 4247.31  1416.91 1880.63 3734.1 3312.3  1109.97 1485.29 2976.23 2594.28  
1896.75 2539.51 5050.47 4450.36  1611.72 2168.68 4302.47 3806.84  1399.39 1875.58 3731.78 3287.82  1216.67 1621.01 3238.22 2835.97  1046.21 1395.02 2800.74 2430.92  
5163.95 6899.91 13744.3 12079.3  3206.47 4275.96 8580.1 7453.65  1992.14 2657.53 5300.27 4664.18  1237.31 1649.92 3314.16 2883.12  763.355 1019.05 2033.24 1793.61  
5163.95 6899.91 13744.3 12079.3  3206.47 4275.96 8580.1 7453.65  1985.85 2645.56 5253.93 4661.03  1245.03 1651.54 3320.6 2886.05  772.255 1025.74 2064.98 1793.12  
5666.67 7577.94 15234.7 13159.3  3280.96 4415.12 8844.18 7697.6  1960.59 2585.09 5142.44 4558.39  1140.79 1509.08 2993.41 2671.38  652.563 864.077 1727.76 1521.65  
5163.95 6899.91 13744.3 12079.3  3205.49 4279.93 8540.38 7494.74  1986.03 2657.16 5332.85 4636.3  1236.95 1648.54 3312.34 2880.29  775.137 1019.1 2040.85 1792.62  
5666.67 7577.94 15234.7 13159.3  3284.8 4408.85 8843.91 7680.65  1928.44 2579.08 5141.65 4528.4  1135.46 1498.64 2984.59 2644.45  677.441 883.912 1739.88 1581.63  
2697.26 3611.98 7259.24 6272.6  2178.54 2898.55 5802.5 5059.68  1734.64 2322.71 4654.75 4049.18  1396.94 1852.04 3706.91 3239.64  1102.63 1473.56 2964.57 2564.29  
2697.26 3611.98 7259.24 6272.6  2166.07 2899.65 5814.03 5049.43  1736.7 2316.03 4645.72 4036.91  1391.59 1864.09 3724.39 3260.15  1124.28 1493.99 2978.51 2623.01  
4864.32 6534.9 13042 11411.4  3102.91 4172.06 8350.7 7277.22  2014.03 2675.34 5318.07 4710.77  1305.56 1725.28 3463.45 3019.66  843.824 1104.41 2215.97 1939.85  
5163.95 6899.91 13744.3 12079.3  3216.71 4274.24 8551.66 7473.81  1988.88 2655.71 5335.7 4630.99  1231.64 1651.25 3307 2890.23  772.302 1022.65 2049.96 1795.27  
2998.2 3983.83 7953.28 6967.41  2335.41 3083.9 6155.35 5404.17  1818.64 2440.99 4864.78 4274.8  1424.28 1898.73 3783.13 3332.16  1112.31 1477.09 2955.77 2586.31  
9053.31 12158.8 24323.2 21190.2  3001.68 3999.91 8027.38 6998.9  1044.39 1349.58 2679.81 2408.21  350.911 446.174 886.709 802.086  122.403 150.56 296.45 275.806  
4864.32 6534.9 13042 11411.4  3102.91 4172.06 8350.7 7277.22  1994.55 2669.83 5337.36 4672.42  1305.27 1719.54 3421.61 3033.94  833.307 1101.66 2213.85 1929.28  
2697.26 3611.98 7259.24 6272.6  2179.04 2906.48 5810.76 5077.2  1734.14 2314.67 4646.38 4031.44  1391.12 1860.42 3724.8 3248.75  1104.56 1484.6 2974.2 2590.63  
1896.75 2539.51 5050.47 4450.36  1622.12 2177.5 4326.3 3819.12  1410.31 1881.96 3754.1 3294.25  1203.86 1607.31 3190.54 2826.17  1048.86 1389.78 2774.68 2435.91  
5163.95 6899.91 13744.3 12079.3  3177.4 4262.63 8482.15 7476.23  2007.97 2662.61 5344.46 4652.17  1243.7 1650.8 3334.47 2873.08  775.401 1024.61 2062.55 1792.83  
5163.95 6899.91 13744.3 12079.3  3214.66 4266.35 8499.83 7488.48  1981.64 2657.58 5316.08 4648.27  1242.17 1652.83 3327.54 2883.62  770.993 1025.71 2069.27 1789.36  
5666.67 7577.94 15234.7 13159.3  3333.67 4441.98 8858.31 7787.38  1926.99 2567.66 5139.27 4495.96  1124.77 1503.67 2990.59 2651.1  657.078 866.983 1728.29 1531.79  
11235.3 15064.4 30146.3 26253.2  1957.35 2573.47 5130.45 4573.41  365.317 449.462 897.652 817.033  62.836 76.5225 153.216 140.905  11.7278 13.3682 26.8149 25.1805  
9053.31 12158.8 24323.2 21190.2  3016.71 4014.74 8022.6 7052.57  1040.73 1342.82 2681.58 2385.49  346.527 443.081 890.708 788.187  118.858 147.525 294.658 266.652  
2991.47 3988.44 7929.65 6996.17  2331.75 3117.41 6215.68 5456.62  1825.3 2432.63 4863.3 4253.8  1425.1 1892.23 3775.48 3318.93  1102.9 1467.15 2916.03 2582.87  
5666.67 7577.94 15234.7 13159.3  3313.06 4419.19 8850.48 7717.44  1909.58 2538.17 5093.76 4435.32  1131.85 1515.64 3006.29 2677.23  664.016 879.054 1740.04 1561.37  
9949.69 13201.2 26353.2 23094.5  2688.94 3603.04 7214.44 6322.63  726.989 995.558 2013.04 1738.51  196.255 274.025 560.211 475.828  53.1154 77.448 159.669 133.433  
11235.3 15064.4 30146.3 26253.2  1969.41 2579.55 5127.92 4598.37  355.669 442.614 898.472 792  61.8238 77.4181 154.684 142.099  10.577 13.2582 26.8896 24.34  
1896.75 2539.51 5050.47 4450.36  1622.12 2177.5 4326.3 3819.12  1411.02 1875.98 3731.31 3293.89  1203.77 1608.14 3193.67 2826.22  1045.78 1394.92 2790.64 2437.99  
11235.3 15064.4 30146.3 26253.2  1981.79 2583.12 5149.16 4597.61  339.174 438.186 879.46 786.792  65.0816 77.8432 153.13 145.84  11.286 13.6151 26.3273 26.1907  
1896.75 2539.51 5050.47 4450.36  1630.36 2183.39 4344.15 3826.37  1404.57 1881.94 3764.02 3284.54  1209.4 1618.75 3238.61 2826.21  1047.73 1387.37 2764.18 2436.24  
11235.3 15064.4 30146.3 26253.2  1957.35 2573.47 5130.45 4573.41  365.317 449.462 897.652 817.033  62.836 76.5225 153.216 140.905  11.7278 13.3682 26.8149 25.1805  
9949.69 13201.2 26353.2 23094.5  2675 3600.79 7262.03 6274.77  736.532 1001.21 1981.64 1782.74  199.457 271.591 548.602 478.458  53.9652 75.6668 154.485 132.349  
1896.75 2539.51 5050.47 4450.36  1630.36 2183.39 4344.15 3826.37  1392.01 1874.19 3737.98 3276.26  1211.26 1611.86 3203.3 2832.93  1042.83 1394.42 2795.1 2432.06  
9949.69 13201.2 26353.2 23094.5  2684.9 3588.67 7194.57 6293.36  726.806 996.553 2013.35 1741.14  199.377 286.88 580.273 500.081  54.0828 76.9113 157.116 134.165  
9949.69 13201.2 26353.2 23094.5  2685.44 3629 7269.09 6357.15  729.706 979.416 1976.47 1719.21  196.178 266.339 548.275 461.994  53.9878 75.3067 153.492 132.06  
4864.32 6534.9 13042 11411.4  3132.48 4180.22 8319.41 7336.32  2013.7 2679.65 5351.19 4698.47  1283.52 1713.71 3438.82 2995.3  836.48 1104.53 2228.47 1928.11  
2998.2 3983.83 7953.28 6967.41  2339.44 3104.43 6180.85 5447.37  1820.92 2416.89 4845.27 4219.03  1424.42 1897.01 3781.71 3328.19  1106.87 1483.41 2982.65 2582.75  
2697.26 3611.98 7259.24 6272.6  2178.54 2898.55 5802.5 5059.68  1719.03 2304.25 4637.73 4001.13  1380.38 1857.16 3720.14 3238.35  1120.84 1494.42 2984.93 2618.01  
5163.95 6899.91 13744.3 12079.3  3182.9 4275.87 8544.96 7470.56  2001.68 2655.1 5338.26 4632.22  1239.69 1642.73 3268.81 2896.69  777.225 1025.5 2065.97 1793.59  
