4 200 5
5163.95 6899.91 13744.3 12079.3  3205.49 4279.93 8540.38 7494.74  1999.49 2652.49 5322.29 4635.59  1240.23 1647.41 3309.76 2880.12  764.094 1024.98 2062.35 1789.71  
5163.95 6899.91 13744.3 12079.3  3205.49 4279.93 8540.38 7494.74  1978.47 2653.51 5318.12 4633.57  1239.8 1649.92 3317.92 2881.32  771.82 1021.82 2048.44 1793.72  
5163.95 6899.91 13744.3 12079.3  3206.47 4275.96 8580.1 7453.65  1993.13 2649.08 5268.09 4663.67  1237.93 1652.41 3310.88 2893.13  766.626 1024.06 2054.98 1793.41  
5163.95 6899.91 13744.3 12079.3  3177.4 4262.63 8482.15 7476.23  1996.62 2663.73 5354.9 4643.31  1248 1650.38 3330.51 2876.42  775.603 1024.77 2066.96 1790.07  
5163.95 6899.91 13744.3 12079.3  3195.05 4281.76 8568.63 7474.96  2003.45 2651.8 5311.62 4643.08  1234.44 1641.75 3269.93 2890.9  768.359 1024.87 2058.33 1793.98  
5163.95 6899.91 13744.3 12079.3  3216.71 4274.24 8551.66 7473.81  1988.88 2655.71 5335.7 4630.99  1231.64 1651.25 3307 2890.23  772.302 1022.65 2049.96 1795.27  
5163.95 6899.91 13744.3 12079.3  3216.71 4274.24 8551.66 7473.81  1988.27 2658.18 5311.01 4656.52  1236.51 1644.36 3285.33 2887.87  770.684 1024.33 2067.48 1786.5  
5163.95 6899.91 13744.3 12079.3  3214.66 4266.35 8499.83 7488.48  1982.76 2649.18 5283.97 4647.81  1234.72 1656.72 3346.23 2878.31  773.39 1027.42 2074.35 1791.55  
5163.95 6899.91 13744.3 12079.3  3182.9 4275.87 8544.96 7470.56  2001.68 2655.1 5338.26 4632.22  1239.69 1642.73 3268.81 2896.69  777.225 1025.5 2065.97 1793.59  
5163.95 6899.91 13744.3 12079.3  3182.9 4275.87 8544.96 7470.56  2008.07 2654.03 5320.57 4644.75  1244.75 1645.32 3288.64 2891.48  772.034 1026.29 2065.21 1794.51  
5163.95 6899.91 13744.3 12079.3  3206.47 4275.96 8580.1 7453.65  1992.14 2657.53 5300.27 4664.18  1237.31 1649.92 3314.16 2883.12  763.355 1019.05 2033.24 1793.61  
5163.95 6899.91 13744.3 12079.3  3214.66 4266.35 8499.83 7488.48  1982.76 2649.18 5283.97 4647.81  1241.74 1656.02 3339.68 2883.79  766.448 1023.05 2055.89 1789.58  
5163.95 6899.91 13744.3 12079.3  3177.4 4262.63 8482.15 7476.23  2007.97 2662.61 5344.46 4652.17  1243.7 1650.8 3334.47 2873.08  775.401 1024.61 2062.55 1792.83  
5163.95 6899.91 13744.3 12079.3  3206.47 4275.96 8580.1 7453.65  1999.98 2645.6 5274.95 4650.88  1224.52 1647.05 3285.75 2890.83  766.536 1027.83 2068.6 1794.37  
5163.95 6899.91 13744.3 12079.3  3216.71 4274.24 8551.66 7473.81  1996.09 2646.25 5285.63 4643.24  1224.25 1652.58 3316.8 2883.89  769.913 1026.15 2072.06 1788.19  
5163.95 6899.91 13744.3 12079.3  3206.47 4275.96 8580.1 7453.65  1985.85 2645.56 5253.93 4661.03  1245.03 1651.54 3320.6 2886.05  772.255 1025.74 2064.98 1793.12  
5163.95 6899.91 13744.3 12079.3  3182.9 4275.87 8544.96 7470.56  1986.96 2655.04 5316.37 4642.72  1253.56 1647.99 3310.3 2886.58  771.949 1023.51 2050.24 1797.43  
5163.95 6899.91 13744.3 12079.3  3205.49 4279.93 8540.38 7494.74  1986.03 2657.16 5332.85 4636.3  1236.95 1648.54 3312.34 2880.29  775.137 1019.1 2040.85 1792.62  
5163.95 6899.91 13744.3 12079.3  3214.66 4266.35 8499.83 7488.48  1981.64 2657.58 5316.08 4648.27  1242.17 1652.83 3327.54 2883.62  770.993 1025.71 2069.27 1789.36  
5163.95 6899.91 13744.3 12079.3  3177.4 4262.63 8482.15 7476.23  1985.59 2651.82 5300.84 4644.1  1251.78 1656.43 3335.49 2891.98  777.478 1028.39 2085.63 1787.65  
9949.69 13201.2 26353.2 23094.5  2686.65 3617.42 7224.78 6356.54  725.529 975.994 1991.84 1695.84  199.199 279.766 573.096 484.399  53.7 77.0414 158.191 133.573  
9949.69 13201.2 26353.2 23094.5  2679.2 3615.68 7282.62 6305.12  734.257 989.072 1966.69 1757.05  198.057 269.601 544.543 475.09  53.6506 75.8647 154.942 132.48  
9949.69 13201.2 26353.2 23094.5  2682.72 3581.74 7150.25 6305.17  730.086 1010.03 2066.11 1742.92  198.785 281.723 574.106 489.172  53.5445 76.813 157.645 133.229  
9949.69 13201.2 26353.2 23094.5  2689.53 3612.62 7224.51 6343.69  723.289 996.245 2027.81 1728.07  198.654 268.792 544.686 472.877  53.8076 73.7407 152.367 128.2  
9949.69 13201.2 26353.2 23094.5  2688.36 3624.11 7268.82 6344.07  727.093 983.424 1985.97 1722.97  196.897 268.673 542.106 473.773  53.2103 74.4893 152.22 130.275  
9949.69 13201.2 26353.2 23094.5  2679.2 3615.68 7282.62 6305.12  734.257 989.072 1966.69 1757.05  198.269 271.541 549.404 477.299  53.6456 74.4914 150.205 131.953  
9949.69 13201.2 26353.2 23094.5  2679.2 3615.68 7282.62 6305.12  733.776 989.546 1975.95 1751.21  198.707 270.344 539.376 481.542  53.7346 74.9148 150.745 132.854  
9949.69 13201.2 26353.2 23094.5  2684.9 3588.67 7194.57 6293.36  726.806 996.553 2013.35 1741.14  199.377 286.88 580.273 500.081  54.0828 76.9113 157.116 134.165  
9949.69 13201.2 26353.2 23094.5  2688.94 3603.04 7214.44 6322.63  724.52 1001.85 2035.05 1739.71  197.894 268.988 541.061 475.86  53.9734 76.1485 156.085 132.607  
9949.69 13201.2 26353.2 23094.5  2684.9 3588.67 7194.57 6293.36  728.254 999.976 2009.27 1754.86  197.551 282.161 582.628 483.721  54.3137 77.6926 157.377 136.323  
9949.69 13201.2 26353.2 23094.5  2688.94 3603.04 7214.44 6322.63  726.989 995.558 2013.04 1738.51  196.255 274.025 560.211 475.828  53.1154 77.448 159.669 133.433  
9949.69 13201.2 26353.2 23094.5  2688.94 3603.04 7214.44 6322.63  725.896 991.574 2007.47 1730.46  196.326 277.848 569.523 480.218  54.0561 77.2758 155.456 136.444  
9949.69 13201.2 26353.2 23094.5  2689.53 3612.62 7224.51 6343.69  726.72 991.274 2008.62 1728.99  196.278 272.902 561.935 471.276  52.8802 73.1372 151.553 126.642  
9949.69 13201.2 26353.2 23094.5  2679.81 3625.62 7293.06 6326.95  729.85 978.656 1969.34 1722.23  200.221 273.127 542.525 488.07  55.0271 73.8283 146.613 133.303  
9949.69 13201.2 26353.2 23094.5  2675 3600.79 7262.03 6274.77  736.532 1001.21 1981.64 1782.74  199.457 271.591 548.602 478.458  53.9652 75.6668 154.485 132.349  
9949.69 13201.2 26353.2 23094.5  2675 3600.79 7262.03 6274.77  735.705 996.29 1985.3 1764.84  200.404 276.976 548.253 495.308  54.1498 76.0164 152.459 135.001  
9949.69 13201.2 26353.2 23094.5  2685.44 3629 7269.09 6357.15  729.706 979.416 1976.47 1719.21  196.178 266.339 548.275 461.994  53.9878 75.3067 153.492 132.06  
9949.69 13201.2 26353.2 23094.5  2687.77 3614.35 7258.57 6322.62  727.227 991.347 1984.13 1747.86  197.192 271.591 554.992 472.882  53.2324 73.0358 149.377 128.077  
9949.69 13201.2 26353.2 23094.5  2679.2 3615.68 7282.62 6305.12  733.776 989.546 1975.95 1751.21  197.676 270.181 542.938 477.888  54.4868 75.0346 148.174 135.512  
9949.69 13201.2 26353.2 23094.5  2682.72 3581.74 7150.25 6305.17  731.526 1010.95 2059.3 1751.17  197.32 277.733 569.567 480.193  53.5743 77.6949 162.958 131.967  
2998.2 3983.83 7953.28 6967.41  2337.91 3105.91 6209.99 5429.28  1822.1 2409.18 4809.7 4223.34  1424.49 1898.37 3783.11 3331.21  1110.01 1485.19 2960.06 2606.17  
2998.2 3983.83 7953.28 6967.41  2339.44 3104.43 6180.85 5447.37  1824.12 2433.23 4865.6 4253.39  1416.99 1902.8 3813.2 3318.86  1106.06 1472.49 2962.92 2564.89  
2998.2 3983.83 7953.28 6967.41  2338.93 3096.22 6172.29 5429.29  1825.02 2427.33 4837.83 4257.09  1420.52 1889.75 3792.46 3297.16  1108.77 1477.97 2965.69 2580.11  
2998.2 3983.83 7953.28 6967.41  2337.91 3105.91 6209.99 5429.28  1822.47 2436.17 4859.36 4266.12  1419.27 1899.24 3808.06 3313.07  1112.02 1473.24 2939.66 2586.89  
2998.2 3983.83 7953.28 6967.41  2330.27 3118.42 6210.52 5462.95  1822.93 2413.85 4838.83 4215.65  1419.26 1903.99 3812.56 3323.72  1109.48 1484.92 2961.28 2604.28  
2998.2 3983.83 7953.28 6967.41  2338.93 3096.22 6172.29 5429.29  1821.03 2418.67 4847.13 4222.96  1422.34 1906.99 3806.46 3338.35  1110.95 1482.1 2968.87 2590.79  
2998.2 3983.83 7953.28 6967.41  2335.41 3083.9 6155.35 5404.17  1825.79 2430.02 4841.52 4262.6  1416.54 1892.39 3807.75 3291.96  1107.43 1492.15 2987.71 2605  
2998.2 3983.83 7953.28 6967.41  2326.81 3094.24 6212.96 5388.21  1817.82 2419.8 4854.07 4219.77  1425.71 1907.17 3796.04 3348.08  1114.07 1477.62 2942.77 2598.34  
2998.2 3983.83 7953.28 6967.41  2330.46 3107.01 6230.52 5414.26  1818.26 2436.97 4871.03 4258.09  1420.24 1901.42 3801.1 3325.08  1114.61 1476.26 2938.26 2597.93  
2998.2 3983.83 7953.28 6967.41  2337.91 3105.91 6209.99 5429.28  1824.85 2418.8 4822.94 4242.97  1420.78 1889.5 3787.49 3300.23  1107.14 1484.31 2979.89 2587.56  
2998.2 3983.83 7953.28 6967.41  2330.27 3118.42 6210.52 5462.95  1819.91 2424.51 4868.35 4223.89  1424.49 1900.83 3793.46 3330.75  1110.92 1471.35 2950.52 2572.71  
2998.2 3983.83 7953.28 6967.41  2337.91 3105.91 6209.99 5429.28  1822.1 2409.18 4809.7 4223.34  1416.8 1892.14 3802.76 3295.03  1108.52 1491.3 2969.91 2616.3  
2998.2 3983.83 7953.28 6967.41  2330.27 3118.42 6210.52 5462.95  1826.93 2422.49 4829.54 4249.72  1424.5 1898.73 3801.84 3318.24  1110.12 1484.19 2969.64 2596.08  
2998.2 3983.83 7953.28 6967.41  2335.41 3083.9 6155.35 5404.17  1818.64 2440.99 4864.78 4274.8  1424.28 1898.73 3783.13 3332.16  1112.31 1477.09 2955.77 2586.31  
2998.2 3983.83 7953.28 6967.41  2336.94 3108.52 6181.02 5458.38  1824.67 2432.33 4865.57 4250.97  1423.21 1893.64 3795.08 3307.75  1110.64 1483.32 2969.6 2593.76  
2998.2 3983.83 7953.28 6967.41  2338.93 3096.22 6172.29 5429.29  1817.87 2438.28 4861.08 4269.27  1422.75 1881.6 3764.54 3294.8  1111.56 1483.36 2974.99 2590.18  
2998.2 3983.83 7953.28 6967.41  2335.41 3083.9 6155.35 5404.17  1825.4 2423.59 4834.8 4248.46  1422.8 1902.53 3789.65 3337.94  1109.48 1474.15 2952.71 2578.81  
2998.2 3983.83 7953.28 6967.41  2339.44 3104.43 6180.85 5447.37  1820.92 2416.89 4845.27 4219.03  1424.42 1897.01 3781.71 3328.19  1106.87 1483.41 2982.65 2582.75  
2998.2 3983.83 7953.28 6967.41  2326.81 3094.24 6212.96 5388.21  1827.69 2427.77 4828.99 4266.1  1423.25 1884.31 3762.66 3304.42  1112.44 1480.86 2955.45 2597.75  
2998.2 3983.83 7953.28 6967.41  2337.91 3105.91 6209.99 5429.28  1818.24 2427.24 4868.45 4231.22  1422.23 1887.67 3777.58 3302.78  1111.81 1482.33 2962.28 2596.75  
5666.67 7577.94 15234.7 13159.3  3284.8 4408.85 8843.91 7680.65  1930.7 2575.43 5141.49 4518.43  1142.73 1501.65 2982.71 2657.75  672.861 887.806 1743.26 1589.05  
5666.67 7577.94 15234.7 13159.3  3333.67 4441.98 8858.31 7787.38  1901.13 2528.82 5090.52 4406.98  1136.54 1513.59 3006.58 2672.87  655.078 869.332 1730.39 1536.14  
5666.67 7577.94 15234.7 13159.3  3284.01 4396.3 8830.88 7652.85  1921.49 2547.57 5101.9 4461.5  1148.72 1524.81 3013.3 2705.95  664.603 888.419 1749.66 1582.48  
5666.67 7577.94 15234.7 13159.3  3284.8 4408.85 8843.91 7680.65  1930.24 2568.1 5133.91 4502.08  1139.52 1496.25 2973.03 2647.6  674.993 889.494 1747.94 1591.27  
5666.67 7577.94 15234.7 13159.3  3313.83 4431.53 8863.3 7744.78  1932.14 2561.24 5122.46 4491.35  1138.94 1512.19 2993.76 2679.67  652.733 872.075 1735.6 1539.7  
5666.67 7577.94 15234.7 13159.3  3284.8 4408.85 8843.91 7680.65  1928.44 2579.08 5141.65 4528.4  1135.46 1498.64 2984.59 2644.45  677.441 883.912 1739.88 1581.63  
5666.67 7577.94 15234.7 13159.3  3297.9 4375.96 8787.2 7630.79  1940.1 2606.05 5176.72 4586.73  1142.27 1516.7 3002.92 2687.44  660.43 879.172 1744.72 1557.06  
5666.67 7577.94 15234.7 13159.3  3268.59 4352.34 8766.54 7564.73  1966.2 2618.46 5182.29 4629.63  1135.51 1519.93 3011.05 2688.11  657.51 871.736 1736.15 1539.97  
5666.67 7577.94 15234.7 13159.3  3284.8 4408.85 8843.91 7680.65  1947.76 2588.68 5152.76 4556.17  1143.28 1512.26 2989.29 2685.01  666.242 876.604 1735.72 1558.59  
5666.67 7577.94 15234.7 13159.3  3280.96 4415.12 8844.18 7697.6  1960.59 2585.09 5142.44 4558.39  1140.79 1509.08 2993.41 2671.38  652.563 864.077 1727.76 1521.65  
5666.67 7577.94 15234.7 13159.3  3332.92 4429.85 8845.71 7760.52  1938.85 2578.92 5141.76 4532.23  1106.12 1475.1 2962.01 2580.08  664.189 881.389 1743.56 1566.02  
5666.67 7577.94 15234.7 13159.3  3280.96 4415.12 8844.18 7697.6  1939.99 2553.64 5108.44 4482.18  1126.97 1491.53 2976.49 2625.86  677.17 898.566 1759.62 1610.46  
5666.67 7577.94 15234.7 13159.3  3280.96 4415.12 8844.18 7697.6  1932.28 2572.82 5141.38 4511.45  1143.67 1500.14 2982.65 2653.65  666.925 872.536 1729.17 1551.41  
5666.67 7577.94 15234.7 13159.3  3297.9 4375.96 8787.2 7630.79  1953.5 2601.43 5166.24 4586.18  1134.63 1508.24 2994.52 2665.5  660.791 880.649 1744.18 1562.03  
5666.67 7577.94 15234.7 13159.3  3313.06 4419.19 8850.48 7717.44  1909.58 2538.17 5093.76 4435.32  1131.85 1515.64 3006.29 2677.23  664.016 879.054 1740.04 1561.37  
5666.67 7577.94 15234.7 13159.3  3329.96 4448.03 8858.57 7803.76  1938.37 2581.89 5143.87 4539.4  1122.6 1488.95 2984.14 2611.33  659.926 872.799 1735.46 1544.96  
5666.67 7577.94 15234.7 13159.3  3333.67 4441.98 8858.31 7787.38  1926.99 2567.66 5139.27 4495.96  1124.77 1503.67 2990.59 2651.1  657.078 866.983 1728.29 1531.79  
5666.67 7577.94 15234.7 13159.3  3310.06 4437.69 8863.56 7761.44  1945.36 2565.07 5119.85 4510.03  1134.98 1508.01 2994.75 2664.92  659.412 877.389 1739.05 1555.78  
5666.67 7577.94 15234.7 13159.3  3268.59 4352.34 8766.54 7564.73  1954.5 2612.3 5185.22 4604.29  1131.4 1508.3 2998.71 2660.87  675.171 892.038 1750.6 1596.96  
5666.67 7577.94 15234.7 13159.3  3278.61 4377.46 8805.09 7614.21  1932.78 2581.11 5150.13 4529.33  1145.23 1525.04 3008.37 2709.24  669.033 879.309 1738.55 1565.39  
1896.75 2539.51 5050.47 4450.36  1635.14 2187.29 4376.38 3815.6  1412.53 1874.63 3729.34 3291.99  1207.06 1616.35 3219.49 2832.52  1043.29 1392.59 2780.36 2437.86  
1896.75 2539.51 5050.47 4450.36  1641.14 2179.41 4335.32 3825.38  1386.39 1866.49 3706.73 3274.67  1217.86 1615.64 3221.77 2832.85  1047.59 1390.51 2775.66 2436.83  
1896.75 2539.51 5050.47 4450.36  1616.53 2178.28 4340.18 3808.85  1409.96 1882.67 3769.72 3284.51  1217.45 1618.69 3232.05 2834.06  1044.8 1392.4 2778.03 2439.64  
1896.75 2539.51 5050.47 4450.36  1630.36 2183.39 4344.15 3826.37  1392.01 1874.19 3737.98 3276.26  1211.26 1611.86 3203.3 2832.93  1042.83 1394.42 2795.1 2432.06  
1896.75 2539.51 5050.47 4450.36  1636.46 2186.35 4356.01 3828.58  1403.07 1878.18 3739.76 3291.02  1208.19 1615.99 3220.87 2830.84  1035.12 1386.65 2762.58 2430.4  
1896.75 2539.51 5050.47 4450.36  1630.36 2183.39 4344.15 3826.37  1404.57 1881.94 3764.02 3284.54  1209.4 1618.75 3238.61 2826.21  1047.73 1387.37 2764.18 2436.24  
1896.75 2539.51 5050.47 4450.36  1636.46 2186.35 4356.01 3828.58  1403.07 1878.18 3739.76 3291.02  1204.16 1616.64 3231.39 2823.34  1036.37 1382.24 2744.59 2431.29  
1896.75 2539.51 5050.47 4450.36  1641.14 2179.41 4335.32 3825.38  1411.05 1881.7 3757.9 3290.94  1201.13 1607.08 3188.78 2825.76  1039.61 1392.12 2778.78 2436.18  
1896.75 2539.51 5050.47 4450.36  1611.72 2168.68 4302.47 3806.84  1399.39 1875.58 3731.78 3287.82  1216.67 1621.01 3238.22 2835.97  1046.21 1395.02 2800.74 2430.92  
1896.75 2539.51 5050.47 4450.36  1635.14 2187.29 4376.38 3815.6  1408.5 1880.59 3747.13 3294.74  1197.38 1611.74 3214.08 2819.17  1036.74 1382.45 2743.16 2433.16  
1896.75 2539.51 5050.47 4450.36  1623.2 2170.72 4300.39 3818.87  1410.87 1876.92 3734.89 3293.92  1198.7 1614.56 3226.31 2818.83  1037.19 1389.2 2770.18 2433.02  
1896.75 2539.51 5050.47 4450.36  1636.46 2186.35 4356.01 3828.58  1411.71 1880.74 3755.02 3290.49  1200.89 1611.28 3205.53 2825.56  1043.25 1393.19 2794.58 2428.96  
1896.75 2539.51 5050.47 4450.36  1616.53 2178.28 4340.18 3808.85  1389.77 1866.64 3706.05 3276.97  1217.95 1615.77 3216.91 2836.89  1050.54 1390.63 2775.76 2438.26  
1896.75 2539.51 5050.47 4450.36  1640.4 2186.36 4361.88 3825.75  1395.43 1873.11 3723.58 3285.19  1203.39 1607.31 3189.84 2826.51  1045.46 1394.2 2787.3 2438.24  
1896.75 2539.51 5050.47 4450.36  1631.13 2187.28 4370.41 3818.48  1404.61 1872.12 3715.19 3292.11  1213.84 1613.75 3211.46 2833.43  1040.61 1393.9 2793.48 2430.88  
1896.75 2539.51 5050.47 4450.36  1622.12 2177.5 4326.3 3819.12  1411.02 1875.98 3731.31 3293.89  1203.77 1608.14 3193.67 2826.22  1045.78 1394.92 2790.64 2437.99  
1896.75 2539.51 5050.47 4450.36  1637.27 2179.4 4329.56 3828.16  1411.59 1881.71 3758.7 3290.55  1207.46 1619.34 3241.39 2825.13  1035.72 1390.97 2781.23 2429.47  
1896.75 2539.51 5050.47 4450.36  1636.46 2186.35 4356.01 3828.58  1396.9 1867.28 3702.09 3284.58  1214.17 1614.55 3215.26 2833.07  1036.94 1392.68 2789.06 2429.14  
1896.75 2539.51 5050.47 4450.36  1622.12 2177.5 4326.3 3819.12  1410.31 1881.96 3754.1 3294.25  1203.86 1607.31 3190.54 2826.17  1048.86 1389.78 2774.68 2435.91  
1896.75 2539.51 5050.47 4450.36  1640.4 2186.36 4361.88 3825.75  1402.52 1878.18 3738.94 3291.42  1201.62 1611.63 3206.94 2825.82  1035.56 1387.25 2763.81 2431.44  
4864.32 6534.9 13042 11411.4  3105.91 4170.42 8311.8 7302.72  2023.2 2683.17 5353.9 4710.55  1294.03 1715.36 3429.57 3011.11  841.57 1105.74 2226.2 1935.27  
4864.32 6534.9 13042 11411.4  3102.91 4172.06 8350.7 7277.22  1994.55 2669.83 5337.36 4672.42  1305.27 1719.54 3421.61 3033.94  833.307 1101.66 2213.85 1929.28  
4864.32 6534.9 13042 11411.4  3116.64 4168.94 8285.23 7322.42  2031.79 2687.36 5385.3 4702.71  1281.49 1715.67 3454.96 2988.29  833.449 1102.55 2227.01 1922.15  
4864.32 6534.9 13042 11411.4  3122.03 4181.9 8346.59 7316.86  1987.82 2666.32 5338.84 4658.32  1295.13 1718.55 3449.59 3006.09  832.513 1099.75 2204.82 1930.1  
4864.32 6534.9 13042 11411.4  3086.5 4160.38 8315.31 7262.83  2038.34 2687.92 5392.27 4701.7  1302.13 1721.9 3428.8 3034.35  837.066 1103.79 2205.47 1943.32  
4864.32 6534.9 13042 11411.4  3105.91 4170.42 8311.8 7302.72  2004.1 2677.92 5374.02 4672.59  1315.47 1724.24 3450.61 3029.98  842.755 1104.44 2214.47 1940.7  
4864.32 6534.9 13042 11411.4  3132.48 4180.22 8319.41 7336.32  2026.1 2683.3 5373.05 4697.71  1298.02 1718.77 3448.22 3008.88  819.472 1096.88 2201.92 1918.66  
4864.32 6534.9 13042 11411.4  3132.48 4180.22 8319.41 7336.32  2013.7 2679.65 5351.19 4698.47  1283.52 1713.71 3438.82 2995.3  836.48 1104.53 2228.47 1928.11  
4864.32 6534.9 13042 11411.4  3102.91 4172.06 8350.7 7277.22  2014.03 2675.34 5318.07 4710.77  1305.56 1725.28 3463.45 3019.66  843.824 1104.41 2215.97 1939.85  
4864.32 6534.9 13042 11411.4  3151.76 4185.91 8353.38 7335.14  2012.7 2682.39 5378.71 4685.66  1293.19 1715.44 3445.35 2999.32  821.932 1095.97 2181.83 1932.02  
4864.32 6534.9 13042 11411.4  3086.5 4160.38 8315.31 7262.83  2031.08 2691.55 5385.01 4715.13  1285.57 1712.41 3429.66 2999.15  845.97 1107.86 2221.09 1947.11  
4864.32 6534.9 13042 11411.4  3133.95 4187.66 8369.71 7321.18  2006.46 2678.06 5350.67 4691.43  1301.41 1717.97 3433.59 3018.8  832.15 1100.9 2212.49 1927.63  
4864.32 6534.9 13042 11411.4  3151.76 4185.91 8353.38 7335.14  2000.12 2678.69 5356.53 4686.43  1297.7 1716.78 3453.33 2999.04  821.163 1097.63 2204.15 1919.9  
4864.32 6534.9 13042 11411.4  3144.19 4185.88 8342.13 7340.56  2021.89 2681.27 5364.91 4696.19  1280.89 1710.51 3414.91 3002.69  827.379 1100.52 2228.28 1912.88  
4864.32 6534.9 13042 11411.4  3105.91 4170.42 8311.8 7302.72  2006.03 2676.87 5348.98 4688.97  1312.02 1723 3471 3009.74  840.596 1105.73 2223.5 1936.93  
4864.32 6534.9 13042 11411.4  3115.04 4177.91 8374.22 7281.61  2002.8 2674.19 5326.74 4696.52  1285.48 1712.35 3429.43 2999.09  837.532 1103.68 2215.87 1935.37  
4864.32 6534.9 13042 11411.4  3151.76 4185.91 8353.38 7335.14  1989.79 2671.34 5334.2 4677.37  1296.76 1721.74 3456.71 3010.87  833.012 1100.64 2202.64 1934.51  
4864.32 6534.9 13042 11411.4  3133.95 4187.66 8369.71 7321.18  2006.46 2678.06 5350.67 4691.43  1292.24 1716.33 3435.41 3009.05  837.482 1101.5 2214.87 1929.67  
4864.32 6534.9 13042 11411.4  3151.76 4185.91 8353.38 7335.14  1995.64 2676.14 5374.27 4663.85  1290.1 1716.03 3448.98 2997.1  826.233 1098.38 2189.1 1935.41  
4864.32 6534.9 13042 11411.4  3116.64 4168.94 8285.23 7322.42  2013.17 2682.24 5406.24 4664.79  1293.77 1716.22 3420.42 3020.46  835.703 1104.19 2231.9 1924.2  
2697.26 3611.98 7259.24 6272.6  2144.58 2888.9 5801.48 5018.67  1749.84 2333.29 4652.47 4088.18  1380.01 1837.52 3700.98 3194.33  1121.28 1490.31 2981.71 2608.38  
2697.26 3611.98 7259.24 6272.6  2178.54 2898.55 5802.5 5059.68  1716.2 2294.38 4624.18 3980.93  1393.18 1868.63 3731 3269.21  1106.98 1475.87 2965.86 2571.8  
2697.26 3611.98 7259.24 6272.6  2179.04 2906.48 5810.76 5077.2  1742.98 2329.78 4650.61 4076.53  1377.19 1847.91 3715.81 3213.01  1104.76 1471.43 2962 2560.75  
2697.26 3611.98 7259.24 6272.6  2175.13 2886.64 5786.15 5035.34  1718.1 2316.47 4647.97 4029.3  1382.84 1854.47 3721.24 3230.47  1110.09 1489.35 2979.49 2602.86  
2697.26 3611.98 7259.24 6272.6  2165.57 2891.57 5805.63 5031.61  1744.48 2313.67 4631.8 4043.42  1400.07 1867.98 3726.63 3273.3  1103.42 1486.25 2977.76 2592.41  
2697.26 3611.98 7259.24 6272.6  2147.09 2884.81 5801.31 5007.63  1725.2 2306.96 4637.97 4011.29  1396.65 1853.27 3712.32 3238.92  1122.63 1497.39 2986.69 2626.18  
2697.26 3611.98 7259.24 6272.6  2178.54 2898.55 5802.5 5059.68  1734.64 2322.71 4654.75 4049.18  1396.94 1852.04 3706.91 3239.64  1102.63 1473.56 2964.57 2564.29  
2697.26 3611.98 7259.24 6272.6  2166.07 2899.65 5814.03 5049.43  1736.7 2316.03 4645.72 4036.91  1391.59 1864.09 3724.39 3260.15  1124.28 1493.99 2978.51 2623.01  
2697.26 3611.98 7259.24 6272.6  2178.54 2898.55 5802.5 5059.68  1734.64 2322.71 4654.75 4049.18  1377.32 1853.5 3716.74 3228.91  1108.29 1479.61 2971.31 2579.39  
2697.26 3611.98 7259.24 6272.6  2178.54 2898.55 5802.5 5059.68  1719.03 2304.25 4637.73 4001.13  1380.38 1857.16 3720.14 3238.35  1120.84 1494.42 2984.93 2618.01  
2697.26 3611.98 7259.24 6272.6  2147.09 2884.81 5801.31 5007.63  1751.29 2330.93 4652.37 4081.8  1380.22 1854.6 3717.45 3232.73  1125.4 1485.66 2968.48 2606.18  
2697.26 3611.98 7259.24 6272.6  2179.04 2906.48 5810.76 5077.2  1734.14 2314.67 4646.38 4031.44  1399.13 1859.71 3717.41 3255.35  1118.7 1483.56 2967.79 2597.93  
2697.26 3611.98 7259.24 6272.6  2146.58 2876.6 5792.77 4989.51  1748.25 2316.64 4634.36 4051.72  1393.16 1868.57 3730.91 3269.09  1125.3 1493.48 2979.47 2621.13  
2697.26 3611.98 7259.24 6272.6  2179.04 2906.48 5810.76 5077.2  1716.11 2292.82 4622.55 3977.52  1382.47 1855.22 3721.4 3232.42  1127.62 1499.03 2984.38 2634.81  
2697.26 3611.98 7259.24 6272.6  2179.04 2906.48 5810.76 5077.2  1734.14 2314.67 4646.38 4031.44  1391.12 1860.42 3724.8 3248.75  1104.56 1484.6 2974.2 2590.63  
2697.26 3611.98 7259.24 6272.6  2178.54 2898.55 5802.5 5059.68  1717.43 2314.11 4644.71 4024.52  1382.31 1852.58 3718.63 3226.64  1109.66 1487.83 2977.4 2599.77  
2697.26 3611.98 7259.24 6272.6  2179.04 2906.48 5810.76 5077.2  1734.14 2314.67 4646.38 4031.44  1390.79 1855.24 3719.42 3237.28  1113.64 1480.76 2968.85 2586.76  
2697.26 3611.98 7259.24 6272.6  2144.58 2888.9 5801.48 5018.67  1741.36 2324.63 4654.96 4057.28  1393.95 1848.97 3708.91 3227.75  1108.55 1475.68 2964.35 2572.99  
2697.26 3611.98 7259.24 6272.6  2176.61 2910.44 5810.92 5087.87  1735.02 2320.35 4653.07 4043.61  1399.44 1857.79 3716.05 3250.82  1114.03 1484.57 2976.69 2592.4  
2697.26 3611.98 7259.24 6272.6  2163.6 2903.68 5814.2 5060.29  1744.87 2311.28 4630.11 4037.77  1379.52 1846.85 3713.73 3212.26  1118.85 1494.05 2985.4 2615.81  
11235.3 15064.4 30146.3 26253.2  1971.73 2566.37 5144.49 4546.71  352.573 455.344 884.808 839.738  62.1158 77.8217 152.577 145.067  10.9704 13.3006 26.3475 25.0433  
11235.3 15064.4 30146.3 26253.2  1981.79 2583.12 5149.16 4597.61  339.174 438.186 879.46 786.792  65.0816 77.8432 153.13 145.84  11.286 13.6151 26.3273 26.1907  
11235.3 15064.4 30146.3 26253.2  1988.17 2582.03 5132.1 4609.89  340.959 442.17 893.303 788.995  58.3498 75.6557 156.012 134.397  10.105 13.0284 26.6096 23.6643  
11235.3 15064.4 30146.3 26253.2  1984 2579.61 5149.03 4587.96  338.255 441.082 880.825 794.037  63.0932 77.9742 152.074 146.284  11.866 14.0158 26.1829 27.8172  
11235.3 15064.4 30146.3 26253.2  1969.41 2579.55 5127.92 4598.37  355.669 442.614 898.472 792  61.8238 77.4181 154.684 142.099  10.577 13.2582 26.8896 24.34  
11235.3 15064.4 30146.3 26253.2  1981.79 2583.12 5149.16 4597.61  343.067 440.431 882.636 792.704  60.8992 75.7323 150.469 139.83  11.3738 13.4585 25.9283 26.0436  
11235.3 15064.4 30146.3 26253.2  1990.33 2578.58 5131.96 4600.41  333.489 441.305 894.916 782.166  62.866 79.3028 154.277 148.555  10.6795 13.5688 26.8346 25.3638  
11235.3 15064.4 30146.3 26253.2  1983.39 2582.01 5125.18 4613.3  343.81 442.379 902.011 784.071  59.3672 75.4277 154.405 135.294  10.6991 12.9514 26.5368 23.7102  
11235.3 15064.4 30146.3 26253.2  1988.17 2582.03 5132.1 4609.89  335.674 440.72 893.037 782.749  62.2752 76.782 156.326 139.079  11.1925 13.302 26.6577 24.8943  
11235.3 15064.4 30146.3 26253.2  1971.73 2566.37 5144.49 4546.71  351.644 452.388 885.191 829.795  63.0915 79.9429 152.24 152.323  10.8765 13.9016 26.2835 26.9605  
11235.3 15064.4 30146.3 26253.2  1990.33 2578.58 5131.96 4600.41  337.247 445.222 895.174 795.327  58.5333 75.5271 154.11 135.514  11.1646 13.3825 26.8452 24.9797  
11235.3 15064.4 30146.3 26253.2  1969.41 2579.55 5127.92 4598.37  350.533 440.499 898.26 783.818  64.9725 78.5036 155.117 146.126  12.0587 14.0637 26.7332 27.5434  
11235.3 15064.4 30146.3 26253.2  1971.73 2566.37 5144.49 4546.71  351.726 453.653 886.48 832.737  62.6478 78.7087 151.259 149.068  11.2032 13.967 26.0193 27.5437  
11235.3 15064.4 30146.3 26253.2  1971.73 2566.37 5144.49 4546.71  354.964 454.542 883.034 839.622  59.4756 77.7968 154 142.757  11.1094 13.9541 26.6525 26.9003  
11235.3 15064.4 30146.3 26253.2  1981.79 2583.12 5149.16 4597.61  343.458 439.82 882.613 791.001  61.5366 76.7731 150.032 143.668  10.6003 13.1355 26.2965 24.4226  
11235.3 15064.4 30146.3 26253.2  1984 2579.61 5149.03 4587.96  343.691 443.761 882.219 803.324  59.1011 76.344 150.552 140.991  10.6379 13.1515 26.3758 24.4393  
11235.3 15064.4 30146.3 26253.2  1988.17 2582.03 5132.1 4609.89  335.255 438.468 894.806 774.456  62.6754 78.3169 154.632 145.066  11.2353 13.8967 26.6326 26.7808  
11235.3 15064.4 30146.3 26253.2  1972.19 2573.53 5151.93 4562.82  353.454 448.796 879.825 824.055  61.212 77.2794 150.054 145.107  10.5592 13.1913 26.423 24.4755  
11235.3 15064.4 30146.3 26253.2  1972.19 2573.53 5151.93 4562.82  350.856 448.786 876.227 825.932  63.5804 77.1862 153.226 143.149  10.8118 13.3073 26.7609 24.678  
11235.3 15064.4 30146.3 26253.2  1957.35 2573.47 5130.45 4573.41  365.317 449.462 897.652 817.033  62.836 76.5225 153.216 140.905  11.7278 13.3682 26.8149 25.1805  
9053.31 12158.8 24323.2 21190.2  3028.5 4020.38 8045.21 7056.83  1036.59 1337.25 2670.09 2375.86  341.475 443.039 883.286 791.758  115.031 146.469 292.679 263.498  
9053.31 12158.8 24323.2 21190.2  3001.68 3999.91 8027.38 6998.9  1044.39 1349.58 2679.81 2408.21  350.911 446.174 886.709 802.086  122.403 150.56 296.45 275.806  
9053.31 12158.8 24323.2 21190.2  3054.38 4029.8 8051.88 7089.85  1019.31 1330.95 2665.61 2353.88  338.928 441.803 878.441 790.8  111.318 145.762 293.86 259.048  
9053.31 12158.8 24323.2 21190.2  3035.3 4024.22 8018.65 7091.02  1030.9 1336.5 2687.91 2358.05  339.412 440.359 886.618 780.413  116.387 146.947 296.523 262.552  
9053.31 12158.8 24323.2 21190.2  3057.78 4024.33 8051.68 7074.97  1007.3 1333.31 2663.62 2357.72  342.725 442.43 884.496 789.449  114.21 146.875 291.873 265.018  
9053.31 12158.8 24323.2 21190.2  3035.3 4024.22 8018.65 7091.02  1030.9 1336.5 2687.91 2358.05  344.756 441.83 886.919 786.643  112.144 145.226 296.091 256.091  
9053.31 12158.8 24323.2 21190.2  3056.85 4028.06 8014.38 7114.01  1019.81 1333.36 2681.84 2348.97  333.83 440.517 896.038 771.658  114.135 146.718 297.386 260.349  
9053.31 12158.8 24323.2 21190.2  3016.71 4014.74 8022.6 7052.57  1040.73 1342.82 2681.58 2385.49  343.457 440.82 888.729 781.709  120.62 149.035 295.574 271.186  
9053.31 12158.8 24323.2 21190.2  3016.71 4014.74 8022.6 7052.57  1036.78 1340.97 2674.14 2384.08  352.411 445.179 892.254 795.533  116.492 147.077 299.738 260.554  
9053.31 12158.8 24323.2 21190.2  3054.38 4029.8 8051.88 7089.85  1013.25 1327.82 2667.11 2340.99  343.08 443.487 881.526 795.035  114.077 147.214 290.505 267.105  
9053.31 12158.8 24323.2 21190.2  3064.21 4028.1 8025.2 7108.75  1006.73 1328.95 2684.96 2328.48  340.873 443.863 887.427 790.776  112.291 147.061 293.581 263.531  
9053.31 12158.8 24323.2 21190.2  3057.78 4024.33 8051.68 7074.97  1017.04 1334.61 2665.73 2363.78  338.277 442.605 882.574 789.763  111.002 146.441 291.162 263.036  
9053.31 12158.8 24323.2 21190.2  3036.13 4020.42 8056.41 7051.38  1012.57 1329.1 2654.54 2353.87  353.598 447.843 887.41 807.608  119.015 149.227 293.468 272.787  
9053.31 12158.8 24323.2 21190.2  3064.21 4028.1 8025.2 7108.75  1012.45 1333.32 2671.02 2354.22  335.052 439.907 897.261 769.407  111.923 146.579 295.492 260.472  
9053.31 12158.8 24323.2 21190.2  3054.38 4029.8 8051.88 7089.85  1015.68 1332.75 2662.03 2360.61  336.056 437.522 883.503 772.941  117.139 147.904 292.568 268.759  
9053.31 12158.8 24323.2 21190.2  3056.85 4028.06 8014.38 7114.01  1007.92 1330.81 2688.53 2331.8  339.533 439.962 890.849 776.001  117.682 148.241 296.545 266.865  
9053.31 12158.8 24323.2 21190.2  3028.5 4020.38 8045.21 7056.83  1036.59 1337.25 2670.09 2375.86  344.394 444.079 884.021 795.471  113.114 145.78 292.19 261.057  
9053.31 12158.8 24323.2 21190.2  3028.5 4020.38 8045.21 7056.83  1035.43 1339.07 2670.15 2380.86  344.315 442.86 882.771 792.736  115.753 146.273 293.461 262.606  
9053.31 12158.8 24323.2 21190.2  3016.71 4014.74 8022.6 7052.57  1040.73 1342.82 2681.58 2385.49  346.527 443.081 890.708 788.187  118.858 147.525 294.658 266.652  
9053.31 12158.8 24323.2 21190.2  3035.3 4024.22 8018.65 7091.02  1030.9 1336.5 2687.91 2358.05  338.593 438.737 888.414 773.856  115.892 147.275 294.669 264.71  
2991.47 3988.44 7929.65 6996.17  2319.27 3084.96 6106.72 5437.38  1816.86 2436.45 4867.29 4258.71  1429.05 1904.55 3821.59 3322.4  1102.8 1480.17 2960.61 2587.99  
2991.47 3988.44 7929.65 6996.17  2323.07 3113.2 6198.76 5453.47  1816.03 2430.26 4847.22 4255.17  1430.58 1891.18 3782.57 3312.62  1111.56 1484.27 2973.73 2593.79  
2991.47 3988.44 7929.65 6996.17  2312.85 3095.12 6136.33 5442.79  1812.19 2435.2 4876.71 4246.24  1426.9 1903.41 3825.73 3315.13  1116.07 1470.96 2931.07 2587.99  
2991.47 3988.44 7929.65 6996.17  2329.87 3118.76 6244.76 5438.12  1808.49 2430.02 4853 4247.26  1425.92 1881.25 3737.83 3314.97  1113.36 1471.76 2931.74 2588.83  
2991.47 3988.44 7929.65 6996.17  2340.92 3103.42 6186 5441.06  1819.92 2413.51 4797.05 4244.67  1407.76 1897.82 3788.48 3318.92  1103.96 1487.23 2987.81 2589.06  
2991.47 3988.44 7929.65 6996.17  2319.27 3084.96 6106.72 5437.38  1828.04 2439.76 4887.15 4258.03  1415.55 1883.99 3745.27 3313.28  1107.1 1474.45 2940.8 2587.4  
2991.47 3988.44 7929.65 6996.17  2340.92 3103.42 6186 5441.06  1817.44 2436.74 4886 4245.92  1424.17 1900.43 3800.14 3324.4  1113.11 1476.3 2950.04 2588.56  
2991.47 3988.44 7929.65 6996.17  2333.05 3089.03 6131.09 5436.53  1820.63 2438.85 4875.25 4261.36  1422.48 1897.06 3786.25 3324.09  1109.25 1487.04 2995.55 2584.84  
2991.47 3988.44 7929.65 6996.17  2338.42 3107.52 6186.17 5452.07  1813.53 2435.83 4879.29 4246.71  1414.54 1879.94 3729.9 3312.55  1110.3 1473.21 2936.55 2588.27  
2991.47 3988.44 7929.65 6996.17  2331.75 3117.41 6215.68 5456.62  1814.14 2429.33 4843.53 4254.48  1415.87 1879.21 3731.24 3309.85  1117.68 1479.51 2967.82 2586.46  
2991.47 3988.44 7929.65 6996.17  2323.07 3113.2 6198.76 5453.47  1816.03 2430.26 4847.22 4255.17  1419.66 1897.13 3790.36 3320.18  1116.64 1482.97 2976.04 2590.21  
2991.47 3988.44 7929.65 6996.17  2324.15 3118.74 6236.24 5442.22  1828.96 2429.09 4858.67 4248.21  1414.29 1878.97 3723.57 3314.38  1115.24 1481.27 2961.8 2595.24  
2991.47 3988.44 7929.65 6996.17  2337.36 3117.43 6224.06 5452.59  1803.74 2422.78 4821.82 4247.31  1416.91 1880.63 3734.1 3312.3  1109.97 1485.29 2976.23 2594.28  
2991.47 3988.44 7929.65 6996.17  2331.75 3117.41 6215.68 5456.62  1825.3 2432.63 4863.3 4253.8  1425.1 1892.23 3775.48 3318.93  1102.9 1467.15 2916.03 2582.87  
2991.47 3988.44 7929.65 6996.17  2340.92 3103.42 6186 5441.06  1819.92 2413.51 4797.05 4244.67  1425.18 1902.98 3819.49 3317.84  1107.98 1487.5 2979.42 2597.68  
2991.47 3988.44 7929.65 6996.17  2324.38 3103.37 6161.33 5452.93  1819.32 2413.51 4796.06 4245.1  1424.75 1888.18 3768.09 3312.19  1109.87 1477.17 2951.59 2588.5  
2991.47 3988.44 7929.65 6996.17  2319.27 3084.96 6106.72 5437.38  1823.65 2439.74 4880.58 4261.17  1419.63 1895.24 3780.19 3322.07  1112.23 1488.14 3001.06 2585.14  
2991.47 3988.44 7929.65 6996.17  2340.92 3103.42 6186 5441.06  1824.11 2427.95 4840.14 4256.8  1418.14 1903.17 3822.85 3313.2  1109.16 1479.56 2951.23 2595.75  
2991.47 3988.44 7929.65 6996.17  2324.38 3103.37 6161.33 5452.93  1819.32 2413.51 4796.06 4245.1  1419.32 1906.35 3832.72 3315.66  1112.12 1487.42 2996.09 2586.66  
2991.47 3988.44 7929.65 6996.17  2315.32 3114.45 6219.01 5439.02  1828.91 2433.28 4862.57 4257.66  1427.27 1898.77 3798.04 3322.27  1111.78 1468.17 2922.25 2584.75  
