4 50 4
4044.51 8066.85 8074.88 8562.13  2873.04 5732.7 5737.91 6101.34  2023.18 4051.3 4081.53 4345.63  1453.09 2912.37 2917.03 3133.89  
5315.87 10608.7 10539.7 11264.7  3297.85 6587.8 6574.19 7029.87  2043.98 4100.16 4125.16 4419.11  1267.78 2536.89 2536.96 2732.04  
5861.5 11712.8 11727.8 12467.2  3399.2 6799.05 6816.05 7275.61  1988.98 3970.84 3943.36 4250.93  1154.25 2309.02 2298.9 2489.17  
9090.19 18154 18123.7 19303.3  3177.68 6334.03 6333.16 6781.04  1123.43 2270.71 2288.28 2506.24  394.945 803.516 805.417 903.924  
4044.51 8066.85 8074.88 8562.13  2878.99 5763.26 5766.41 6163.84  2042.19 4075.2 4077.33 4347.05  1444.12 2876.22 2876.96 3065.46  
5861.5 11712.8 11727.8 12467.2  3402.02 6828.94 6825.94 7345.22  1971.46 3946.2 3963.04 4244.18  1159.86 2313.1 2291.72 2481.65  
4044.51 8066.85 8074.88 8562.13  2873.04 5732.7 5737.91 6101.34  2024.93 4042.94 4064.16 4316.99  1462.41 2920.31 2894.08 3123.02  
2787.95 5587.59 5595.76 5973.97  2218.14 4460.5 4470.04 4799.07  1775.22 3550.53 3575.69 3795.6  1428.11 2866.14 2864.78 3082.33  
5008.31 10056.8 10064.9 10782.1  3173.32 6389.49 6415.65 6899.17  2088.74 4146.87 4138.48 4396.85  1338.9 2658.47 2651.68 2827.5  
4413.72 8885.79 8936.86 9565.6  2966.97 5985.6 6025.52 6478.63  2092.1 4172.93 4165.13 4450.68  1413.82 2820.13 2821.51 3015.64  
4044.51 8066.85 8074.88 8562.13  2878.99 5763.26 5766.41 6163.84  2046.21 4073.89 4047.87 4328.82  1444.78 2897.13 2918.52 3120.89  
5861.5 11712.8 11727.8 12467.2  3410.73 6804.58 6790.71 7251.47  1973.38 3968.84 3980.32 4298.24  1155.25 2312.87 2304.04 2496.5  
13607.3 27356.5 27343.8 29379.1  382.96 629.479 642.303 606.913  9.45553 13.686 13.6144 13.6675  0.232809 0.291573 0.319389 0.298509  
5008.31 10056.8 10064.9 10782.1  3201.97 6427.88 6441.04 6909.62  2074.71 4140.16 4123.98 4422.88  1335.73 2652.81 2640.28 2822.21  
9090.19 18154 18123.7 19303.3  3173.67 6360.99 6402.42 6869.55  1125.76 2261.23 2239.25 2471.38  395.886 791.25 797.384 867.766  
7549.99 15108.4 15057 16111.6  3475.44 6924.77 6944.6 7385.36  1605.04 3210.59 3216.08 3465.07  733.385 1481.61 1484.82 1632.85  
11307.4 22590.9 22612.5 24038.9  2174.87 4368.19 4354.84 4787.03  415.586 837.553 835.512 943.252  82.6813 164.213 158.209 184.608  
9090.19 18154 18123.7 19303.3  3187 6391.81 6401.66 6907.56  1112.9 2237.39 2257.44 2451.56  394.62 789.881 788.537 867.816  
4044.51 8066.85 8074.88 8562.13  2859.38 5720.01 5751.47 6112.81  2046.45 4096.75 4099.37 4391.05  1458.11 2903.57 2882.22 3092.53  
4044.51 8066.85 8074.88 8562.13  2874.7 5721.16 5700.55 6063.49  2033.71 4078.26 4105.97 4383.83  1459.54 2929.95 2928.35 3159.97  
9090.19 18154 18123.7 19303.3  3177.68 6334.03 6333.16 6781.04  1123.43 2270.71 2288.28 2506.24  394.945 803.516 805.417 903.924  
5008.31 10056.8 10064.9 10782.1  3221.71 6448.53 6448.7 6901.06  2074.6 4134.57 4114.93 4408.23  1315.93 2636.65 2647.31 2843.47  
9090.19 18154 18123.7 19303.3  3177.68 6334.03 6333.16 6781.04  1123.43 2270.71 2288.28 2506.24  394.945 803.516 805.417 903.924  
4413.72 8885.79 8936.86 9565.6  3053.11 6106.09 6092.72 6522.57  2049.75 4119.21 4115.07 4442.54  1427.91 2839.58 2830.23 3022.55  
4413.72 8885.79 8936.86 9565.6  3053.11 6106.09 6092.72 6522.57  2064.87 4134.66 4143.68 4436.67  1414.37 2825.56 2817.74 3028.18  
5008.31 10056.8 10064.9 10782.1  3221.71 6448.53 6448.7 6901.06  2074.6 4134.57 4114.93 4408.23  1315.93 2636.65 2647.31 2843.47  
5861.5 11712.8 11727.8 12467.2  3402.02 6828.94 6825.94 7345.22  1971.46 3946.2 3963.04 4244.18  1159.86 2313.1 2291.72 2481.65  
9090.19 18154 18123.7 19303.3  3187 6391.81 6401.66 6907.56  1118.43 2243.29 2247.49 2448.53  390.934 780.54 792.064 855.131  
9090.19 18154 18123.7 19303.3  3187 6391.81 6401.66 6907.56  1112.9 2237.39 2257.44 2451.56  394.62 789.881 788.537 867.816  
4044.51 8066.85 8074.88 8562.13  2871.07 5745.49 5762.84 6142.59  2045.66 4072.1 4051.8 4326.09  1448.31 2896.48 2905.86 3106.87  
4413.72 8885.79 8936.86 9565.6  2980.67 5990.74 6049.6 6450.21  2069.01 4146.19 4141.11 4452.81  1442.73 2862.7 2837.82 3036.01  
5861.5 11712.8 11727.8 12467.2  3402.02 6828.94 6825.94 7345.22  1971.46 3946.2 3963.04 4244.18  1159.86 2313.1 2291.72 2481.65  
13607.3 27356.5 27343.8 29379.1  382.415 628.361 642.801 605.643  9.91303 14.7178 13.0641 14.9196  0.315002 0.373912 0.365858 0.315711  
11307.4 22590.9 22612.5 24038.9  2170.7 4373.89 4358.51 4816.25  420.674 831.567 827.629 910.004  80.9121 163.123 162.582 187.746  
5861.5 11712.8 11727.8 12467.2  3397.03 6816.82 6831.05 7329.88  1980.36 3953.38 3954.68 4233.88  1158.07 2314.22 2297.88 2490.64  
7549.99 15108.4 15057 16111.6  3474.54 6949.05 6931.08 7450.74  1596.82 3197.81 3244.86 3460.32  739.867 1476.99 1493.47 1600.33  
5008.31 10056.8 10064.9 10782.1  3187.97 6395.67 6441.83 6870.49  2070.58 4129.62 4132.98 4409.16  1337.58 2665.89 2646.43 2850.58  
9090.19 18154 18123.7 19303.3  3182.48 6347.28 6315.71 6799.29  1116.53 2260.34 2308.17 2502.9  396.057 803.502 807.301 900.479  
5861.5 11712.8 11727.8 12467.2  3399.2 6799.05 6816.05 7275.61  1984.91 3973.05 3963.41 4271.12  1146.6 2287.09 2286.35 2455.45  
2787.95 5587.59 5595.76 5973.97  2236.12 4469.03 4471.64 4764.15  1784.09 3576.18 3584.8 3834.66  1425.46 2854.44 2866.38 3060.52  
2787.95 5587.59 5595.76 5973.97  2236.12 4469.03 4471.64 4764.15  1784.09 3576.18 3584.8 3834.66  1425.46 2854.44 2866.38 3060.52  
2787.95 5587.59 5595.76 5973.97  2222.29 4452.85 4475.89 4766.41  1781.82 3568.16 3581.7 3820.81  1419.75 2849.8 2862.76 3066.34  
7549.99 15108.4 15057 16111.6  3475.44 6924.77 6944.6 7385.36  1605.04 3210.59 3216.08 3465.07  733.385 1481.61 1484.82 1632.85  
9090.19 18154 18123.7 19303.3  3189.33 6379.64 6360.81 6865.33  1113.52 2229.91 2254.26 2428.78  393.988 802.659 817.504 905.708  
2787.95 5587.59 5595.76 5973.97  2239.34 4476.84 4468.35 4773.97  1786.29 3582.47 3575.16 3843.36  1430.49 2865.72 2868.62 3073.99  
4413.72 8885.79 8936.86 9565.6  3053.11 6106.09 6092.72 6522.57  2064.87 4134.66 4143.68 4436.67  1414.37 2825.56 2817.74 3028.18  
4044.51 8066.85 8074.88 8562.13  2859.38 5720.01 5751.47 6112.81  2046.45 4096.75 4099.37 4391.05  1458.11 2903.57 2882.22 3092.53  
9090.19 18154 18123.7 19303.3  3184.44 6366.14 6378.59 6846.73  1120.77 2254.73 2252.67 2470.92  392.452 795.313 807.015 890.508  
4044.51 8066.85 8074.88 8562.13  2884.88 5760.03 5737.25 6134.69  2048.91 4095.57 4085.25 4379.16  1450.04 2892.42 2890.32 3089.7  
2787.95 5587.59 5595.76 5973.97  2232.1 4476.68 4465.84 4796.42  1786.03 3565.35 3578.1 3799.92  1425.87 2855.07 2868.88 3061.01  
