4 150 4
5315.87 10608.7 10539.7 11264.7  3285.94 6567.1 6520.61 7010.49  2045.59 4079.37 4089.82 4357.05  1265.92 2534.05 2540.17 2730.41  
5315.87 10608.7 10539.7 11264.7  3295.86 6603.06 6602.55 7077.9  2038.83 4073.73 4054.85 4362.02  1270.02 2538.08 2568.58 2729.95  
5315.87 10608.7 10539.7 11264.7  3297.44 6585.17 6587.78 7025.16  2033.99 4059.96 4031.96 4339.71  1270.93 2558.97 2577.78 2782.43  
5315.87 10608.7 10539.7 11264.7  3292.8 6573.88 6592.57 7010.87  2047.14 4095.98 4100.38 4396.26  1269.82 2545.05 2553.3 2747.79  
5315.87 10608.7 10539.7 11264.7  3279.08 6534.08 6475.02 6943.26  2049.46 4104 4147.73 4412.62  1274.15 2557.08 2579.78 2767  
5315.87 10608.7 10539.7 11264.7  3287.01 6548.48 6505.63 6957.48  2044.94 4084.78 4103.77 4373.83  1272.85 2558.9 2584.81 2776.21  
5315.87 10608.7 10539.7 11264.7  3294.01 6581.78 6551.8 7024.98  2045.69 4104.11 4125 4423.95  1269.91 2538.98 2559.4 2732.13  
5315.87 10608.7 10539.7 11264.7  3279.08 6534.08 6475.02 6943.26  2051.1 4120.55 4162.74 4451.8  1272.91 2557.75 2579.91 2772.99  
5315.87 10608.7 10539.7 11264.7  3297.44 6585.17 6587.78 7025.16  2045.62 4093.34 4093.72 4393.85  1267.86 2547.65 2568.74 2762.07  
5315.87 10608.7 10539.7 11264.7  3297.44 6585.17 6587.78 7025.16  2041.97 4099.02 4097.19 4420.77  1266 2525.47 2524.43 2706.91  
5315.87 10608.7 10539.7 11264.7  3285.94 6567.1 6520.61 7010.49  2041.21 4096.55 4102.6 4417.06  1272.55 2551.94 2576.48 2758.77  
5315.87 10608.7 10539.7 11264.7  3297.44 6585.17 6587.78 7025.16  2038.9 4068.9 4051.02 4348.59  1265.9 2549.79 2558.19 2773.29  
5315.87 10608.7 10539.7 11264.7  3297.85 6587.8 6574.19 7029.87  2043.98 4100.16 4125.16 4419.11  1267.78 2536.89 2536.96 2732.04  
5315.87 10608.7 10539.7 11264.7  3285.94 6567.1 6520.61 7010.49  2046.86 4091.52 4130.53 4387.47  1269.96 2537.37 2545.59 2726.59  
5315.87 10608.7 10539.7 11264.7  3295.86 6603.06 6602.55 7077.9  2046.23 4086.57 4088.17 4374.07  1269.16 2538.58 2548.88 2732.82  
9090.19 18154 18123.7 19303.3  3177.68 6334.03 6333.16 6781.04  1123.43 2270.71 2288.28 2506.24  394.945 803.516 805.417 903.924  
9090.19 18154 18123.7 19303.3  3187 6391.81 6401.66 6907.56  1112.9 2237.39 2257.44 2451.56  394.62 789.881 788.537 867.816  
9090.19 18154 18123.7 19303.3  3176.71 6391.62 6398.1 6940.09  1125.11 2243.42 2249.8 2427.53  394.651 786.121 796.233 858.261  
9090.19 18154 18123.7 19303.3  3188.93 6377.08 6373.96 6860.72  1113.43 2251.87 2268.91 2488.79  393.692 784.246 790.362 855.727  
9090.19 18154 18123.7 19303.3  3176.3 6388.96 6411.73 6935.31  1121.95 2223.94 2221.66 2384.45  396.552 800.072 801.176 889.144  
9090.19 18154 18123.7 19303.3  3176.3 6388.96 6411.73 6935.31  1121.46 2243.22 2249.22 2438.72  397.117 785.763 780.088 848.312  
9090.19 18154 18123.7 19303.3  3187 6391.81 6401.66 6907.56  1114.37 2226.58 2242.71 2417.02  394.773 794.68 790.71 880.009  
9090.19 18154 18123.7 19303.3  3182.48 6347.28 6315.71 6799.29  1116.53 2260.34 2308.17 2502.9  396.057 803.502 807.301 900.479  
9090.19 18154 18123.7 19303.3  3184.44 6366.14 6378.59 6846.73  1120.77 2254.73 2252.67 2470.92  392.452 795.313 807.015 890.508  
9090.19 18154 18123.7 19303.3  3175.84 6346.81 6374.7 6823.39  1125.05 2265.2 2247.49 2484.2  395.541 799.534 807.69 891.52  
9090.19 18154 18123.7 19303.3  3182.42 6380.67 6406.38 6893.33  1117.33 2233.76 2239.66 2426.09  396.284 797.976 792.337 883.93  
9090.19 18154 18123.7 19303.3  3173.67 6360.99 6402.42 6869.55  1125.76 2261.23 2239.25 2471.38  395.886 791.25 797.384 867.766  
9090.19 18154 18123.7 19303.3  3189.33 6379.64 6360.81 6865.33  1113.52 2229.91 2254.26 2428.78  393.988 802.659 817.504 905.708  
9090.19 18154 18123.7 19303.3  3187 6391.81 6401.66 6907.56  1118.43 2243.29 2247.49 2448.53  390.934 780.54 792.064 855.131  
9090.19 18154 18123.7 19303.3  3176.3 6388.96 6411.73 6935.31  1121.46 2243.22 2249.22 2438.72  396.718 786.597 788.363 852.356  
4413.72 8885.79 8936.86 9565.6  3053.11 6106.09 6092.72 6522.57  2068.25 4143.93 4131.55 4449.21  1422.02 2831.69 2824.97 3020.42  
4413.72 8885.79 8936.86 9565.6  3053.11 6106.09 6092.72 6522.57  2064.87 4134.66 4143.68 4436.67  1414.37 2825.56 2817.74 3028.18  
4413.72 8885.79 8936.86 9565.6  3029.84 6075.5 6090.13 6516.81  2088.14 4165.25 4146.27 4442.43  1417.02 2820.72 2821.43 3007.55  
4413.72 8885.79 8936.86 9565.6  3053.11 6106.09 6092.72 6522.57  2049.75 4119.21 4115.07 4442.54  1427.91 2839.58 2830.23 3022.55  
4413.72 8885.79 8936.86 9565.6  2966.97 5985.6 6025.52 6478.63  2092.1 4172.93 4165.13 4450.68  1413.82 2820.13 2821.51 3015.64  
4413.72 8885.79 8936.86 9565.6  3034.4 6086.54 6085.48 6530.66  2077.78 4141.28 4148.26 4413.27  1414.08 2824.55 2820.74 3026.63  
4413.72 8885.79 8936.86 9565.6  3002.62 6038.95 6066.21 6506.7  2093.74 4169.5 4157.03 4436.37  1408.97 2808.6 2816.52 3001.08  
4413.72 8885.79 8936.86 9565.6  3040.07 6076.1 6093.46 6486.21  2044.35 4105.73 4124.47 4425.29  1399.76 2799.52 2806.98 3005.91  
4413.72 8885.79 8936.86 9565.6  3007.66 6052.8 6048.09 6525.42  2063.73 4134.27 4138.36 4438.47  1422.87 2828.39 2834.03 3009.55  
4413.72 8885.79 8936.86 9565.6  2980.67 5990.74 6049.6 6450.21  2069.01 4146.19 4141.11 4452.81  1442.73 2862.7 2837.82 3036.01  
4413.72 8885.79 8936.86 9565.6  2966.97 5985.6 6025.52 6478.63  2099.16 4173.35 4167.42 4429.78  1437.5 2855.69 2837.1 3034.29  
4413.72 8885.79 8936.86 9565.6  3029.84 6075.5 6090.13 6516.81  2085.08 4157.85 4149.38 4433.15  1400.52 2805.8 2807.82 3020.02  
4413.72 8885.79 8936.86 9565.6  2966.97 5985.6 6025.52 6478.63  2092.1 4172.93 4165.13 4450.68  1407.64 2806.82 2815.63 3000.3  
4413.72 8885.79 8936.86 9565.6  3048.64 6095.25 6097.29 6508.95  2060.34 4124.83 4139.57 4425.23  1385.73 2785.16 2789.83 3011.99  
4413.72 8885.79 8936.86 9565.6  2993.76 6019.14 6062.24 6483.18  2068.79 4129.78 4142.27 4411.28  1412.74 2823.15 2817.11 3026.69  
4044.51 8066.85 8074.88 8562.13  2873.04 5732.7 5737.91 6101.34  2047.93 4082.68 4056.01 4346.52  1458.89 2923.7 2917.16 3144.88  
4044.51 8066.85 8074.88 8562.13  2878.99 5763.26 5766.41 6163.84  2046.21 4073.89 4047.87 4328.82  1444.78 2897.13 2918.52 3120.89  
4044.51 8066.85 8074.88 8562.13  2855.81 5679.48 5686.15 6014.31  2050.07 4091.03 4073.71 4362.35  1460.28 2938.31 2941.85 3180.28  
4044.51 8066.85 8074.88 8562.13  2846.37 5675.1 5707.91 6034.49  2041.84 4091.46 4103.84 4392.08  1466.31 2932.76 2914.14 3144.54  
4044.51 8066.85 8074.88 8562.13  2859.38 5720.01 5751.47 6112.81  2055.05 4116.62 4098.89 4415.35  1458.73 2912.56 2903.03 3115.55  
4044.51 8066.85 8074.88 8562.13  2874.7 5721.16 5700.55 6063.49  2033.71 4078.26 4105.97 4383.83  1459.54 2929.95 2928.35 3159.97  
4044.51 8066.85 8074.88 8562.13  2884.88 5760.03 5737.25 6134.69  2048.91 4095.57 4085.25 4379.16  1450.04 2892.42 2890.32 3089.7  
4044.51 8066.85 8074.88 8562.13  2883.13 5773.33 5762.16 6176.56  2042.18 4064.11 4051.99 4316.49  1450.65 2909.96 2924.33 3135.98  
4044.51 8066.85 8074.88 8562.13  2859.38 5720.01 5751.47 6112.81  2046.45 4096.75 4099.37 4391.05  1458.11 2903.57 2882.22 3092.53  
4044.51 8066.85 8074.88 8562.13  2873.04 5732.7 5737.91 6101.34  2024.93 4042.94 4064.16 4316.99  1462.41 2920.31 2894.08 3123.02  
4044.51 8066.85 8074.88 8562.13  2871.07 5745.49 5762.84 6142.59  2045.66 4072.1 4051.8 4326.09  1448.31 2896.48 2905.86 3106.87  
4044.51 8066.85 8074.88 8562.13  2878.99 5763.26 5766.41 6163.84  2042.19 4075.2 4077.33 4347.05  1444.12 2876.22 2876.96 3065.46  
4044.51 8066.85 8074.88 8562.13  2873.04 5732.7 5737.91 6101.34  2023.18 4051.3 4081.53 4345.63  1453.09 2912.37 2917.03 3133.89  
4044.51 8066.85 8074.88 8562.13  2843.91 5686.82 5732.29 6074.52  2060.78 4116.73 4086.68 4396.37  1442.81 2889.9 2907.44 3107.48  
4044.51 8066.85 8074.88 8562.13  2871.07 5745.49 5762.84 6142.59  2045.66 4072.1 4051.8 4326.09  1439.37 2885.9 2908.68 3108.11  
11307.4 22590.9 22612.5 24038.9  2161.41 4352.36 4359.02 4789.31  429.933 852.92 827.118 936.525  81.2288 163.363 162.325 187.35  
11307.4 22590.9 22612.5 24038.9  2178.3 4377.65 4342.54 4800.25  416.066 834.772 842.258 934.78  79.2302 157.679 161.953 178.582  
11307.4 22590.9 22612.5 24038.9  2161.41 4352.36 4359.02 4789.31  427.867 850.734 830.815 937.705  83.5906 166.734 159.311 188.504  
11307.4 22590.9 22612.5 24038.9  2174.87 4368.19 4354.84 4787.03  418.44 838.688 831.069 936.412  79.3647 161.987 162.765 189.993  
11307.4 22590.9 22612.5 24038.9  2161.68 4326.01 4324.83 4715.64  428.016 875.815 859.69 1006.24  82.6017 166.79 164.212 192.19  
11307.4 22590.9 22612.5 24038.9  2174.87 4368.19 4354.84 4787.03  415.586 837.553 835.512 943.252  82.6813 164.213 158.209 184.608  
11307.4 22590.9 22612.5 24038.9  2170.7 4373.89 4358.51 4816.25  420.674 831.567 827.629 910.004  80.9121 163.123 162.582 187.746  
11307.4 22590.9 22612.5 24038.9  2161.41 4352.36 4359.02 4789.31  429.991 853.276 825.413 937.174  81.8714 164.676 163.662 188.931  
11307.4 22590.9 22612.5 24038.9  2167.51 4366.1 4361.77 4806.15  422.956 839.683 828.599 924.241  81.9935 162.609 158.234 182.491  
11307.4 22590.9 22612.5 24038.9  2161.68 4326.01 4324.83 4715.64  429.098 872.663 855.199 993.319  82.1185 168.697 165.748 199.155  
11307.4 22590.9 22612.5 24038.9  2179.61 4367.53 4323.84 4767.63  414.617 839.218 856.001 951.893  79.459 163.421 167.832 193.997  
11307.4 22590.9 22612.5 24038.9  2170.7 4373.89 4358.51 4816.25  420.674 831.567 827.629 910.004  81.8884 164.823 162.291 189.116  
11307.4 22590.9 22612.5 24038.9  2160.03 4335.36 4343.55 4747.31  429.512 860.772 834.155 958.764  83.4192 171.97 168.352 203.957  
11307.4 22590.9 22612.5 24038.9  2176.24 4358.24 4335.92 4754.64  417.729 850.48 847.588 971.494  79.4412 161.328 164.769 188.031  
11307.4 22590.9 22612.5 24038.9  2174.87 4368.19 4354.84 4787.03  415.32 834.275 832.537 934.961  82.5412 165.989 160.942 190.048  
5861.5 11712.8 11727.8 12467.2  3399.2 6799.05 6816.05 7275.61  1988.98 3970.84 3943.36 4250.93  1149.68 2313.32 2312.53 2516.23  
5861.5 11712.8 11727.8 12467.2  3402.02 6828.94 6825.94 7345.22  1970.22 3930.81 3949.01 4207.03  1154.64 2313.44 2307.74 2500.23  
5861.5 11712.8 11727.8 12467.2  3410.73 6804.58 6790.71 7251.47  1973.38 3968.84 3980.32 4298.24  1155.25 2312.87 2304.04 2496.5  
5861.5 11712.8 11727.8 12467.2  3399.2 6799.05 6816.05 7275.61  1984.91 3973.05 3963.41 4271.12  1146.6 2287.09 2286.35 2455.45  
5861.5 11712.8 11727.8 12467.2  3387.48 6795.4 6826.76 7304.26  1993.89 3972.37 3938.91 4239.07  1157.25 2310.84 2291.57 2483.89  
5861.5 11712.8 11727.8 12467.2  3385.36 6768.9 6802.6 7240.34  1970.15 3953.29 3964.86 4266.75  1161.62 2329.16 2310.88 2519.09  
5861.5 11712.8 11727.8 12467.2  3399.2 6799.05 6816.05 7275.61  1988.98 3970.84 3943.36 4250.93  1154.25 2309.02 2298.9 2489.17  
5861.5 11712.8 11727.8 12467.2  3387.48 6795.4 6826.76 7304.26  1991.08 3965.55 3941.77 4230.42  1148.76 2305.67 2308.98 2498.79  
5861.5 11712.8 11727.8 12467.2  3408.58 6820.09 6820.27 7300.79  1985.29 3963.63 3933.47 4243.35  1151.31 2309.49 2306.44 2500.53  
5861.5 11712.8 11727.8 12467.2  3397.03 6816.82 6831.05 7329.88  1980.36 3953.38 3954.68 4233.88  1158.07 2314.22 2297.88 2490.64  
5861.5 11712.8 11727.8 12467.2  3408.58 6820.09 6820.27 7300.79  1985.04 3962.03 3941.6 4240.5  1149.61 2305.19 2309.57 2494.86  
5861.5 11712.8 11727.8 12467.2  3402.02 6828.94 6825.94 7345.22  1971.46 3946.2 3963.04 4244.18  1159.86 2313.1 2291.72 2481.65  
5861.5 11712.8 11727.8 12467.2  3402.02 6828.94 6825.94 7345.22  1984.99 3951.54 3942.11 4213.5  1144.52 2288.56 2301 2467  
5861.5 11712.8 11727.8 12467.2  3387.48 6795.4 6826.76 7304.26  1991.08 3965.55 3941.77 4230.42  1153.69 2317.06 2308.71 2512.83  
5861.5 11712.8 11727.8 12467.2  3415.97 6819.01 6771.78 7271.15  1974.09 3969.86 3985.28 4299.01  1152.76 2306.39 2309.88 2487.98  
13607.3 27356.5 27343.8 29379.1  382.415 628.361 642.801 605.643  9.91303 14.7178 13.0641 14.9196  0.315002 0.373912 0.365858 0.315711  
13607.3 27356.5 27343.8 29379.1  382.415 628.361 642.801 605.643  9.92549 14.731 13.1113 14.929  0.301433 0.359889 0.322354 0.30669  
13607.3 27356.5 27343.8 29379.1  376.705 623.265 635.143 606.767  15.317 19.5685 20.5354 13.7984  0.610017 0.611781 0.545628 0.313213  
13607.3 27356.5 27343.8 29379.1  377.169 623.608 638.917 606.779  15.1033 19.43 16.9204 13.8  0.372428 0.415397 0.394743 0.300561  
13607.3 27356.5 27343.8 29379.1  380.593 627.41 641.493 607.682  11.6906 15.6569 14.3842 12.9328  0.356155 0.384067 0.3557 0.26565  
13607.3 27356.5 27343.8 29379.1  382.96 629.479 642.303 606.913  9.45553 13.686 13.6144 13.6675  0.232809 0.291573 0.319389 0.298509  
13607.3 27356.5 27343.8 29379.1  382.512 629.147 638.655 606.901  9.81642 13.9496 17.0916 13.6863  0.318955 0.359084 0.48457 0.290834  
13607.3 27356.5 27343.8 29379.1  382.415 628.361 642.801 605.643  9.98732 14.7803 13.1284 14.909  0.245808 0.315187 0.307441 0.326271  
13607.3 27356.5 27343.8 29379.1  380.137 627.072 637.782 607.67  12.2499 16.0499 18.0042 12.8753  0.256238 0.330241 0.442192 0.33307  
13607.3 27356.5 27343.8 29379.1  382.96 629.479 642.303 606.913  9.31203 13.5572 13.5411 13.6666  0.370746 0.416786 0.389346 0.300726  
13607.3 27356.5 27343.8 29379.1  377.169 623.608 638.917 606.779  15.0084 19.3546 16.933 13.807  0.465519 0.489377 0.384685 0.293732  
13607.3 27356.5 27343.8 29379.1  377.169 623.608 638.917 606.779  14.8536 19.2254 16.7615 13.7868  0.610017 0.611781 0.545628 0.313213  
13607.3 27356.5 27343.8 29379.1  379.128 625.598 634.578 606.368  13.1746 17.4474 21.2213 14.1647  0.34152 0.40788 0.433115 0.346618  
13607.3 27356.5 27343.8 29379.1  379.128 625.598 634.578 606.368  13.1746 17.4474 21.2213 14.1647  0.341039 0.406976 0.434444 0.345642  
13607.3 27356.5 27343.8 29379.1  382.415 628.361 642.801 605.643  9.97508 14.7673 13.0819 14.8997  0.25776 0.327973 0.35214 0.33559  
2787.95 5587.59 5595.76 5973.97  2232.1 4476.68 4465.84 4796.42  1779.87 3563.43 3583.71 3814.87  1436.89 2859.31 2852.63 3035.95  
2787.95 5587.59 5595.76 5973.97  2240.69 4466.53 4449.04 4741.62  1791.81 3584.65 3581.02 3831.8  1414.15 2843.84 2868.26 3069.09  
2787.95 5587.59 5595.76 5973.97  2214.81 4452.42 4473.45 4788.9  1783.3 3568.25 3582.19 3816.36  1423.89 2846.39 2860.8 3044.21  
2787.95 5587.59 5595.76 5973.97  2236.12 4469.03 4471.64 4764.15  1792.95 3585.62 3569.03 3829.93  1432.57 2862.93 2866.81 3060.01  
2787.95 5587.59 5595.76 5973.97  2222.29 4452.85 4475.89 4766.41  1778.72 3575.81 3569.28 3849.69  1438.16 2868.12 2865.92 3055.64  
2787.95 5587.59 5595.76 5973.97  2239.34 4476.84 4468.35 4773.97  1778.44 3563.4 3583.21 3819.32  1434.82 2865.81 2864.64 3060.16  
2787.95 5587.59 5595.76 5973.97  2231.82 4474.83 4475.35 4793.12  1773.94 3563.45 3579.86 3833.52  1434.63 2871.11 2860.19 3074.24  
2787.95 5587.59 5595.76 5973.97  2232.1 4476.68 4465.84 4796.42  1793.75 3584.09 3570.19 3823.51  1436.14 2860.11 2853.24 3040.44  
2787.95 5587.59 5595.76 5973.97  2236.12 4469.03 4471.64 4764.15  1784.09 3576.18 3584.8 3834.66  1425.46 2854.44 2866.38 3060.52  
2787.95 5587.59 5595.76 5973.97  2232.1 4476.68 4465.84 4796.42  1786.03 3565.35 3578.1 3799.92  1425.87 2855.07 2868.88 3061.01  
2787.95 5587.59 5595.76 5973.97  2218.14 4460.5 4470.04 4799.07  1775.22 3550.53 3575.69 3795.6  1428.11 2866.14 2864.78 3082.33  
2787.95 5587.59 5595.76 5973.97  2222.29 4452.85 4475.89 4766.41  1781.82 3568.16 3581.7 3820.81  1419.75 2849.8 2862.76 3066.34  
2787.95 5587.59 5595.76 5973.97  2239.62 4478.66 4459 4777.21  1792.03 3582.23 3579.04 3824.74  1427.2 2860.31 2871.86 3070.63  
2787.95 5587.59 5595.76 5973.97  2208.44 4438.14 4470.59 4771.9  1790.73 3573.01 3577.15 3804.75  1433.65 2870.22 2869.93 3075.66  
2787.95 5587.59 5595.76 5973.97  2239.34 4476.84 4468.35 4773.97  1786.29 3582.47 3575.16 3843.36  1430.49 2865.72 2868.62 3073.99  
5008.31 10056.8 10064.9 10782.1  3207.96 6416.87 6449.47 6862.59  2072.31 4142.4 4129.73 4436.72  1324.12 2640.64 2645.17 2827.66  
5008.31 10056.8 10064.9 10782.1  3218.22 6445.11 6412.4 6900.87  2056.21 4120.76 4129.18 4431.57  1323.72 2642.82 2655.22 2835.15  
5008.31 10056.8 10064.9 10782.1  3201.97 6427.88 6441.04 6909.62  2074.71 4140.16 4123.98 4422.88  1335.73 2652.81 2640.28 2822.21  
5008.31 10056.8 10064.9 10782.1  3197.16 6416.24 6445.95 6894.97  2073.92 4140.44 4107.75 4425  1331.13 2649.9 2656.01 2830.19  
5008.31 10056.8 10064.9 10782.1  3227.93 6440.19 6443.36 6859.33  2050.22 4118.56 4103.37 4443.3  1310.57 2629.57 2642.91 2841.57  
5008.31 10056.8 10064.9 10782.1  3198.41 6424.41 6404.11 6909.43  2063 4126.43 4141.11 4425.4  1328.36 2648.2 2653.91 2834.29  
5008.31 10056.8 10064.9 10782.1  3216.99 6437.08 6453.53 6886.65  2069.33 4136.86 4119.5 4431.13  1319.49 2639.93 2643.93 2840.41  
5008.31 10056.8 10064.9 10782.1  3187.97 6395.67 6441.83 6870.49  2066.99 4138.48 4118.63 4442.5  1339.04 2663.82 2645.95 2840.57  
5008.31 10056.8 10064.9 10782.1  3187.97 6395.67 6441.83 6870.49  2066.72 4136.72 4127.57 4439.39  1337.51 2661.94 2633.47 2839.67  
5008.31 10056.8 10064.9 10782.1  3173.32 6389.49 6415.65 6899.17  2088.74 4146.87 4138.48 4396.85  1338.9 2658.47 2651.68 2827.5  
5008.31 10056.8 10064.9 10782.1  3227.93 6440.19 6443.36 6859.33  2052.49 4120.79 4127.03 4443.41  1327.79 2648.36 2650.01 2836.35  
5008.31 10056.8 10064.9 10782.1  3197.16 6416.24 6445.95 6894.97  2083.43 4146.19 4115.92 4410.41  1321.7 2645.18 2642.2 2846.86  
5008.31 10056.8 10064.9 10782.1  3221.71 6448.53 6448.7 6901.06  2074.6 4134.57 4114.93 4408.23  1315.93 2636.65 2647.31 2843.47  
5008.31 10056.8 10064.9 10782.1  3197.16 6416.24 6445.95 6894.97  2083.17 4144.5 4124.54 4407.42  1321.62 2644.66 2644.84 2845.95  
5008.31 10056.8 10064.9 10782.1  3187.97 6395.67 6441.83 6870.49  2070.58 4129.62 4132.98 4409.16  1337.58 2665.89 2646.43 2850.58  
7549.99 15108.4 15057 16111.6  3478.66 6955.51 6955.11 7455.98  1601.04 3188.58 3212.79 3420.49  739.041 1482.37 1491.21 1616.91  
7549.99 15108.4 15057 16111.6  3453.95 6929.84 6907.27 7464.83  1613.93 3213.59 3232.17 3446.04  740.111 1477.24 1496.15 1600.35  
7549.99 15108.4 15057 16111.6  3475.44 6924.77 6944.6 7385.36  1592.88 3207.46 3201.15 3495.29  744.022 1485.58 1507.38 1610.26  
7549.99 15108.4 15057 16111.6  3478.66 6955.51 6955.11 7455.98  1601.04 3188.58 3212.79 3420.49  736.322 1477.64 1478.89 1612.42  
7549.99 15108.4 15057 16111.6  3478.23 6952.68 6969.69 7450.93  1603.53 3195.58 3202.64 3430.15  737.058 1478.75 1483.69 1613.3  
7549.99 15108.4 15057 16111.6  3466.55 6949.56 6980.62 7480.84  1607.57 3191.78 3199.12 3407.28  736.786 1478.39 1474.65 1612.6  
7549.99 15108.4 15057 16111.6  3466.99 6952.44 6965.78 7485.97  1609.79 3196.99 3198.14 3413.78  737.235 1477.44 1490.4 1609.73  
7549.99 15108.4 15057 16111.6  3475.44 6924.77 6944.6 7385.36  1605.04 3210.59 3216.08 3465.07  733.385 1481.61 1484.82 1632.85  
7549.99 15108.4 15057 16111.6  3453.95 6929.84 6907.27 7464.83  1608.47 3212.12 3236.94 3459.87  745.755 1482.26 1509.47 1596.35  
7549.99 15108.4 15057 16111.6  3478.23 6952.68 6969.69 7450.93  1603.73 3196.86 3196.03 3432.45  737.826 1479.43 1492.38 1613.2  
7549.99 15108.4 15057 16111.6  3466.99 6952.44 6965.78 7485.97  1609.79 3196.99 3198.14 3413.78  740.525 1478.89 1496.49 1603.33  
7549.99 15108.4 15057 16111.6  3480.34 6936.66 6939.55 7400.42  1594.32 3208.46 3219.64 3494.56  741.079 1475.27 1493.63 1591.74  
7549.99 15108.4 15057 16111.6  3474.54 6949.05 6931.08 7450.74  1596.82 3197.81 3244.86 3460.32  739.867 1476.99 1493.47 1600.33  
7549.99 15108.4 15057 16111.6  3465.86 6933.3 6897.62 7435.2  1606.93 3207.82 3257.76 3454.9  741.891 1482.59 1492.76 1608.46  
7549.99 15108.4 15057 16111.6  3462.79 6945.87 6941.33 7480.64  1605.14 3197.69 3198.41 3430.39  744.498 1481.27 1501.15 1597.24  
