5 66 3
26011.2 25911.7 32233.3 22765.4 55040.8  6784.71 6868.91 8648.16 5934.69 14519.4  1767.38 1760.16 2265.48 1541.95 3842.51  
12248.8 12172.2 15357.8 10615.6 26136.2  8009.96 8008.01 10010.4 6996.23 17011.8  5191.22 5186.34 6502.29 4534.12 11051.2  
23210.9 23197.6 28898 20284.1 49163.1  7895.77 7858.48 9934.76 6882.13 16907.5  2685.35 2729.85 3364.03 2393.4 5680.62  
34675.8 34781.6 43423.6 30238.4 73553.5  514.425 411.048 569.538 546.838 1226.04  9.5801 7.21441 6.72495 14.3943 19.9624  
12248.8 12172.2 15357.8 10615.6 26136.2  7958 7952.89 10000.8 6921.12 16961.3  5209.6 5182.21 6473.66 4565.11 11064.1  
5627.04 5596.49 6998.56 4907.64 11943.6  4716.86 4684.1 5846.97 4123.06 10002.5  3968.21 3984.54 4950.93 3476.7 8397.47  
9796.43 9730.64 12281.8 8488.59 20907.4  7046.67 7036.89 8859.85 6120.38 15027  5102.39 5091.79 6381.84 4453.22 10855.9  
7736.64 7693.66 9626.04 6745.19 16426.3  6024.68 6012.57 7551.41 5240.9 12826.8  4693.9 4656.84 5836.59 4097.49 9981.78  
23210.9 23197.6 28898 20284.1 49163.1  7904.12 7868.45 9889.39 6918.13 16866.7  2682.81 2711.36 3437.11 2345.31 5771.17  
34675.8 34781.6 43423.6 30238.4 73553.5  511.974 412.346 564.735 547.919 1212.43  12.0362 5.9529 11.4727 13.4173 33.4147  
34675.8 34781.6 43423.6 30238.4 73553.5  511.974 412.346 564.735 547.919 1212.43  12.0981 5.97 11.426 13.5469 33.4453  
9147 9108.95 11370.7 7986.21 19395.3  6758.84 6779.3 8426.11 5920.71 14304.5  5005.41 5017.82 6250.15 4384.15 10611.3  
12248.8 12172.2 15357.8 10615.6 26136.2  8023.61 8042.35 9997.39 7033.6 16985.9  5175.92 5175.38 6510.07 4509.33 11041  
9147 9108.95 11370.7 7986.21 19395.3  6759.22 6729.65 8455.9 5881.7 14394.3  5002.36 4979.16 6244.7 4364.77 10645.2  
5609.84 5621.83 7021.38 4891.29 11901.8  4728.94 4722.31 5900.41 4127.25 10036.3  3969.02 3974.38 4938.81 3478.64 8398.74  
9796.43 9730.64 12281.8 8488.59 20907.4  7061.05 7035.68 8855.44 6136.58 15053.2  5088.01 5093 6386.25 4437.01 10829.7  
34675.8 34781.6 43423.6 30238.4 73553.5  511.974 412.346 564.735 547.919 1212.43  12.0362 5.9529 11.4727 13.4173 33.4147  
7736.64 7693.66 9626.04 6745.19 16426.3  6028.99 6019.5 7471.95 5288.56 12746.6  4695.69 4681.16 5820.25 4119.4 9940.26  
26011.2 25911.7 32233.3 22765.4 55040.8  6785.11 6837.05 8603.15 5941.65 14512.7  1776.76 1801.73 2322.69 1543.77 3870.05  
9147 9108.95 11370.7 7986.21 19395.3  6758.84 6779.3 8426.11 5920.71 14304.5  4995.35 4972.25 6188.41 4382.44 10582  
9147 9108.95 11370.7 7986.21 19395.3  6759.22 6729.65 8455.9 5881.7 14394.3  5002.36 4979.16 6244.7 4364.77 10645.2  
7736.64 7693.66 9626.04 6745.19 16426.3  6035.32 6010.82 7503.2 5275 12801.5  4699.41 4676.62 5838.4 4111.89 9971.58  
8746.89 8661.46 10926.7 7585.73 18659.2  6505.05 6424.79 8134.23 5636.12 13909.5  4914.71 4911.85 6190.52 4269.33 10490.1  
9147 9108.95 11370.7 7986.21 19395.3  6741.3 6680.69 8391.07 5872.01 14349.8  5010.25 5006.49 6281.34 4367.82 10666.1  
12248.8 12172.2 15357.8 10615.6 26136.2  7979.81 7939.28 9977.77 6948.17 16998.3  5167.56 5150.65 6474.65 4506.29 11016.6  
7736.64 7693.66 9626.04 6745.19 16426.3  6028.61 6047.5 7511.02 5282.35 12752.4  4708.69 4710.34 5858.57 4127.75 9971.09  
23210.9 23197.6 28898 20284.1 49163.1  7873.87 7872.12 9958.03 6855.06 16870  2704.22 2724.72 3373.72 2405.11 5734.97  
5609.84 5621.83 7021.38 4891.29 11901.8  4672.45 4685.08 5893.49 4055.27 9958.22  3967.23 3958.03 4968.99 3453.51 8445.2  
7736.64 7693.66 9626.04 6745.19 16426.3  6012.97 5959.53 7479.78 5238.91 12792.8  4684.9 4655.85 5870.64 4070.81 9999.1  
8746.89 8661.46 10926.7 7585.73 18659.2  6517.79 6452.26 8169.95 5644.56 13939.3  4921.53 4882.95 6114.38 4300.56 10460.7  
8746.89 8661.46 10926.7 7585.73 18659.2  6569.57 6535.48 8229.56 5707.98 14007.2  4956.69 4968.66 6202.01 4334.26 10520.7  
12248.8 12172.2 15357.8 10615.6 26136.2  7921.92 7860.87 9935.99 6871.82 16930.5  5173.53 5186.22 6503.87 4514.77 11016.5  
8746.89 8661.46 10926.7 7585.73 18659.2  6569.57 6535.48 8229.56 5707.98 14007.2  4956.69 4968.66 6202.01 4334.26 10520.7  
8746.89 8661.46 10926.7 7585.73 18659.2  6530.63 6451.52 8120.37 5682.19 13916  4908.69 4883.68 6163.97 4262.93 10484.1  
26011.2 25911.7 32233.3 22765.4 55040.8  6780.68 6798.46 8651.42 5894.84 14597.8  1778.08 1841.3 2289.67 1580.51 3792.73  
34675.8 34781.6 43423.6 30238.4 73553.5  516.537 413.997 566.602 553.406 1222.39  7.54498 4.33091 9.58564 8.06777 23.529  
5609.84 5621.83 7021.38 4891.29 11901.8  4697.16 4724.42 5874.53 4109.18 9942.66  3965.59 3974.75 4945.51 3471.99 8398.09  
26011.2 25911.7 32233.3 22765.4 55040.8  6791.84 6858.51 8683.48 5919.57 14581.9  1768.19 1778.1 2253.32 1557.66 3810.43  
7736.64 7693.66 9626.04 6745.19 16426.3  6028.61 6047.5 7511.02 5282.35 12752.4  4708.69 4710.34 5858.57 4127.75 9971.09  
34675.8 34781.6 43423.6 30238.4 73553.5  515.234 412.826 568.583 549.713 1223.84  8.87472 5.46212 7.7018 11.6826 22.3797  
8746.89 8661.46 10926.7 7585.73 18659.2  6559.4 6496.3 8130.08 5728.5 13931.6  4937.11 4943.28 6217.78 4294.04 10526.6  
5627.04 5596.49 6998.56 4907.64 11943.6  4726.2 4726.35 5904.05 4124.64 10029.6  3949.21 3920.87 4952.27 3425.47 8435.41  
9147 9108.95 11370.7 7986.21 19395.3  6754.43 6740.15 8471.43 5874.24 14387.9  5010.23 5019.93 6226.56 4401.94 10594.7  
23210.9 23197.6 28898 20284.1 49163.1  7873.87 7872.12 9958.03 6855.06 16870  2704.22 2724.72 3373.72 2405.11 5734.97  
5609.84 5621.83 7021.38 4891.29 11901.8  4697.16 4724.42 5874.53 4109.18 9942.66  3951.52 3969.8 4941.27 3457.45 8370.94  
7736.64 7693.66 9626.04 6745.19 16426.3  6039.29 6028.82 7527.51 5275.67 12813  4699.83 4694.74 5897.74 4091.47 10011.3  
12248.8 12172.2 15357.8 10615.6 26136.2  7900.51 7874.24 9958.57 6845.26 16894.2  5191.35 5180.76 6492.84 4535.66 11048.1  
23210.9 23197.6 28898 20284.1 49163.1  7909.31 7892.01 9921.42 6919.01 16881.8  2689.51 2707 3409.79 2363.56 5762.57  
5627.04 5596.49 6998.56 4907.64 11943.6  4726.2 4726.35 5904.05 4124.64 10029.6  3949.21 3920.87 4952.27 3425.47 8435.41  
9796.43 9730.64 12281.8 8488.59 20907.4  6995.77 6967.3 8822.46 6053.3 14967.5  5139.77 5124.17 6369.61 4513.42 10881.1  
34675.8 34781.6 43423.6 30238.4 73553.5  516.537 413.997 566.602 553.406 1222.39  7.60153 4.32921 9.63961 8.10502 23.7718  
26011.2 25911.7 32233.3 22765.4 55040.8  6755.19 6757.44 8548 5899.78 14489.9  1798.21 1868.61 2361.11 1578.91 3873.75  
5609.84 5621.83 7021.38 4891.29 11901.8  4719.02 4723.14 5903.45 4116.1 10018.2  3959.82 3951.98 4967.4 3443.9 8435.64  
9147 9108.95 11370.7 7986.21 19395.3  6763.79 6768.43 8410.02 5928.43 14311.1  4991.15 4947.61 6228.32 4346.1 10643.2  
9796.43 9730.64 12281.8 8488.59 20907.4  7046.67 7036.89 8859.85 6120.38 15027  5065.72 5019.2 6324.18 4409.28 10808  
9147 9108.95 11370.7 7986.21 19395.3  6758.84 6779.3 8426.11 5920.71 14304.5  4995.35 4972.25 6188.41 4382.44 10582  
5627.04 5596.49 6998.56 4907.64 11943.6  4724.7 4725.92 5868.88 4140.58 9991.31  3967.2 3959.43 4921.7 3477.98 8395.41  
34675.8 34781.6 43423.6 30238.4 73553.5  511.974 412.346 564.735 547.919 1212.43  12.0981 5.97 11.426 13.5469 33.4453  
8746.89 8661.46 10926.7 7585.73 18659.2  6505.05 6424.79 8134.23 5636.12 13909.5  4950.88 4938.83 6186.17 4321.62 10527.6  
5609.84 5621.83 7021.38 4891.29 11901.8  4679.63 4704.94 5885.56 4076.31 9941.24  3958.87 3966.97 4959.68 3454.19 8408.07  
9796.43 9730.64 12281.8 8488.59 20907.4  7046.67 7036.89 8859.85 6120.38 15027  5065.72 5019.2 6324.18 4409.28 10808  
8746.89 8661.46 10926.7 7585.73 18659.2  6530.63 6451.52 8120.37 5682.19 13916  4908.69 4883.68 6163.97 4262.93 10484.1  
5609.84 5621.83 7021.38 4891.29 11901.8  4697.16 4724.42 5874.53 4109.18 9942.66  3965.59 3974.75 4945.51 3471.99 8398.09  
23210.9 23197.6 28898 20284.1 49163.1  7878.43 7917.9 9904.8 6908.78 16770.8  2704.16 2690.43 3422.45 2363.87 5825.01  
12248.8 12172.2 15357.8 10615.6 26136.2  8010.45 7971.99 9960.35 7004.23 17004.4  5191.06 5198.77 6519.74 4531.37 11053.9  
5627.04 5596.49 6998.56 4907.64 11943.6  4716.86 4684.1 5846.97 4123.06 10002.5  3964.52 3942.94 4923.02 3466.51 8410.8  
