5 200 3
12248.8 12172.2 15357.8 10615.6 26136.2  7921.92 7860.87 9935.99 6871.82 16930.5  5183.96 5185.33 6500.68 4526.63 11035.4  
12248.8 12172.2 15357.8 10615.6 26136.2  8010.45 7971.99 9960.35 7004.23 17004.4  5153.74 5124.65 6460.82 4486.65 11005.1  
12248.8 12172.2 15357.8 10615.6 26136.2  7979.81 7939.28 9977.77 6948.17 16998.3  5167.56 5150.65 6474.65 4506.29 11016.6  
12248.8 12172.2 15357.8 10615.6 26136.2  8010.45 7971.99 9960.35 7004.23 17004.4  5191.06 5198.77 6519.74 4531.37 11053.9  
12248.8 12172.2 15357.8 10615.6 26136.2  7900.51 7874.24 9958.57 6845.26 16894.2  5191.35 5180.76 6492.84 4535.66 11048.1  
12248.8 12172.2 15357.8 10615.6 26136.2  7993.42 8009.4 10015.4 6977.57 16981.7  5196.97 5185.86 6500.53 4540.53 11061.8  
12248.8 12172.2 15357.8 10615.6 26136.2  7900.51 7874.24 9958.57 6845.26 16894.2  5191.35 5180.76 6492.84 4535.66 11048.1  
12248.8 12172.2 15357.8 10615.6 26136.2  7974.72 7916.15 9946.69 6947.31 16983.6  5235.69 5277.66 6525.58 4612.69 11057.9  
12248.8 12172.2 15357.8 10615.6 26136.2  7921.92 7860.87 9935.99 6871.82 16930.5  5173.53 5186.22 6503.87 4514.77 11016.5  
12248.8 12172.2 15357.8 10615.6 26136.2  7958 7952.89 10000.8 6921.12 16961.3  5209.6 5182.21 6473.66 4565.11 11064.1  
12248.8 12172.2 15357.8 10615.6 26136.2  8009.96 8008.01 10010.4 6996.23 17011.8  5191.22 5186.34 6502.29 4534.12 11051.2  
12248.8 12172.2 15357.8 10615.6 26136.2  7921.92 7860.87 9935.99 6871.82 16930.5  5184.27 5162.46 6469.19 4531.72 11030.8  
12248.8 12172.2 15357.8 10615.6 26136.2  7921.92 7860.87 9935.99 6871.82 16930.5  5173.53 5186.22 6503.87 4514.77 11016.5  
12248.8 12172.2 15357.8 10615.6 26136.2  8015.64 7995.54 9992 7005.12 17019.4  5216.19 5219.38 6506.23 4573.94 11067.1  
12248.8 12172.2 15357.8 10615.6 26136.2  7931.09 7943.38 9992.69 6893.2 16909.6  5245.72 5237.49 6505.99 4612.79 11105.5  
12248.8 12172.2 15357.8 10615.6 26136.2  7974.72 7916.15 9946.69 6947.31 16983.6  5235.69 5277.66 6525.58 4612.69 11057.9  
12248.8 12172.2 15357.8 10615.6 26136.2  7916.45 7872.89 9953.69 6863.25 16923.2  5247.11 5270.16 6531.58 4617.31 11095.8  
12248.8 12172.2 15357.8 10615.6 26136.2  8015.64 7995.54 9992 7005.12 17019.4  5189.25 5190.64 6508.7 4531.06 11048.6  
12248.8 12172.2 15357.8 10615.6 26136.2  8023.61 8042.35 9997.39 7033.6 16985.9  5175.92 5175.38 6510.07 4509.33 11041  
12248.8 12172.2 15357.8 10615.6 26136.2  7979.81 7939.28 9977.77 6948.17 16998.3  5196.34 5241.65 6521.11 4557 11015.7  
5627.04 5596.49 6998.56 4907.64 11943.6  4716.86 4684.1 5846.97 4123.06 10002.5  3964.52 3942.94 4923.02 3466.51 8410.8  
5627.04 5596.49 6998.56 4907.64 11943.6  4716.86 4684.1 5846.97 4123.06 10002.5  3968.21 3984.54 4950.93 3476.7 8397.47  
5627.04 5596.49 6998.56 4907.64 11943.6  4721.24 4733.51 5880.11 4135.18 9986.69  3965.16 3935.89 4947.42 3451.44 8445.26  
5627.04 5596.49 6998.56 4907.64 11943.6  4726.2 4726.35 5904.05 4124.64 10029.6  3949.21 3920.87 4952.27 3425.47 8435.41  
5627.04 5596.49 6998.56 4907.64 11943.6  4729.6 4718.89 5893.02 4129.95 10034.2  3963.82 3938.2 4945.37 3452.27 8437.67  
5627.04 5596.49 6998.56 4907.64 11943.6  4697.4 4652.19 5874.14 4074.04 10028.2  3968.72 3966.59 4973.21 3457.18 8442.32  
5627.04 5596.49 6998.56 4907.64 11943.6  4697.4 4652.19 5874.14 4074.04 10028.2  3963.32 3953.41 4897.76 3483.17 8370.25  
5627.04 5596.49 6998.56 4907.64 11943.6  4697.4 4652.19 5874.14 4074.04 10028.2  3961 3931.6 4926.03 3455.87 8419.97  
5627.04 5596.49 6998.56 4907.64 11943.6  4726.2 4726.35 5904.05 4124.64 10029.6  3958.73 3941.66 4893.04 3475.09 8370.03  
5627.04 5596.49 6998.56 4907.64 11943.6  4724.7 4725.92 5868.88 4140.58 9991.31  3967.2 3959.43 4921.7 3477.98 8395.41  
5627.04 5596.49 6998.56 4907.64 11943.6  4726.2 4726.35 5904.05 4124.64 10029.6  3956.42 3919.92 4921.31 3447.86 8419.76  
5627.04 5596.49 6998.56 4907.64 11943.6  4721.24 4733.51 5880.11 4135.18 9986.69  3957.21 3918.79 4925.1 3446.19 8426.6  
5627.04 5596.49 6998.56 4907.64 11943.6  4718.45 4685.01 5882.19 4107.42 10040.5  3957.65 3926.43 4924.76 3450.58 8418.01  
5627.04 5596.49 6998.56 4907.64 11943.6  4721.24 4733.51 5880.11 4135.18 9986.69  3967.75 3958.23 4919.93 3478.85 8396.15  
5627.04 5596.49 6998.56 4907.64 11943.6  4721.53 4711.6 5849.52 4140.04 9982.13  3967.46 3980.14 4950.52 3473.99 8400.71  
5627.04 5596.49 6998.56 4907.64 11943.6  4718.16 4706.17 5911.73 4102.73 10044.9  3965.41 3958.01 4967.21 3452.64 8439.66  
5627.04 5596.49 6998.56 4907.64 11943.6  4729.6 4718.89 5893.02 4129.95 10034.2  3963.82 3938.2 4945.37 3452.27 8437.67  
5627.04 5596.49 6998.56 4907.64 11943.6  4716.86 4684.1 5846.97 4123.06 10002.5  3968.43 3955.35 4968.43 3453.8 8450.17  
5627.04 5596.49 6998.56 4907.64 11943.6  4716.86 4684.1 5846.97 4123.06 10002.5  3971.11 3978.15 4941.48 3481.24 8401.35  
5627.04 5596.49 6998.56 4907.64 11943.6  4726.2 4726.35 5904.05 4124.64 10029.6  3949.21 3920.87 4952.27 3425.47 8435.41  
23210.9 23197.6 28898 20284.1 49163.1  7895.83 7879.81 9848.11 6935.92 16794.2  2698.57 2702.64 3440.41 2355.18 5817.61  
23210.9 23197.6 28898 20284.1 49163.1  7903.61 7904.49 9940 6910.12 16874.2  2682.21 2695.13 3353.97 2378.13 5704.95  
23210.9 23197.6 28898 20284.1 49163.1  7873.87 7872.12 9958.03 6855.06 16870  2704.22 2724.72 3373.72 2405.11 5734.97  
23210.9 23197.6 28898 20284.1 49163.1  7904.12 7868.45 9889.39 6918.13 16866.7  2692.09 2722.26 3410.38 2373.28 5750.45  
23210.9 23197.6 28898 20284.1 49163.1  7859.53 7896.22 9936.77 6863.02 16790.4  2717.69 2692.68 3404.16 2387.59 5831.65  
23210.9 23197.6 28898 20284.1 49163.1  7904.12 7868.45 9889.39 6918.13 16866.7  2682.81 2711.36 3437.11 2345.31 5771.17  
23210.9 23197.6 28898 20284.1 49163.1  7909.31 7892.01 9921.42 6919.01 16881.8  2689.51 2707 3409.79 2363.56 5762.57  
23210.9 23197.6 28898 20284.1 49163.1  7895.83 7879.81 9848.11 6935.92 16794.2  2680.27 2716.27 3442.79 2342.16 5765.85  
23210.9 23197.6 28898 20284.1 49163.1  7859.53 7896.22 9936.77 6863.02 16790.4  2712.06 2693.15 3405.87 2381.22 5821.28  
23210.9 23197.6 28898 20284.1 49163.1  7887.02 7905.9 9945.11 6891.45 16843.7  2701.56 2689.44 3362.8 2390.56 5760.25  
23210.9 23197.6 28898 20284.1 49163.1  7909.31 7892.01 9921.42 6919.01 16881.8  2671.43 2708.23 3394.79 2353.22 5708.75  
23210.9 23197.6 28898 20284.1 49163.1  7887.02 7905.9 9945.11 6891.45 16843.7  2701.53 2682.15 3392.43 2372.02 5799.13  
23210.9 23197.6 28898 20284.1 49163.1  7909.31 7892.01 9921.42 6919.01 16881.8  2678.47 2703.33 3366.05 2372.26 5699.97  
23210.9 23197.6 28898 20284.1 49163.1  7850.46 7908.06 9896.31 6879.86 16716.6  2718.02 2685.39 3432.55 2370.24 5869.83  
23210.9 23197.6 28898 20284.1 49163.1  7901.11 7903.78 9880.7 6936.81 16809.6  2694.07 2699 3416.03 2360.95 5787.79  
23210.9 23197.6 28898 20284.1 49163.1  7859.53 7896.22 9936.77 6863.02 16790.4  2717.69 2692.68 3404.16 2387.59 5831.65  
23210.9 23197.6 28898 20284.1 49163.1  7895.77 7858.48 9934.76 6882.13 16907.5  2685.35 2729.85 3364.03 2393.4 5680.62  
23210.9 23197.6 28898 20284.1 49163.1  7909.31 7892.01 9921.42 6919.01 16881.8  2691.45 2702.72 3403.41 2366.6 5765.18  
23210.9 23197.6 28898 20284.1 49163.1  7901.11 7903.78 9880.7 6936.81 16809.6  2679.89 2696.43 3435.45 2335.84 5781.21  
23210.9 23197.6 28898 20284.1 49163.1  7878.43 7917.9 9904.8 6908.78 16770.8  2704.16 2690.43 3422.45 2363.87 5825.01  
26011.2 25911.7 32233.3 22765.4 55040.8  6792.24 6827.2 8639.24 5926.41 14575.3  1769.54 1820.05 2298.57 1557.18 3809.19  
26011.2 25911.7 32233.3 22765.4 55040.8  6780.68 6798.46 8651.42 5894.84 14597.8  1778.08 1841.3 2289.67 1580.51 3792.73  
26011.2 25911.7 32233.3 22765.4 55040.8  6791.84 6858.51 8683.48 5919.57 14581.9  1768.19 1778.1 2253.32 1557.66 3810.43  
26011.2 25911.7 32233.3 22765.4 55040.8  6778.39 6797.12 8599.49 5917.28 14542.5  1773.09 1831.31 2299.5 1565.47 3804.38  
26011.2 25911.7 32233.3 22765.4 55040.8  6785.11 6837.05 8603.15 5941.65 14512.7  1767.06 1783.31 2298.16 1536.83 3847.35  
26011.2 25911.7 32233.3 22765.4 55040.8  6763.94 6849.2 8572.11 5941.34 14423.5  1783.72 1793.03 2319.25 1547.68 3891.04  
26011.2 25911.7 32233.3 22765.4 55040.8  6791.84 6858.51 8683.48 5919.57 14581.9  1768.78 1778.45 2266.94 1551.75 3824.94  
26011.2 25911.7 32233.3 22765.4 55040.8  6796.72 6847.66 8667.24 5927.17 14588.5  1767.52 1802.01 2273.63 1558.65 3801.26  
26011.2 25911.7 32233.3 22765.4 55040.8  6792.24 6827.2 8639.24 5926.41 14575.3  1765.96 1803.48 2275.84 1556.57 3798.63  
26011.2 25911.7 32233.3 22765.4 55040.8  6796.72 6847.66 8667.24 5927.17 14588.5  1766.22 1804.92 2277.99 1556.62 3799.52  
26011.2 25911.7 32233.3 22765.4 55040.8  6784.71 6868.91 8648.16 5934.69 14519.4  1767.38 1760.16 2265.48 1541.95 3842.51  
26011.2 25911.7 32233.3 22765.4 55040.8  6792.24 6827.2 8639.24 5926.41 14575.3  1764.12 1814.82 2278.34 1558.93 3784  
26011.2 25911.7 32233.3 22765.4 55040.8  6755.19 6757.44 8548 5899.78 14489.9  1798.21 1868.61 2361.11 1578.91 3873.75  
26011.2 25911.7 32233.3 22765.4 55040.8  6759.31 6828.03 8543.14 5940.56 14409.9  1795.74 1816.68 2378.85 1542.8 3947.67  
26011.2 25911.7 32233.3 22765.4 55040.8  6785.11 6837.05 8603.15 5941.65 14512.7  1776.76 1801.73 2322.69 1543.77 3870.05  
26011.2 25911.7 32233.3 22765.4 55040.8  6784.71 6868.91 8648.16 5934.69 14519.4  1775.19 1776.09 2300.21 1540.85 3874.55  
26011.2 25911.7 32233.3 22765.4 55040.8  6755.19 6757.44 8548 5899.78 14489.9  1786.98 1843.56 2327.88 1571.49 3846.9  
26011.2 25911.7 32233.3 22765.4 55040.8  6771.03 6806.46 8562.71 5932.36 14479.3  1781.58 1818.66 2331.5 1552.17 3868.98  
26011.2 25911.7 32233.3 22765.4 55040.8  6784.71 6868.91 8648.16 5934.69 14519.4  1775.19 1776.09 2300.21 1540.85 3874.55  
26011.2 25911.7 32233.3 22765.4 55040.8  6755.19 6757.44 8548 5899.78 14489.9  1798.87 1860.23 2363.18 1574.65 3886.86  
9147 9108.95 11370.7 7986.21 19395.3  6759.22 6729.65 8455.9 5881.7 14394.3  4995.25 4985.03 6180.82 4392.56 10558.9  
9147 9108.95 11370.7 7986.21 19395.3  6752.58 6708.53 8378.62 5903.36 14327.2  5012.31 5028.58 6287.94 4377.47 10651  
9147 9108.95 11370.7 7986.21 19395.3  6751.75 6770.24 8464.79 5889.68 14340  5004.3 4968.73 6242.41 4362.72 10659.3  
9147 9108.95 11370.7 7986.21 19395.3  6754.43 6740.15 8471.43 5874.24 14387.9  5015.43 5012.46 6252.17 4390.64 10640.1  
9147 9108.95 11370.7 7986.21 19395.3  6770.81 6758.36 8444.61 5913.22 14372.5  5002.62 5000 6212.89 4391.24 10588.9  
9147 9108.95 11370.7 7986.21 19395.3  6741.3 6680.69 8391.07 5872.01 14349.8  4996.96 4970.06 6233.18 4360.62 10633.2  
9147 9108.95 11370.7 7986.21 19395.3  6759.26 6747.91 8382.28 5927.66 14297.9  5005.31 5025.97 6261.47 4382.34 10613  
9147 9108.95 11370.7 7986.21 19395.3  6763.79 6768.43 8410.02 5928.43 14311.1  4991.15 4947.61 6228.32 4346.1 10643.2  
9147 9108.95 11370.7 7986.21 19395.3  6754.43 6740.15 8471.43 5874.24 14387.9  5010.23 5019.93 6226.56 4401.94 10594.7  
9147 9108.95 11370.7 7986.21 19395.3  6763.79 6768.43 8410.02 5928.43 14311.1  5001.17 4969.19 6256.55 4352.73 10666.8  
9147 9108.95 11370.7 7986.21 19395.3  6758.84 6779.3 8426.11 5920.71 14304.5  4995.35 4972.25 6188.41 4382.44 10582  
9147 9108.95 11370.7 7986.21 19395.3  6751.75 6770.24 8464.79 5889.68 14340  4997.19 4974.59 6178.54 4390.49 10572.9  
9147 9108.95 11370.7 7986.21 19395.3  6759.22 6729.65 8455.9 5881.7 14394.3  5002.36 4979.16 6244.7 4364.77 10645.2  
9147 9108.95 11370.7 7986.21 19395.3  6765.94 6769.05 8460.43 5905.62 14366  4993.51 4974.9 6179.65 4386.35 10566.2  
9147 9108.95 11370.7 7986.21 19395.3  6765.94 6769.05 8460.43 5905.62 14366  5000.31 4991.48 6274.88 4353.62 10657.2  
9147 9108.95 11370.7 7986.21 19395.3  6758.84 6779.3 8426.11 5920.71 14304.5  5005.7 4981.07 6272.27 4355.27 10677.9  
9147 9108.95 11370.7 7986.21 19395.3  6770.81 6758.36 8444.61 5913.22 14372.5  5002.62 5000 6212.89 4391.24 10588.9  
9147 9108.95 11370.7 7986.21 19395.3  6758.84 6779.3 8426.11 5920.71 14304.5  5005.41 5017.82 6250.15 4384.15 10611.3  
9147 9108.95 11370.7 7986.21 19395.3  6741.3 6680.69 8391.07 5872.01 14349.8  5010.25 5006.49 6281.34 4367.82 10666.1  
9147 9108.95 11370.7 7986.21 19395.3  6752.58 6708.53 8378.62 5903.36 14327.2  4994.04 4962.93 6236.38 4352.55 10639  
8746.89 8661.46 10926.7 7585.73 18659.2  6564.98 6545.57 8244.43 5700.81 14001.1  4957.83 4966.16 6198.3 4336.03 10522.3  
8746.89 8661.46 10926.7 7585.73 18659.2  6559.4 6496.3 8130.08 5728.5 13931.6  4937.11 4943.28 6217.78 4294.04 10526.6  
8746.89 8661.46 10926.7 7585.73 18659.2  6552.39 6488.46 8167.52 5698.67 13964.6  4960.97 4980.34 6217.5 4336.57 10531.4  
8746.89 8661.46 10926.7 7585.73 18659.2  6594.39 6592.06 8256.45 5747.46 14018.3  4928.42 4919.67 6186.28 4289.39 10505  
8746.89 8661.46 10926.7 7585.73 18659.2  6530.63 6451.52 8120.37 5682.19 13916  4908.69 4883.68 6163.97 4262.93 10484.1  
8746.89 8661.46 10926.7 7585.73 18659.2  6599.06 6581.79 8241.3 5754.76 14024.5  4927.56 4900.3 6159.64 4292.45 10498.9  
8746.89 8661.46 10926.7 7585.73 18659.2  6505.05 6424.79 8134.23 5636.12 13909.5  4914.71 4911.85 6190.52 4269.33 10490.1  
8746.89 8661.46 10926.7 7585.73 18659.2  6594.39 6592.06 8256.45 5747.46 14018.3  4950.5 4954.61 6195.3 4324.48 10518  
8746.89 8661.46 10926.7 7585.73 18659.2  6569.57 6535.48 8229.56 5707.98 14007.2  4956.69 4968.66 6202.01 4334.26 10520.7  
8746.89 8661.46 10926.7 7585.73 18659.2  6569.57 6535.48 8229.56 5707.98 14007.2  4956.69 4968.66 6202.01 4334.26 10520.7  
8746.89 8661.46 10926.7 7585.73 18659.2  6564.98 6545.57 8244.43 5700.81 14001.1  4926.25 4888.1 6131.53 4299.23 10482  
8746.89 8661.46 10926.7 7585.73 18659.2  6569.57 6535.48 8229.56 5707.98 14007.2  4938.03 4926.01 6181.8 4304.49 10512.4  
8746.89 8661.46 10926.7 7585.73 18659.2  6505.05 6424.79 8134.23 5636.12 13909.5  4950.88 4938.83 6186.17 4321.62 10527.6  
8746.89 8661.46 10926.7 7585.73 18659.2  6594.39 6592.06 8256.45 5747.46 14018.3  4892.71 4871.02 6160.22 4242.29 10463.2  
8746.89 8661.46 10926.7 7585.73 18659.2  6559.4 6496.3 8130.08 5728.5 13931.6  4962.73 4970.64 6215.41 4334.68 10544.3  
8746.89 8661.46 10926.7 7585.73 18659.2  6517.79 6452.26 8169.95 5644.56 13939.3  4921.53 4882.95 6114.38 4300.56 10460.7  
8746.89 8661.46 10926.7 7585.73 18659.2  6564.98 6545.57 8244.43 5700.81 14001.1  4890.66 4840.14 6106.52 4252.03 10440.6  
8746.89 8661.46 10926.7 7585.73 18659.2  6517.41 6480.84 8209.7 5638.22 13945.3  4943.33 4909.85 6111.96 4337.17 10471  
8746.89 8661.46 10926.7 7585.73 18659.2  6565.37 6516.45 8203.92 5707.27 13995  4958.03 4951.02 6177.38 4339.39 10519.1  
8746.89 8661.46 10926.7 7585.73 18659.2  6505.05 6424.79 8134.23 5636.12 13909.5  4950.88 4938.83 6186.17 4321.62 10527.6  
34675.8 34781.6 43423.6 30238.4 73553.5  511.974 412.346 564.735 547.919 1212.43  12.0362 5.9529 11.4727 13.4173 33.4147  
34675.8 34781.6 43423.6 30238.4 73553.5  511.871 409.966 568.259 543.804 1220.41  12.1942 8.27521 8.0214 17.4751 25.7652  
34675.8 34781.6 43423.6 30238.4 73553.5  515.234 412.826 568.583 549.713 1223.84  8.87472 5.46212 7.7018 11.6826 22.3797  
34675.8 34781.6 43423.6 30238.4 73553.5  509.322 410.044 565.211 542.755 1210.73  14.7338 8.23474 11.0141 18.6022 35.2771  
34675.8 34781.6 43423.6 30238.4 73553.5  514.425 411.048 569.538 546.838 1226.04  9.5801 7.21441 6.72495 14.3943 19.9624  
34675.8 34781.6 43423.6 30238.4 73553.5  517.729 413.939 566.362 554.956 1224.83  6.40853 4.38785 9.87989 6.55954 21.3176  
34675.8 34781.6 43423.6 30238.4 73553.5  517.12 413.348 569.116 552.019 1227.9  6.97121 4.94308 7.16983 9.35692 18.2639  
34675.8 34781.6 43423.6 30238.4 73553.5  516.537 413.997 566.602 553.406 1222.39  7.60153 4.32921 9.63961 8.10502 23.7718  
34675.8 34781.6 43423.6 30238.4 73553.5  511.974 412.346 564.735 547.919 1212.43  12.0981 5.97 11.426 13.5469 33.4453  
34675.8 34781.6 43423.6 30238.4 73553.5  515.234 412.826 568.583 549.713 1223.84  8.7761 5.47307 7.62525 11.6239 22.0019  
34675.8 34781.6 43423.6 30238.4 73553.5  511.974 412.346 564.735 547.919 1212.43  12.0981 5.97 11.426 13.5469 33.4453  
34675.8 34781.6 43423.6 30238.4 73553.5  516.537 413.997 566.602 553.406 1222.39  7.51521 4.31261 9.60985 8.00244 23.5294  
34675.8 34781.6 43423.6 30238.4 73553.5  516.277 411.56 570.061 549.104 1230.03  7.84573 6.70618 6.23912 12.2795 16.2598  
34675.8 34781.6 43423.6 30238.4 73553.5  514.425 411.048 569.538 546.838 1226.04  9.66672 7.2434 6.7477 14.5374 20.129  
34675.8 34781.6 43423.6 30238.4 73553.5  511.974 412.346 564.735 547.919 1212.43  12.0362 5.9529 11.4727 13.4173 33.4147  
34675.8 34781.6 43423.6 30238.4 73553.5  515.234 412.826 568.583 549.713 1223.84  8.8574 5.49557 7.65222 11.7415 22.1892  
34675.8 34781.6 43423.6 30238.4 73553.5  516.277 411.56 570.061 549.104 1230.03  7.71923 6.6829 6.18789 12.1031 15.966  
34675.8 34781.6 43423.6 30238.4 73553.5  516.537 413.997 566.602 553.406 1222.39  7.54498 4.33091 9.58564 8.06777 23.529  
34675.8 34781.6 43423.6 30238.4 73553.5  516.277 411.56 570.061 549.104 1230.03  7.7604 6.72115 6.18282 12.2187 15.9902  
34675.8 34781.6 43423.6 30238.4 73553.5  512.635 411.725 567.281 546.625 1218.12  11.3114 6.51957 8.96059 14.526 27.7538  
9796.43 9730.64 12281.8 8488.59 20907.4  7046.67 7036.89 8859.85 6120.38 15027  5102.39 5091.79 6381.84 4453.22 10855.9  
9796.43 9730.64 12281.8 8488.59 20907.4  7022.84 7028.48 8852.69 6095.69 14981.2  5121.29 5131.19 6396.39 4484.51 10862.8  
9796.43 9730.64 12281.8 8488.59 20907.4  7022.84 7028.48 8852.69 6095.69 14981.2  5081.36 5088.89 6381.86 4430.28 10816.7  
9796.43 9730.64 12281.8 8488.59 20907.4  7061.05 7035.68 8855.44 6136.58 15053.2  5061.74 5019.53 6325.39 4404.86 10800.7  
9796.43 9730.64 12281.8 8488.59 20907.4  7046.67 7036.89 8859.85 6120.38 15027  5065.72 5019.2 6324.18 4409.28 10808  
9796.43 9730.64 12281.8 8488.59 20907.4  7093.11 7053.79 8824.03 6193.88 15065.1  5042.43 5037.68 6368.04 4372.84 10783.5  
9796.43 9730.64 12281.8 8488.59 20907.4  7061.05 7035.68 8855.44 6136.58 15053.2  5088.62 5047.69 6323.52 4447.09 10820.3  
9796.43 9730.64 12281.8 8488.59 20907.4  7014.72 6955.47 8802.47 6076.78 14999.7  5074.22 5063.69 6370.87 4416.18 10820.2  
9796.43 9730.64 12281.8 8488.59 20907.4  7093.11 7053.79 8824.03 6193.88 15065.1  5061.95 5081.92 6389.86 4403.46 10793.4  
9796.43 9730.64 12281.8 8488.59 20907.4  7065.99 7024.84 8839.47 6144.3 15059.8  5119.85 5131.31 6396.85 4483.02 10860.1  
9796.43 9730.64 12281.8 8488.59 20907.4  6995.77 6967.3 8822.46 6053.3 14967.5  5116.85 5088.27 6360.86 4476.73 10867.8  
9796.43 9730.64 12281.8 8488.59 20907.4  7046.67 7036.89 8859.85 6120.38 15027  5065.41 5041.43 6354.95 4404.32 10812.6  
9796.43 9730.64 12281.8 8488.59 20907.4  7047.52 6974.3 8772.84 6134.28 15014  5091.77 5109.96 6409.32 4437.65 10840.6  
9796.43 9730.64 12281.8 8488.59 20907.4  7047.52 6974.3 8772.84 6134.28 15014  5102.16 5109.07 6406.13 4449.4 10859.5  
9796.43 9730.64 12281.8 8488.59 20907.4  7061.48 7004.38 8811.94 6143.54 15046.7  5098.28 5100.76 6395.21 4446.85 10850.4  
9796.43 9730.64 12281.8 8488.59 20907.4  7061.05 7035.68 8855.44 6136.58 15053.2  5088.01 5093 6386.25 4437.01 10829.7  
9796.43 9730.64 12281.8 8488.59 20907.4  6995.77 6967.3 8822.46 6053.3 14967.5  5139.77 5124.17 6369.61 4513.42 10881.1  
9796.43 9730.64 12281.8 8488.59 20907.4  7065.99 7024.84 8839.47 6144.3 15059.8  5097.33 5072.44 6356.14 4451.68 10842  
9796.43 9730.64 12281.8 8488.59 20907.4  6995.77 6967.3 8822.46 6053.3 14967.5  5079.76 5038.14 6334.5 4427.54 10824.5  
9796.43 9730.64 12281.8 8488.59 20907.4  7009.88 6966.11 8818.14 6069.21 14993.2  5065.34 5061.65 6369.64 4406.66 10803.4  
5609.84 5621.83 7021.38 4891.29 11901.8  4697.16 4724.42 5874.53 4109.18 9942.66  3951.52 3969.8 4941.27 3457.45 8370.94  
5609.84 5621.83 7021.38 4891.29 11901.8  4679.63 4704.94 5885.56 4076.31 9941.24  3958.87 3966.97 4959.68 3454.19 8408.07  
5609.84 5621.83 7021.38 4891.29 11901.8  4720.9 4702.15 5908.08 4105.32 10051.6  3933.02 3956.98 4945.22 3430.41 8352.55  
5609.84 5621.83 7021.38 4891.29 11901.8  4702.58 4717.35 5898.5 4099.12 9986.48  3935.91 3954.56 4946.74 3431.38 8362.82  
5609.84 5621.83 7021.38 4891.29 11901.8  4719.02 4723.14 5903.45 4116.1 10018.2  3948.05 3970.01 4936.69 3456.36 8359.02  
5609.84 5621.83 7021.38 4891.29 11901.8  4672.45 4685.08 5893.49 4055.27 9958.22  3940.68 3959.69 4947.54 3438.28 8367.29  
5609.84 5621.83 7021.38 4891.29 11901.8  4728.94 4722.31 5900.41 4127.25 10036.3  3951.04 3964.2 4957.31 3446.13 8392.99  
5609.84 5621.83 7021.38 4891.29 11901.8  4719.02 4723.14 5903.45 4116.1 10018.2  3928.42 3959.4 4925.62 3436.84 8320.31  
5609.84 5621.83 7021.38 4891.29 11901.8  4728.94 4722.31 5900.41 4127.25 10036.3  3966.43 3951.42 4965.37 3451.34 8447.71  
5609.84 5621.83 7021.38 4891.29 11901.8  4679.63 4704.94 5885.56 4076.31 9941.24  3958.87 3966.97 4959.68 3454.19 8408.07  
5609.84 5621.83 7021.38 4891.29 11901.8  4720.9 4702.15 5908.08 4105.32 10051.6  3966.13 3972.28 4960.25 3463.89 8417.19  
5609.84 5621.83 7021.38 4891.29 11901.8  4697.16 4724.42 5874.53 4109.18 9942.66  3965.59 3974.75 4945.51 3471.99 8398.09  
5609.84 5621.83 7021.38 4891.29 11901.8  4702.58 4717.35 5898.5 4099.12 9986.48  3970.64 3952.21 4965.68 3455.8 8455.67  
5609.84 5621.83 7021.38 4891.29 11901.8  4719.02 4723.14 5903.45 4116.1 10018.2  3948.05 3970.01 4936.69 3456.36 8359.02  
5609.84 5621.83 7021.38 4891.29 11901.8  4672.45 4685.08 5893.49 4055.27 9958.22  3967.23 3958.03 4968.99 3453.51 8445.2  
5609.84 5621.83 7021.38 4891.29 11901.8  4719.02 4723.14 5903.45 4116.1 10018.2  3966.43 3968.93 4960.99 3462.18 8422.5  
5609.84 5621.83 7021.38 4891.29 11901.8  4695 4697.28 5906.21 4077.68 10002.7  3970.26 3973.06 4960.55 3468.28 8424.97  
5609.84 5621.83 7021.38 4891.29 11901.8  4728.94 4722.31 5900.41 4127.25 10036.3  3969.02 3974.38 4938.81 3478.64 8398.74  
5609.84 5621.83 7021.38 4891.29 11901.8  4719.02 4723.14 5903.45 4116.1 10018.2  3959.82 3951.98 4967.4 3443.9 8435.64  
5609.84 5621.83 7021.38 4891.29 11901.8  4697.16 4724.42 5874.53 4109.18 9942.66  3951.52 3969.8 4941.27 3457.45 8370.94  
7736.64 7693.66 9626.04 6745.19 16426.3  6035.32 6010.82 7503.2 5275 12801.5  4707.22 4718.39 5860.28 4129.36 9960.38  
7736.64 7693.66 9626.04 6745.19 16426.3  6016.49 5992.59 7436.83 5280.29 12717.2  4708.17 4695.33 5906.8 4095.66 10036.8  
7736.64 7693.66 9626.04 6745.19 16426.3  6028.61 6047.5 7511.02 5282.35 12752.4  4702.46 4669.56 5871.88 4094.69 10020.2  
7736.64 7693.66 9626.04 6745.19 16426.3  5998.18 5943.61 7503.39 5204.25 12805.5  4709.14 4692.15 5873.53 4111.73 10008.5  
7736.64 7693.66 9626.04 6745.19 16426.3  6016.49 5992.59 7436.83 5280.29 12717.2  4703.54 4680.59 5852.82 4110.73 9990  
7736.64 7693.66 9626.04 6745.19 16426.3  6034.95 6038.35 7541.61 5268.89 12807.2  4683.1 4652.38 5875.47 4064.83 10004.6  
7736.64 7693.66 9626.04 6745.19 16426.3  6023.03 5984.37 7468.68 5266.87 12772.7  4706.73 4697.12 5899.82 4098.59 10024.6  
7736.64 7693.66 9626.04 6745.19 16426.3  6028.61 6047.5 7511.02 5282.35 12752.4  4708.69 4710.34 5858.57 4127.75 9971.09  
7736.64 7693.66 9626.04 6745.19 16426.3  6028.99 6019.5 7471.95 5288.56 12746.6  4695.69 4681.16 5820.25 4119.4 9940.26  
7736.64 7693.66 9626.04 6745.19 16426.3  6002.01 5960.97 7526.84 5204.9 12816.6  4711.35 4702.23 5887.06 4112.11 10014.9  
7736.64 7693.66 9626.04 6745.19 16426.3  6012.97 5959.53 7479.78 5238.91 12792.8  4684.9 4655.85 5870.64 4070.81 9999.1  
7736.64 7693.66 9626.04 6745.19 16426.3  6039.29 6028.82 7527.51 5275.67 12813  4699.83 4694.74 5897.74 4091.47 10011.3  
7736.64 7693.66 9626.04 6745.19 16426.3  6024.68 6012.57 7551.41 5240.9 12826.8  4706.11 4725.58 5860.97 4131.47 9950.26  
7736.64 7693.66 9626.04 6745.19 16426.3  6035.32 6010.82 7503.2 5275 12801.5  4699.41 4676.62 5838.4 4111.89 9971.58  
7736.64 7693.66 9626.04 6745.19 16426.3  6034.95 6038.35 7541.61 5268.89 12807.2  4700.79 4692.65 5894.64 4092.95 10012.6  
7736.64 7693.66 9626.04 6745.19 16426.3  6034.95 6038.35 7541.61 5268.89 12807.2  4704.12 4685.34 5883.83 4098.15 10017  
7736.64 7693.66 9626.04 6745.19 16426.3  6028.99 6019.5 7471.95 5288.56 12746.6  4705.45 4702.18 5847.73 4125.85 9963.2  
7736.64 7693.66 9626.04 6745.19 16426.3  6023.03 5984.37 7468.68 5266.87 12772.7  4697 4688.81 5820.96 4124.16 9934.59  
7736.64 7693.66 9626.04 6745.19 16426.3  6024.68 6012.57 7551.41 5240.9 12826.8  4693.9 4656.84 5836.59 4097.49 9981.78  
7736.64 7693.66 9626.04 6745.19 16426.3  6028.61 6047.5 7511.02 5282.35 12752.4  4708.69 4710.34 5858.57 4127.75 9971.09  
