1 50 2
37775.3  23514.4  
37775.3  23282.2  
37775.3  23514.4  
37775.3  23474.1  
37775.3  23282.2  
37775.3  23416  
37775.3  23394.1  
37775.3  23416  
37775.3  23563.2  
37775.3  23538.1  
17914  14724.7  
17914  14694.2  
17914  14724.7  
17914  14549.2  
17914  14734.9  
17914  14720.1  
17914  14709.8  
17914  14699.1  
17914  14734.9  
17914  14678.8  
13931.6  11882.1  
13931.6  11996.1  
13931.6  12004.5  
13931.6  11928.5  
13931.6  11872.3  
13931.6  11959.3  
13931.6  11950.7  
13931.6  11950.7  
13931.6  11872.3  
13931.6  11928.5  
92567.3  6845.76  
92567.3  6865.04  
92567.3  6845.76  
92567.3  6853.77  
92567.3  6853.77  
92567.3  6807.45  
92567.3  6877.3  
92567.3  6798.76  
92567.3  6865.04  
92567.3  6879.6  
2973.61  2880.05  
2973.61  2882.74  
2973.61  2856.01  
2973.61  2861.7  
2973.61  2882.74  
2973.61  2876.95  
2973.61  2884.68  
2973.61  2856.01  
2973.61  2895.8  
2973.61  2889.89  
