1 22 22 4
500 200
2200 
1518.23 322.98 1
0.0690567 1 10
1254.68
1256.83
1253.07
1252.85
1252.72
1259.76
1255.7
1255.54
1254.86
1253.78
1254.59
1255.82
1255.55
1252.09
1253.55
1253.62
1253.88
1257.89
1255.93
1255.89
1255.77
1256.62
46.8101 -0.26407
43.702 -0.14746
44.5359 0.53541
45.1289 -0.80851
46.3127 0.41403
43.5394 -1.29813
47.0358 0.91457
44.2157 1.66681
46.8029 -0.45603
46.075 -1.10982
44.8459 -1.38351
46.672 1.94214
44.2346 1.70328
45.1885 -0.31092
45.3502 -1.22598
44.4086 -0.13064
44.4716 -0.56155
43.7296 1.67349
47.0677 0.99869
47.0411 1.07901
44.0565 1.42919
43.7135 0.5857
45.067 -1.08795
