1 66 4
79348  16406.9  3370.55  682.073  
37752.6  23553.4  14639.7  9061.62  
8968.66  8153.21  7427.64  6741.69  
22879.3  17609.1  13587.8  10400.3  
8968.66  8151  7433.34  6755.39  
22879.3  17590.5  13633.7  10467.6  
22930.7  17657.5  13621.6  10466  
8968.66  8139.68  7431.49  6739.1  
22930.7  17657.5  13597.8  10481.5  
39664.4  23906.7  14456.6  8665.73  
69383.3  21344  6434.03  1946.89  
22879.3  17590.5  13486.8  10530.8  
22879.3  17682.4  13595.1  10466.4  
37752.6  23478.9  14621.2  9137.66  
49711.2  24959.8  12507.7  6366.56  
39664.4  23796.3  14369.2  8754.79  
37752.6  23470.7  14670.9  9089.81  
49711.2  24987.3  12581.9  6316  
22879.3  17590.5  13633.7  10467.6  
39664.4  23947  14325.7  8674.5  
22879.3  17632.9  13473.1  10454.8  
37752.6  23401.6  14558  9155.07  
22879.3  17609.1  13587.8  10400.3  
90586.2  8483.16  825.944  85.2238  
39664.4  23947  14491.7  8688  
39664.4  23955.4  14463.6  8698.85  
69383.3  21260.7  6491.59  1960.57  
8968.66  8158.44  7432.68  6737.31  
22879.3  17578.9  13636.3  10469.6  
22930.7  17633.6  13599.6  10508.4  
79348  16331.9  3417.78  709.116  
37752.6  23470.7  14527.1  9145.73  
22879.3  17511.3  13534.5  10437.8  
79348  16344.8  3407.8  708.501  
14914.1  12581.3  10841.7  9117.37  
69383.3  21224.9  6457.37  2027.61  
79348  16463.5  3308.55  683.736  
39664.4  23917  14508.9  8652.36  
39664.4  23947  14349.6  8648.58  
79348  16463.5  3309.43  688.152  
37752.6  23308.5  14732.2  9127.75  
8968.66  8132.73  7432.1  6743.11  
79348  16331.9  3417.78  709.116  
90586.2  8440.91  866.593  87.0412  
90586.2  8462.13  853.885  79.3016  
22879.3  17590.5  13633.7  10467.6  
90586.2  8512.99  805.979  76.3463  
90586.2  8462.13  847.483  85.4159  
37752.6  23553.4  14563.7  9099.05  
39664.4  23947  14349.6  8648.58  
90586.2  8504.03  809.322  81.3137  
79348  16331.9  3400.56  724.551  
8968.66  8139.68  7431.49  6739.1  
49711.2  24959.8  12507.7  6366.56  
49711.2  24987.3  12516.8  6368.07  
22930.7  17664.3  13591.5  10492.7  
22930.7  17664.3  13591.5  10492.7  
49711.2  24959.8  12507.7  6366.56  
37752.6  23308.5  14732.2  9127.75  
8968.66  8134.08  7381.57  6775.18  
8968.66  8129.89  7437.92  6719.55  
22879.3  17682.4  13622.7  10481.8  
14914.1  12680  10780.9  9145.18  
22879.3  17682.4  13622.7  10481.8  
49711.2  25011.6  12569.3  6316.6  
14914.1  12669.1  10707.7  9216.98  
