1 200 4
37752.6  23470.7  14670.9  9089.81  
37752.6  23553.4  14454.3  9131.23  
37752.6  23478.9  14481.8  9070.25  
37752.6  23401.6  14702.2  9117.57  
37752.6  23478.9  14621.2  9137.66  
37752.6  23255.3  14598.4  9221.63  
37752.6  23401.6  14635.9  9128.92  
37752.6  23470.7  14676.1  9021.74  
37752.6  23331.1  14698.6  9161.09  
37752.6  23470.7  14527.1  9145.73  
37752.6  23331.1  14662.4  9145.44  
37752.6  23308.5  14636.9  9192.95  
37752.6  23553.4  14639.7  9061.62  
37752.6  23553.4  14563.7  9099.05  
37752.6  23478.9  14573.1  9120.34  
37752.6  23308.5  14732.2  9127.75  
37752.6  23470.7  14661.5  9032.87  
37752.6  23553.4  14487.4  9066.97  
37752.6  23401.6  14558  9155.07  
37752.6  23401.6  14687.5  9052.09  
8968.66  8129.89  7422.98  6748.84  
8968.66  8167.42  7395.72  6764.07  
8968.66  8161.33  7427.57  6749.65  
8968.66  8164.47  7400.66  6765.69  
8968.66  8159.15  7427.76  6766.35  
8968.66  8151  7433.34  6755.39  
8968.66  8161.33  7427.57  6766.17  
8968.66  8129.89  7437.92  6719.55  
8968.66  8134.08  7381.57  6775.18  
8968.66  8158.44  7432.68  6737.31  
8968.66  8105.97  7408.44  6772.86  
8968.66  8139.68  7431.49  6739.1  
8968.66  8153.21  7410.56  6759.07  
8968.66  8153.21  7427.64  6741.69  
8968.66  8132.73  7432.1  6743.11  
8968.66  8144.54  7431.05  6756.21  
8968.66  8151  7423.09  6719.01  
8968.66  8158.44  7379.41  6745.52  
8968.66  8132.73  7437.66  6767.84  
8968.66  8158.44  7414.52  6767.6  
22930.7  17621.1  13625  10505.5  
22930.7  17652.7  13584.5  10464.1  
22930.7  17664.3  13591.5  10492.7  
22930.7  17628.6  13613.2  10485.3  
22930.7  17633.6  13585.6  10482.3  
22930.7  17616.9  13603.3  10493.2  
22930.7  17597.5  13593.8  10488.7  
22930.7  17633.6  13599.6  10508.4  
22930.7  17657.5  13597.8  10481.5  
22930.7  17610.6  13585.9  10491.8  
22930.7  17633.6  13570.6  10507.3  
22930.7  17621.1  13597.5  10476.1  
22930.7  17664.3  13605  10481.9  
22930.7  17628.6  13628.1  10471  
22930.7  17639.9  13587.4  10477.9  
22930.7  17657.5  13606.6  10479.4  
22930.7  17657.5  13621.6  10466  
22930.7  17633.6  13612  10476.2  
22930.7  17639.9  13584.2  10489.4  
22930.7  17616.9  13620.7  10499.6  
79348  16411.9  3320.34  718.475  
79348  16411.9  3362.85  687.661  
79348  16349.4  3419.89  683.043  
79348  16226.7  3483.41  729.089  
79348  16446.5  3293.69  705.744  
79348  16331.9  3417.78  709.116  
79348  16411.9  3311.77  720.43  
79348  16349.4  3411.64  700.969  
79348  16331.9  3400.56  724.551  
79348  16463.5  3308.55  683.736  
79348  16344.8  3407.8  708.501  
79348  16463.5  3309.43  688.152  
79348  16446.5  3342.64  673.7  
79348  16429.1  3332.64  695.194  
79348  16463.5  3313.94  676.822  
79348  16206.5  3485.27  745.284  
79348  16406.9  3370.55  682.073  
79348  16463.5  3271.99  720.442  
79348  16463.5  3313.94  676.822  
79348  16463.5  3271.99  720.559  
69383.3  21260.7  6452.51  2016.9  
69383.3  21344  6434.03  1948.87  
69383.3  21068.4  6593.74  2042.58  
69383.3  21160.8  6508.23  2021.61  
69383.3  21336.3  6462.37  1948.05  
69383.3  21336.3  6381.06  2004.36  
69383.3  21224.9  6457.37  2027.61  
69383.3  21299.8  6490.17  1940.74  
69383.3  21344  6375.89  1982.92  
69383.3  21224.9  6477.25  2004.21  
69383.3  21028.2  6644.92  2044.88  
69383.3  21260.7  6491.59  1960.57  
69383.3  21068.4  6585.29  2028.09  
69383.3  21160.8  6521.51  2014.51  
69383.3  21126.2  6608.61  1995.31  
69383.3  21344  6395.44  1973.4  
69383.3  21160.8  6560.96  1994.18  
69383.3  21344  6434.03  1946.89  
69383.3  21234.6  6533.28  1969.41  
69383.3  21068.4  6582.88  2029.72  
22879.3  17632.9  13473.1  10454.8  
22879.3  17609.1  13573.4  10506.7  
22879.3  17645.4  13565.2  10397.3  
22879.3  17682.4  13622.7  10478.7  
22879.3  17682.4  13595.1  10466.4  
22879.3  17676  13590.9  10410.8  
22879.3  17645.4  13607.5  10461  
22879.3  17590.5  13633.7  10467.6  
22879.3  17578.9  13636.3  10469.6  
22879.3  17553.3  13657.2  10431.1  
22879.3  17663  13604.7  10437.1  
22879.3  17609.1  13587.8  10400.3  
22879.3  17511.3  13534.5  10437.8  
22879.3  17578.9  13623.9  10451.8  
22879.3  17590.5  13486.8  10530.8  
22879.3  17640.3  13604.7  10415.7  
22879.3  17632.9  13507  10464.6  
22879.3  17682.4  13622.7  10481.8  
22879.3  17640.3  13471.3  10518.7  
22879.3  17609.1  13611.8  10461.5  
14914.1  12710.3  10822.4  9187.83  
14914.1  12701.1  10739.6  9217.62  
14914.1  12723.2  10739  9207.5  
14914.1  12713.7  10821.9  9187.39  
14914.1  12581.3  10822.7  9206.98  
14914.1  12671.2  10816.3  9172.96  
14914.1  12581.3  10841.7  9117.37  
14914.1  12656.7  10709.5  9212.61  
14914.1  12680  10790.1  9175.56  
14914.1  12632.2  10834  9204.44  
14914.1  12701.1  10746.3  9178.93  
14914.1  12669.1  10782.4  9146.51  
14914.1  12723.2  10743  9174.66  
14914.1  12669.1  10707.7  9216.98  
14914.1  12710.3  10811.4  9136.21  
14914.1  12671.2  10750.7  9154.38  
14914.1  12632.2  10815.2  9150.62  
14914.1  12632.2  10826  9204.87  
14914.1  12680  10780.9  9145.18  
14914.1  12581.3  10764.1  9192.58  
39664.4  23917  14434.5  8670.75  
39664.4  23730.7  14434.8  8740.51  
39664.4  23796.3  14475.8  8712.73  
39664.4  23906.7  14461.7  8749.83  
39664.4  23834.7  14327.1  8745.11  
39664.4  23947  14349.6  8648.58  
39664.4  23906.7  14456.6  8665.73  
39664.4  23730.7  14458.1  8716.91  
39664.4  23804.6  14502  8774.4  
39664.4  23947  14491.7  8688  
39664.4  23917  14508.9  8652.36  
39664.4  23796.3  14432.2  8675.24  
39664.4  23796.3  14369.2  8754.79  
39664.4  23955.4  14463.6  8698.85  
39664.4  23730.7  14458.1  8731.48  
39664.4  23730.7  14577.8  8660.56  
39664.4  23917  14295  8766.93  
39664.4  23804.6  14410.4  8735.29  
39664.4  23947  14354.5  8689.92  
39664.4  23947  14325.7  8674.5  
90586.2  8510.05  804.826  80.2983  
90586.2  8462.13  847.483  85.4159  
90586.2  8462.13  853.885  79.3016  
90586.2  8471.24  836.517  86.8866  
90586.2  8483.16  825.944  85.2238  
90586.2  8512.99  805.979  76.3463  
90586.2  8512.99  805.979  76.289  
90586.2  8440.91  871.343  82.0848  
90586.2  8462.13  853.281  80.162  
90586.2  8531.22  788.237  76.487  
90586.2  8440.91  866.593  87.0412  
90586.2  8531.22  785.098  79.01  
90586.2  8501.91  812.099  80.7483  
90586.2  8468.26  841.961  84.6408  
90586.2  8504.03  809.322  81.3137  
90586.2  8504.03  807.263  83.6165  
90586.2  8440.91  871.343  82.392  
90586.2  8504.03  816.218  75.1577  
90586.2  8528.34  793.404  74.287  
90586.2  8495.21  819.527  80.5144  
49711.2  25038.6  12543.6  6313.93  
49711.2  25011.6  12482.5  6338.05  
49711.2  25038.6  12569.4  6270.89  
49711.2  25038.6  12529.9  6320.72  
49711.2  24883.9  12646.4  6297.62  
49711.2  25011.6  12569.3  6316.6  
49711.2  24987.3  12516.8  6368.07  
49711.2  24987.3  12581.9  6316  
49711.2  24987.3  12508.1  6359.13  
49711.2  24959.8  12507.7  6366.56  
49711.2  24839  12581.3  6407.52  
49711.2  24926.5  12607.6  6346.65  
49711.2  25013.2  12481.4  6315.08  
49711.2  24867  12567.3  6389.54  
49711.2  25064  12483.8  6300.34  
49711.2  25064  12531  6309.84  
49711.2  24987.3  12538.2  6306.92  
49711.2  24987.3  12607.7  6279.46  
49711.2  24987.3  12594.9  6285.79  
49711.2  25038.6  12529.9  6336.01  
