1 50 3
59805.2  24020.3  9677.2  
59805.2  23849.8  9758.47  
29826.4  20778.3  14585.1  
17872.9  14621  12018  
46713.8  24826.5  13316  
45885.5  24735.3  13464  
59805.2  24020.3  9672.8  
82629.4  14298.4  2536.72  
82629.4  14352.6  2481.56  
29826.4  20973.2  14718  
37921.3  23520.2  14559.7  
29826.4  20973.2  14659  
46713.8  24826.5  13316  
37890.2  23485.6  14633.8  
37890.2  23485.6  14613.6  
43818.1  24395.3  13865.4  
59805.2  24020.3  9615.27  
45885.5  24654.4  13484.9  
59805.2  24037.5  9605.43  
45885.5  24830.4  13430.9  
59805.2  23849.8  9764.26  
17872.9  14723.9  12072.9  
45846.1  24696.5  13491.7  
29826.4  20721  14640.5  
17872.9  14494.8  12148.9  
43818.1  24395.3  13865.4  
29826.4  20775.6  14624.4  
17872.9  14621  11959.5  
59805.2  24037.5  9601.44  
29826.4  20775.6  14624.4  
46713.8  24885.9  13219.8  
82629.4  14242.2  2564.64  
37890.2  23553.5  14587.9  
17872.9  14494.8  12148.9  
46713.8  24944.3  13293.4  
37890.2  23553.5  14587.9  
29826.4  20908.1  14724.2  
37921.3  23484.8  14635.7  
45846.1  24803  13467.6  
37890.2  23553.5  14587.9  
82629.4  14242.2  2564.64  
46713.8  24935.9  13202.2  
45846.1  24859.9  13435.4  
59805.2  23849.8  9782.28  
46713.8  24767.2  13212.7  
29826.4  20721  14640.5  
37890.2  23553.5  14587.9  
82629.4  14284.4  2548.53  
29826.4  20908.1  14724.2  
82629.4  14352.6  2481.56  
