1 150 3
37890.2  23385.4  14656.3  
37890.2  23485.6  14514.8  
37890.2  23396.6  14680.9  
37890.2  23553.5  14489.4  
37890.2  23553.5  14541.1  
37890.2  23532  14587.4  
37890.2  23496.4  14510.6  
37890.2  23452.6  14615  
37890.2  23485.6  14613.6  
37890.2  23499.5  14628.6  
37890.2  23507.4  14528.4  
37890.2  23524  14604.1  
37890.2  23499.5  14597.2  
37890.2  23553.5  14587.9  
37890.2  23485.6  14633.8  
46713.8  24944.3  13293.4  
46713.8  24935.9  13240.1  
46713.8  24767.2  13212.7  
46713.8  24741.5  13330.8  
46713.8  24826.5  13342.4  
46713.8  24935.9  13202.2  
46713.8  24935.9  13291.2  
46713.8  24885.9  13219.8  
46713.8  24932.6  13178.3  
46713.8  24688.1  13382.6  
46713.8  24993.3  13170.2  
46713.8  24688.1  13311.8  
46713.8  24804.4  13326.3  
46713.8  24826.5  13316  
46713.8  24932.6  13198.2  
37921.3  23541.7  14551.6  
37921.3  23473.9  14577.1  
37921.3  23484.8  14572.9  
37921.3  23522.8  14541  
37921.3  23469.9  14616.5  
37921.3  23469.9  14577.5  
37921.3  23469.9  14623  
37921.3  23520.2  14608.9  
37921.3  23520.2  14559.7  
37921.3  23484.8  14555.3  
37921.3  23484.8  14635.7  
37921.3  23412.5  14638.3  
37921.3  23484.8  14565.6  
37921.3  23512.2  14618.6  
37921.3  23495.8  14568.8  
59805.2  24037.5  9605.43  
59805.2  24012.3  9665.93  
59805.2  23964.2  9695.96  
59805.2  23849.8  9758.47  
59805.2  23998  9670.02  
59805.2  23849.8  9764.26  
59805.2  24020.3  9615.27  
59805.2  23884.2  9696.03  
59805.2  24012.3  9624.82  
59805.2  23849.8  9782.28  
59805.2  24037.5  9601.44  
59805.2  24020.3  9672.8  
59805.2  24020.3  9677.2  
59805.2  24045.6  9605.12  
59805.2  24056.4  9590.07  
17872.9  14752.7  12091.5  
17872.9  14675.8  11933.6  
17872.9  14621  12115.2  
17872.9  14549.8  12046.7  
17872.9  14752.7  12022  
17872.9  14651.5  12037.6  
17872.9  14494.8  12148.9  
17872.9  14752.7  11994.6  
17872.9  14621  11959.5  
17872.9  14723.9  12072.9  
17872.9  14621  12018  
17872.9  14654.4  12120.3  
17872.9  14651.5  11999.9  
17872.9  14675.8  12081.5  
17872.9  14651.5  12109.7  
82629.4  14284.4  2550.22  
82629.4  14308.2  2530.21  
82629.4  14298.4  2536.72  
82629.4  14359.5  2494.02  
82629.4  14278.4  2554.74  
82629.4  14308.2  2535.28  
82629.4  14388  2467.41  
82629.4  14298.4  2533.55  
82629.4  14381.1  2458.27  
82629.4  14278.4  2556.07  
82629.4  14242.2  2564.64  
82629.4  14284.4  2548.53  
82629.4  14359.5  2475.87  
82629.4  14388  2459.74  
82629.4  14352.6  2481.56  
29826.4  20973.2  14718  
29826.4  20973.2  14659  
29826.4  20908.1  14724.2  
29826.4  20852.4  14754.1  
29826.4  20852.4  14601.8  
29826.4  20973.2  14527.8  
29826.4  20775.6  14624.4  
29826.4  20871  14689.4  
29826.4  20784.7  14628.1  
29826.4  20784.7  14774.3  
29826.4  20992.1  14522.3  
29826.4  20778.3  14585.1  
29826.4  20721  14640.5  
29826.4  20926  14732.1  
29826.4  20778.3  14729.7  
45846.1  24783.9  13393.8  
45846.1  24803  13467.6  
45846.1  24696.5  13481.2  
45846.1  24828.6  13462  
45846.1  24729.4  13496.5  
45846.1  24696.5  13491.7  
45846.1  24817.5  13461  
45846.1  24696.5  13451.5  
45846.1  24859.9  13406.6  
45846.1  24729.4  13496.5  
45846.1  24740.3  13413.5  
45846.1  24859.9  13435.4  
45846.1  24803  13403.2  
45846.1  24837.2  13417  
45846.1  24848.5  13422.1  
43818.1  24507.3  13884.5  
43818.1  24395.3  13933.5  
43818.1  24649.6  13822.2  
43818.1  24395.3  13865.4  
43818.1  24561.7  13798.3  
43818.1  24627.5  13721.6  
43818.1  24669.5  13703.4  
43818.1  24431.1  13899  
43818.1  24431.1  13935.4  
43818.1  24431.1  13899  
43818.1  24658.2  13830.9  
43818.1  24395.3  13807.8  
43818.1  24405.9  13866.2  
43818.1  24594.2  13809.5  
43818.1  24594.2  13715.8  
45885.5  24810.7  13413.5  
45885.5  24793.2  13402.4  
45885.5  24705.3  13398.5  
45885.5  24735.3  13384.7  
45885.5  24830.4  13430.9  
45885.5  24819.1  13436  
45885.5  24793.2  13363.9  
45885.5  24654.4  13484.9  
45885.5  24766  13466.4  
45885.5  24766  13461.9  
45885.5  24821.9  13436.2  
45885.5  24735.3  13464  
45885.5  24705.3  13474.1  
45885.5  24781.6  13454.8  
45885.5  24819.1  13442.1  
