1 22 22 4
500 200
2200 
1518.23 322.98 1
0.0690567 1 10
811.774
810.234
820.364
813.382
811.578
810.424
812.559
810.505
811.88
810.282
810.361
813.414
814.488
812.87
811.045
810.853
817.709
813.542
817.336
810.235
814.051
812.241
46.3188 -0.2641
45.7238 0.77152
43.7182 -1.46793
46.3282 -0.98541
46.5566 1.61996
45.3343 1.02006
46.9066 1.55018
45.9722 1.46578
46.7742 0.78053
45.8253 1.2087
46.0157 0.80689
46.9318 -0.27256
46.0014 -1.47853
46.4811 -0.65674
46.4661 0.97002
45.2968 0.20657
44.2944 -1.54844
46.2385 -1.09437
44.2427 -1.38019
45.6766 1.11271
44.1216 0.50026
44.6347 1.62857
44.7955 0.22243
