1 50 4
86801.9  11448.4  1508.68  200.35  
71606.2  20301.6  5794.07  1639.2  
76815.3  17699.7  4202.06  976.937  
76815.3  17805.5  4121.34  956.602  
37892.2  23521.7  14524.4  9051.92  
63350.5  23383.7  8451.86  2998.61  
63350.5  23383.7  8350.34  3097.67  
4986.36  4737.98  4499.3  4279.02  
4986.36  4714.9  4504.65  4257.34  
4986.36  4729.79  4480.16  4276.39  
71606.2  20270.4  5805.63  1648.03  
70731.4  20728.3  6030.23  1753.94  
4986.36  4729.79  4480.16  4276.39  
83724.5  13603.2  2219.38  371.051  
4986.36  4729.79  4499.26  4262.83  
71606.2  20199.5  5867.02  1654.7  
76815.3  17699.7  4202.06  976.937  
83724.5  13500.6  2304.73  385.484  
71606.2  20334.4  5752.47  1639.85  
76815.3  17777.9  4137.54  966.863  
76815.3  17777.9  4137.54  966.863  
71606.2  20199.5  5867.02  1664.03  
86801.9  11413.3  1536.56  206.25  
83724.5  13627.2  2205.45  359.208  
37892.2  23495.5  14534.1  9102.68  
71606.2  20285.1  5812.22  1636.15  
18924.5  15229.5  12337  10044.9  
4986.36  4729.79  4499.26  4262.83  
71606.2  20285.1  5812.22  1636.15  
4986.36  4735.47  4479.88  4273.39  
70731.4  20670  6078.24  1765.41  
70731.4  20715.7  6016.22  1779.32  
37892.2  23375  14673.6  9079.93  
18924.5  15277.9  12359.2  10037.2  
63350.5  22871.1  8727.18  3202.92  
71606.2  20370.6  5753.32  1615.02  
37892.2  23446.1  14579  9061.04  
18924.5  15191  12453.9  10127.8  
71606.2  20285.1  5736.55  1680.86  
76815.3  17729.6  4165.16  981.071  
70731.4  20604.9  6098.2  1808.51  
18924.5  15336.3  12448.6  10058.5  
4986.36  4714.9  4504.65  4257.34  
86801.9  11399.3  1549.24  207.856  
70731.4  20577.1  6144  1793.75  
86801.9  11412  1540.88  204.175  
70731.4  20706.9  6052.15  1753.61  
37892.2  23375  14673.6  9079.93  
70731.4  20715.7  6016.22  1779.32  
4986.36  4714.9  4500.45  4266.42  
