1 150 4
37892.2  23536.4  14545.1  9067.5  
37892.2  23495.7  14636.9  9077.65  
37892.2  23446.1  14610.9  9092.31  
37892.2  23486.3  14640.4  9050.45  
37892.2  23531.4  14517.3  9109.39  
37892.2  23375  14673.6  9079.93  
37892.2  23545.9  14573.3  9064.22  
37892.2  23486.3  14603.2  9035.42  
37892.2  23495.5  14534.1  9102.68  
37892.2  23521.7  14524.4  9051.92  
37892.2  23480  14611.4  9082.95  
37892.2  23474.2  14630  9050.21  
37892.2  23446.1  14579  9061.04  
37892.2  23486.3  14626.8  9030.26  
37892.2  23536.4  14621.5  9057.85  
63350.5  23383.7  8451.86  2998.61  
63350.5  22991.9  8676.63  3138.97  
63350.5  23160.1  8594.29  3084.54  
63350.5  23307  8471.48  3092.04  
63350.5  22928.1  8658.3  3224.85  
63350.5  22928.1  8711.85  3127.92  
63350.5  23160.1  8574.31  3089.59  
63350.5  23080.8  8462.48  3209.59  
63350.5  22871.1  8727.18  3202.92  
63350.5  23226.1  8552.17  3099.41  
63350.5  23080.8  8462.48  3219.54  
63350.5  23160.1  8569.6  3101.92  
63350.5  23150.4  8570.87  3108.53  
63350.5  23383.7  8350.34  3097.67  
63350.5  23281.3  8434.96  3142.01  
18924.5  15257.6  12471.3  9994.66  
18924.5  15336.3  12448.6  10058.5  
18924.5  15303.9  12414.7  10061  
18924.5  15221.1  12470.4  10001.7  
18924.5  15255.2  12476.8  10107.2  
18924.5  15191  12414.8  10075.1  
18924.5  15191  12453.9  10127.8  
18924.5  15303.9  12375.1  10061.3  
18924.5  15277.9  12359.2  10037.2  
18924.5  15359.5  12457.1  10022.1  
18924.5  15336.1  12429.9  10104.9  
18924.5  15229.5  12337  10044.9  
18924.5  15288.9  12457.6  10055.8  
18924.5  15330.2  12457.5  10100.8  
18924.5  15336.1  12456.4  10099.9  
86801.9  11448.4  1508.68  199.924  
86801.9  11413.3  1539.99  203.391  
86801.9  11448.4  1508.79  200.015  
86801.9  11419  1528.86  208.37  
86801.9  11448.4  1505.51  202.402  
86801.9  11423.6  1524.91  207.309  
86801.9  11413.3  1536.56  206.727  
86801.9  11399.3  1549.24  207.856  
86801.9  11412  1539.4  205.259  
86801.9  11437.9  1517.84  201.665  
86801.9  11443.7  1510.3  203.255  
86801.9  11413.3  1536.56  206.25  
86801.9  11448.4  1508.68  200.35  
86801.9  11412  1540.88  204.175  
86801.9  11416.4  1534.54  204.941  
86556  11523.9  1641.94  231.419  
86556  11635.7  1560.93  204.421  
86556  11610.4  1579.24  210.514  
86556  11518  1642.71  237.018  
86556  11553  1620.53  225.528  
86556  11523.9  1653.27  221.116  
86556  11574.8  1601.34  222.125  
86556  11610.4  1574.25  215.229  
86556  11599.4  1592.43  208.564  
86556  11656.4  1543.03  201.705  
86556  11635.7  1552.49  212.773  
86556  11610.4  1567.73  222.089  
86556  11553  1611.92  232.977  
86556  11599.4  1573.23  223.889  
86556  11572.9  1615.39  211.622  
70731.4  20670  6078.24  1765.41  
70731.4  20577.1  6144  1793.75  
70731.4  20619.5  6093.79  1792.31  
70731.4  20715.7  6016.22  1779.32  
70731.4  20577.1  6146.73  1776.87  
70731.4  20728.3  6030.23  1753.94  
70731.4  20683.9  6042.66  1774.93  
70731.4  20670  6071.54  1775.46  
70731.4  20683.9  6068.51  1774.46  
70731.4  20706.9  6052.15  1753.61  
70731.4  20511.7  6136.27  1835.67  
70731.4  20619.5  6117.61  1785.5  
70731.4  20604.9  6098.2  1808.51  
70731.4  20511.7  6192.97  1808.55  
70731.4  20511.7  6183.03  1814.46  
76815.3  17699.7  4194.49  980.956  
76815.3  17755.6  4152.88  972.385  
76815.3  17699.7  4202.06  977.093  
76815.3  17729.6  4165.16  981.071  
76815.3  17760.2  4158.15  963.102  
76815.3  17805.5  4121.34  956.602  
76815.3  17699.7  4195.62  979.877  
76815.3  17787.2  4135.46  960.425  
76815.3  17699.7  4202.06  976.937  
76815.3  17777.9  4137.54  966.863  
76815.3  17794.7  4111.88  971.307  
76815.3  17789.1  4133.6  960.425  
76815.3  17805.5  4113.6  964.058  
76815.3  17798.2  4121.82  958.184  
76815.3  17777.9  4144.75  956.854  
71606.2  20199.5  5867.02  1654.7  
71606.2  20285.1  5812.22  1636.15  
71606.2  20199.5  5867.02  1664.03  
71606.2  20270.4  5805.63  1648.03  
71606.2  20106.3  5922.96  1687.93  
71606.2  20379.2  5747.17  1604.85  
71606.2  20285.1  5736.55  1680.86  
71606.2  20301.6  5780.65  1646.83  
71606.2  20270.4  5826.43  1627.45  
71606.2  20270.4  5798.08  1662.64  
71606.2  20334.4  5752.47  1639.85  
71606.2  20370.6  5753.32  1615.02  
71606.2  20334.4  5728.22  1644.07  
71606.2  20178.7  5891.14  1655.02  
71606.2  20301.6  5794.07  1639.2  
4986.36  4737.98  4499.3  4279.02  
4986.36  4725.45  4499.47  4276.97  
4986.36  4724.72  4494.57  4266.88  
4986.36  4724.72  4499.96  4276.99  
4986.36  4735.47  4501.81  4279.02  
4986.36  4735.47  4479.88  4273.39  
4986.36  4729.79  4499.26  4262.83  
4986.36  4714.9  4490.93  4267.55  
4986.36  4714.9  4500.45  4266.42  
4986.36  4729.79  4480.16  4276.39  
4986.36  4707.64  4502.21  4263.78  
4986.36  4737.98  4501.69  4262.3  
4986.36  4714.9  4504.65  4257.34  
4986.36  4737.98  4492.13  4262.78  
4986.36  4729.79  4499.71  4275.42  
83724.5  13619  2217.19  357.885  
83724.5  13574.3  2238.59  379.197  
83724.5  13500.6  2304.73  385.484  
83724.5  13574.3  2238.59  379.05  
83724.5  13603.5  2214.46  374.908  
83724.5  13603.5  2226.11  364.313  
83724.5  13619  2201.79  370.443  
83724.5  13627.2  2198.01  368.659  
83724.5  13603.2  2219.38  371.051  
83724.5  13627.2  2205.45  359.208  
83724.5  13624.9  2213.23  356.647  
83724.5  13500.6  2312.2  375.64  
83724.5  13597.8  2222.46  372.322  
83724.5  13597.8  2229.86  366.101  
83724.5  13594.6  2236.63  362.968  
