4 16 3
6360.07 11088 12642.4 4763.84  4126.95 7234.59 8285.91 3095.07  2679.78 4657.86 5335.21 2019.61  
6360.07 11088 12642.4 4763.84  4127.03 7243.87 8249.46 3081.16  2685.99 4706.17 5403.9 2020.08  
6901.91 12060.5 13721.4 5156.3  4271.86 7464.98 8477.95 3190.45  2655.59 4625.35 5289.99 1997.92  
6360.07 11088 12642.4 4763.84  4123.64 7214.11 8180.85 3074.6  2685.02 4703.18 5359.03 2008.98  
6901.91 12060.5 13721.4 5156.3  4274.78 7435.01 8457.13 3203.3  2640.03 4655.04 5302.56 1969.05  
6360.07 11088 12642.4 4763.84  4129.41 7185.46 8185.42 3096.44  2686.76 4694.38 5360.45 2015.64  
6901.91 12060.5 13721.4 5156.3  4266.43 7485.23 8512.73 3183.24  2646.4 4623.27 5259.54 1980.83  
11255 19563.8 22323 8446.43  4267.69 7461.11 8499.53 3198.06  1639.72 2929.02 3391.24 1232.88  
11255 19563.8 22323 8446.43  4288.77 7564.2 8614.12 3199.74  1619.8 2842.08 3289.53 1228.01  
11255 19563.8 22323 8446.43  4288.69 7554.33 8652.99 3214.41  1632.67 2896.13 3318.9 1223.03  
6901.91 12060.5 13721.4 5156.3  4271.86 7464.98 8477.95 3190.45  2655.59 4625.35 5289.99 1997.92  
1441.22 2529.17 2906.76 1082.02  1316.61 2308.4 2665.07 992.125  1210.72 2132.11 2454.98 908.877  
11255 19563.8 22323 8446.43  4273.15 7491.81 8596.67 3213.69  1640.16 2942.7 3366.76 1220.55  
11255 19563.8 22323 8446.43  4264.5 7450.57 8513.43 3203.26  1644.13 2951.93 3405.48 1230.1  
11718.2 20534.3 23608.4 8805.9  4171.48 7242.49 8232.42 3132.81  1454.43 2568.79 2913.91 1084.85  
11255 19563.8 22323 8446.43  4264.21 7502.36 8643.97 3210.67  1638.42 2908.04 3320.97 1223.92  
