4 50 3
6901.91 12060.5 13721.4 5156.3  4271.86 7464.98 8477.95 3190.45  2655.59 4625.35 5289.99 1997.92  
6901.91 12060.5 13721.4 5156.3  4278.33 7496.08 8573.76 3206.74  2656.99 4638.95 5290.1 1992.64  
6901.91 12060.5 13721.4 5156.3  4256.68 7443.85 8429.17 3171.59  2655.59 4626.5 5284.61 1995.97  
6901.91 12060.5 13721.4 5156.3  4266.43 7485.23 8512.73 3183.24  2657.66 4617.77 5277 2000.65  
6901.91 12060.5 13721.4 5156.3  4266.43 7485.23 8512.73 3183.24  2646.4 4623.27 5259.54 1980.83  
6901.91 12060.5 13721.4 5156.3  4280.88 7465.93 8553.35 3219.4  2646.44 4618.21 5238.44 1978  
6901.91 12060.5 13721.4 5156.3  4256.68 7443.85 8429.17 3171.59  2663.56 4671.41 5381.42 2007.2  
6901.91 12060.5 13721.4 5156.3  4256.68 7443.85 8429.17 3171.59  2663.56 4671.41 5381.42 2007.2  
6901.91 12060.5 13721.4 5156.3  4283.97 7476.02 8540.04 3214.36  2656.71 4646.71 5318.43 1995.76  
6901.91 12060.5 13721.4 5156.3  4274.78 7435.01 8457.13 3203.3  2640.03 4655.04 5302.56 1969.05  
6360.07 11088 12642.4 4763.84  4132.43 7224.47 8216.51 3088.33  2678.45 4700.26 5416.33 2017.85  
6360.07 11088 12642.4 4763.84  4123.49 7195.23 8255.01 3102.9  2687.28 4729.2 5378.2 2003.45  
6360.07 11088 12642.4 4763.84  4126.46 7185.14 8160.76 3086.98  2679.96 4674.86 5378.47 2022.44  
6360.07 11088 12642.4 4763.84  4129.41 7185.46 8185.42 3096.44  2686.76 4694.38 5360.45 2015.64  
6360.07 11088 12642.4 4763.84  4127.03 7243.87 8249.46 3081.16  2685.99 4706.17 5403.9 2020.08  
6360.07 11088 12642.4 4763.84  4126.38 7175.55 8198.47 3101.37  2685.84 4691.34 5364.48 2017.13  
6360.07 11088 12642.4 4763.84  4117.37 7155.41 8199.91 3101.8  2689.41 4743.11 5397.37 2003.84  
6360.07 11088 12642.4 4763.84  4123.64 7214.11 8180.85 3074.6  2685.02 4703.18 5359.03 2008.98  
6360.07 11088 12642.4 4763.84  4132.35 7215.04 8253.59 3102.49  2681.98 4702.86 5333.95 1999.32  
6360.07 11088 12642.4 4763.84  4126.95 7234.59 8285.91 3095.07  2679.78 4657.86 5335.21 2019.61  
1441.22 2529.17 2906.76 1082.02  1316.61 2308.4 2665.07 992.125  1210.72 2132.11 2454.98 908.877  
1441.22 2529.17 2906.76 1082.02  1321.79 2308.03 2661.84 997.215  1222.82 2146.51 2462.01 916.905  
1441.22 2529.17 2906.76 1082.02  1318.61 2323.7 2670.54 988.111  1217.67 2124.9 2449.34 918.719  
1441.22 2529.17 2906.76 1082.02  1330.43 2336.33 2674.4 995.901  1211.96 2124.24 2452.01 913.414  
1441.22 2529.17 2906.76 1082.02  1330.43 2336.33 2674.4 995.901  1213.8 2138.32 2457.05 909.718  
1441.22 2529.17 2906.76 1082.02  1333.04 2330.17 2671.79 1001.19  1221.93 2144.75 2461.21 916.589  
1441.22 2529.17 2906.76 1082.02  1318.61 2323.7 2670.54 988.111  1210.56 2130.9 2454.55 909.192  
1441.22 2529.17 2906.76 1082.02  1328.35 2320.69 2668.62 999.909  1229.85 2151.31 2458.24 921.319  
1441.22 2529.17 2906.76 1082.02  1321.33 2329.76 2670.11 987.984  1230.41 2150.59 2458.12 922.27  
1441.22 2529.17 2906.76 1082.02  1307.75 2302.34 2660.94 984.276  1218.09 2146.6 2457.72 910.516  
11255 19563.8 22323 8446.43  4264.5 7450.57 8513.43 3203.26  1644.13 2951.93 3405.48 1230.1  
11255 19563.8 22323 8446.43  4288.69 7554.33 8652.99 3214.41  1632.67 2896.13 3318.9 1223.03  
11255 19563.8 22323 8446.43  4273.15 7491.81 8596.67 3213.69  1640.16 2942.7 3366.76 1220.55  
11255 19563.8 22323 8446.43  4279.5 7533.6 8654.46 3214.84  1636.23 2916.87 3331 1219.84  
11255 19563.8 22323 8446.43  4267.69 7461.11 8499.53 3198.06  1639.72 2929.02 3391.24 1232.88  
11255 19563.8 22323 8446.43  4257.6 7460.03 8586 3209.45  1651.93 2954.25 3360.17 1226.1  
11255 19563.8 22323 8446.43  4255 7429.14 8514.96 3203.7  1651.18 2960.8 3365.66 1223.52  
11255 19563.8 22323 8446.43  4285.64 7523.25 8581.49 3208.14  1633.6 2927.13 3371.02 1222.09  
11255 19563.8 22323 8446.43  4264.21 7502.36 8643.97 3210.67  1638.42 2908.04 3320.97 1223.92  
11255 19563.8 22323 8446.43  4288.77 7564.2 8614.12 3199.74  1619.8 2842.08 3289.53 1228.01  
11718.2 20534.3 23608.4 8805.9  4172.92 7311.98 8282.78 3112.85  1462.72 2541.7 2892.56 1102.1  
11718.2 20534.3 23608.4 8805.9  4135.79 7272.42 8270.84 3088.49  1477.07 2549.68 2889.17 1113.19  
11718.2 20534.3 23608.4 8805.9  4171.48 7242.49 8232.42 3132.81  1454.43 2568.79 2913.91 1084.85  
11718.2 20534.3 23608.4 8805.9  4135.79 7272.42 8270.84 3088.49  1483.56 2573.81 2902.94 1111.82  
11718.2 20534.3 23608.4 8805.9  4145.8 7223.42 8243.81 3116.95  1482.29 2615.65 2923.8 1095.01  
11718.2 20534.3 23608.4 8805.9  4129.53 7224.56 8253.83 3101.04  1492.69 2614.87 2917.3 1105.19  
11718.2 20534.3 23608.4 8805.9  4164.22 7292.64 8284.14 3113.25  1483.71 2584.99 2901.83 1106.04  
11718.2 20534.3 23608.4 8805.9  4164.22 7292.64 8284.14 3113.25  1486.63 2578.2 2898.98 1111.91  
11718.2 20534.3 23608.4 8805.9  4135.79 7272.42 8270.84 3088.49  1483.56 2573.81 2902.94 1111.82  
11718.2 20534.3 23608.4 8805.9  4144.33 7291.4 8269.51 3088.1  1494.21 2568.52 2905.03 1126.77  
