2 22 22 4
500 200
2200 1000 
1518.23 322.98 1
0.0690567 1 10
1066.52
1062.69
1066.76
1062.72
1062.45
1064.74
1062.66
1068.96
1071.75
1064.29
1065.56
1063.83
1069.27
1067.14
1064.38
1063.98
1064.57
1064.23
1063.66
1062.8
1064.54
1062.34
46.5142 -0.26386
44.4884 0.94014
46.5255 -0.48222
44.2028 0.42979
44.6054 -0.50695
45.9144 1.27582
44.2048 0.22553
46.8596 -0.68625
47.0042 -1.59146
44.0877 1.46186
44.1266 -1.6753
44.8534 -1.35622
46.806 1.41437
43.6104 -1.6505
45.0078 -1.5569
45.6612 1.2691
45.7125 -1.17383
44.8412 -1.51305
44.4342 -1.15041
45.388 0.8431
43.6003 0.41119
44.7349 0.80614
46.9673 1.02016
43.7625 0.62195
