2 66 4
13884.6 19942.8  9167.92 13242  6058.43 8752.68  4002.43 5794.8  
2829.14 4126.36  2654.11 3839.8  2412.89 3541.58  2266.97 3311.91  
20705.9 30097  10185.8 14737.7  5021.35 7238.81  2523.21 3566.34  
8499.8 12385.3  6626.3 9719.02  5391.84 7742.7  4263.28 6128.31  
33831.1 48535.8  5804.36 8547.85  1045 1626.02  185.317 305.424  
15516.1 22259.3  9627.8 13924  5981.32 8660.49  3706.31 5353.05  
34022.1 49513.4  5733.39 8028.89  951.226 1287.96  164.035 212.689  
2829.14 4126.36  2614.97 3825.73  2454.39 3568.13  2249.76 3299.69  
2829.14 4126.36  2635.39 3835.09  2415.66 3546.57  2291.2 3321.5  
23145.4 33639.5  10082.3 14460.5  4360.97 6250.43  1860.14 2688.38  
12595.3 18248.7  8613.64 12560.3  6069.47 8716.2  4216.24 6026.74  
23145.4 33639.5  10082.3 14460.5  4306.28 6237.54  1905.44 2702.2  
13884.6 19942.8  9169.65 13227.6  6056.7 8766.99  3982.02 5756.71  
23145.4 33639.5  10009.2 14458.6  4377.5 6252.72  1890.33 2687.74  
13884.6 19942.8  9118.05 13064.9  6050.68 8816.36  4021.25 5839.47  
20705.9 30097  10137.5 14727.5  5109.8 7259.03  2488.13 3548.94  
34022.1 49513.4  5733.39 8028.89  956.072 1287.62  160.601 213.62  
2829.14 4126.36  2616.03 3817.04  2435.3 3560.03  2292.53 3326.02  
23145.4 33639.5  10059 14454.1  4374.22 6254.13  1860.14 2685.23  
23145.4 33639.5  10009.2 14458.6  4377.5 6252.72  1890.33 2687.74  
20705.9 30097  10208 14760.8  5020.3 7211.56  2493.23 3559.77  
33831.1 48535.8  5804.36 8547.85  1044.98 1635.54  185.973 300.313  
34022.1 49513.4  5684.64 8008.21  1002.98 1310.99  162.951 211.311  
13884.6 19942.8  9146.95 13116.5  6065.14 8754.17  4004.77 5802.49  
34022.1 49513.4  5651.25 7970.83  1027.91 1339.95  169.149 218.408  
20705.9 30097  10185.8 14737.7  5021.35 7238.81  2523.21 3566.34  
12595.3 18248.7  8723.93 12588  6060.12 8703.82  4168.02 6024.63  
8499.8 12385.3  6744.63 9780.74  5330.29 7711.52  4198.82 6102.27  
20705.9 30097  10137.5 14727.5  5073.71 7250.13  2533.58 3564.59  
12595.3 18248.7  8631.08 12594.7  6077.33 8679.15  4201.88 6053.71  
34022.1 49513.4  5733.39 8028.89  956.072 1287.62  160.601 213.62  
13884.6 19942.8  9167.92 13242  6058.43 8752.68  4002.43 5794.8  
20705.9 30097  10260.2 14739.7  5036.84 7241.7  2452.77 3553.53  
34022.1 49513.4  5689.28 8009.57  993.378 1310.07  167.57 211.303  
8499.8 12385.3  6731.34 9754.51  5249.82 7688.92  4250.88 6127.38  
8499.8 12385.3  6744.63 9780.74  5339.77 7740.89  4228.6 6117.84  
8499.8 12385.3  6728.69 9776.31  5292.34 7693.32  4265.96 6127.56  
15516.1 22259.3  9629.61 13908.9  5967.95 8693.12  3713.68 5372.2  
34022.1 49513.4  5716.36 8014.85  960.476 1293.81  171.33 219.446  
2829.14 4126.36  2614.97 3825.73  2454.39 3568.13  2249.76 3299.69  
33831.1 48535.8  5823.61 8622.46  1024.31 1567.85  186.724 295.842  
15516.1 22259.3  9591.13 13707.6  5990.72 8741.01  3704.59 5432.55  
13884.6 19942.8  9150.11 13268.5  6059.59 8701.82  4010.35 5810.13  
12595.3 18248.7  8703.14 12641.4  6053.61 8714.23  4193.47 6002.36  
13884.6 19942.8  9118.05 13064.9  6063.84 8789.53  4017.5 5842.15  
15516.1 22259.3  9609.1 13951.9  5964.4 8524.53  3724.93 5426.29  
23145.4 33639.5  9961.76 14448.6  4426.86 6249.44  1909.33 2696.74  
2829.14 4126.36  2635.39 3835.09  2415.66 3546.57  2291.2 3321.5  
2829.14 4126.36  2622.91 3832.44  2461.11 3573.8  2290.26 3323.98  
8499.8 12385.3  6731.34 9754.51  5249.82 7688.92  4250.88 6127.38  
23145.4 33639.5  10009.2 14458.6  4402.5 6251.54  1876.72 2685.39  
34022.1 49513.4  5684.64 8008.21  998.032 1311.43  166.239 211.007  
33831.1 48535.8  5859.04 8711.73  1000.09 1493  177.118 280.263  
33831.1 48535.8  5796.34 8585.86  1048.08 1590.52  187.941 303.281  
20705.9 30097  10149.6 14693.7  5028.29 7249.51  2518.47 3574.59  
13884.6 19942.8  9122.9 13140.7  6058.63 8712.95  3997.1 5803.93  
34022.1 49513.4  5724.86 7988.66  964.6 1327.85  161.754 213.89  
23145.4 33639.5  10031 14481.3  4365.23 6239.82  1909.06 2687.75  
20705.9 30097  10129.4 14725.2  5089.84 7254.59  2523.71 3561.89  
38286.1 55773  2419.46 3113.35  183.704 186.109  14.6429 11.7811  
20705.9 30097  10137.5 14727.5  5109.8 7259.03  2488.13 3548.94  
12595.3 18248.7  8740.78 12621.3  5966.14 8702.02  4200.92 5996.65  
13884.6 19942.8  9118.05 13064.9  6074.95 8771.53  4016.02 5855.44  
33831.1 48535.8  5859.04 8711.73  1000.09 1493  177.118 280.263  
33831.1 48535.8  5835.5 8585.15  1026.49 1622.13  174.903 278.245  
12595.3 18248.7  8723.93 12588  6029.18 8646.57  4163.8 6017.79  
