2 200 4
15516.1 22259.3  9635.07 13926  5951.3 8523.92  3717.69 5404.38  
15516.1 22259.3  9590.58 13915.1  5979.24 8679.94  3705.16 5339.46  
15516.1 22259.3  9591.13 13707.6  5988.11 8680.4  3713.61 5438.8  
15516.1 22259.3  9609.1 13951.9  5951.32 8532.96  3719.81 5433.17  
15516.1 22259.3  9635.07 13926  5944.71 8592.26  3719.75 5409.72  
15516.1 22259.3  9621.85 13842.3  5965.4 8607.74  3714.6 5403.57  
15516.1 22259.3  9590.58 13915.1  5990.94 8662.63  3704.67 5383.77  
15516.1 22259.3  9573.61 13672.8  5983.61 8671.13  3719.73 5423.6  
15516.1 22259.3  9609.1 13951.9  5964.4 8524.53  3724.93 5426.29  
15516.1 22259.3  9629.61 13908.9  5967.95 8693.12  3713.68 5372.2  
15516.1 22259.3  9591.13 13707.6  5990.72 8741.01  3704.59 5432.55  
15516.1 22259.3  9590.58 13915.1  5958.28 8546.66  3710.43 5332.99  
15516.1 22259.3  9591.13 13707.6  5976.99 8658.1  3716.93 5478.3  
15516.1 22259.3  9621.85 13842.3  5945.41 8533.32  3724.49 5463.61  
15516.1 22259.3  9627.8 13924  5981.32 8660.49  3706.31 5353.05  
15516.1 22259.3  9605.77 13792  5962.35 8573.75  3719.08 5485.14  
15516.1 22259.3  9605.77 13792  5973.52 8726.57  3699.65 5337.14  
15516.1 22259.3  9605.77 13792  5985.9 8659.25  3715.92 5429.13  
15516.1 22259.3  9575.42 13737.7  5988.48 8758.04  3723.47 5386.41  
15516.1 22259.3  9635.07 13926  5951.3 8523.92  3712.17 5453.22  
12595.3 18248.7  8723.93 12588  6060.12 8703.82  4168.02 6024.63  
12595.3 18248.7  8759.46 12582.5  6036.23 8732.42  4152.06 6035.42  
12595.3 18248.7  8740.78 12621.3  6010.53 8662.23  4125.23 6013.87  
12595.3 18248.7  8740.78 12621.3  5966.14 8702.02  4200.92 5996.65  
12595.3 18248.7  8723.93 12588  6029.18 8646.57  4163.8 6017.79  
12595.3 18248.7  8703.14 12641.4  6053.61 8714.23  4193.47 6002.36  
12595.3 18248.7  8651.7 12539.8  6082.46 8718.69  4162.69 6036.58  
12595.3 18248.7  8631.08 12594.7  6044.19 8670.4  4210.67 6014.53  
12595.3 18248.7  8695.29 12537.1  6056.01 8746.41  4157.43 6028.84  
12595.3 18248.7  8631.08 12594.7  6077.33 8679.15  4201.88 6053.71  
12595.3 18248.7  8651.7 12539.8  6039.72 8748.42  4207.11 6049.28  
12595.3 18248.7  8651.7 12539.8  6039.72 8748.42  4182.72 6001.36  
12595.3 18248.7  8714.78 12499.8  6050.01 8757.96  4183.04 6016.78  
12595.3 18248.7  8742.91 12549.8  6029.67 8719.44  4167.17 5989.28  
12595.3 18248.7  8613.64 12560.3  6069.47 8716.2  4216.24 6026.74  
12595.3 18248.7  8695.29 12537.1  6037.98 8662.11  4179.24 6010.64  
12595.3 18248.7  8651.7 12539.8  6051.39 8661.32  4182.97 6078.31  
12595.3 18248.7  8651.7 12539.8  6069.46 8745.61  4173.6 6002.22  
12595.3 18248.7  8740.78 12621.3  6015.97 8734.3  4172.06 5962.88  
12595.3 18248.7  8613.64 12560.3  6094.24 8712.4  4181.5 6056.16  
23145.4 33639.5  10059 14454.1  4370.84 6253.16  1866.58 2687.08  
23145.4 33639.5  10082.3 14460.5  4306.28 6237.54  1905.44 2702.2  
23145.4 33639.5  10038.9 14483.5  4330.64 6224.49  1901.48 2690.05  
23145.4 33639.5  10032.9 14465.2  4376.39 6237.29  1879.19 2693.2  
23145.4 33639.5  10059 14454.1  4374.22 6254.13  1860.14 2685.23  
23145.4 33639.5  9961.76 14448.6  4429.43 6257.23  1903.99 2697.77  
23145.4 33639.5  10031 14481.3  4365.23 6239.82  1909.06 2687.75  
23145.4 33639.5  10009.2 14458.6  4402.5 6251.54  1876.72 2685.39  
23145.4 33639.5  10082.3 14460.5  4348.42 6239.92  1867.19 2694.36  
23145.4 33639.5  9961.76 14448.6  4426.86 6249.44  1909.33 2696.74  
23145.4 33639.5  10080.4 14476.4  4358.72 6240.49  1861.38 2681.61  
23145.4 33639.5  10038.9 14483.5  4361.6 6231.63  1906.98 2688.21  
23145.4 33639.5  10031 14481.3  4365.23 6239.82  1900.05 2685.7  
23145.4 33639.5  10009.2 14458.6  4377.5 6252.72  1890.33 2687.74  
23145.4 33639.5  10082.3 14460.5  4360.97 6250.43  1860.14 2688.38  
23145.4 33639.5  10032.9 14465.2  4364.12 6249.01  1908.92 2688.74  
23145.4 33639.5  9955.73 14430  4408.51 6261.99  1927.21 2704.34  
23145.4 33639.5  9931.63 14423.3  4422.2 6265.88  1908.75 2700.3  
23145.4 33639.5  10082.3 14460.5  4339.64 6252.59  1895.89 2692.71  
23145.4 33639.5  9955.73 14430  4364.03 6243.94  1927.83 2708.95  
13884.6 19942.8  9150.11 13268.5  6051.52 8770.7  3988.22 5708.56  
13884.6 19942.8  9118.05 13064.9  6074.95 8771.53  4016.02 5855.44  
13884.6 19942.8  9155.4 13285  6031.75 8680.69  4008.12 5789.44  
13884.6 19942.8  9150.11 13268.5  6040.24 8617.16  4006.08 5849.63  
13884.6 19942.8  9118.05 13064.9  6050.68 8816.36  4021.25 5839.47  
13884.6 19942.8  9122.9 13140.7  6049.03 8790.71  4020.87 5816.13  
13884.6 19942.8  9163.95 13150.2  6056 8732.22  3997.03 5817.51  
13884.6 19942.8  9146.95 13116.5  6065.14 8754.17  4004.77 5802.49  
13884.6 19942.8  9169.65 13227.6  6056.7 8766.99  3982.02 5756.71  
13884.6 19942.8  9146.95 13116.5  6064.41 8804.6  4007.26 5792.59  
13884.6 19942.8  9167.92 13242  6033.88 8756.58  4002.2 5811.38  
13884.6 19942.8  9174.85 13243.9  6025.19 8694.5  4002.79 5831.76  
13884.6 19942.8  9132.48 13233.5  6036.25 8647.71  4021.96 5833.09  
13884.6 19942.8  9169.05 13166.2  6027.16 8720.58  4006.42 5856.56  
13884.6 19942.8  9118.05 13064.9  6063.84 8789.53  4017.5 5842.15  
13884.6 19942.8  9122.9 13140.7  6058.63 8712.95  3997.1 5803.93  
13884.6 19942.8  9167.92 13242  6058.43 8752.68  4002.43 5794.8  
13884.6 19942.8  9150.11 13268.5  6059.59 8701.82  4010.35 5810.13  
13884.6 19942.8  9167.92 13242  6054.66 8701.43  4001.22 5778.07  
13884.6 19942.8  9155.4 13285  6038.45 8611.67  4013.46 5827.88  
20705.9 30097  10260.2 14739.7  5036.84 7241.7  2452.77 3553.53  
20705.9 30097  10216 14763.1  5046.06 7235.34  2496.93 3559.66  
20705.9 30097  10149.6 14693.7  5078.62 7278.7  2519.09 3565.61  
20705.9 30097  10149.6 14693.7  5040.58 7253.03  2533.27 3586  
20705.9 30097  10208 14760.8  5020.3 7211.56  2493.23 3559.77  
20705.9 30097  10185.8 14737.7  5025.42 7239.96  2501.71 3557.06  
20705.9 30097  10131.4 14708.6  5116.83 7269.75  2483.14 3556.69  
20705.9 30097  10149.6 14693.7  5104.69 7268.35  2484.62 3561.34  
20705.9 30097  10129.4 14725.2  5089.84 7254.59  2523.71 3561.89  
20705.9 30097  10149.6 14693.7  5028.29 7249.51  2518.47 3574.59  
20705.9 30097  10137.5 14727.5  5073.71 7250.13  2533.58 3564.59  
20705.9 30097  10185.8 14737.7  5021.35 7238.81  2523.21 3566.34  
20705.9 30097  10260.2 14739.7  4994.1 7222.37  2480.15 3565.01  
20705.9 30097  10260.2 14739.7  4984.07 7237.85  2518.25 3569.08  
20705.9 30097  10137.5 14727.5  5109.8 7259.03  2488.13 3548.94  
20705.9 30097  10258.2 14755.8  4989.1 7230.77  2504.38 3565.7  
20705.9 30097  10258.2 14755.8  4986.09 7221.48  2503.94 3569.9  
20705.9 30097  10131.4 14708.6  5116.83 7269.75  2514.77 3564.22  
20705.9 30097  10131.4 14708.6  5048.59 7253.62  2536.42 3577.57  
20705.9 30097  10106.9 14701.7  5065.01 7258.22  2521.44 3566.04  
38286.1 55773  2439.35 3097.95  168.825 201.189  9.87417 12.0122  
38286.1 55773  2464.87 3137.49  145.037 165.511  8.45666 8.436  
38286.1 55773  2463.94 3115.05  144.646 186.053  9.6275 10.2669  
38286.1 55773  2440.38 3120.86  166.608 180.559  11.1332 9.92051  
38286.1 55773  2459.76 3128.75  146.045 170.909  12.0533 11.5288  
38286.1 55773  2419.46 3113.35  187.229 187.597  11.1955 10.277  
38286.1 55773  2440.38 3120.86  168.818 180.971  9.02311 9.47827  
38286.1 55773  2405.38 3090.71  197.068 206.266  15.2963 14.0109  
38286.1 55773  2431.73 3107.46  172.783 192.188  13.5701 11.6335  
38286.1 55773  2451.25 3115.57  157.377 185.472  9.604 10.2685  
38286.1 55773  2440.38 3120.86  166.745 180.83  10.9512 9.61144  
38286.1 55773  2439.35 3097.95  167.091 200.046  11.4222 13.0195  
38286.1 55773  2464.87 3137.49  143.89 165.104  9.35834 8.74467  
38286.1 55773  2419.46 3113.35  183.704 186.109  14.6429 11.7811  
38286.1 55773  2466.58 3141.78  141.88 160.36  9.79357 9.28384  
38286.1 55773  2405.38 3090.71  200.77 208.027  11.9897 12.5349  
38286.1 55773  2463.94 3115.05  144.646 186.053  9.71439 10.3088  
38286.1 55773  2477.32 3136.59  133.626 165.616  7.46559 9.22131  
38286.1 55773  2451.25 3115.57  156.47 185.549  10.4296 10.2463  
38286.1 55773  2472.3 3128  136.474 172.01  9.39214 11.2094  
34022.1 49513.4  5744.87 8012.31  934.286 1298.47  167.83 217.876  
34022.1 49513.4  5667.74 7955.38  1000.45 1343.12  179.694 229.038  
34022.1 49513.4  5733.39 8028.89  951.226 1287.96  164.035 212.689  
34022.1 49513.4  5724.86 7988.66  964.6 1327.85  161.754 213.89  
34022.1 49513.4  5761.61 8026.12  927.881 1290.27  158.739 212.545  
34022.1 49513.4  5757.12 8024.8  924.245 1288.12  168.157 216.561  
34022.1 49513.4  5671.96 7995.3  1013.6 1321.82  162.449 211.528  
34022.1 49513.4  5761.61 8026.12  938.567 1295.96  152.156 209.337  
34022.1 49513.4  5761.61 8026.12  926.755 1293.3  159.668 210.042  
34022.1 49513.4  5724.86 7988.66  966.481 1325.01  159.526 216.395  
34022.1 49513.4  5724.86 7988.66  956.371 1324.4  168.634 216.782  
34022.1 49513.4  5733.39 8028.89  954.615 1291.83  162.058 209.409  
34022.1 49513.4  5744.87 8012.31  947.919 1308.01  156.492 208.869  
34022.1 49513.4  5716.36 8014.85  960.476 1293.81  171.33 219.446  
34022.1 49513.4  5651.25 7970.83  1027.91 1339.95  169.149 218.408  
34022.1 49513.4  5684.64 8008.21  1002.98 1310.99  162.951 211.311  
34022.1 49513.4  5689.28 8009.57  993.378 1310.07  167.57 211.303  
34022.1 49513.4  5684.64 8008.21  998.032 1311.43  166.239 211.007  
34022.1 49513.4  5716.36 8014.85  975.674 1305.18  159.73 210.982  
34022.1 49513.4  5733.39 8028.89  956.072 1287.62  160.601 213.62  
8499.8 12385.3  6731.34 9754.51  5342.54 7746.39  4198.21 6107.42  
8499.8 12385.3  6743.3 9791.64  5289.32 7690.12  4197.39 6101.68  
8499.8 12385.3  6748.61 9793.12  5246.3 7680.89  4206.82 6089.4  
8499.8 12385.3  6692.75 9756.96  5350.56 7745.88  4204.52 6107.02  
8499.8 12385.3  6744.63 9780.74  5366.07 7738.25  4181.31 6093.9  
8499.8 12385.3  6744.63 9780.74  5330.29 7711.52  4198.82 6102.27  
8499.8 12385.3  6744.63 9780.74  5339.77 7740.89  4228.6 6117.84  
8499.8 12385.3  6691.4 9768.04  5351.9 7734.93  4229.61 6098.52  
8499.8 12385.3  6731.34 9754.51  5301.41 7727.72  4210.08 6112.26  
8499.8 12385.3  6781.72 9789.76  5332.06 7739  4244.1 6107.56  
8499.8 12385.3  6696.81 9769.54  5350.76 7734.61  4227.08 6111.93  
8499.8 12385.3  6696.81 9769.54  5353.93 7744.4  4195.33 6081.09  
8499.8 12385.3  6744.63 9780.74  5298.67 7722.23  4204.52 6106.99  
8499.8 12385.3  6626.3 9719.02  5391.84 7742.7  4263.28 6128.31  
8499.8 12385.3  6679.24 9730.28  5341.78 7739.35  4164.7 6082.32  
8499.8 12385.3  6728.69 9776.31  5292.34 7693.32  4265.96 6127.56  
8499.8 12385.3  6731.34 9754.51  5249.82 7688.92  4250.88 6127.38  
8499.8 12385.3  6696.81 9769.54  5349.72 7743.24  4239.81 6120.61  
8499.8 12385.3  6692.75 9756.96  5350.56 7745.88  4195.18 6097.27  
8499.8 12385.3  6777.81 9777.59  5360.16 7730.43  4218.27 6113.86  
33831.1 48535.8  5796.34 8585.86  1046.61 1597.57  190.827 301.506  
33831.1 48535.8  5823.61 8622.46  1024.31 1567.85  186.724 295.842  
33831.1 48535.8  5846.76 8698.35  1006.82 1499.53  182.327 288.356  
33831.1 48535.8  5843.27 8647.33  1020.05 1570.79  173.411 272.143  
33831.1 48535.8  5859.04 8711.73  1000.09 1493  177.118 280.263  
33831.1 48535.8  5863.59 8713.16  1000.33 1513.86  173.914 264.501  
33831.1 48535.8  5835.5 8585.15  1026.49 1622.13  174.903 278.245  
33831.1 48535.8  5855.34 8660.47  998.395 1537.05  181.192 285.685  
33831.1 48535.8  5855.34 8660.47  1008.6 1550.46  172.807 274.808  
33831.1 48535.8  5835.5 8585.15  1025.68 1621.85  174.249 278.441  
33831.1 48535.8  5839.88 8586.53  1016.41 1613.51  179.097 285.31  
33831.1 48535.8  5804.36 8547.85  1045 1626.02  185.317 305.424  
33831.1 48535.8  5796.34 8585.86  1058.95 1621.56  181.053 280.583  
33831.1 48535.8  5826.73 8673.03  1026.64 1524.38  182.015 286.279  
33831.1 48535.8  5796.34 8585.86  1048.08 1590.52  187.941 303.281  
33831.1 48535.8  5843.27 8647.33  1020.05 1570.79  174.268 271.751  
33831.1 48535.8  5855.34 8660.47  1010.05 1559.94  171.623 268.688  
33831.1 48535.8  5843.27 8647.33  1020.05 1570.79  174.011 272.943  
33831.1 48535.8  5859.8 8661.88  999.469 1542.52  175.812 280.548  
33831.1 48535.8  5804.36 8547.85  1044.98 1635.54  185.973 300.313  
2829.14 4126.36  2641.11 3841.11  2433.58 3558.35  2300.82 3319.18  
2829.14 4126.36  2635.39 3835.09  2452.98 3567.47  2283.2 3318.53  
2829.14 4126.36  2614.97 3825.73  2454.39 3568.13  2249.76 3299.69  
2829.14 4126.36  2641.64 3836.83  2453.52 3559.4  2248 3299.52  
2829.14 4126.36  2641.64 3836.83  2471.88 3572.26  2268.82 3315.27  
2829.14 4126.36  2641.11 3841.11  2439 3564.04  2266.99 3302.73  
2829.14 4126.36  2641.11 3841.11  2440.97 3564.59  2265.94 3310.21  
2829.14 4126.36  2654.63 3835.6  2433.64 3550.65  2299.43 3323.74  
2829.14 4126.36  2614.97 3825.73  2415.05 3546.66  2275.02 3314.06  
2829.14 4126.36  2654.11 3839.8  2469.11 3571.52  2280.79 3317.92  
2829.14 4126.36  2643.2 3841.69  2438.85 3564  2272.82 3316.02  
2829.14 4126.36  2643.2 3841.69  2434.42 3550.22  2301.94 3323.84  
2829.14 4126.36  2622.91 3832.44  2473.19 3572.57  2246.07 3298.4  
2829.14 4126.36  2614.97 3825.73  2471.83 3572.5  2248.57 3299.39  
2829.14 4126.36  2641.11 3841.11  2415.27 3546.15  2303.43 3324.17  
2829.14 4126.36  2622.91 3832.44  2461.11 3573.8  2290.26 3323.98  
2829.14 4126.36  2654.11 3839.8  2412.89 3541.58  2266.97 3311.91  
2829.14 4126.36  2616.03 3817.04  2435.3 3560.03  2292.53 3326.02  
2829.14 4126.36  2620.79 3831.85  2435.96 3550.91  2249.21 3296.11  
2829.14 4126.36  2635.39 3835.09  2415.66 3546.57  2291.2 3321.5  
