2 16 4
44488.9 32022.2  10364.3 7604.37  2397.85 1798.69  573.799 438.657  
19645.7 14220.7  12879.4 9312.05  8630.46 6267.91  5706.6 4140.53  
35102.5 25448.3  13720.5 9966.36  5578.36 4003.54  2181.56 1562.68  
15578 11271.8  11394.9 8264.34  8344.86 6012.29  6100.46 4403.13  
19645.7 14220.7  12990 9362.51  8578.52 6222.48  5693.94 4134.86  
21931.6 15823.5  13587.4 9866.86  8510.65 6134.49  5282.61 3833.29  
15578 11271.8  11343.9 8170.56  8347.77 6066.84  6115.21 4444.75  
19645.7 14220.7  13010.3 9419.49  8586.14 6231.45  5635.85 4081.4  
19645.7 14220.7  12879.4 9312.05  8630.46 6267.91  5706.6 4140.53  
44488.9 32022.2  10364.3 7604.37  2394.26 1788.23  577.267 445.963  
21931.6 15823.5  13544.5 9734.73  8504.16 6157.76  5265.89 3850.07  
44488.9 32022.2  10280.3 7518.21  2457.8 1852.88  588.762 458.603  
44488.9 32022.2  10339.5 7623.66  2426.88 1798.53  572.095 425.96  
44488.9 32022.2  10364.3 7604.37  2394.26 1788.23  577.267 445.963  
44488.9 32022.2  10363.3 7615.8  2418.33 1810.94  560.297 422.194  
35102.5 25448.3  13880.9 10074.7  5431.27 3912.14  2153.67 1551  
