2 50 4
21931.6 15823.5  13622.1 9870.92  8440.63 6085.4  5247.32 3824.61  
21931.6 15823.5  13548.2 9800.5  8505.1 6175.05  5291.49 3820.39  
21931.6 15823.5  13638.9 9861.77  8403.73 6105.58  5274.04 3809.99  
21931.6 15823.5  13587.4 9866.86  8510.65 6134.49  5282.61 3833.29  
21931.6 15823.5  13564.6 9791.53  8496.56 6136.5  5261.17 3836.76  
21931.6 15823.5  13622.1 9870.92  8474.91 6106.83  5290.62 3862.57  
21931.6 15823.5  13622.1 9870.92  8440.63 6085.4  5289.37 3853.75  
21931.6 15823.5  13675.4 9904.69  8408.97 6051.21  5252.52 3826.39  
21931.6 15823.5  13544.5 9734.73  8504.16 6157.76  5265.89 3850.07  
21931.6 15823.5  13514.2 9796.52  8538.37 6160.92  5263.04 3800.13  
44488.9 32022.2  10280.3 7518.21  2457.8 1852.88  588.762 458.603  
44488.9 32022.2  10378.5 7644.27  2383.56 1758.31  573.134 439.461  
44488.9 32022.2  10294.7 7545.17  2467.19 1853.85  570.797 438.54  
44488.9 32022.2  10364.3 7604.37  2394.26 1788.23  577.267 445.963  
44488.9 32022.2  10336.6 7571.84  2438.53 1843.27  563.205 429.907  
44488.9 32022.2  10363.3 7615.8  2395.12 1779.76  578.146 445.357  
44488.9 32022.2  10363.3 7615.8  2418.33 1810.94  560.297 422.194  
44488.9 32022.2  10339.5 7623.66  2426.88 1798.53  572.095 425.96  
44488.9 32022.2  10363.3 7615.8  2395.12 1779.76  577.487 446.811  
44488.9 32022.2  10364.3 7604.37  2397.85 1798.69  573.799 438.657  
35102.5 25448.3  13898.8 10009.7  5470.02 3977.2  2139.18 1552.39  
35102.5 25448.3  13754.7 10009.3  5543.23 3975.83  2182.4 1559.71  
35102.5 25448.3  13720.5 9966.36  5578.36 4003.54  2181.56 1562.68  
35102.5 25448.3  13880.9 10074.7  5431.27 3912.14  2153.67 1551  
35102.5 25448.3  13718.7 9926.09  5564.91 4026.27  2182.34 1576.74  
35102.5 25448.3  13771.5 9943.3  5502.06 3971.1  2184.68 1584.62  
35102.5 25448.3  13792.6 9997.29  5541.51 3981.01  2160.23 1557.59  
35102.5 25448.3  13881.7 10019  5444.61 3962.84  2145.13 1554.01  
35102.5 25448.3  13828.1 10040.8  5498.74 3956.69  2167.36 1544.62  
35102.5 25448.3  13806.2 9947.36  5446.35 3960.16  2209.79 1606.76  
15578 11271.8  11343.9 8170.56  8347.77 6066.84  6115.21 4444.75  
15578 11271.8  11329.8 8211.65  8303.71 6017.12  6113.15 4441.77  
15578 11271.8  11426.3 8254.92  8288.41 5975.58  6091.43 4441.35  
15578 11271.8  11413 8282.16  8342.48 6049.87  6105.79 4415.03  
15578 11271.8  11330.9 8231.64  8290.74 5988.5  6081.7 4426.54  
15578 11271.8  11380.2 8272.39  8348.83 6010.14  6068.17 4372.83  
15578 11271.8  11427.4 8274.25  8267.68 6021.06  6070.21 4402.07  
15578 11271.8  11329.8 8211.65  8350.7 6041.36  6116.39 4409.45  
15578 11271.8  11394.9 8264.34  8344.86 6012.29  6100.46 4403.13  
15578 11271.8  11343.9 8170.56  8370.81 6059.94  6071.97 4386.65  
19645.7 14220.7  13010.3 9419.49  8510.49 6154.47  5661.74 4117.21  
19645.7 14220.7  13009 9397.49  8584.02 6195.24  5630.11 4115.05  
19645.7 14220.7  12990 9362.51  8578.52 6222.48  5693.94 4134.86  
19645.7 14220.7  12972 9385.84  8574.36 6235.47  5700.89 4112.92  
19645.7 14220.7  12993.8 9428.5  8602.61 6222.44  5627.25 4065.59  
19645.7 14220.7  13010.3 9419.49  8586.14 6231.45  5635.85 4081.4  
19645.7 14220.7  12879.4 9312.05  8641.43 6237.84  5654.31 4129.48  
19645.7 14220.7  12883.4 9380.31  8626.56 6201.03  5688.38 4105.65  
19645.7 14220.7  12883.4 9380.31  8552.93 6167.5  5731.51 4151.44  
19645.7 14220.7  12879.4 9312.05  8630.46 6267.91  5706.6 4140.53  
