1 66 3
53741.1  24692.8  11585.6  
993.691  974.4  971.145  
993.691  974.4  975.245  
10943.4  9650.1  8634.48  
14954.9  12709  10802.6  
93520.9  6039.36  410.697  
993.691  978.302  974.224  
93520.9  6073.9  378.846  
41812.8  24287.5  14073.3  
34715.3  22748.6  14617.9  
68516.5  21610.2  6705.5  
93520.9  6020.3  425.9  
37897.3  23476.8  14622.8  
93520.9  6037.84  411.099  
93520.9  6067.11  386.182  
53741.1  24793.3  11504.6  
37897.3  23510.7  14552.6  
10943.4  9723.25  8626.56  
68516.5  21633.5  6775.95  
37897.3  23495  14631.6  
14954.9  12704.5  10806.6  
93520.9  6028.41  418.479  
53741.1  24699.7  11464.7  
68516.5  21428.2  6842.58  
41812.8  24209.5  14211.8  
53741.1  24692.8  11558.3  
14954.9  12651.4  10765.8  
93520.9  6039.36  409.58  
14954.9  12701.8  10822.5  
53741.1  24850.6  11500.5  
37897.3  23528.6  14603.3  
53741.1  24751.7  11541.9  
53741.1  24793.3  11504.6  
993.691  983.947  977.601  
28905.5  20427  14649.6  
993.691  974.4  968.673  
41812.8  24236.4  14185.1  
37897.3  23423.2  14585.6  
14954.9  12680.7  10806.8  
993.691  980.174  975.188  
28905.5  20458.1  14608.5  
93520.9  6063.45  389.192  
993.691  981.889  974.188  
93520.9  6039.36  409.58  
14954.9  12705.7  10810.3  
14954.9  12704.5  10806.6  
14954.9  12709  10802.6  
993.691  974.4  971.145  
28905.5  20491.1  14614.8  
37897.3  23488.9  14610  
93520.9  6063.45  389.192  
14954.9  12701.8  10767.7  
28905.5  20534.8  14597.7  
14954.9  12700.5  10795.5  
37897.3  23510.7  14552.6  
14954.9  12678.7  10825.9  
68516.5  21589.1  6762.28  
68516.5  21345.3  6935.87  
28905.5  20440.4  14613.5  
53741.1  24905.3  11415.7  
28905.5  20521.1  14601.5  
93520.9  6067.11  384.218  
41812.8  24311.9  14118.4  
34715.3  22494.8  14851.9  
28905.5  20491.1  14614.8  
93520.9  6073.9  379.386  
