1 200 3
37897.3  23495  14631.6  
37897.3  23495  14631.6  
37897.3  23510.7  14552.6  
37897.3  23476.8  14622.8  
37897.3  23423.2  14585.6  
37897.3  23510.7  14610  
37897.3  23453.2  14631.8  
37897.3  23488.9  14610  
37897.3  23510.7  14604.9  
37897.3  23418.3  14590.5  
37897.3  23510.7  14606.2  
37897.3  23528.6  14603.3  
37897.3  23495  14610.7  
37897.3  23510.7  14604.9  
37897.3  23495  14616  
37897.3  23495  14558.5  
37897.3  23528.6  14584.1  
37897.3  23423.2  14622.1  
37897.3  23510.7  14604.9  
37897.3  23528.6  14567.6  
93520.9  6067.11  384.218  
93520.9  6067.11  386.182  
93520.9  6039.36  409.58  
93520.9  6043.42  405.958  
93520.9  6063.45  389.192  
93520.9  6037.84  411.099  
93520.9  6020.3  425.9  
93520.9  6020.3  429.539  
93520.9  6067.11  385.18  
93520.9  6073.9  379.386  
93520.9  6028.41  418.479  
93520.9  6063.45  389.512  
93520.9  6063.45  384.53  
93520.9  6073.9  379.265  
93520.9  6063.45  389.192  
93520.9  6037.84  408.109  
93520.9  6043.42  402.905  
93520.9  6073.9  379.812  
93520.9  6073.9  378.846  
93520.9  6039.36  410.697  
41812.8  24251.3  14088.3  
41812.8  24147.9  14186.6  
41812.8  24228.6  14199.3  
41812.8  24156.5  14229.7  
41812.8  24287.5  14104.3  
41812.8  24365.6  14146.7  
41812.8  24311.9  14139.6  
41812.8  24373.1  14159.4  
41812.8  24311.9  14118.4  
41812.8  24236.4  14185.1  
41812.8  24287.5  14128.6  
41812.8  24330.7  14101.8  
41812.8  24236.4  14140.8  
41812.8  24147.9  14173.3  
41812.8  24156.5  14127.6  
41812.8  24287.5  14073.3  
41812.8  24365.6  14131.4  
41812.8  24209.5  14211.8  
41812.8  24147.9  14242.9  
41812.8  24156.5  14250.2  
53741.1  24692.8  11468.2  
53741.1  24825.2  11441  
53741.1  24872  11505.7  
53741.1  24905.3  11459.6  
53741.1  24699.7  11464.7  
53741.1  24905.3  11415.7  
53741.1  24825.2  11468.4  
53741.1  24751.7  11541.9  
53741.1  24850.6  11500.5  
53741.1  24692.8  11558.3  
53741.1  24793.3  11504.6  
53741.1  24905.3  11459.6  
53741.1  24729.9  11578.9  
53741.1  24692.8  11550.8  
53741.1  24777.4  11528.2  
53741.1  24886.2  11491.5  
53741.1  24692.8  11585.6  
53741.1  24850.6  11444.7  
53741.1  24886.2  11469.7  
53741.1  24825.2  11480.4  
993.691  982.484  972.734  
993.691  981.889  975.171  
993.691  983.947  976.557  
993.691  974.4  968.673  
993.691  978.302  974.224  
993.691  987.414  975.116  
993.691  974.4  975.245  
993.691  980.799  975.182  
993.691  981.889  974.188  
993.691  986.011  964.695  
993.691  980.174  975.188  
993.691  974.4  971.145  
993.691  974.4  970.527  
993.691  985.7  972.702  
993.691  978.646  975.957  
993.691  978.646  971.104  
993.691  978.302  971.107  
993.691  978.302  977.657  
993.691  983.947  977.601  
993.691  981.889  974.188  
34715.3  22613.2  14702.4  
34715.3  22380.8  14945.9  
34715.3  22755.8  14730.9  
34715.3  22672.9  14682.3  
34715.3  22755.8  14769.9  
34715.3  22755.8  14627.2  
34715.3  22380.8  14755.5  
34715.3  22748.6  14617.9  
34715.3  22781.3  14752.9  
34715.3  22494.8  14851.9  
34715.3  22454.3  14756.9  
34715.3  22781.3  14810.3  
34715.3  22494.8  14851.9  
34715.3  22755.8  14653.6  
34715.3  22535.3  14654.6  
34715.3  22748.6  14686.2  
34715.3  22709.4  14595.1  
34715.3  22540.9  14688.9  
34715.3  22494.8  14914.6  
34715.3  22742.8  14766.3  
68516.5  21542.2  6751.15  
68516.5  21621.5  6762.38  
68516.5  21428.2  6842.58  
68516.5  21345.3  6965.77  
68516.5  21535  6743.66  
68516.5  21610.2  6753.06  
68516.5  21521.4  6765.51  
68516.5  21610.2  6705.5  
68516.5  21345.3  6935.87  
68516.5  21518.5  6815.47  
68516.5  21391.2  6934.25  
68516.5  21497  6784.09  
68516.5  21391.2  6853.26  
68516.5  21610.2  6693.41  
68516.5  21589.1  6762.28  
68516.5  21383.9  6931.85  
68516.5  21535  6743.66  
68516.5  21633.5  6775.95  
68516.5  21535  6843.63  
68516.5  21658.3  6675.48  
14954.9  12680.7  10806.8  
14954.9  12722.6  10764.6  
14954.9  12678.7  10825.9  
14954.9  12690.7  10820.7  
14954.9  12709  10802.6  
14954.9  12680.7  10770.8  
14954.9  12704.5  10794.9  
14954.9  12651.4  10765.8  
14954.9  12704.5  10804.3  
14954.9  12680.7  10789.9  
14954.9  12704.5  10806.6  
14954.9  12700.5  10822.6  
14954.9  12658.2  10817.4  
14954.9  12705.7  10810.3  
14954.9  12700.5  10795.5  
14954.9  12701.8  10767.7  
14954.9  12690.7  10820.7  
14954.9  12701.8  10822.5  
14954.9  12701.8  10785.1  
14954.9  12690.7  10753  
28905.5  20440.4  14613.5  
28905.5  20494.4  14584.1  
28905.5  20540.3  14534.9  
28905.5  20458.1  14608.5  
28905.5  20494.4  14522.5  
28905.5  20533  14604.2  
28905.5  20494.4  14630.2  
28905.5  20533  14594.3  
28905.5  20427  14649.6  
28905.5  20562.2  14564.6  
28905.5  20521.1  14601.5  
28905.5  20494.4  14630.2  
28905.5  20555.8  14612.4  
28905.5  20526.5  14604.6  
28905.5  20534.8  14597.7  
28905.5  20491.1  14561.5  
28905.5  20534.8  14593.8  
28905.5  20491.1  14614.8  
28905.5  20555.8  14568.8  
28905.5  20528.5  14574.3  
10943.4  9706.92  8705.11  
10943.4  9737.8  8701.72  
10943.4  9650.1  8699.67  
10943.4  9640.23  8681.81  
10943.4  9650.1  8604.34  
10943.4  9716.99  8654.13  
10943.4  9650.1  8634.48  
10943.4  9770.01  8683.92  
10943.4  9753.99  8688.31  
10943.4  9770.01  8695.49  
10943.4  9716.99  8701.31  
10943.4  9723.25  8626.56  
10943.4  9759.58  8622.63  
10943.4  9746.71  8653.5  
10943.4  9746.71  8686.46  
10943.4  9650.1  8680.74  
10943.4  9683.88  8698.33  
10943.4  9650.1  8697.03  
10943.4  9737.8  8660.07  
10943.4  9716.99  8647.76  
