5 50 4
28099 13925.8 23427.8 14074.4 23184.5  14951.9 7476.69 12483.3 7471.48 12529.2  7882.73 3934.4 6574.4 3961.76 6546.08  4234.04 2155.31 3510.44 2104.12 3567.92  
28749.4 14280.3 23989.2 14376 23861.5  14922 7442.51 12465.3 7473.26 12466.4  7793.33 3900.95 6491.33 3909.44 6479.81  4073.71 2062.47 3380.52 2034.31 3408.68  
28749.4 14280.3 23989.2 14376 23861.5  14922 7442.51 12465.3 7473.26 12466.4  7793.33 3900.95 6491.33 3909.44 6479.81  4073.71 2062.47 3380.52 2034.31 3408.68  
21547.8 10698.8 17992.2 10778.8 17903.6  13771.9 6888.33 11486 6868.79 11526.9  8805.07 4408.71 7345.67 4400.63 7373.04  5699.97 2866.23 4733.79 2846.53 4741.72  
47607.4 23879.9 39643.4 23620.1 39958.2  9701.82 4846.27 8082.44 4923.29 7977.18  2115.4 1001.17 1793.77 1140.16 1640.94  454.728 215.691 380.395 248.833 337.844  
2392.76 1198.49 1987.56 1188.32 1990.6  2300.27 1148.82 1913.32 1145.35 1910.66  2203.22 1104.98 1831.91 1093.6 1841.06  2116.77 1052.61 1761.92 1058.05 1748.02  
57493.2 28658.6 47926.6 28668.5 47879.8  2399.72 1274.43 1989.6 1275.94 2023.26  102.489 63.9854 80.3084 53.0833 92.8896  4.37212 2.88779 3.36872 2.41348 3.89602  
21547.8 10698.8 17992.2 10778.8 17903.6  13818.7 6928.9 11479.7 6876.92 11496.2  8852.6 4441.51 7362.47 4416.51 7378.52  5648.99 2803.28 4731.96 2851.88 4699.8  
57493.2 28658.6 47926.6 28668.5 47879.8  2402.05 1277.61 1986.22 1275.3 2016.92  100.011 60.4341 83.5862 53.8096 98.5051  4.51355 3.22826 3.46491 2.33669 4.55162  
57884.5 29074.1 48095 28684.1 48418  2028.79 896.51 1814.07 1245.27 1520.12  83.7607 28.4347 87.6512 67.6888 59.9407  2.85076 0.88176 3.19192 2.80251 1.89294  
57493.2 28658.6 47926.6 28668.5 47879.8  2402.83 1283.45 1986.07 1271.58 2029.65  99.6342 55.4799 83.6697 57.2695 86.6926  4.11679 2.39923 3.51223 2.56146 3.71561  
2392.76 1198.49 1987.56 1188.32 1990.6  2278.18 1150.03 1885.59 1124.34 1902.59  2199.2 1099.48 1825.07 1094.17 1818.81  2121.65 1053.12 1770.96 1062.21 1759.58  
2385.08 1199.6 1978.33 1180.49 1990.82  2294.61 1151.48 1905.32 1138.09 1912.91  2209.48 1102.25 1840.58 1101.46 1838.73  2093.85 1057.5 1731.1 1033.29 1744.62  
21547.8 10698.8 17992.2 10778.8 17903.6  13818.7 6928.9 11479.7 6876.92 11496.2  8852.6 4441.51 7362.47 4416.51 7378.52  5648.99 2803.28 4731.96 2851.88 4699.8  
57884.5 29074.1 48095 28684.1 48418  2039.88 896.892 1827.32 1257.22 1522.69  72.5809 27.9967 74.3778 55.6821 57.412  2.93047 0.930348 3.22492 2.85271 1.85289  
2385.08 1199.6 1978.33 1180.49 1990.82  2296.89 1147.78 1908.16 1143.05 1903.6  2201.13 1102.79 1832.82 1093.56 1842.99  2102.17 1058.34 1747.44 1040.45 1766.63  
59289.6 29578.1 49314.7 29540.8 49159.2  702.213 416.33 676.829 452.257 829.933  8.04829 5.53615 8.35303 6.85847 10.7475  0.0924407 0.073677 0.103289 0.103786 0.140092  
2392.76 1198.49 1987.56 1188.32 1990.6  2300.82 1148.2 1916.26 1146.43 1915.04  2208.4 1103.02 1836.96 1099.78 1834.45  2114.71 1061.52 1756.04 1049.07 1763.52  
57884.5 29074.1 48095 28684.1 48418  2028.79 896.51 1814.07 1245.27 1520.12  83.9812 28.3683 88.0363 68.1379 59.8761  2.62884 0.940443 2.82431 2.36952 1.9614  
28749.4 14280.3 23989.2 14376 23861.5  14922 7442.51 12465.3 7473.26 12466.4  7793.33 3900.95 6491.33 3909.44 6479.81  4073.71 2062.47 3380.52 2034.31 3408.68  
59289.6 29578.1 49314.7 29540.8 49159.2  701.846 416.537 675.691 451.808 827.973  8.37817 5.26521 9.46542 7.32898 12.511  0.129557 0.137296 0.128626 0.0822506 0.334913  
59289.6 29578.1 49314.7 29540.8 49159.2  698.233 415.189 670.673 449.099 820.566  11.9789 6.62869 14.4554 10.0066 19.9093  0.139738 0.12211 0.154515 0.111945 0.339235  
2385.08 1199.6 1978.33 1180.49 1990.82  2296.89 1147.78 1908.16 1143.05 1903.6  2201.13 1102.79 1832.82 1093.56 1842.99  2102.17 1058.34 1747.44 1040.45 1766.63  
28749.4 14280.3 23989.2 14376 23861.5  14960.8 7505.47 12459.9 7457.32 12522.7  7806.07 3909.56 6500.37 3914.42 6491.5  4053.56 2032.62 3378.2 2040.35 3373.61  
2385.08 1199.6 1978.33 1180.49 1990.82  2296.89 1147.78 1908.16 1143.05 1903.6  2205.32 1102.04 1832.34 1097.71 1828.12  2102.01 1058.37 1747.46 1040.29 1767.23  
57884.5 29074.1 48095 28684.1 48418  2028.79 896.51 1814.07 1245.27 1520.12  83.9812 28.3683 88.0363 68.1379 59.8761  2.62884 0.940443 2.82431 2.36952 1.9614  
28749.4 14280.3 23989.2 14376 23861.5  14958.7 7467.36 12479.6 7485.93 12472.7  7799.5 3940.13 6481.8 3884.29 6547.09  4055.03 2041.61 3378.31 2034.67 3395.12  
21547.8 10698.8 17992.2 10778.8 17903.6  13770.6 6853.65 11504.5 6895.4 11481  8861.96 4457.38 7366.25 4412.31 7407.46  5679.27 2846.7 4727.24 2843.69 4726.9  
21547.8 10698.8 17992.2 10778.8 17903.6  13771.9 6888.33 11486 6868.79 11526.9  8838.49 4407.67 7376.07 4431.29 7357.78  5694.45 2872.22 4722.02 2836.68 4743  
2392.76 1198.49 1987.56 1188.32 1990.6  2298.23 1145.96 1916.6 1145.98 1916.74  2187.29 1104.27 1810.32 1079.62 1826.63  2119.28 1056.42 1767.83 1057.46 1767.29  
2392.76 1198.49 1987.56 1188.32 1990.6  2299.91 1142.95 1916.41 1149.76 1903.13  2203.24 1105.22 1831.78 1093.43 1841.36  2110.76 1055.81 1751.38 1049.95 1746.15  
2392.76 1198.49 1987.56 1188.32 1990.6  2292.22 1148.61 1908.29 1138.42 1919.1  2208.74 1103 1837.27 1100.1 1834.29  2115.04 1061.5 1756.34 1049.38 1763.36  
2385.08 1199.6 1978.33 1180.49 1990.82  2296.89 1147.78 1908.16 1143.05 1903.6  2205.32 1102.04 1832.34 1097.71 1828.12  2086.78 1057.76 1726.87 1026.86 1753.78  
2392.76 1198.49 1987.56 1188.32 1990.6  2292.22 1148.61 1908.29 1138.42 1919.1  2206.78 1100.25 1840.43 1100.7 1840.12  2110.93 1055.79 1751.36 1050.11 1745.57  
2385.08 1199.6 1978.33 1180.49 1990.82  2290.85 1150.46 1899.7 1135.43 1905.73  2193.09 1101.95 1816.61 1086.65 1820.57  2112.56 1060.49 1752.68 1047.88 1757.81  
2385.08 1199.6 1978.33 1180.49 1990.82  2296.89 1147.78 1908.16 1143.05 1903.6  2205.32 1102.04 1832.34 1097.71 1828.12  2102.01 1058.37 1747.46 1040.29 1767.23  
2385.08 1199.6 1978.33 1180.49 1990.82  2278.48 1149.98 1885.95 1124.64 1902.58  2204.4 1104.89 1833.36 1094.73 1841.38  2106.2 1057.94 1744.94 1044.1 1747.98  
30436 15029.3 25460.5 15291.1 25177.7  15005.2 7514.84 12474.3 7492 12461.1  7296.59 3664.21 6097.79 3655.1 6150.35  3653.13 1872.14 3023.17 1809.16 3095.84  
2392.76 1198.49 1987.56 1188.32 1990.6  2300.82 1148.2 1916.26 1146.43 1915.04  2208.4 1103.02 1836.96 1099.78 1834.45  2114.71 1061.52 1756.04 1049.07 1763.52  
57493.2 28658.6 47926.6 28668.5 47879.8  2393.72 1270.17 1987.34 1273.76 2022.24  107.938 67.8209 82.3796 55.0663 93.8188  4.88545 3.26642 3.55475 2.60914 3.96665  
59289.6 29578.1 49314.7 29540.8 49159.2  698.233 415.189 670.673 449.099 820.566  11.9789 6.62869 14.4554 10.0066 19.9093  0.14102 0.121346 0.157137 0.113926 0.341584  
2392.76 1198.49 1987.56 1188.32 1990.6  2292.22 1148.61 1908.29 1138.42 1919.1  2208.74 1103 1837.27 1100.1 1834.29  2115.04 1061.5 1756.34 1049.38 1763.36  
28099 13925.8 23427.8 14074.4 23184.5  14941.3 7488.69 12427 7450.79 12444.5  7955.83 4003.27 6634.04 3973.81 6693.61  4204.83 2117.92 3508.86 2108.16 3538.99  
28749.4 14280.3 23989.2 14376 23861.5  14977.7 7520.15 12457.6 7460.25 12511.6  7775.27 3871.75 6493.88 3917.16 6452.87  4068.12 2066.33 3381.6 2026.9 3436.98  
57493.2 28658.6 47926.6 28668.5 47879.8  2402.83 1283.45 1986.07 1271.58 2029.65  99.5049 55.0896 83.8206 57.4654 86.4174  4.25664 2.77193 3.38225 2.39247 3.97056  
2385.08 1199.6 1978.33 1180.49 1990.82  2271.42 1147.28 1877.56 1120.35 1892.51  2188.66 1104.17 1812.21 1080.92 1827.58  2102.1 1060.08 1741.04 1038.74 1755.16  
30436 15029.3 25460.5 15291.1 25177.7  14956.1 7471.82 12480.8 7483.5 12493.4  7348.28 3702.57 6109.08 3670.01 6145.59  3684.66 1905.65 3024.38 1810.95 3103.96  
21547.8 10698.8 17992.2 10778.8 17903.6  13771.9 6888.33 11486 6868.79 11526.9  8805.07 4408.71 7345.67 4400.63 7373.04  5699.97 2866.23 4733.79 2846.53 4741.72  
21547.8 10698.8 17992.2 10778.8 17903.6  13818.7 6928.9 11479.7 6876.92 11496.2  8852.6 4441.51 7362.47 4416.51 7378.52  5648.99 2803.28 4731.96 2851.88 4699.8  
57493.2 28658.6 47926.6 28668.5 47879.8  2387.45 1279.47 1975.49 1260.4 2032.99  113.592 59.096 93.3095 67.3413 83.6326  5.48092 2.72647 4.43967 3.65079 3.42455  
