5 150 4
21547.8 10698.8 17992.2 10778.8 17903.6  13804.4 6876.53 11517.7 6907.09 11486.8  8859.83 4457.9 7360.17 4409.87 7398.81  5668.68 2852.85 4717.21 2829.52 4746.84  
21547.8 10698.8 17992.2 10778.8 17903.6  13770.6 6853.65 11504.5 6895.4 11481  8839.81 4442.36 7357.63 4404.68 7403.64  5692.27 2859.11 4722.4 2844.92 4713.49  
21547.8 10698.8 17992.2 10778.8 17903.6  13804.4 6876.53 11517.7 6907.09 11486.8  8856.37 4437.53 7360.76 4422.68 7352.78  5675 2867.3 4708.91 2823.39 4748.28  
21547.8 10698.8 17992.2 10778.8 17903.6  13806.3 6911.62 11499.5 6880.69 11532.8  8800.96 4364.89 7362.77 4431.9 7305.94  5674.35 2849.48 4724.86 2837.13 4742.27  
21547.8 10698.8 17992.2 10778.8 17903.6  13718.2 6821.17 11476 6874.69 11459.3  8887.39 4457.31 7375.74 4434.32 7362.6  5693.97 2865.36 4726.11 2841.71 4735.85  
21547.8 10698.8 17992.2 10778.8 17903.6  13776.3 6839.02 11485.2 6910.84 11373.9  8866.42 4450.93 7372.42 4421.33 7393.06  5682.83 2874.4 4723.61 2825.19 4785.25  
21547.8 10698.8 17992.2 10778.8 17903.6  13771.9 6888.33 11486 6868.79 11526.9  8805.07 4408.71 7345.67 4400.63 7373.04  5699.97 2866.23 4733.79 2846.53 4741.72  
21547.8 10698.8 17992.2 10778.8 17903.6  13770.6 6853.65 11504.5 6895.4 11481  8861.96 4457.38 7366.25 4412.31 7407.46  5679.27 2846.7 4727.24 2843.69 4726.9  
21547.8 10698.8 17992.2 10778.8 17903.6  13764.4 6822.35 11504.2 6914.47 11409.1  8844.92 4421.66 7357.2 4424.8 7330.79  5652.26 2861.71 4705.7 2808.01 4787.54  
21547.8 10698.8 17992.2 10778.8 17903.6  13770.6 6853.65 11504.5 6895.4 11481  8869.92 4468.53 7353.63 4409.91 7383.99  5641.1 2833.94 4706.88 2820.1 4742.72  
21547.8 10698.8 17992.2 10778.8 17903.6  13731.2 6799.87 11491.2 6903 11403.4  8819.37 4418.04 7355.94 4405.74 7387.93  5715.05 2885.44 4734.87 2844.42 4757.49  
21547.8 10698.8 17992.2 10778.8 17903.6  13771.9 6888.33 11486 6868.79 11526.9  8838.49 4407.67 7376.07 4431.29 7357.78  5694.45 2872.22 4722.02 2836.68 4743  
21547.8 10698.8 17992.2 10778.8 17903.6  13718.2 6821.17 11476 6874.69 11459.3  8890.83 4477.76 7375.14 4421.47 7408.69  5677.48 2833.97 4727.93 2851.97 4698.11  
21547.8 10698.8 17992.2 10778.8 17903.6  13731.2 6799.87 11491.2 6903 11403.4  8884.73 4462.52 7381.35 4428.22 7399.21  5685.23 2864.03 4726.56 2835.25 4757.6  
21547.8 10698.8 17992.2 10778.8 17903.6  13818.7 6928.9 11479.7 6876.92 11496.2  8852.6 4441.51 7362.47 4416.51 7378.52  5648.99 2803.28 4731.96 2851.88 4699.8  
2392.76 1198.49 1987.56 1188.32 1990.6  2300.82 1148.2 1916.26 1146.43 1915.04  2208.4 1103.02 1836.96 1099.78 1834.45  2114.71 1061.52 1756.04 1049.07 1763.52  
2392.76 1198.49 1987.56 1188.32 1990.6  2300.45 1142.34 1919.3 1150.82 1907.44  2198.31 1099.78 1823.74 1093.12 1818.62  2111.67 1060.94 1751.26 1046.71 1757.83  
2392.76 1198.49 1987.56 1188.32 1990.6  2278.18 1150.03 1885.59 1124.34 1902.59  2199.2 1099.48 1825.07 1094.17 1818.81  2121.65 1053.12 1770.96 1062.21 1759.58  
2392.76 1198.49 1987.56 1188.32 1990.6  2294.86 1150.89 1907.94 1138.88 1917.37  2199.3 1104.53 1823.85 1090.25 1829.63  2115.31 1061.35 1756.89 1049.75 1763.62  
2392.76 1198.49 1987.56 1188.32 1990.6  2300.27 1148.82 1913.32 1145.35 1910.66  2203.22 1104.98 1831.91 1093.6 1841.06  2116.77 1052.61 1761.92 1058.05 1748.02  
2392.76 1198.49 1987.56 1188.32 1990.6  2292.22 1148.61 1908.29 1138.42 1919.1  2208.4 1097.37 1840.24 1104.33 1827.06  2120.56 1059.23 1763.94 1056.2 1761.57  
2392.76 1198.49 1987.56 1188.32 1990.6  2292.22 1148.61 1908.29 1138.42 1919.1  2191.2 1105.16 1816.14 1082.51 1833.55  2104.92 1060.39 1747.4 1041.19 1764.78  
2392.76 1198.49 1987.56 1188.32 1990.6  2298.23 1145.96 1916.6 1145.98 1916.74  2187.29 1104.27 1810.32 1079.62 1826.63  2119.28 1056.42 1767.83 1057.46 1767.29  
2392.76 1198.49 1987.56 1188.32 1990.6  2298.23 1145.96 1916.6 1145.98 1916.74  2202.77 1105.71 1828.91 1092.52 1836.54  2115.04 1061.5 1756.34 1049.38 1763.37  
2392.76 1198.49 1987.56 1188.32 1990.6  2292.22 1148.61 1908.29 1138.42 1919.1  2208.74 1103 1837.27 1100.1 1834.29  2115.04 1061.5 1756.34 1049.38 1763.36  
2392.76 1198.49 1987.56 1188.32 1990.6  2299.91 1142.95 1916.41 1149.76 1903.13  2203.24 1105.22 1831.78 1093.43 1841.36  2110.76 1055.81 1751.38 1049.95 1746.15  
2392.76 1198.49 1987.56 1188.32 1990.6  2292.22 1148.61 1908.29 1138.42 1919.1  2206.78 1100.25 1840.43 1100.7 1840.12  2110.93 1055.79 1751.36 1050.11 1745.57  
2392.76 1198.49 1987.56 1188.32 1990.6  2278.18 1150.03 1885.59 1124.34 1902.59  2207.34 1100.2 1841.33 1101.26 1840.78  2111.46 1055.73 1752.22 1050.65 1746.2  
2392.76 1198.49 1987.56 1188.32 1990.6  2282 1151.06 1891.31 1127.04 1909.89  2199.05 1099.44 1824.85 1094.06 1818.52  2111.64 1055.72 1752.65 1050.82 1746.79  
2392.76 1198.49 1987.56 1188.32 1990.6  2300.82 1148.2 1916.26 1146.43 1915.04  2203.2 1105.01 1831.79 1093.56 1840.89  2120.42 1058.95 1763.96 1056.3 1761.19  
47607.4 23879.9 39643.4 23620.1 39958.2  9862.71 4853.67 8258.79 5066.33 8014.09  1996.93 1006.14 1653.66 1026.36 1617.74  424.595 208.058 352.977 227.075 327.436  
47607.4 23879.9 39643.4 23620.1 39958.2  9808.47 4879.19 8174 4994.11 8015.82  2039.75 985.862 1720.5 1082.79 1616.33  429.651 202.65 364.245 236.755 326.792  
47607.4 23879.9 39643.4 23620.1 39958.2  9744.36 4810.2 8169.01 4994.05 7981.24  2095.81 1044.31 1726.56 1084.81 1644.82  440.726 211.382 368.055 239.487 331.935  
47607.4 23879.9 39643.4 23620.1 39958.2  9824.27 4830.34 8237.95 5050.74 7998.75  2043.68 1028.72 1684.13 1050.35 1633.33  415.721 208.565 342.862 218.358 326.739  
47607.4 23879.9 39643.4 23620.1 39958.2  9728.03 4863.55 8092.62 4932.56 7981.52  2108.81 1001.78 1786.84 1132.96 1644.55  436.832 201.42 375.116 244.852 330.987  
47607.4 23879.9 39643.4 23620.1 39958.2  9742.91 4838.05 8142.43 4968.85 7995.69  2108.56 1016.75 1765.65 1120.5 1632.93  431.102 212.053 356.455 229.708 330  
47607.4 23879.9 39643.4 23620.1 39958.2  9873.29 4891.11 8231.09 5043.71 8020.83  1999.59 976.904 1687.57 1054.03 1614.82  407.927 200.36 342.185 218.154 322.783  
47607.4 23879.9 39643.4 23620.1 39958.2  9808.47 4879.19 8174 4994.11 8015.82  2042.76 981.547 1728.43 1089.69 1615.68  424.897 206.137 354.87 228.928 326.081  
47607.4 23879.9 39643.4 23620.1 39958.2  9873.29 4891.11 8231.09 5043.71 8020.83  1999.59 976.904 1687.57 1054.03 1614.82  410.211 200.303 345.204 220.471 323.999  
47607.4 23879.9 39643.4 23620.1 39958.2  9836.31 4864.65 8222.77 5032.67 8023.86  2023.12 1000.91 1684.12 1054.59 1610.79  424.764 203.462 357.393 231.364 325.18  
47607.4 23879.9 39643.4 23620.1 39958.2  9701.82 4846.27 8082.44 4923.29 7977.18  2115.13 1006.97 1787.94 1134.42 1643.88  459.813 212.808 388.096 256.42 335.632  
47607.4 23879.9 39643.4 23620.1 39958.2  9836.31 4864.65 8222.77 5032.67 8023.86  2026.31 990.877 1697.29 1066.53 1607.35  421.722 209.853 348.093 222.909 327.646  
47607.4 23879.9 39643.4 23620.1 39958.2  9808.47 4879.19 8174 4994.11 8015.82  2039.75 985.862 1720.5 1082.79 1616.33  431.479 201.323 367.546 239.877 326.283  
47607.4 23879.9 39643.4 23620.1 39958.2  9742.91 4838.05 8142.43 4968.85 7995.69  2110.96 1024.61 1759.75 1115.52 1634.3  426.34 205.264 358.636 231.341 328.692  
47607.4 23879.9 39643.4 23620.1 39958.2  9701.82 4846.27 8082.44 4923.29 7977.18  2115.4 1001.17 1793.77 1140.16 1640.94  454.728 215.691 380.395 248.833 337.844  
28099 13925.8 23427.8 14074.4 23184.5  14840 7352.02 12417.7 7469.65 12314.4  8003.35 4067 6638.43 3964.97 6754.15  4245.29 2165.29 3530.96 2106.95 3619.57  
28099 13925.8 23427.8 14074.4 23184.5  14840 7352.02 12417.7 7469.65 12314.4  7934.71 3991.44 6605.03 3962.61 6644.39  4282.17 2204.68 3546.01 2108.87 3667.62  
28099 13925.8 23427.8 14074.4 23184.5  14908.6 7417.77 12468.8 7479.47 12444.4  7958.61 4032.88 6595.75 3951.54 6669.25  4226.41 2137.71 3522.28 2111.7 3571.05  
28099 13925.8 23427.8 14074.4 23184.5  14921.3 7435.88 12448.1 7475.51 12405.9  7965.19 4027.9 6624.15 3962.22 6711.56  4216.36 2132.76 3513.42 2106.63 3561.31  
28099 13925.8 23427.8 14074.4 23184.5  14921.3 7435.88 12448.1 7475.51 12405.9  7941.99 3996.06 6616.61 3966.5 6666.34  4240.24 2175.72 3515.29 2094.29 3620.85  
28099 13925.8 23427.8 14074.4 23184.5  14964.9 7495.13 12462.3 7467.45 12490  7933.23 4017.32 6587.71 3941.79 6674.1  4216.54 2125.23 3517.84 2112.99 3550.79  
28099 13925.8 23427.8 14074.4 23184.5  14921.3 7435.88 12448.1 7475.51 12405.9  7884.72 3949.72 6572.73 3951.34 6578.94  4235.03 2162.23 3513.18 2099.77 3591.56  
28099 13925.8 23427.8 14074.4 23184.5  14941.3 7488.69 12427 7450.79 12444.5  7955.83 4003.27 6634.04 3973.81 6693.61  4204.83 2117.92 3508.86 2108.16 3538.99  
28099 13925.8 23427.8 14074.4 23184.5  14897.5 7471.82 12375.2 7424.37 12381.7  7895.69 3933.28 6606.66 3975.24 6590.04  4229.17 2134.85 3532.2 2116.39 3581.12  
28099 13925.8 23427.8 14074.4 23184.5  14951.9 7476.69 12483.3 7471.48 12529.2  7882.73 3934.4 6574.4 3961.76 6546.08  4234.04 2155.31 3510.44 2104.12 3567.92  
28099 13925.8 23427.8 14074.4 23184.5  14941.3 7488.69 12427 7450.79 12444.5  7932.66 3971.62 6626.49 3978.1 6648.53  4223.27 2133.24 3527.44 2112.69 3580.62  
28099 13925.8 23427.8 14074.4 23184.5  14967.3 7533.62 12442.2 7438.83 12539.5  7945.57 3980.2 6636.91 3983.1 6664.44  4173.78 2085.16 3486.94 2105.97 3475.2  
28099 13925.8 23427.8 14074.4 23184.5  14941.3 7488.69 12427 7450.79 12444.5  7934.56 3969.53 6636.32 3981.7 6663.4  4217.83 2130.14 3523.46 2110.2 3576.82  
28099 13925.8 23427.8 14074.4 23184.5  14968.5 7491.13 12481.1 7474.35 12518.2  7884.88 3958.29 6555.78 3944.6 6557.69  4237.49 2154.6 3524 2108.44 3591.69  
28099 13925.8 23427.8 14074.4 23184.5  14967.3 7533.62 12442.2 7438.83 12539.5  7943.66 3982.33 6626.92 3979.42 6649.4  4182.07 2084.85 3506.32 2114.11 3502.3  
57884.5 29074.1 48095 28684.1 48418  2043.49 897.146 1835.73 1261.34 1532.08  69.0639 27.7985 66.0003 51.6209 47.9738  2.83528 0.881395 3.1689 2.77604 1.88964  
57884.5 29074.1 48095 28684.1 48418  2046.46 893.287 1844.14 1269.19 1531.69  66.3302 31.5423 58.2652 44.3349 48.6661  2.615 0.986964 2.53668 2.25575 1.61033  
57884.5 29074.1 48095 28684.1 48418  2048.5 895.562 1840.86 1268.54 1526.74  64.1355 29.1783 61.349 44.8595 53.4738  2.77868 1.0766 2.73888 2.40093 1.73914  
57884.5 29074.1 48095 28684.1 48418  2039.88 896.892 1827.32 1257.22 1522.69  73.167 27.9445 75.2424 56.5852 57.4379  2.36675 0.980721 2.39254 1.98903 1.82784  
57884.5 29074.1 48095 28684.1 48418  2024.56 891.803 1820.87 1246.63 1530.35  87.352 32.9777 80.5343 65.7575 49.9525  3.46805 1.03918 3.50808 3.35436 1.659  
57884.5 29074.1 48095 28684.1 48418  2041.03 895.346 1836.13 1260.81 1533.51  71.9354 29.5603 66.407 52.7914 46.9747  2.45629 0.917636 2.41703 2.18978 1.48322  
57884.5 29074.1 48095 28684.1 48418  2043.11 897.661 1832.79 1260.14 1528.48  70.1021 27.2704 69.8139 53.7377 51.6649  2.1984 0.888527 2.33466 1.90062 1.81367  
57884.5 29074.1 48095 28684.1 48418  2048.88 895.056 1843.75 1269.71 1530.29  64.3582 29.8424 59.0638 44.2598 50.0973  2.18098 0.925185 2.13596 1.81783 1.57964  
57884.5 29074.1 48095 28684.1 48418  2039.88 896.892 1827.32 1257.22 1522.69  72.5809 27.9967 74.3778 55.6821 57.412  2.93047 0.930348 3.22492 2.85271 1.85289  
57884.5 29074.1 48095 28684.1 48418  2028.79 896.51 1814.07 1245.27 1520.12  83.7607 28.4347 87.6512 67.6888 59.9407  2.85076 0.88176 3.19192 2.80251 1.89294  
57884.5 29074.1 48095 28684.1 48418  2035.72 892.263 1834 1258.56 1532.76  77.1624 32.4064 68.775 55.2905 47.6914  2.53398 1.14752 2.18856 1.95418 1.51765  
57884.5 29074.1 48095 28684.1 48418  2043.11 897.661 1832.79 1260.14 1528.48  70.0373 27.2013 69.9463 53.7661 51.837  2.26838 0.960383 2.20995 1.87778 1.64626  
57884.5 29074.1 48095 28684.1 48418  2028.79 896.51 1814.07 1245.27 1520.12  83.9812 28.3683 88.0363 68.1379 59.8761  2.62884 0.940443 2.82431 2.36952 1.9614  
57884.5 29074.1 48095 28684.1 48418  2048.88 895.056 1843.75 1269.71 1530.29  63.7584 29.6639 58.5889 43.7424 50.0446  2.772 1.09849 2.60913 2.331 1.63319  
57884.5 29074.1 48095 28684.1 48418  2029.96 894.939 1823.04 1248.92 1531.12  82.6191 29.9739 78.8951 64.1289 49.1757  2.8306 0.908083 3.01353 2.73555 1.67053  
59289.6 29578.1 49314.7 29540.8 49159.2  698.233 415.189 670.673 449.099 820.566  11.9789 6.62869 14.4554 10.0066 19.9093  0.139738 0.12211 0.154515 0.111945 0.339235  
59289.6 29578.1 49314.7 29540.8 49159.2  698.31 410.751 674.099 453.012 815.971  11.855 10.9028 11.0363 6.13861 24.1907  0.186946 0.284619 0.149219 0.0691893 0.649122  
59289.6 29578.1 49314.7 29540.8 49159.2  700.38 414.027 674.801 452.508 821.554  9.78914 7.74607 10.2755 6.58947 18.7211  0.181983 0.165032 0.206641 0.120942 0.534254  
59289.6 29578.1 49314.7 29540.8 49159.2  702.213 416.33 676.829 452.257 829.933  8.04829 5.53615 8.35303 6.85847 10.7475  0.0924407 0.073677 0.103289 0.103786 0.140092  
59289.6 29578.1 49314.7 29540.8 49159.2  698.31 410.751 674.099 453.012 815.971  11.9033 11.0218 11.0543 6.1144 24.5486  0.140163 0.165536 0.13318 0.0940795 0.297942  
59289.6 29578.1 49314.7 29540.8 49159.2  699.59 411.118 676.078 454.027 818.984  10.5707 10.5951 9.02625 5.09915 21.2186  0.190964 0.223563 0.179694 0.0935901 0.602597  
59289.6 29578.1 49314.7 29540.8 49159.2  701.846 416.537 675.691 451.808 827.973  8.37817 5.26521 9.46542 7.32898 12.511  0.129557 0.137296 0.128626 0.0822506 0.334913  
59289.6 29578.1 49314.7 29540.8 49159.2  700.38 414.027 674.801 452.508 821.554  9.79472 7.70275 10.3116 6.62113 18.6879  0.177795 0.20838 0.172807 0.0905793 0.571786  
59289.6 29578.1 49314.7 29540.8 49159.2  700.075 417.525 672.702 448.825 829.038  10.1518 4.32675 12.4546 10.274 11.5975  0.125742 0.0868011 0.128511 0.120294 0.182076  
59289.6 29578.1 49314.7 29540.8 49159.2  701.463 413.418 678.154 453.831 827.33  8.76376 8.43431 7.00243 5.26869 13.3055  0.126073 0.0881802 0.12848 0.119279 0.185577  
59289.6 29578.1 49314.7 29540.8 49159.2  700.449 417.315 673.86 449.282 831.031  9.76892 4.54001 11.2501 9.79435 9.56627  0.135188 0.0845418 0.175381 0.143161 0.221958  
59289.6 29578.1 49314.7 29540.8 49159.2  698.726 417.138 670.614 447.754 825.862  11.4836 4.71694 14.4881 11.3248 14.6714  0.14262 0.0848907 0.180109 0.138114 0.283086  
59289.6 29578.1 49314.7 29540.8 49159.2  698.726 417.138 670.614 447.754 825.862  11.4619 4.73671 14.4173 11.2548 14.6725  0.164202 0.0648996 0.250656 0.208273 0.280615  
59289.6 29578.1 49314.7 29540.8 49159.2  700.519 416.157 673.639 450.756 824.851  9.65707 5.69097 11.3922 8.27758 15.5806  0.175153 0.0923086 0.249226 0.182634 0.382259  
59289.6 29578.1 49314.7 29540.8 49159.2  698.233 415.189 670.673 449.099 820.566  11.9789 6.62869 14.4554 10.0066 19.9093  0.14102 0.121346 0.157137 0.113926 0.341584  
28749.4 14280.3 23989.2 14376 23861.5  14974.1 7524.23 12438.5 7453.23 12483  7799.06 3922.76 6490.32 3897.77 6521.45  4061.4 2034.68 3392.09 2046.24 3393.55  
28749.4 14280.3 23989.2 14376 23861.5  14958.7 7467.36 12479.6 7485.93 12472.7  7799.5 3940.13 6481.8 3884.29 6547.09  4055.03 2041.61 3378.31 2034.67 3395.12  
28749.4 14280.3 23989.2 14376 23861.5  14977.7 7520.15 12457.6 7460.25 12511.6  7797.37 3924.71 6481.19 3894.42 6507.8  4049.64 2018.54 3388.47 2048.53 3371.16  
28749.4 14280.3 23989.2 14376 23861.5  14960.8 7505.47 12459.9 7457.32 12522.7  7778.99 3908.71 6483.67 3891.2 6519.83  4062.04 2029.14 3386.8 2050.71 3363.11  
28749.4 14280.3 23989.2 14376 23861.5  14974.1 7524.23 12438.5 7453.23 12483  7797.84 3902.72 6500.81 3912.77 6495.73  4058.47 2039.19 3392.79 2040.15 3416.47  
28749.4 14280.3 23989.2 14376 23861.5  14977.7 7520.15 12457.6 7460.25 12511.6  7775.27 3871.75 6493.88 3917.16 6452.87  4068.12 2066.33 3381.6 2026.9 3436.98  
28749.4 14280.3 23989.2 14376 23861.5  14977.7 7520.15 12457.6 7460.25 12511.6  7797.97 3902.57 6501.45 3913.01 6496.78  4047.12 2044.7 3374.03 2025.37 3414.2  
28749.4 14280.3 23989.2 14376 23861.5  14922 7442.51 12465.3 7473.26 12466.4  7817.03 3951.99 6488.66 3890.34 6550.12  4066.86 2042.32 3381.22 2044.25 3372.49  
28749.4 14280.3 23989.2 14376 23861.5  14931.7 7422.69 12462.8 7496.76 12377.7  7797.24 3917.77 6491.37 3899.65 6516.22  4084.24 2094.99 3379.67 2018.63 3467.72  
28749.4 14280.3 23989.2 14376 23861.5  14923.5 7480.18 12445.3 7444.42 12516.2  7823.38 3943.85 6487.1 3901.97 6505.6  4070.46 2040.58 3396.1 2049.54 3395.91  
28749.4 14280.3 23989.2 14376 23861.5  14960.8 7505.47 12459.9 7457.32 12522.7  7806.07 3909.56 6500.37 3914.42 6491.5  4053.56 2032.62 3378.2 2040.35 3373.61  
28749.4 14280.3 23989.2 14376 23861.5  14922 7442.51 12465.3 7473.26 12466.4  7815.95 3931.92 6498.93 3905.26 6523.98  4079.89 2078.73 3374.88 2027.17 3421.53  
28749.4 14280.3 23989.2 14376 23861.5  14922 7442.51 12465.3 7473.26 12466.4  7793.33 3900.95 6491.33 3909.44 6479.81  4073.71 2062.47 3380.52 2034.31 3408.68  
28749.4 14280.3 23989.2 14376 23861.5  14915.4 7408.52 12465 7493.93 12388.4  7800.72 3954.85 6481.2 3873.76 6584.12  4073.35 2053.09 3385.51 2041.51 3396.26  
28749.4 14280.3 23989.2 14376 23861.5  14958.7 7467.36 12479.6 7485.93 12472.7  7799.5 3940.13 6481.8 3884.29 6547.09  4057.71 2036.19 3377.65 2041.07 3370.93  
30436 15029.3 25460.5 15291.1 25177.7  15049 7574.71 12488.5 7483.92 12545.6  7390.3 3740.15 6142.14 3679.48 6218.83  3590.83 1816.08 2997.95 1798.55 3043.28  
30436 15029.3 25460.5 15291.1 25177.7  14920 7433.99 12425.7 7479.46 12341.8  7447.75 3803.96 6175.28 3680.33 6327.51  3626.87 1854.28 3013.01 1800.37 3090.99  
30436 15029.3 25460.5 15291.1 25177.7  14999 7530.9 12495.2 7475.26 12578.5  7386.1 3725.45 6132.66 3686.4 6165.5  3654.33 1879.36 3008.53 1804.85 3072.02  
30436 15029.3 25460.5 15291.1 25177.7  15052.5 7570.65 12507.3 7490.82 12573.9  7386.79 3744.2 6123.34 3672.58 6190.48  3584 1805.08 2993.51 1800.88 3019.69  
30436 15029.3 25460.5 15291.1 25177.7  14923.4 7430.08 12443.8 7486.11 12369.2  7432.53 3783.17 6157.77 3682.27 6265.45  3638.48 1864.87 3011.08 1801.96 3083.21  
30436 15029.3 25460.5 15291.1 25177.7  15049 7574.71 12488.5 7483.92 12545.6  7301.61 3651.77 6105.22 3669.81 6119.69  3661.15 1879.5 3022.43 1810.84 3090.8  
30436 15029.3 25460.5 15291.1 25177.7  15035.8 7556.05 12509.5 7487.93 12584.9  7331.94 3681.9 6091.41 3671.87 6084.43  3619.97 1843.05 3008.56 1802.71 3067.02  
30436 15029.3 25460.5 15291.1 25177.7  15005.2 7514.84 12474.3 7492 12461.1  7348.99 3700.41 6118.16 3673.05 6159.54  3647.37 1874.35 3024.68 1803.02 3121.27  
30436 15029.3 25460.5 15291.1 25177.7  15049 7574.71 12488.5 7483.92 12545.6  7388.56 3742.15 6132.9 3676.09 6204.8  3624.42 1844.19 3016.86 1806.66 3078.43  
30436 15029.3 25460.5 15291.1 25177.7  14907.3 7416 12445.9 7483.33 12379.7  7454.16 3813.03 6164.96 3678.35 6308.29  3643.64 1867.46 3015.3 1804.73 3087.36  
30436 15029.3 25460.5 15291.1 25177.7  15005.2 7514.84 12474.3 7492 12461.1  7296.59 3664.21 6097.79 3655.1 6150.35  3653.13 1872.14 3023.17 1809.16 3095.84  
30436 15029.3 25460.5 15291.1 25177.7  15035.8 7556.05 12509.5 7487.93 12584.9  7375.48 3719.97 6124.29 3681.34 6156.97  3598.06 1824.26 2991.9 1797.89 3030.88  
30436 15029.3 25460.5 15291.1 25177.7  15049 7574.71 12488.5 7483.92 12545.6  7325.21 3672.63 6102.04 3673.9 6103.98  3637.26 1858.34 3025.64 1806.71 3106.73  
30436 15029.3 25460.5 15291.1 25177.7  14956.1 7471.82 12480.8 7483.5 12493.4  7348.28 3702.57 6109.08 3670.01 6145.59  3684.66 1905.65 3024.38 1810.95 3103.96  
30436 15029.3 25460.5 15291.1 25177.7  15049 7574.71 12488.5 7483.92 12545.6  7364.06 3720.52 6136.21 3671.84 6221.1  3636.85 1855.11 3015.17 1808.82 3070.16  
57493.2 28658.6 47926.6 28668.5 47879.8  2399.72 1274.43 1989.6 1275.94 2023.26  102.489 63.9854 80.3084 53.0833 92.8896  4.37212 2.88779 3.36872 2.41348 3.89602  
57493.2 28658.6 47926.6 28668.5 47879.8  2402.83 1283.45 1986.07 1271.58 2029.65  99.5049 55.0896 83.8206 57.4654 86.4174  4.25664 2.77193 3.38225 2.39247 3.97056  
57493.2 28658.6 47926.6 28668.5 47879.8  2400 1280.92 1986.45 1271.05 2031.45  102.344 57.8969 83.3092 57.7697 84.9682  4.24576 2.49212 3.51 2.61038 3.60947  
57493.2 28658.6 47926.6 28668.5 47879.8  2396.55 1286.45 1977.45 1263.19 2032.22  105.253 52.3244 91.846 65.1353 84.2713  4.76047 2.52715 3.96334 3.08695 3.5543  
57493.2 28658.6 47926.6 28668.5 47879.8  2393.89 1276.59 1984.15 1268.83 2030.41  107.903 62.2275 85.0154 59.4419 85.8803  4.7599 2.51512 4.06528 3.10701 3.76069  
57493.2 28658.6 47926.6 28668.5 47879.8  2402.83 1283.45 1986.07 1271.58 2029.65  99.2547 54.9049 83.7271 57.3666 86.3747  4.46632 2.93919 3.45342 2.46464 4.01855  
57493.2 28658.6 47926.6 28668.5 47879.8  2387.45 1279.47 1975.49 1260.4 2032.99  113.592 59.096 93.3095 67.3413 83.6326  5.48092 2.72647 4.43967 3.65079 3.42455  
57493.2 28658.6 47926.6 28668.5 47879.8  2393.89 1276.59 1984.15 1268.83 2030.41  107.764 62.0635 85.1627 59.4676 86.1552  4.90568 2.6678 3.93609 3.10045 3.48484  
57493.2 28658.6 47926.6 28668.5 47879.8  2393.72 1270.17 1987.34 1273.76 2022.24  107.938 67.8209 82.3796 55.0663 93.8188  4.88545 3.26642 3.55475 2.60914 3.96665  
57493.2 28658.6 47926.6 28668.5 47879.8  2387.45 1279.47 1975.49 1260.4 2032.99  114.357 58.9851 93.9602 68.2067 83.1604  4.73683 2.83661 3.80488 2.80581 3.88858  
57493.2 28658.6 47926.6 28668.5 47879.8  2402.83 1283.45 1986.07 1271.58 2029.65  99.6342 55.4799 83.6697 57.2695 86.6926  4.11679 2.39923 3.51223 2.56146 3.71561  
57493.2 28658.6 47926.6 28668.5 47879.8  2396.09 1287.18 1974.33 1262 2027.49  106.072 51.9397 94.7615 66.3569 88.5525  4.41084 2.22148 4.12859 3.03005 3.9957  
57493.2 28658.6 47926.6 28668.5 47879.8  2384.5 1270.44 1979.16 1264.91 2026.53  116.715 67.5564 90.2031 63.4884 89.7123  5.30941 3.30092 3.86861 2.98359 3.80187  
57493.2 28658.6 47926.6 28668.5 47879.8  2387.45 1279.47 1975.49 1260.4 2032.99  114.365 59.2862 93.8115 67.9455 83.4964  4.74105 2.54595 3.95801 3.07198 3.5543  
57493.2 28658.6 47926.6 28668.5 47879.8  2402.05 1277.61 1986.22 1275.3 2016.92  100.011 60.4341 83.5862 53.8096 98.5051  4.51355 3.22826 3.46491 2.33669 4.55162  
2385.08 1199.6 1978.33 1180.49 1990.82  2271.42 1147.28 1877.56 1120.35 1892.51  2188.66 1104.17 1812.21 1080.92 1827.58  2102.1 1060.08 1741.04 1038.74 1755.16  
2385.08 1199.6 1978.33 1180.49 1990.82  2292.53 1148.56 1908.66 1138.73 1919.09  2199.7 1104.58 1824.19 1090.57 1829.55  2112.23 1060.46 1752.03 1047.6 1756.92  
2385.08 1199.6 1978.33 1180.49 1990.82  2259.79 1146.34 1866.93 1110.69 1894.17  2205.14 1105.04 1834.12 1095.28 1841.71  2122.29 1058.97 1766.2 1057.97 1761.97  
2385.08 1199.6 1978.33 1180.49 1990.82  2301.13 1148.15 1916.62 1146.74 1915.03  2189.12 1102.29 1819.44 1083.11 1839.73  2105.91 1058.11 1744.29 1043.69 1747.55  
2385.08 1199.6 1978.33 1180.49 1990.82  2263.67 1147.39 1872.75 1113.43 1901.59  2193.18 1104.54 1820.82 1084.86 1838.59  2105.75 1061.02 1746.17 1041.35 1761.09  
2385.08 1199.6 1978.33 1180.49 1990.82  2290.85 1150.46 1899.7 1135.43 1905.73  2193.09 1101.95 1816.61 1086.65 1820.57  2112.56 1060.49 1752.68 1047.88 1757.81  
2385.08 1199.6 1978.33 1180.49 1990.82  2278.48 1149.98 1885.95 1124.64 1902.58  2204.4 1104.89 1833.36 1094.73 1841.38  2106.2 1057.94 1744.94 1044.1 1747.98  
2385.08 1199.6 1978.33 1180.49 1990.82  2292.53 1148.56 1908.66 1138.73 1919.09  2209.56 1102.36 1840.45 1101.43 1838.48  2111.84 1060.55 1751.38 1047.17 1756.57  
2385.08 1199.6 1978.33 1180.49 1990.82  2296.89 1147.78 1908.16 1143.05 1903.6  2205.32 1102.04 1832.34 1097.71 1828.12  2102.01 1058.37 1747.46 1040.29 1767.23  
2385.08 1199.6 1978.33 1180.49 1990.82  2294.61 1151.48 1905.32 1138.09 1912.91  2209.48 1102.25 1840.58 1101.46 1838.73  2093.85 1057.5 1731.1 1033.29 1744.62  
2385.08 1199.6 1978.33 1180.49 1990.82  2263.67 1147.39 1872.75 1113.43 1901.59  2204.99 1105 1833.89 1095.17 1841.42  2084.51 1056.69 1722.83 1025.57 1746.49  
2385.08 1199.6 1978.33 1180.49 1990.82  2295.16 1150.85 1908.31 1139.19 1917.36  2209.46 1102.27 1840.46 1101.41 1838.55  2121.21 1058.33 1767.01 1057.59 1765.21  
2385.08 1199.6 1978.33 1180.49 1990.82  2296.89 1147.78 1908.16 1143.05 1903.6  2201.13 1102.79 1832.82 1093.56 1842.99  2102.17 1058.34 1747.44 1040.45 1766.63  
2385.08 1199.6 1978.33 1180.49 1990.82  2296.89 1147.78 1908.16 1143.05 1903.6  2205.32 1102.04 1832.34 1097.71 1828.12  2086.78 1057.76 1726.87 1026.86 1753.78  
2385.08 1199.6 1978.33 1180.49 1990.82  2301.13 1148.15 1916.62 1146.74 1915.03  2192.68 1102.04 1815.95 1086.2 1820.2  2112.17 1060.58 1752.04 1047.46 1757.46  
