3 50 5
15936.8 11258.9 10608.6  9860.25 6947.2 6542.98  6121.05 4426.41 4111.6  3808.85 2745.38 2545.58  2376.37 1740.18 1590.73  
15936.8 11258.9 10608.6  9846.02 7033.81 6591.44  6126.38 4393.89 4093.24  3817.76 2770.43 2546.35  2369.88 1692.87 1572.05  
15936.8 11258.9 10608.6  9860.84 7099.44 6603.02  6140.5 4387.74 4078.94  3806.63 2688.95 2524.21  2369.67 1706.36 1583.63  
15936.8 11258.9 10608.6  9889.03 7019.99 6572.88  6119.85 4346.39 4065.06  3798.39 2729.01 2540.58  2366.9 1759.87 1599.51  
15936.8 11258.9 10608.6  9873.44 7055.93 6600.73  6133.13 4367.88 4083.07  3809.69 2754.9 2545.79  2370.25 1708.95 1572.89  
15936.8 11258.9 10608.6  9861.59 6949.63 6534.87  6146.57 4447.15 4120.75  3810.75 2768.03 2546.7  2368.92 1713.53 1585.19  
15936.8 11258.9 10608.6  9846.37 6935.32 6542.56  6152.2 4420.57 4105.33  3807.63 2737.57 2537  2363.78 1719.83 1582.43  
15936.8 11258.9 10608.6  9846.02 7033.81 6591.44  6135.64 4434.91 4100.44  3814.05 2695.81 2520.48  2374.27 1723.04 1586.1  
15936.8 11258.9 10608.6  9877.63 7063.52 6575.46  6141.35 4405.78 4100.1  3811.12 2743.53 2545.83  2364.68 1695.56 1577.98  
15936.8 11258.9 10608.6  9889.03 7019.99 6572.88  6119.4 4440.14 4107.48  3810.64 2724.48 2529.8  2362.43 1726.07 1587.49  
41062.3 29260.8 27411.4  917.506 719.095 575.405  19.6961 19.37 12.8693  0.453168 0.71115 0.312995  0.0119557 0.0234575 0.00711355  
41062.3 29260.8 27411.4  914.782 722.095 576.32  22.3945 16.517 11.9639  0.479226 0.566939 0.303561  0.011169 0.0209052 0.00738818  
41062.3 29260.8 27411.4  914.782 722.095 576.32  22.351 16.6034 12.0151  0.522697 0.484794 0.253355  0.0111911 0.016745 0.00646037  
41062.3 29260.8 27411.4  916.466 718.342 573.89  20.7197 20.2602 14.3362  0.471025 0.576326 0.36005  0.0106305 0.0215366 0.00877333  
41062.3 29260.8 27411.4  917.506 719.095 575.405  19.7239 19.5471 12.9099  0.426947 0.544955 0.273865  0.0105388 0.0125526 0.0056818  
41062.3 29260.8 27411.4  913.384 715.374 575.314  23.7516 22.9969 12.959  0.517352 0.80247 0.315072  0.0139735 0.0263936 0.0072019  
41062.3 29260.8 27411.4  909.874 723.6 574.138  27.0734 15.0979 14.1327  0.703299 0.484369 0.316433  0.0164736 0.0179202 0.00763424  
41062.3 29260.8 27411.4  916.466 718.342 573.89  20.716 20.0964 14.3486  0.471193 0.745879 0.348424  0.014158 0.0158742 0.00804053  
41062.3 29260.8 27411.4  917.371 713.618 574.391  19.6972 25.0427 13.8577  0.584121 0.526467 0.337697  0.0149093 0.0125184 0.00837763  
41062.3 29260.8 27411.4  917.506 719.095 575.405  19.7274 19.5524 12.8931  0.424804 0.537332 0.289861  0.00916135 0.0149113 0.00654003  
39818.4 28311.8 26578.3  2060.23 1595.84 1349.35  114.624 85.973 68.334  6.42405 5.97647 3.7957  0.327919 0.340118 0.198687  
39818.4 28311.8 26578.3  2061.36 1597.59 1344.09  113.946 85.308 73.342  5.97096 4.96382 4.03812  0.332312 0.271543 0.205433  
39818.4 28311.8 26578.3  2060.15 1583.81 1347.05  114.685 97.1671 70.5026  6.41191 6.77719 3.92874  0.360212 0.370288 0.199819  
39818.4 28311.8 26578.3  2060.15 1583.81 1347.05  114.677 97.871 70.7194  6.41964 6.11181 3.72297  0.361687 0.334825 0.189159  
39818.4 28311.8 26578.3  2060.15 1583.81 1347.05  114.693 98.6211 70.8439  6.41761 5.4156 3.60051  0.347729 0.283767 0.186771  
39818.4 28311.8 26578.3  2069.4 1580.64 1343.23  106.039 101.725 74.1785  5.84992 5.47531 4.0592  0.317183 0.285541 0.210945  
39818.4 28311.8 26578.3  2061.36 1597.59 1344.09  114.064 85.3729 73.6312  5.87464 4.88001 3.76239  0.311779 0.287983 0.191776  
39818.4 28311.8 26578.3  2060.15 1583.81 1347.05  114.792 98.7433 70.5708  6.31241 5.20992 3.84566  0.352012 0.363506 0.214085  
39818.4 28311.8 26578.3  2060.29 1572.45 1342.97  114.559 109.358 74.7167  6.40414 6.00084 3.80187  0.349278 0.315016 0.19247  
39818.4 28311.8 26578.3  2066 1577.35 1344.83  109.175 104.732 72.9471  6.09272 5.74066 3.69701  0.336339 0.30683 0.202364  
34376.9 24312.8 22906.9  6241.65 4630.04 4166.17  1123.17 841.467 751.369  211.506 174.28 143.129  38.0122 33.1115 26.3302  
34376.9 24312.8 22906.9  6224.16 4550.56 4129.51  1140.46 927.446 789.373  210.736 169.371 142.441  39.1268 32.1339 25.907  
34376.9 24312.8 22906.9  6234.36 4592.04 4142.86  1132.17 880.528 774.747  209.861 173.244 142.705  38.166 33.7984 26.8237  
34376.9 24312.8 22906.9  6224.16 4550.56 4129.51  1135.84 909.765 783.483  215.41 183.245 147.019  38.9743 35.6241 27.0701  
34376.9 24312.8 22906.9  6241.65 4630.04 4166.17  1121.66 846.171 753.702  212.708 171.664 141.841  38.4722 31.4155 25.4391  
34376.9 24312.8 22906.9  6214.32 4640.65 4172.42  1153.49 845.848 750.814  208.141 163.729 139.123  38.5368 29.5438 24.8885  
34376.9 24312.8 22906.9  6240.69 4628.38 4171.49  1122.4 847.485 749.373  212.88 170.702 140.599  38.6184 32.7898 25.7953  
34376.9 24312.8 22906.9  6223.24 4548.97 4134.64  1141.13 921.747 783.82  210.937 174.017 142.353  38.9998 34.6186 26.4164  
34376.9 24312.8 22906.9  6240.55 4595.08 4158.8  1132 882.621 761.898  204.282 170.912 141.201  37.8145 30.8349 25.2585  
34376.9 24312.8 22906.9  6240.55 4595.08 4158.8  1131.82 882.313 762.855  203.866 166.954 138.931  38.4076 34.5949 26.4753  
6697.13 4781.63 4476.71  5639.24 4004.72 3759.42  4733.53 3366.5 3146.3  3978.18 2832.25 2645.43  3346.77 2367.26 2226.22  
6697.13 4781.63 4476.71  5615.47 4015.26 3760.22  4703.25 3387.45 3151.55  3990.86 2808.85 2646.76  3353.91 2383.96 2228.96  
6697.13 4781.63 4476.71  5584.39 4021.71 3750.92  4701.01 3380.34 3152.82  3985.9 2842.77 2653.38  3332.42 2393.09 2224.18  
6697.13 4781.63 4476.71  5623.83 4022.37 3760.47  4720.84 3349.55 3153.78  3954.02 2851.18 2648.59  3322.53 2391.37 2226.07  
6697.13 4781.63 4476.71  5584.39 4021.71 3750.92  4747.1 3341.91 3150.39  3972.02 2821.54 2652.56  3350.94 2385.7 2223.86  
6697.13 4781.63 4476.71  5615.4 3985.2 3753.89  4708.85 3369.99 3155.63  3974.95 2847.28 2645.38  3350.2 2380.38 2232.24  
6697.13 4781.63 4476.71  5639.13 3975.98 3748.03  4739.12 3374.53 3156.39  3953.41 2835.88 2652.74  3317.32 2397.23 2226.98  
6697.13 4781.63 4476.71  5623.83 4022.37 3760.47  4720.91 3374.82 3159.11  3982.66 2828.14 2643.22  3336.47 2387.18 2231.6  
6697.13 4781.63 4476.71  5640.03 4006.15 3754.63  4731.41 3362.65 3159.16  3949.79 2851.68 2648.66  3338.89 2390.56 2222.96  
6697.13 4781.63 4476.71  5631.03 3997.73 3759.18  4739.74 3369.87 3158.64  3965.77 2820.91 2649.93  3325.54 2385.44 2227.61  
