3 22 22 2
500 200
2200 1000 2200 
1518.23 322.98 1
0.0690567 1 10
1440.09
1439.04
1442.57
1438.74
1449.14
1441.83
1439.94
1438.81
1450.03
1438.88
1443.04
1453.34
1443.76
1441.38
1445.39
1441.11
1440.73
1448.13
1448.93
1440.36
1442.08
1447.34
45.2357 -0.26371
45.5836 0.10546
46.8795 2.01397
45.6756 1.31429
43.3858 0.98393
44.4096 0.96564
44.8504 0.80771
45.5468 0.3189
43.4132 -0.25375
45.3359 1.15005
45.7469 -1.34654
43.5544 -1.56347
45.4415 -1.47789
44.6172 0.07856
46.8974 -1.25609
44.9553 -0.41699
46.5988 0.00037
43.5011 1.04546
43.6203 -0.53676
44.7407 0.67459
47.0092 1.29558
43.8639 -0.64794
44.5898 1.98878
45.3443 1.21673
45.3077 -1.43293
