3 16 2
10725.1 27148.5 21529.3  4397.75 10930.5 8777.69  
14456.7 36314.8 28939  2949.32 7282.97 5916.17  
14456.7 36314.8 28939  2969.1 7291.56 5922.23  
180.18 453.311 362.346  177.688 447.056 358.464  
12150.9 30381.2 24290.2  4019.91 10055.7 8071.87  
12150.9 30381.2 24290.2  4036.79 10043.9 8041.37  
12150.9 30381.2 24290.2  4007.51 10024.5 8065.62  
180.18 453.311 362.346  176.897 445.093 357.704  
180.18 453.311 362.346  179.424 448.949 359.1  
6880.59 17240.1 13779.4  4259.71 10704.9 8529.36  
180.18 453.311 362.346  179.424 448.949 359.1  
10725.1 27148.5 21529.3  4436.28 10961.7 8862.31  
180.18 453.311 362.346  177.175 448.338 356.276  
14456.7 36314.8 28939  2931.81 7281.7 5875.4  
14456.7 36314.8 28939  2954.18 7295.37 5912.64  
14456.7 36314.8 28939  2969.1 7291.56 5922.23  
