3 50 2
6880.59 17240.1 13779.4  4259.71 10704.9 8529.36  
6880.59 17240.1 13779.4  4280.08 10695.5 8559.72  
6880.59 17240.1 13779.4  4272.94 10677 8564.87  
6880.59 17240.1 13779.4  4254.87 10694.5 8501.1  
6880.59 17240.1 13779.4  4276.27 10688.9 8514  
6880.59 17240.1 13779.4  4281.19 10699.4 8542.76  
6880.59 17240.1 13779.4  4238.65 10650.4 8544.56  
6880.59 17240.1 13779.4  4276.27 10688.9 8514  
6880.59 17240.1 13779.4  4281.19 10699.4 8542.76  
6880.59 17240.1 13779.4  4290.88 10664.5 8532.59  
10725.1 27148.5 21529.3  4437.41 10965.7 8845.03  
10725.1 27148.5 21529.3  4354.64 10882.4 8760.13  
10725.1 27148.5 21529.3  4386.72 10905.7 8737.1  
10725.1 27148.5 21529.3  4437.41 10965.7 8845.03  
10725.1 27148.5 21529.3  4436.28 10961.7 8862.31  
10725.1 27148.5 21529.3  4403.73 10889.7 8721.04  
10725.1 27148.5 21529.3  4340.03 10851.5 8675.39  
10725.1 27148.5 21529.3  4401.6 10937.1 8823.45  
10725.1 27148.5 21529.3  4437.41 10965.7 8845.03  
10725.1 27148.5 21529.3  4397.75 10930.5 8777.69  
14456.7 36314.8 28939  2931.81 7281.7 5875.4  
14456.7 36314.8 28939  2958.82 7269.91 5862.47  
14456.7 36314.8 28939  2944.08 7274.1 5853.93  
14456.7 36314.8 28939  2969.1 7291.56 5922.23  
14456.7 36314.8 28939  2969.1 7291.56 5922.23  
14456.7 36314.8 28939  2949.32 7282.97 5916.17  
14456.7 36314.8 28939  2954.18 7295.37 5912.64  
14456.7 36314.8 28939  2969.86 7294.26 5910.48  
14456.7 36314.8 28939  2928.5 7274.74 5856.19  
14456.7 36314.8 28939  2969.1 7291.56 5922.23  
180.18 453.311 362.346  177.688 447.056 358.464  
180.18 453.311 362.346  176.897 445.093 357.704  
180.18 453.311 362.346  177.688 447.056 358.464  
180.18 453.311 362.346  177.175 448.338 356.276  
180.18 453.311 362.346  179.471 449.115 358.389  
180.18 453.311 362.346  179.424 448.949 359.1  
180.18 453.311 362.346  178.57 449.345 357.827  
180.18 453.311 362.346  178.573 446.785 359.038  
180.18 453.311 362.346  176.841 447.429 357.171  
180.18 453.311 362.346  177.688 447.056 358.464  
12150.9 30381.2 24290.2  4007.51 10024.5 8065.62  
12150.9 30381.2 24290.2  4007.45 10082.2 8038.42  
12150.9 30381.2 24290.2  4019.91 10055.7 8071.87  
12150.9 30381.2 24290.2  4036.79 10043.9 8041.37  
12150.9 30381.2 24290.2  4007.51 10024.5 8065.62  
12150.9 30381.2 24290.2  4002.9 10072.4 8011.78  
12150.9 30381.2 24290.2  4032.08 10033.8 8013.78  
12150.9 30381.2 24290.2  4036.79 10043.9 8041.37  
12150.9 30381.2 24290.2  4007.51 10024.5 8065.62  
12150.9 30381.2 24290.2  4019.91 10055.7 8071.87  
