2  12  1.23  0.59  21000  21000  1  1

******************** Using iran model first stage solution ****************
21000  21
------------- Unsatisfy demand per scenario per model ---------------
193726  193726  
14150.5  14150.5  
193726  193726  
193726  193736  
14141.2  14141.2  
14177.6  14177.6  
14150.5  14150.5  
111302  111302  
14142.9  14142.9  
111128  111128  
14151.4  14151.5  
14150.5  14150.5  
------------- Recours cost per scenario per model ----------------------
3.38544e+06  3.38544e+06  
7.07722e+06  7.07722e+06  
3.38701e+06  3.38701e+06  
3.38383e+06  3.31034e+06  
7.07722e+06  7.07722e+06  
7.07722e+06  7.07722e+06  
7.07722e+06  7.07722e+06  
7.07722e+06  7.07722e+06  
7.07722e+06  7.07722e+06  
7.07722e+06  7.07722e+06  
7.07722e+06  7.07722e+06  
7.07722e+06  7.07722e+06  
------------- Number of mobile facility  per scenario per model ----------------------
1  1  
1  1  
1  1  
1  0  
1  1  
1  1  
1  1  
1  1  
1  1  
1  1  
1  1  
1  1  
------------- Resolution time per scenario per model ----------------------
0.09  0.03  
0.08  0.03  
0.08  0.03  
0.07  0.03  
0.08  0.03  
0.08  0.03  
0.08  0.03  
0.08  0.03  
0.07  0.02  
0.07  0.03  
0.08  0.03  
0.07  0.03  

******************** Using dbsWc first stage solution ****************
21000  21
------------------- Unsatisfy demand per scenario per model ---------------
193726  193726  
14150.5  14150.5  
193726  193726  
193726  193736  
14141.2  14141.2  
14177.6  14177.6  
14150.5  14150.5  
111302  111302  
14142.9  14142.9  
111128  111128  
14151.4  14151.5  
14150.5  14150.5  
------------------- Recours cost per scenario per model -------------------
3.38544e+06  3.38544e+06  
7.07722e+06  7.07722e+06  
3.38701e+06  3.38701e+06  
3.38383e+06  3.31034e+06  
7.07722e+06  7.07722e+06  
7.07722e+06  7.07722e+06  
7.07722e+06  7.07722e+06  
7.07722e+06  7.07722e+06  
7.07722e+06  7.07722e+06  
7.07722e+06  7.07722e+06  
7.07722e+06  7.07722e+06  
7.07722e+06  7.07722e+06  
------------- Number of mobile facility  per scenario per model ----------------------
1  1  
1  1  
1  1  
1  0  
1  1  
1  1  
1  1  
1  1  
1  1  
1  1  
1  1  
1  1  
------------- Resolution time per scenario per model ----------------------
0.07  0.02  
0.08  0.03  
0.09  0.02  
0.07  0.02  
0.07  0.03  
0.07  0.03  
0.07  0.02  
0.08  0.02  
0.07  0.03  
0.08  0.02  
0.07  0.02  
0.08  0.02  
