2  5
resolution time : 0.59
21000  21000
6  0
******************** fixed facilities: 21 ****************
1  2  3  4  5  6  7  8  9  10  11  12  13  14  15  16  17  18  19  20  21  
******************** Response cost ****************
303.849  0  7.07722e+06  0  7.00771e+06  0  
******************** Mobile facilities tour:  ****************
 scenario 0 : 0





------------------------------------
 scenario 1 : 0





------------------------------------
 scenario 2 : 0





------------------------------------
 scenario 3 : 0





------------------------------------
 scenario 4 : 0





------------------------------------
 scenario 5 : 0





------------------------------------
******************** Stock in hospital ****************
0  0  0  0  0  0  0  0  0  0  0  0  
0  0  0  0  0  0  0  0  0  0  0  0  
0  0  0  0  0  0  0  0  0  0  0  0  
0  0  0  0  0  0  0  0  0  0  0  0  
0  0  0  0  0  0  0  0  0  2200  0  0  
0  0  0  0  0  0  0  0  0  0  0  0  
******************** Quantity of blood collect in hospitals ****************
0  0  0  0  0  0  0  0  0  0  
0  0  0  0  0  0  0  0  0  0  
5500  5000  6000  4500  5892.51  4607.49  6978.35  3521.65  5380.81  5000  
0  0  0  0  0  0  0  0  0  0  
5500  5000  5500  5000  5500  5000  5500  5000  5393.46  5106.54  
0  0  0  0  0  0  0  0  0  0  
******************** Unsatisfy demand in hospital ****************
7665.01  7677.26  7122.59  7144.7  6601.96  6640.49  6159.34  6158.45  7938.63  7952.11  
7665.01  7677.26  7113.36  7117.33  6646.08  6607.48  6185.13  6170.1  5750.5  5720.68  
20711.5  21315.6  14021.2  15485.3  9239.99  10536.7  4616.55  8080.85  3458.14  3846.52  
7665.01  7677.26  7139.29  7140.35  6644.27  6605.89  6117.01  6159.95  5750.93  5751.22  
20711.5  21315.6  14494.5  15034.1  9680.9  10232.8  6137.9  8789.5  3421.73  1493.83  
7665.01  7677.26  7145.54  7143.68  6640.79  6641.84  6116.82  6157.23  5750.75  5748.68  
