2  5
resolution time : 1.23
21000  21000
6  0
******************** fixed facilities: 21 ****************
1  2  3  4  5  6  7  8  9  10  11  12  13  14  15  16  17  18  19  20  21  
******************** Response cost ****************
7.07722e+06  7.07722e+06  7.07722e+06  7.07722e+06  7.07722e+06  7.07722e+06  
******************** Mobile facilities tour:  ****************
 scenario 0 : 1
0  
0  
0  
0  
0  
------------------------------------
 scenario 1 : 1
0  
0  



------------------------------------
 scenario 2 : 1
0  
0  



------------------------------------
 scenario 3 : 1
0  
0  



------------------------------------
 scenario 4 : 1
0  




------------------------------------
 scenario 5 : 1
0  
0  



------------------------------------
******************** Stock in hospital ****************
0  0  0  0  0  0  0  0  0  0  
0  0  0  0  0  0  0  0  0  0  
0  0  0  0  0  0  0  0  0  0  
0  0  0  0  0  0  0  0  0  0  
0  0  0  0  0  0  0  0  0  0  
0  0  0  0  0  0  0  0  0  0  
******************** Quantity of blood collect in hospitals ****************
5500  5000  5500  5000  5500  5000  5500  5000  5500  5010  
5500  5000  5500  5010  5500  5000  5500  5000  5500  5000  
5500  5000  5500  5010  5500  5000  5500  5000  5500  5000  
5500  5000  5500  5010  5500  5000  5500  5000  5500  5000  
5500  5010  5500  5000  5500  5000  5500  5000  5500  5000  
5500  5000  5500  5010  5500  5000  5500  5000  5500  5000  
******************** Unsatisfy demand in hospital ****************
2165.01  2677.26  1622.59  2144.7  1101.96  1640.49  659.34  1158.45  238.63  742.11  
2165.01  2677.26  1613.36  2107.33  1146.08  1607.48  685.13  1170.1  250.5  720.68  
20711.5  21315.6  14521.2  14975.3  9632.5  10144.2  6094.9  6602.5  3338.95  3846.52  
2165.01  2677.26  1639.29  2130.35  1144.27  1605.89  617.01  1159.95  250.93  751.22  
20711.5  21305.6  14494.5  15034.1  9680.9  10232.8  6137.9  6589.5  3315.19  3800.37  
2165.01  2677.26  1645.54  2133.68  1140.79  1641.84  616.82  1157.23  250.75  748.68  
