2 18 5
22393.6 15469.9  13855.7 9611.81  8593.22 5958.16  5398.09 3701.03  3354.7 2314.26  
22393.6 15469.9  13855.7 9611.81  8612.63 5938.97  5390.73 3708.21  3342.59 2326.2  
22393.6 15469.9  13817.2 9637.87  8676.87 5963.68  5385.47 3712.28  3337.34 2319.98  
22393.6 15469.9  13925.8 9608.04  8628.5 5937.76  5349.96 3745.19  3306.66 2313.53  
22393.6 15469.9  13918.1 9602.07  8624.96 6000.75  5362.44 3688.72  3311.23 2329.74  
22393.6 15469.9  13906.6 9542.45  8593.45 5965.02  5386.17 3750.08  3320.9 2318.57  
22893.4 15921.6  13883 9695.66  8606.95 5933.81  5258.94 3632.5  3273.45 2219.6  
22893.4 15921.6  14059.6 9711.84  8581.29 5924.48  5267.09 3635.8  3217.28 2219.88  
22893.4 15921.6  14056.5 9710.57  8536.21 5926.42  5255.72 3634.71  3240.37 2220.01  
22893.4 15921.6  14032.7 9692.15  8570.95 5951.27  5251.53 3632.27  3221.87 2219.69  
22893.4 15921.6  13957.1 9694.52  8637.62 5943.31  5282.08 3632.94  3189.5 2217.01  
22893.4 15921.6  14032.7 9692.15  8505.09 5938.21  5303.02 3635.37  3228.14 2223.86  
27674.8 19003  14654.1 10110  7782.33 5417.13  4201.15 2986.3  2222.69 1578.61  
27674.8 19003  14744.9 10232.8  7818.84 5448.47  4133.96 2861.03  2202.02 1570.66  
27674.8 19003  14709 10205.9  7778.34 5449.18  4162.78 2883.41  2224.38 1546.88  
27674.8 19003  14588.7 10062.3  7821.9 5416.42  4179.73 2950.54  2249.72 1612.49  
27674.8 19003  14678 10073.6  7835.46 5511.62  4150.64 2915.61  2221.96 1593.29  
27674.8 19003  14605.9 10020.5  7839.77 5484.16  4197.9 2980.79  2223.75 1576.84  
