4 22 22 4
500 200
2200 1000 2200 1000 
1518.23 322.98 1
0.0690567 1 10
1086.44
1087.68
1087.64
1092.12
1087.53
1087.44
1087.21
1091.17
1091.47
1092.24
1089.53
1087.13
1089.24
1087.18
1086.35
1086.54
1087.92
1087.05
1089.85
1087.44
1089.7
1091.05
45.4311 -0.26348
44.3482 0.27408
45.9521 -0.76058
43.5502 -1.03077
45.1694 -1.14298
44.9897 1.2214
45.8834 -0.51694
46.4342 1.92714
43.6432 1.13451
43.5982 1.40321
43.8578 -0.06848
45.2107 1.11313
46.2461 1.41501
45.4813 -0.91521
45.4391 -0.02274
45.3197 0.64554
44.2822 0.37498
45.8386 0.62677
43.8118 -0.30698
44.452 0.40497
46.4878 1.2065
43.9642 -1.47037
43.9781 0.85174
44.7409 1.15718
43.352 0.023
44.4402 -0.3716
