4 50 4
6622.17 15561.5 6622.2 19989.5  3385.82 7940.02 3371.42 10148.2  1754.55 4043.93 1768.62 5257.72  904.673 2086.64 902.776 2680.27  
11188 26272.8 11218.7 33854.8  2021.14 4578.87 2000.47 5845.45  348.8 789.024 342.786 994.752  63.0375 144.2 59.7232 173.296  
11188 26272.8 11218.7 33854.8  2021.14 4578.87 2000.47 5845.45  346.396 792.292 339.503 992.716  64.8693 141.183 62.4047 174.959  
2309.6 5348.22 2316.74 6922.05  1912.6 4445.95 1920.43 5752.87  1587.7 3655.01 1590.42 4729.63  1320.09 3065.08 1323.81 3960.34  
2309.6 5348.22 2316.74 6922.05  1921.6 4444.38 1922.07 5735.26  1590.91 3726.59 1593.32 4797.01  1321.76 3095.98 1323.14 3982.39  
11304.3 26189.3 11313.8 33808.8  1924.97 4573.89 1915.24 5795.91  336.36 862.947 336.13 1069.77  57.1623 153.807 57.8238 189.647  
3679.55 8557.46 3674.34 11008  2670.05 6275.48 2666.12 8044.7  1961 4547.56 1968.66 5883.69  1432.94 3332.8 1425.28 4263.67  
5160.17 12074.3 5158.21 15522.4  3211.26 7487.22 3199.9 9595.89  1995.93 4649.6 1997.51 5984.52  1240.49 2872.41 1245.67 3714.52  
3679.55 8557.46 3674.34 11008  2687.16 6248.19 2684.59 8038.66  1958.3 4585.88 1956.99 5887.55  1426.55 3341.88 1420.67 4272.29  
4198.86 9853.09 4182.79 12609.7  2882.46 6784.62 2886.55 8720.26  2016.62 4699.81 2012.21 6031.3  1397.11 3245.92 1399.35 4184.23  
1893.89 4448.08 1893.11 5712.1  1631.72 3825.51 1631.85 4916.79  1411.39 3288.08 1411.9 4234.21  1214.25 2830.08 1209.7 3627.15  
4198.86 9853.09 4182.79 12609.7  2887.25 6767.45 2868.84 8635.72  2015.15 4705.12 2017.64 6057.34  1398.45 3239.62 1400.12 4177.74  
6622.17 15561.5 6622.2 19989.5  3386.06 7936.63 3385.1 10188.6  1754.42 4045.57 1761.98 5237.99  908.853 2085.1 907.481 2683.9  
11304.3 26189.3 11313.8 33808.8  1930.77 4611.87 1924.57 5846.96  331.263 840.192 327.953 1034.38  56.8572 143.745 56.8754 178.154  
7753.9 18101.9 7749.59 23282  3348.94 7770.28 3353.36 10017.3  1439.32 3379.45 1439.69 4330.71  618.309 1459.54 615.567 1855.39  
11196.5 26308.4 11216.3 33859.3  2010.42 4567.55 1990.17 5827.88  345.826 771.425 346.714 998.157  66.5822 137.223 66.6352 180.496  
1893.89 4448.08 1893.11 5712.1  1616.46 3809.78 1619.32 4898.14  1397.64 3289.44 1394.2 4210.91  1201.49 2821.49 1203.73 3630.33  
5160.17 12074.3 5158.21 15522.4  3175.44 7482.01 3168.98 9576.38  1999.02 4651.19 2002.22 5993.89  1250.28 2867.17 1255.57 3718.34  
11196.5 26308.4 11216.3 33859.3  2010.42 4567.55 1990.17 5827.88  345.826 771.425 346.714 998.157  67.1345 138.374 66.9155 181.224  
5160.17 12074.3 5158.21 15522.4  3210.52 7439.98 3219.77 9618.55  1994.74 4665.39 1984.47 5959.61  1238.99 2894.62 1240.48 3721.8  
4198.86 9853.09 4182.79 12609.7  2905.7 6803.79 2904.84 8741.66  2009.47 4693.87 2006.61 6024.72  1381.02 3232.68 1386.67 4169.42  
3679.55 8557.46 3674.34 11008  2682.3 6270.46 2679.05 8052.77  1961.83 4559.41 1965.26 5881.59  1433.62 3338.7 1432.86 4292  
1893.89 4448.08 1893.11 5712.1  1616.46 3809.78 1619.32 4898.14  1397.64 3289.44 1394.2 4210.91  1201.49 2821.49 1203.73 3630.33  
11188 26272.8 11218.7 33854.8  1990.39 4558.07 1972.78 5809.3  371.392 809.379 362.107 1022.42  69.8365 144.002 66.9761 180.71  
11196.5 26308.4 11216.3 33859.3  2010.42 4567.55 1990.17 5827.88  345.826 771.425 346.714 998.157  66.5822 137.223 66.6352 180.496  
1893.89 4448.08 1893.11 5712.1  1631.72 3825.51 1631.85 4916.79  1411.39 3288.08 1411.9 4234.21  1214.25 2830.08 1209.7 3627.15  
2309.6 5348.22 2316.74 6922.05  1923.43 4472.78 1923.34 5761.09  1593.41 3708.32 1596.44 4784.35  1312.12 3055.96 1319.37 3956.49  
11188 26272.8 11218.7 33854.8  2011.96 4582.8 1990.78 5839.33  358.68 795.809 350.123 1001.58  62.2791 134.15 61.8546 172.652  
4198.86 9853.09 4182.79 12609.7  2887.25 6767.45 2868.84 8635.72  2015.15 4705.12 2017.64 6057.34  1398.45 3239.62 1400.12 4177.74  
11188 26272.8 11218.7 33854.8  2021.14 4578.87 2000.47 5845.45  348.8 789.024 342.786 994.752  63.0375 144.2 59.7232 173.296  
11304.3 26189.3 11313.8 33808.8  1932.1 4616.24 1921.86 5838.68  330.164 836.571 330.196 1041.23  56.5506 142.798 57.2634 179.34  
11188 26272.8 11218.7 33854.8  1990.39 4558.07 1972.78 5809.3  373.974 806.078 365.61 1024.58  67.7229 146.72 64.0948 178.932  
11188 26272.8 11218.7 33854.8  1995.29 4544.05 1982.32 5815.5  372.163 827.209 357.57 1022.66  64.8701 140.171 62.6863 174.919  
2309.6 5348.22 2316.74 6922.05  1921.6 4444.38 1922.07 5735.26  1590.91 3726.59 1593.32 4797.01  1321.76 3095.98 1323.14 3982.39  
11304.3 26189.3 11313.8 33808.8  1921.73 4613.56 1922.94 5865.07  338.092 827.671 330.212 1014.37  58.7435 151.168 56.4413 178.597  
11304.3 26189.3 11313.8 33808.8  1930.42 4662.44 1919.21 5875.68  329.668 780.442 332.164 998.326  58.5721 150.859 57.7056 183.14  
6622.17 15561.5 6622.2 19989.5  3426.74 7945.56 3427.75 10237.8  1722.11 4033.78 1727.99 5194.36  906.651 2091.13 903.303 2681.2  
3679.55 8557.46 3674.34 11008  2685.14 6245.27 2677.03 8016.26  1956.94 4555.64 1965.72 5891.33  1433.21 3343.4 1435.27 4305.16  
11188 26272.8 11218.7 33854.8  2016.1 4592.99 1990.86 5839.43  351.698 783.415 347.838 998.991  64.7911 137.15 63.4472 174.747  
2309.6 5348.22 2316.74 6922.05  1910.59 4417.1 1919.1 5726.9  1596.08 3739.65 1593.9 4798.5  1319.02 3055.78 1323.45 3953.12  
1893.89 4448.08 1893.11 5712.1  1631.72 3825.51 1631.85 4916.79  1402.08 3283.47 1405 4229.81  1210.01 2833.01 1204.85 3624.29  
11196.5 26308.4 11216.3 33859.3  2018.31 4559.79 2002.57 5841.79  346.2 784.678 342.891 997.15  59.7801 133.22 59.2825 169.469  
5160.17 12074.3 5158.21 15522.4  3211.26 7487.22 3199.9 9595.89  1995.93 4649.6 1997.51 5984.52  1240.49 2872.41 1245.67 3714.52  
3679.55 8557.46 3674.34 11008  2680.31 6267.59 2671.61 8030.75  1960.14 4580.65 1960.48 5889.68  1434.61 3333.77 1436.15 4295.75  
3679.55 8557.46 3674.34 11008  2687.16 6248.19 2684.59 8038.66  1958.3 4585.88 1956.99 5887.55  1429.07 3329.84 1423.46 4264.24  
7753.9 18101.9 7749.59 23282  3327.44 7807.93 3316.55 9983.95  1443.49 3338.34 1458.44 4343.61  631.037 1459.67 631.367 1876.42  
11196.5 26308.4 11216.3 33859.3  2010.42 4567.55 1990.17 5827.88  345.826 771.425 346.714 998.157  66.5822 137.223 66.6352 180.496  
11304.3 26189.3 11313.8 33808.8  1921.73 4613.56 1922.94 5865.07  338.092 827.671 330.212 1014.37  58.7435 151.168 56.4413 178.597  
2309.6 5348.22 2316.74 6922.05  1921.6 4444.38 1922.07 5735.26  1590.91 3726.59 1593.32 4797.01  1321.76 3095.98 1323.14 3982.39  
5160.17 12074.3 5158.21 15522.4  3198.96 7496.63 3193.32 9612.54  1990.15 4645.65 1993.04 5980.19  1231.12 2879.92 1230.1 3693.5  
