4 150 4
5160.17 12074.3 5158.21 15522.4  3213.63 7490.64 3208.81 9622.2  1998.65 4631.79 1998.27 5964.1  1231.5 2893.09 1231.74 3709.92  
5160.17 12074.3 5158.21 15522.4  3196.86 7490.01 3197.63 9625.4  2003.66 4627.78 2005.29 5971.17  1226.05 2886.7 1225.55 3696.96  
5160.17 12074.3 5158.21 15522.4  3198.96 7496.63 3193.32 9612.54  1990.15 4645.65 1993.04 5980.19  1231.12 2879.92 1230.1 3693.5  
5160.17 12074.3 5158.21 15522.4  3204.84 7467 3213.06 9635.16  2000.63 4636.46 1999.43 5967.47  1233.17 2899 1226.34 3693.79  
5160.17 12074.3 5158.21 15522.4  3175.44 7482.01 3168.98 9576.38  2004.01 4636.91 2011.88 6000  1233.93 2886.26 1233.8 3704.55  
5160.17 12074.3 5158.21 15522.4  3211.26 7487.22 3199.9 9595.89  1985.37 4651.24 1982.42 5962.43  1245.34 2874.44 1249.67 3717.74  
5160.17 12074.3 5158.21 15522.4  3204.84 7467 3213.06 9635.16  1977.04 4630.03 1982.67 5963.41  1250.94 2890.1 1244.58 3702.52  
5160.17 12074.3 5158.21 15522.4  3219.46 7464.04 3215.44 9605.37  1971.57 4631.15 1981.77 5974.72  1245.21 2901.1 1241.45 3716.01  
5160.17 12074.3 5158.21 15522.4  3211.26 7487.22 3199.9 9595.89  1995.93 4649.6 1997.51 5984.52  1240.49 2872.41 1245.67 3714.52  
5160.17 12074.3 5158.21 15522.4  3190.32 7473.41 3197.5 9625.27  1982.49 4627.61 1988.53 5967.14  1238.75 2881.93 1239.52 3707.44  
5160.17 12074.3 5158.21 15522.4  3210.52 7439.98 3219.77 9618.55  1994.74 4665.39 1984.47 5959.61  1238.99 2894.62 1240.48 3721.8  
5160.17 12074.3 5158.21 15522.4  3211.49 7483.9 3213.19 9635.29  1985.28 4652.5 1977.43 5947.56  1241.82 2865.95 1248.2 3713.56  
5160.17 12074.3 5158.21 15522.4  3175.44 7482.01 3168.98 9576.38  1999.02 4651.19 2002.22 5993.89  1250.28 2867.17 1255.57 3718.34  
5160.17 12074.3 5158.21 15522.4  3217.28 7457.18 3219.91 9618.68  1983.1 4662.65 1974.91 5953.85  1228.42 2874.84 1236.21 3715  
5160.17 12074.3 5158.21 15522.4  3196.86 7490.01 3197.63 9625.4  1990.94 4648.16 1991.41 5975.32  1240.74 2887.11 1238.54 3704.44  
3679.55 8557.46 3674.34 11008  2674.56 6256.22 2660.4 7997.67  1965.24 4567.44 1967.56 5888.25  1433.44 3319.24 1436.27 4285.58  
3679.55 8557.46 3674.34 11008  2680.31 6267.59 2671.61 8030.75  1962.37 4560.19 1967.26 5887.51  1433.05 3336.2 1436.31 4302.29  
3679.55 8557.46 3674.34 11008  2670.05 6275.48 2666.12 8044.7  1953.94 4582.19 1952.49 5880.01  1436.72 3307.07 1440.83 4281.29  
3679.55 8557.46 3674.34 11008  2685.34 6242.45 2688.31 8049.81  1959.14 4537.92 1961.45 5856  1426.81 3356.32 1418.49 4277.76  
3679.55 8557.46 3674.34 11008  2685.14 6245.27 2677.03 8016.26  1956.94 4555.64 1965.72 5891.33  1433.21 3343.4 1435.27 4305.16  
3679.55 8557.46 3674.34 11008  2682.3 6270.46 2679.05 8052.77  1961.83 4559.41 1965.26 5881.59  1433.62 3338.7 1432.86 4292  
3679.55 8557.46 3674.34 11008  2679.7 6228.05 2688.2 8049.7  1962.53 4570.78 1962.79 5882.41  1430.15 3336.24 1432.98 4298.5  
3679.55 8557.46 3674.34 11008  2687.16 6248.19 2684.59 8038.66  1958.3 4585.88 1956.99 5887.55  1426.55 3341.88 1420.67 4272.29  
3679.55 8557.46 3674.34 11008  2679.7 6228.05 2688.2 8049.7  1960.51 4543.87 1953.1 5831.1  1432.35 3329.89 1434.7 4293.02  
3679.55 8557.46 3674.34 11008  2679.7 6228.05 2688.2 8049.7  1962.01 4546.04 1958.72 5847.75  1431.68 3365.65 1429.2 4309.48  
3679.55 8557.46 3674.34 11008  2680.31 6267.59 2671.61 8030.75  1960.14 4580.65 1960.48 5889.68  1434.61 3333.77 1436.15 4295.75  
3679.55 8557.46 3674.34 11008  2670.05 6275.48 2666.12 8044.7  1961 4547.56 1968.66 5883.69  1432.94 3332.8 1425.28 4263.67  
3679.55 8557.46 3674.34 11008  2687.16 6248.19 2684.59 8038.66  1949.36 4589.56 1947.55 5881.65  1432.13 3345.48 1435.13 4309.18  
3679.55 8557.46 3674.34 11008  2687.16 6248.19 2684.59 8038.66  1958.3 4585.88 1956.99 5887.55  1429.07 3329.84 1423.46 4264.24  
3679.55 8557.46 3674.34 11008  2679.29 6233.7 2665.62 7982.61  1954.76 4579.37 1948.43 5862.24  1434.99 3322.07 1440.02 4296.57  
2309.6 5348.22 2316.74 6922.05  1923.43 4472.78 1923.34 5761.09  1578.06 3651.42 1588.28 4742.34  1319.02 3092.64 1321.86 3981.75  
2309.6 5348.22 2316.74 6922.05  1923.43 4472.78 1923.34 5761.09  1593.41 3708.32 1596.44 4784.35  1312.12 3055.96 1319.37 3956.49  
2309.6 5348.22 2316.74 6922.05  1914.48 4403.63 1915.5 5693.55  1586.57 3719.95 1592.13 4797.44  1328.84 3099.91 1327.28 3982.56  
2309.6 5348.22 2316.74 6922.05  1903.07 4423.24 1914.85 5736.68  1583.47 3644.56 1588.93 4725.35  1325.11 3061.24 1322.52 3940.7  
2309.6 5348.22 2316.74 6922.05  1903.29 4375.9 1912.49 5685.05  1595.25 3700.79 1597.22 4775.71  1323.08 3059.76 1321.52 3940.9  
2309.6 5348.22 2316.74 6922.05  1919.39 4462.46 1923.26 5761.01  1586.55 3652.27 1589.94 4728.26  1322.87 3105.49 1323.51 3989.69  
2309.6 5348.22 2316.74 6922.05  1924.73 4476.89 1920.68 5753.12  1596.55 3716.19 1596.96 4785.77  1322.62 3081.04 1325.52 3974.38  
2309.6 5348.22 2316.74 6922.05  1921.6 4444.38 1922.07 5735.26  1590.91 3726.59 1593.32 4797.01  1321.76 3095.98 1323.14 3982.39  
2309.6 5348.22 2316.74 6922.05  1912.6 4445.95 1920.43 5752.87  1595.73 3734.76 1593.67 4794.09  1325.21 3101.34 1323.42 3979.95  
2309.6 5348.22 2316.74 6922.05  1903.29 4375.9 1912.49 5685.05  1595.25 3700.79 1597.22 4775.71  1315.19 3073.39 1321.07 3970.78  
2309.6 5348.22 2316.74 6922.05  1912.6 4445.95 1920.43 5752.87  1587.7 3655.01 1590.42 4729.63  1320.09 3065.08 1323.81 3960.34  
2309.6 5348.22 2316.74 6922.05  1903.07 4423.24 1914.85 5736.68  1596.86 3716.66 1597.88 4788.49  1329.03 3097.15 1326.42 3976.77  
2309.6 5348.22 2316.74 6922.05  1900.9 4394.01 1913.43 5710.43  1595.65 3697.76 1597.06 4771.43  1326.81 3098.12 1326.74 3984.05  
2309.6 5348.22 2316.74 6922.05  1910.3 4392.97 1915.42 5693.46  1580.27 3664.66 1589.62 4753.7  1330.62 3111.04 1327.72 3989.99  
2309.6 5348.22 2316.74 6922.05  1910.59 4417.1 1919.1 5726.9  1596.08 3739.65 1593.9 4798.5  1319.02 3055.78 1323.45 3953.12  
6622.17 15561.5 6622.2 19989.5  3404.14 7934.41 3411 10227.2  1724.63 4043.15 1720.37 5172.39  909.672 2087.94 908.166 2686.9  
6622.17 15561.5 6622.2 19989.5  3386.06 7936.63 3385.1 10188.6  1754.42 4045.57 1761.98 5237.99  908.853 2085.1 907.481 2683.9  
6622.17 15561.5 6622.2 19989.5  3419.64 7927.61 3427.61 10237.7  1725.51 4042.49 1728.06 5194.42  892.573 2081.77 887.044 2653.53  
6622.17 15561.5 6622.2 19989.5  3367.71 7891.61 3380.17 10174.8  1742.04 4063.93 1735.1 5197.69  918.8 2099.58 912.236 2689.38  
6622.17 15561.5 6622.2 19989.5  3419.64 7927.61 3427.61 10237.7  1755.77 4070.11 1752.39 5226.62  878.124 2068.36 875.425 2637.99  
6622.17 15561.5 6622.2 19989.5  3379.21 7919.32 3384.96 10188.5  1736.55 4050.46 1732.81 5191.06  915.902 2092.62 911.032 2685.95  
6622.17 15561.5 6622.2 19989.5  3351.55 7899.34 3349.61 10121.7  1764.2 4070.44 1768.16 5257.79  915.902 2092.62 911.032 2685.95  
6622.17 15561.5 6622.2 19989.5  3413.36 7959.06 3406.55 10213.6  1750.69 4059.82 1746.97 5211.93  892.59 2068.65 893.843 2663.65  
6622.17 15561.5 6622.2 19989.5  3392.44 7906.18 3406.12 10213.2  1769.05 4080.59 1762.89 5238.61  898.657 2082.86 896.812 2671.58  
6622.17 15561.5 6622.2 19989.5  3419.64 7927.61 3427.61 10237.7  1717.23 4046.47 1712.44 5167.34  913.077 2095.55 909.707 2690.87  
6622.17 15561.5 6622.2 19989.5  3426.74 7945.56 3427.75 10237.8  1722.11 4033.78 1727.99 5194.36  906.651 2091.13 903.303 2681.2  
6622.17 15561.5 6622.2 19989.5  3410.87 7955.49 3397.21 10186.2  1756.4 4047.34 1767.17 5251.78  891.032 2076.5 888.625 2657.67  
6622.17 15561.5 6622.2 19989.5  3385.82 7940.02 3371.42 10148.2  1754.55 4043.93 1768.62 5257.72  904.673 2086.64 902.776 2680.27  
6622.17 15561.5 6622.2 19989.5  3419.64 7927.61 3427.61 10237.7  1755.77 4070.11 1752.39 5226.62  891.907 2077.52 891.471 2665.48  
6622.17 15561.5 6622.2 19989.5  3410.87 7955.49 3397.21 10186.2  1748.44 4050.81 1758.61 5246.35  901.501 2078.85 899.571 2670.25  
4198.86 9853.09 4182.79 12609.7  2900.25 6761.37 2882.29 8642.61  2016.02 4694.67 2014.72 6036.06  1391.82 3254.72 1399.89 4206.76  
4198.86 9853.09 4182.79 12609.7  2887.25 6767.45 2868.84 8635.72  2020.03 4692.8 2018.85 6038.18  1380.43 3239.94 1382.59 4164.56  
4198.86 9853.09 4182.79 12609.7  2903.58 6800.74 2896.88 8718.15  1998.82 4671.84 1989.6 5974.91  1398.45 3239.62 1400.12 4177.74  
4198.86 9853.09 4182.79 12609.7  2887.25 6767.45 2868.84 8635.72  2001.79 4698.05 2007.77 6050.83  1402.57 3241.81 1403.14 4179.74  
4198.86 9853.09 4182.79 12609.7  2905.7 6803.79 2904.84 8741.66  2009.47 4693.87 2006.61 6024.72  1381.02 3232.68 1386.67 4169.42  
4198.86 9853.09 4182.79 12609.7  2882.25 6787.52 2874.88 8685.69  1997.68 4681.55 1992.28 5995.39  1399.01 3243.43 1399.38 4177.67  
4198.86 9853.09 4182.79 12609.7  2887.25 6767.45 2868.84 8635.72  2015.15 4705.12 2017.64 6057.34  1398.45 3239.62 1400.12 4177.74  
4198.86 9853.09 4182.79 12609.7  2916.87 6795.25 2910.82 8726.52  2006.18 4694.48 2013 6053.75  1395.17 3238.77 1400.32 4185.28  
4198.86 9853.09 4182.79 12609.7  2903.79 6797.79 2908.76 8753.36  1998.76 4672.75 1986 5964.18  1384.77 3242.45 1386.14 4167.87  
4198.86 9853.09 4182.79 12609.7  2905.7 6803.79 2904.84 8741.66  1996.15 4686.82 1996.79 6018.23  1385.99 3237.67 1387.81 4165.91  
4198.86 9853.09 4182.79 12609.7  2917.08 6792.25 2922.92 8762.36  2015.3 4691.58 2019.06 6048.87  1375.66 3238.35 1371.78 4139.14  
4198.86 9853.09 4182.79 12609.7  2882.46 6784.62 2886.55 8720.26  2001.95 4688.66 2005.04 6032.75  1390.31 3241.59 1387.1 4156.97  
4198.86 9853.09 4182.79 12609.7  2884.33 6790.52 2882.7 8708.77  2001.23 4688.84 1998.11 6012.35  1407.7 3244.91 1411.69 4197.87  
4198.86 9853.09 4182.79 12609.7  2882.46 6784.62 2886.55 8720.26  2016.62 4699.81 2012.21 6031.3  1397.11 3245.92 1399.35 4184.23  
4198.86 9853.09 4182.79 12609.7  2882.25 6787.52 2874.88 8685.69  2016.83 4696.87 2024.06 6066.36  1382.93 3232.49 1379.19 4140.67  
11188 26272.8 11218.7 33854.8  1990.39 4558.07 1972.78 5809.3  371.392 809.379 362.107 1022.42  69.8365 144.002 66.9761 180.71  
11188 26272.8 11218.7 33854.8  2005.02 4566.48 1987.93 5831.36  365.826 807.958 354.662 1010.6  62.9135 138.617 61.0204 172.68  
11188 26272.8 11218.7 33854.8  1997.2 4574.09 1975.58 5817.14  370.596 802.316 363.12 1021.28  65.1379 137.112 63.9334 175.421  
11188 26272.8 11218.7 33854.8  2021.14 4578.87 2000.47 5845.45  346.396 792.292 339.503 992.716  64.8693 141.183 62.4047 174.959  
11188 26272.8 11218.7 33854.8  1990.39 4558.07 1972.78 5809.3  373.974 806.078 365.61 1024.58  67.7229 146.72 64.0948 178.932  
11188 26272.8 11218.7 33854.8  2005.02 4566.48 1987.93 5831.36  362.142 803.946 352.425 1008.12  65.1699 141.786 62.0904 173.878  
11188 26272.8 11218.7 33854.8  1980.83 4536.05 1967.27 5793.73  385.037 831.279 371.754 1041.77  66.1636 143.394 63.3959 177.108  
11188 26272.8 11218.7 33854.8  1995.29 4544.05 1982.32 5815.5  372.163 827.209 357.57 1022.66  64.8701 140.171 62.6863 174.919  
11188 26272.8 11218.7 33854.8  2016.1 4592.99 1990.86 5839.43  351.698 783.415 347.838 998.991  64.7911 137.15 63.4472 174.747  
11188 26272.8 11218.7 33854.8  2021.14 4578.87 2000.47 5845.45  348.8 789.024 342.786 994.752  63.0375 144.2 59.7232 173.296  
11188 26272.8 11218.7 33854.8  1995.29 4544.05 1982.32 5815.5  370.11 822.425 357.043 1021.23  67.4087 145.197 63.6966 177.015  
11188 26272.8 11218.7 33854.8  2011.96 4582.8 1990.78 5839.33  358.68 795.809 350.123 1001.58  62.2791 134.15 61.8546 172.652  
11188 26272.8 11218.7 33854.8  1995.29 4544.05 1982.32 5815.5  371.394 825.368 357.555 1022.64  65.5589 142.619 62.4855 174.984  
11188 26272.8 11218.7 33854.8  2025.35 4589.25 2000.55 5845.55  344.15 786.516 339.915 993.977  64.1621 137.841 62.7832 174.701  
11188 26272.8 11218.7 33854.8  2014.08 4562.26 1997.57 5837.33  356.331 806.663 346.165 1004.23  62.6497 143.347 59.3304 172.175  
11304.3 26189.3 11313.8 33808.8  1928.55 4630.72 1925.77 5873.35  331.21 806.084 326.743 1000.18  58.6221 156.009 56.8846 184.626  
11304.3 26189.3 11313.8 33808.8  1933.92 4645.76 1923.18 5865.27  327.179 803.572 329.743 1017.38  57.7354 145.544 56.4253 176.02  
11304.3 26189.3 11313.8 33808.8  1921.73 4613.56 1922.94 5865.07  338.092 827.671 330.212 1014.37  58.7435 151.168 56.4413 178.597  
11304.3 26189.3 11313.8 33808.8  1932.1 4616.24 1921.86 5838.68  330.164 836.571 330.196 1041.23  56.5506 142.798 57.2634 179.34  
11304.3 26189.3 11313.8 33808.8  1923.62 4569.45 1918 5804.33  336.965 874.539 333.843 1071.14  58.1032 148.988 57.276 181.087  
11304.3 26189.3 11313.8 33808.8  1925.14 4647.67 1921.75 5883.62  335.992 801.713 331.206 999.125  57.317 142.806 56.4006 174.587  
11304.3 26189.3 11313.8 33808.8  1926.64 4600.95 1924.49 5846.9  334.722 840.371 327.534 1024.94  57.1254 149.325 57.1751 183.495  
11304.3 26189.3 11313.8 33808.8  1932.1 4616.24 1921.86 5838.68  328.998 819.797 329.989 1028.5  57.6158 156.066 57.5545 189.55  
11304.3 26189.3 11313.8 33808.8  1933.92 4645.76 1923.18 5865.27  328.945 804.032 329.556 1012.76  56.1011 143.816 56.7786 179.751  
11304.3 26189.3 11313.8 33808.8  1932.1 4616.24 1921.86 5838.68  330.449 828.225 330.652 1034.61  56.4324 150.03 56.8879 184.828  
11304.3 26189.3 11313.8 33808.8  1930.42 4662.44 1919.21 5875.68  329.668 780.442 332.164 998.326  58.5721 150.859 57.7056 183.14  
11304.3 26189.3 11313.8 33808.8  1933.92 4645.76 1923.18 5865.27  327.76 809.535 329.539 1020.6  57.2537 140.625 56.5935 173.363  
11304.3 26189.3 11313.8 33808.8  1930.77 4611.87 1924.57 5846.96  331.263 840.192 327.953 1034.38  56.8572 143.745 56.8754 178.154  
11304.3 26189.3 11313.8 33808.8  1925.14 4647.67 1921.75 5883.62  336.288 807.254 330.033 999.457  57.4651 140.86 57.6066 176.403  
11304.3 26189.3 11313.8 33808.8  1924.97 4573.89 1915.24 5795.91  336.36 862.947 336.13 1069.77  57.1623 153.807 57.8238 189.647  
1893.89 4448.08 1893.11 5712.1  1622.79 3803.46 1629.44 4910.02  1413.57 3294.12 1410.31 4229.41  1215.19 2832.31 1210.25 3628.77  
1893.89 4448.08 1893.11 5712.1  1632.8 3828.89 1629.65 4910.23  1404.7 3291.72 1399.62 4213.77  1201.48 2827.12 1200 3623.52  
1893.89 4448.08 1893.11 5712.1  1635.8 3813.76 1639.72 4921.78  1393.97 3287.43 1387.61 4196.49  1211.45 2835.37 1209.49 3638.01  
1893.89 4448.08 1893.11 5712.1  1631.72 3825.51 1631.85 4916.79  1412.32 3291.04 1409.97 4228.46  1208.68 2830.72 1209.1 3639.11  
1893.89 4448.08 1893.11 5712.1  1631.72 3825.51 1631.85 4916.79  1394.53 3285.79 1388.69 4197.17  1216.69 2829.15 1217.96 3647.22  
1893.89 4448.08 1893.11 5712.1  1619.62 3819.73 1612.84 4878.79  1397.21 3288.05 1395.09 4213.6  1218.82 2832.19 1218.06 3645.28  
1893.89 4448.08 1893.11 5712.1  1632.8 3828.89 1629.65 4910.23  1411.24 3287.61 1412.2 4235.13  1208.68 2830.73 1209.1 3639.09  
1893.89 4448.08 1893.11 5712.1  1616.46 3809.78 1619.32 4898.14  1397.64 3289.44 1394.2 4210.91  1201.49 2821.49 1203.73 3630.33  
1893.89 4448.08 1893.11 5712.1  1639.19 3822.39 1639.79 4921.84  1396.23 3272.22 1401.89 4223.34  1216.22 2834.02 1213.35 3637.91  
1893.89 4448.08 1893.11 5712.1  1622.79 3803.46 1629.44 4910.02  1398.5 3274.85 1403.32 4224.99  1203.72 2833.03 1199.52 3622  
1893.89 4448.08 1893.11 5712.1  1631.72 3825.51 1631.85 4916.79  1402.08 3283.47 1405 4229.81  1210.01 2833.01 1204.85 3624.29  
1893.89 4448.08 1893.11 5712.1  1631.72 3825.51 1631.85 4916.79  1411.39 3288.08 1411.9 4234.21  1214.25 2830.08 1209.7 3627.15  
1893.89 4448.08 1893.11 5712.1  1640.28 3825.84 1637.55 4915.16  1390.64 3277.18 1393.49 4214.05  1199.18 2820.96 1201.31 3627.53  
1893.89 4448.08 1893.11 5712.1  1632.8 3828.89 1629.65 4910.23  1411.24 3287.61 1412.2 4235.13  1211.7 2822.03 1214.93 3642.78  
1893.89 4448.08 1893.11 5712.1  1639.19 3822.39 1639.79 4921.84  1410.24 3289.97 1404.95 4216.2  1207.84 2832.53 1203.76 3625.48  
11196.5 26308.4 11216.3 33859.3  2018.31 4559.79 2002.57 5841.79  341.781 778.715 339.778 992.01  64.0004 138.762 62.4556 174.83  
11196.5 26308.4 11216.3 33859.3  1995.62 4558.63 1975.01 5805.83  364.891 785.64 365.596 1026.9  64.3075 134.678 64.2865 176.156  
11196.5 26308.4 11216.3 33859.3  2007.08 4532.98 1999.58 5833.6  355.685 807.609 344.883 1002.61  62.2757 137.299 61.1864 173.519  
11196.5 26308.4 11216.3 33859.3  2010.42 4567.55 1990.17 5827.88  345.826 771.425 346.714 998.157  67.1345 138.374 66.9155 181.224  
11196.5 26308.4 11216.3 33859.3  2010.42 4567.55 1990.17 5827.88  345.826 771.425 346.714 998.157  66.5822 137.223 66.6352 180.496  
11196.5 26308.4 11216.3 33859.3  1995.62 4558.63 1975.01 5805.83  361.465 782.396 362.791 1022.95  67.0179 136.333 66.9119 179.611  
11196.5 26308.4 11216.3 33859.3  2018.31 4559.79 2002.57 5841.79  346.2 784.678 342.891 997.15  59.7801 133.22 59.2825 169.469  
11196.5 26308.4 11216.3 33859.3  2007.08 4532.98 1999.58 5833.6  352.108 803.575 342.698 1000.1  65.514 140.513 63.2936 175.78  
11196.5 26308.4 11216.3 33859.3  1973.95 4506.93 1969.25 5790.02  380.164 827.596 367.021 1034.65  68.6376 141.548 67.3232 182.104  
11196.5 26308.4 11216.3 33859.3  1994.31 4554.66 1977.65 5813.48  362.185 780.524 361.867 1016.39  67.7422 141.651 65.5867 178.956  
11196.5 26308.4 11216.3 33859.3  1969.99 4523.5 1956.84 5775.14  382.37 811.377 377.648 1048.23  70.5829 141.518 69.3143 183.882  
11196.5 26308.4 11216.3 33859.3  2014.11 4549.48 2002.48 5841.7  342.842 786.284 336.758 986.875  67.5005 141.491 65.8129 180.029  
11196.5 26308.4 11216.3 33859.3  2004.97 4553.38 1992.78 5835.58  358.083 787.559 352.646 1003.33  61.5278 135.854 60.1379 170.575  
11196.5 26308.4 11216.3 33859.3  1998.06 4537.17 1989.93 5827.62  359.469 800.112 350.587 1005  66.2726 140.198 63.8621 175.574  
11196.5 26308.4 11216.3 33859.3  2014.11 4549.48 2002.48 5841.7  346.373 789.96 340.327 993.415  63.9274 137.758 62.4626 174.175  
7753.9 18101.9 7749.59 23282  3342.92 7798.14 3346.36 10034.6  1436.16 3366.38 1436.67 4316.42  627.49 1444.76 625.464 1852.12  
7753.9 18101.9 7749.59 23282  3342.92 7798.14 3346.36 10034.6  1442.64 3365.12 1437.69 4303.18  619.884 1451.2 623.18 1868.7  
7753.9 18101.9 7749.59 23282  3327.44 7807.93 3316.55 9983.95  1443.49 3338.34 1458.44 4343.61  631.037 1459.67 631.367 1876.42  
7753.9 18101.9 7749.59 23282  3348.69 7773.81 3339.27 9975.5  1429.98 3372.74 1440.63 4349.99  623.737 1461.35 622.975 1868.11  
7753.9 18101.9 7749.59 23282  3327.68 7804.53 3330.15 10024.3  1452.37 3363.03 1450.9 4320.83  626.27 1448.87 627.063 1863.88  
7753.9 18101.9 7749.59 23282  3342.67 7801.61 3332.52 9993.52  1446.46 3352.72 1452.55 4330.72  617.817 1456.92 620.058 1868.82  
7753.9 18101.9 7749.59 23282  3342.67 7801.61 3332.52 9993.52  1442.45 3341.91 1454.51 4336.69  620.089 1463.08 618.957 1865.45  
7753.9 18101.9 7749.59 23282  3348.94 7770.28 3353.36 10017.3  1442.89 3370.46 1440.7 4317.24  620.693 1458.9 620.963 1866.63  
7753.9 18101.9 7749.59 23282  3324.38 7752.33 3341.37 10020.5  1453.18 3391.18 1440.52 4311.15  628.831 1457.35 627.882 1868.24  
7753.9 18101.9 7749.59 23282  3348.94 7770.28 3353.36 10017.3  1439.32 3379.45 1439.69 4330.71  618.309 1459.54 615.567 1855.39  
7753.9 18101.9 7749.59 23282  3348.94 7770.28 3353.36 10017.3  1432.76 3382.24 1432.72 4326.29  622.473 1458.6 621.2 1862.9  
7753.9 18101.9 7749.59 23282  3342.92 7798.14 3346.36 10034.6  1439.75 3356.02 1443.61 4320.81  624.32 1455.83 620.273 1852.97  
7753.9 18101.9 7749.59 23282  3351.21 7777.43 3348.71 10003.4  1435.06 3367.76 1442.27 4338.56  619.892 1462.78 618.426 1863.82  
7753.9 18101.9 7749.59 23282  3342.92 7798.14 3346.36 10034.6  1446.32 3354.68 1444.68 4307.43  619.343 1452.64 622.217 1868.18  
7753.9 18101.9 7749.59 23282  3342.67 7801.61 3332.52 9993.52  1445.49 3349.64 1454.57 4336.73  621.246 1456.83 624.489 1874.88  
