5 50 50 2
500 200
3200 3200 3200 3200 3200 
1518.23 322.98 1
0.0690567 1 10
1531.49
1525.49
1526.83
1527.46
1529.28
1524.53
1532.24
1526.79
1531.78
1529.94
1525.15
1528.85
1526.12
1526.8
1525.28
1528.23
1530.92
1526.24
1526.1
1528.45
1530.57
1526.51
1530.05
1528.07
1525.17
1525.51
1526.79
1527.9
1528.03
1532.41
1526.74
1525.5
1527.74
1529.88
1532.56
1524.91
1528.89
1524.52
1533.04
1526.98
1530.11
1527.9
1526.62
1526.29
1531.27
1526.44
1524.63
1527.25
1527.09
1525.29
43.8296 -1.69479
45.0513 1.14646
44.1561 0.30853
45.8738 -1.51792
46.8292 0.85952
45.2783 -0.25275
43.4675 1.42983
45.3167 -1.49379
43.3671 0.82888
43.588 -0.25307
45.9033 -0.12496
46.8133 0.51989
45.3063 1.48699
45.7806 -1.349
45.9571 -0.13055
46.185 1.72823
43.5156 -0.70792
44.5642 1.07304
46.1634 0.68407
44.7028 2.03174
47.008 -0.76588
46.152 1.02257
43.6098 0.75506
46.6425 0.68029
44.9682 -0.66936
45.1226 1.1874
44.3651 -0.80072
43.9602 -0.34389
46.6909 0.13462
43.5646 1.72404
45.2226 1.70691
44.5299 0.24658
45.1833 2.01521
43.6772 -0.69404
43.6138 1.86902
44.773 0.18797
46.7512 -0.65292
45.073 0.29717
43.5254 1.84351
46.2149 1.16868
43.8066 1.41799
45.9096 -1.63515
45.6895 1.57002
46.0476 1.07358
46.657 2.06341
44.4824 -0.81794
45.2553 -0.37491
46.4979 0.52792
46.4812 -0.14528
44.8898 -0.68211
45.0859 0.32559
44.0044 -0.61482
45.4734 -1.11679
43.4618 1.32244
45.2001 0.31485
