5 50 2
21803.8 21700.2 27062 19051.7 46204.9  8265.8 8242.75 10387 7210.76 17660.7  
7009.34 7036.39 8724.55 6141.82 14807.4  5592.06 5623.16 6963.07 4907.87 11808.1  
4925.83 4909.23 6125.66 4301.47 10442.5  4236.53 4224.89 5278.03 3698.31 8989.57  
7009.34 7036.39 8724.55 6141.82 14807.4  5619.79 5621.57 7039.42 4896.79 11944.2  
2797.49 2776.24 3506.31 2423.25 5972.37  2568.34 2536.76 3200.01 2229.11 5478.53  
21803.8 21700.2 27062 19051.7 46204.9  8270.64 8288.49 10327.3 7267.72 17556.3  
15095.9 15073.2 18897 13133.9 32095.1  8572.78 8590.08 10775.4 7472.33 18251.7  
7009.34 7036.39 8724.55 6141.82 14807.4  5631.61 5620.58 7035.8 4910.05 11965.8  
28401.7 28477 35517.7 24786.3 60208.7  5504.21 5425.29 6838.96 4856.02 11791.9  
2797.49 2776.24 3506.31 2423.25 5972.37  2584.8 2577.26 3234.84 2248.19 5499.58  
21803.8 21700.2 27062 19051.7 46204.9  8287.33 8364.49 10430.3 7270.56 17604.9  
22136.2 21993.1 27591.4 19264.7 47073.1  8154.39 8136.95 10211.3 7135.85 17380.1  
15095.9 15073.2 18897 13133.9 32095.1  8620.62 8560.3 10725 7531.59 18333  
12639.6 12649.1 15803.5 11020.4 26820.1  8054.09 8057.86 10132.9 7004.35 17168  
21803.8 21700.2 27062 19051.7 46204.9  8287.83 8325.73 10376 7279.1 17596.8  
21803.8 21700.2 27062 19051.7 46204.9  8270.64 8288.49 10327.3 7267.72 17556.3  
2797.49 2776.24 3506.31 2423.25 5972.37  2586.63 2573.25 3228.91 2251.05 5502.02  
21803.8 21700.2 27062 19051.7 46204.9  8287.83 8325.73 10376 7279.1 17596.8  
12639.6 12649.1 15803.5 11020.4 26820.1  8118.18 8088.02 10104.1 7098.61 17233.5  
22136.2 21993.1 27591.4 19264.7 47073.1  8170.07 8208.61 10307.5 7138.54 17425.5  
2797.49 2776.24 3506.31 2423.25 5972.37  2584.8 2577.26 3234.84 2248.19 5499.58  
27730.2 27633.9 34710.7 24100.2 59019.7  5894.67 5937.1 7281.26 5275.74 12426.9  
21803.8 21700.2 27062 19051.7 46204.9  8279.63 8277.11 10371.5 7249.25 17632.8  
15095.9 15073.2 18897 13133.9 32095.1  8535.19 8529.58 10759.8 7412.18 18230.8  
28401.7 28477 35517.7 24786.3 60208.7  5504.21 5425.29 6838.96 4856.02 11791.9  
28401.7 28477 35517.7 24786.3 60208.7  5488.61 5434.81 6855.22 4836.65 11765.1  
7009.34 7036.39 8724.55 6141.82 14807.4  5619.79 5621.57 7039.42 4896.79 11944.2  
2797.49 2776.24 3506.31 2423.25 5972.37  2584.8 2577.26 3234.84 2248.19 5499.58  
2797.49 2776.24 3506.31 2423.25 5972.37  2573.27 2559.08 3230.14 2229.95 5492.82  
27730.2 27633.9 34710.7 24100.2 59019.7  5826.27 5890.87 7315.1 5164.41 12376.5  
12639.6 12649.1 15803.5 11020.4 26820.1  8104.28 8053.66 10117.6 7060.78 17259.6  
12639.6 12649.1 15803.5 11020.4 26820.1  8054.09 8057.86 10132.9 7004.35 17168  
15095.9 15073.2 18897 13133.9 32095.1  8535.19 8529.58 10759.8 7412.18 18230.8  
12639.6 12649.1 15803.5 11020.4 26820.1  8104.28 8053.66 10117.6 7060.78 17259.6  
4925.83 4909.23 6125.66 4301.47 10442.5  4220 4238.74 5269.25 3692.84 8930.54  
7009.34 7036.39 8724.55 6141.82 14807.4  5592.06 5623.16 6963.07 4907.87 11808.1  
12639.6 12649.1 15803.5 11020.4 26820.1  8054.09 8057.86 10132.9 7004.35 17168  
14035.5 14011.7 17581.4 12204.1 29856  8408.84 8448.17 10535.1 7355.34 17839.6  
15095.9 15073.2 18897 13133.9 32095.1  8586.62 8626.79 10761.3 7511.62 18222.1  
28401.7 28477 35517.7 24786.3 60208.7  5504.21 5425.29 6838.96 4856.02 11791.9  
21803.8 21700.2 27062 19051.7 46204.9  8279.63 8277.11 10371.5 7249.25 17632.8  
27730.2 27633.9 34710.7 24100.2 59019.7  5858 5896.89 7317.37 5199.07 12436.1  
4925.83 4909.23 6125.66 4301.47 10442.5  4229.27 4206.94 5285.08 3678.6 9003.19  
7009.34 7036.39 8724.55 6141.82 14807.4  5629.82 5620.07 6993.88 4929.01 11920.1  
27730.2 27633.9 34710.7 24100.2 59019.7  5898.54 5954.89 7304.85 5276.41 12438.1  
4925.83 4909.23 6125.66 4301.47 10442.5  4225.12 4193.74 5236.79 3692.14 8961.25  
22136.2 21993.1 27591.4 19264.7 47073.1  8163.11 8146.78 10164.5 7173.2 17339  
27730.2 27633.9 34710.7 24100.2 59019.7  5858 5896.89 7317.37 5199.07 12436.1  
27730.2 27633.9 34710.7 24100.2 59019.7  5826.27 5890.87 7315.1 5164.41 12376.5  
28401.7 28477 35517.7 24786.3 60208.7  5463.12 5436.29 6821.47 4828.5 11676.2  
