5 150 2
12639.6 12649.1 15803.5 11020.4 26820.1  8109.76 8100.08 10062.7 7116.88 17159.9  
12639.6 12649.1 15803.5 11020.4 26820.1  8103.81 8113.08 10081.9 7107.6 17151.9  
12639.6 12649.1 15803.5 11020.4 26820.1  8104.28 8053.66 10117.6 7060.78 17259.6  
12639.6 12649.1 15803.5 11020.4 26820.1  8095.3 8102.23 10128.2 7070.35 17194.6  
12639.6 12649.1 15803.5 11020.4 26820.1  8095.3 8102.23 10128.2 7070.35 17194.6  
12639.6 12649.1 15803.5 11020.4 26820.1  8103.81 8113.08 10081.9 7107.6 17151.9  
12639.6 12649.1 15803.5 11020.4 26820.1  8081.8 8067.62 10141.3 7033.01 17221.4  
12639.6 12649.1 15803.5 11020.4 26820.1  8104.28 8053.66 10117.6 7060.78 17259.6  
12639.6 12649.1 15803.5 11020.4 26820.1  8054.09 8057.86 10132.9 7004.35 17168  
12639.6 12649.1 15803.5 11020.4 26820.1  8067.09 8092.3 10119.7 7041.18 17140.2  
12639.6 12649.1 15803.5 11020.4 26820.1  8109.76 8100.08 10062.7 7116.88 17159.9  
12639.6 12649.1 15803.5 11020.4 26820.1  8054.09 8057.86 10132.9 7004.35 17168  
12639.6 12649.1 15803.5 11020.4 26820.1  8118.18 8088.02 10104.1 7098.61 17233.5  
12639.6 12649.1 15803.5 11020.4 26820.1  8104.28 8053.66 10117.6 7060.78 17259.6  
12639.6 12649.1 15803.5 11020.4 26820.1  8095.3 8102.23 10128.2 7070.35 17194.6  
15095.9 15073.2 18897 13133.9 32095.1  8607.26 8650.49 10726.8 7561.7 18201  
15095.9 15073.2 18897 13133.9 32095.1  8581.65 8538.33 10763.1 7461.91 18318.4  
15095.9 15073.2 18897 13133.9 32095.1  8607.26 8650.49 10726.8 7561.7 18201  
15095.9 15073.2 18897 13133.9 32095.1  8535.19 8529.58 10759.8 7412.18 18230.8  
15095.9 15073.2 18897 13133.9 32095.1  8564.16 8539.8 10768.5 7442.21 18286.5  
15095.9 15073.2 18897 13133.9 32095.1  8535.19 8529.58 10759.8 7412.18 18230.8  
15095.9 15073.2 18897 13133.9 32095.1  8572.78 8590.08 10775.4 7472.33 18251.7  
15095.9 15073.2 18897 13133.9 32095.1  8564.16 8539.8 10768.5 7442.21 18286.5  
15095.9 15073.2 18897 13133.9 32095.1  8620.08 8598.98 10778.8 7522.97 18341  
15095.9 15073.2 18897 13133.9 32095.1  8625.7 8648.95 10721.1 7582.48 18234.7  
15095.9 15073.2 18897 13133.9 32095.1  8625.7 8648.95 10721.1 7582.48 18234.7  
15095.9 15073.2 18897 13133.9 32095.1  8620.62 8560.3 10725 7531.59 18333  
15095.9 15073.2 18897 13133.9 32095.1  8586.62 8626.79 10761.3 7511.62 18222.1  
15095.9 15073.2 18897 13133.9 32095.1  8607.26 8650.49 10726.8 7561.7 18201  
15095.9 15073.2 18897 13133.9 32095.1  8620.62 8560.3 10725 7531.59 18333  
4925.83 4909.23 6125.66 4301.47 10442.5  4220.53 4199.5 5214.45 3701.55 8922.37  
4925.83 4909.23 6125.66 4301.47 10442.5  4229.03 4237.98 5266.47 3702.99 8947.04  
4925.83 4909.23 6125.66 4301.47 10442.5  4229.03 4237.98 5266.47 3702.99 8947.04  
4925.83 4909.23 6125.66 4301.47 10442.5  4236.53 4224.89 5278.03 3698.31 8989.57  
4925.83 4909.23 6125.66 4301.47 10442.5  4218.06 4176.34 5244.57 3672.54 8975.38  
4925.83 4909.23 6125.66 4301.47 10442.5  4232.14 4231.18 5256.42 3707.82 8951.18  
4925.83 4909.23 6125.66 4301.47 10442.5  4225.12 4193.74 5236.79 3692.14 8961.25  
4925.83 4909.23 6125.66 4301.47 10442.5  4229.3 4218.36 5239.07 3707.34 8942.96  
4925.83 4909.23 6125.66 4301.47 10442.5  4236.53 4224.89 5278.03 3698.31 8989.57  
4925.83 4909.23 6125.66 4301.47 10442.5  4229.3 4218.36 5239.07 3707.34 8942.96  
4925.83 4909.23 6125.66 4301.47 10442.5  4220 4238.74 5269.25 3692.84 8930.54  
4925.83 4909.23 6125.66 4301.47 10442.5  4225.12 4193.74 5236.79 3692.14 8961.25  
4925.83 4909.23 6125.66 4301.47 10442.5  4233.48 4231.57 5287.92 3693.55 8985.5  
4925.83 4909.23 6125.66 4301.47 10442.5  4220 4238.74 5269.25 3692.84 8930.54  
4925.83 4909.23 6125.66 4301.47 10442.5  4229.27 4206.94 5285.08 3678.6 9003.19  
21803.8 21700.2 27062 19051.7 46204.9  8287.83 8325.73 10376 7279.1 17596.8  
21803.8 21700.2 27062 19051.7 46204.9  8279.63 8277.11 10371.5 7249.25 17632.8  
21803.8 21700.2 27062 19051.7 46204.9  8270.64 8288.49 10327.3 7267.72 17556.3  
21803.8 21700.2 27062 19051.7 46204.9  8265.8 8242.75 10387 7210.76 17660.7  
21803.8 21700.2 27062 19051.7 46204.9  8270.64 8288.49 10327.3 7267.72 17556.3  
21803.8 21700.2 27062 19051.7 46204.9  8251.29 8228.81 10309.4 7227.81 17569.1  
21803.8 21700.2 27062 19051.7 46204.9  8287.79 8303.19 10467.3 7222.66 17715.5  
21803.8 21700.2 27062 19051.7 46204.9  8279.63 8277.11 10371.5 7249.25 17632.8  
21803.8 21700.2 27062 19051.7 46204.9  8265.8 8242.75 10387 7210.76 17660.7  
21803.8 21700.2 27062 19051.7 46204.9  8282.41 8278.72 10434.1 7221.75 17699.8  
21803.8 21700.2 27062 19051.7 46204.9  8302.01 8338.63 10453.2 7261.36 17688.6  
21803.8 21700.2 27062 19051.7 46204.9  8251.29 8228.81 10309.4 7227.81 17569.1  
21803.8 21700.2 27062 19051.7 46204.9  8287.33 8364.49 10430.3 7270.56 17604.9  
21803.8 21700.2 27062 19051.7 46204.9  8296.04 8351.83 10472.8 7252.04 17680.6  
21803.8 21700.2 27062 19051.7 46204.9  8270.64 8288.49 10327.3 7267.72 17556.3  
7009.34 7036.39 8724.55 6141.82 14807.4  5631.61 5620.58 7035.8 4910.05 11965.8  
7009.34 7036.39 8724.55 6141.82 14807.4  5593.75 5623.1 7004.93 4888.56 11854.2  
7009.34 7036.39 8724.55 6141.82 14807.4  5629.82 5620.07 6993.88 4929.01 11920.1  
7009.34 7036.39 8724.55 6141.82 14807.4  5600.21 5614.68 7033.52 4876.59 11906.4  
7009.34 7036.39 8724.55 6141.82 14807.4  5619.79 5621.57 7039.42 4896.79 11944.2  
7009.34 7036.39 8724.55 6141.82 14807.4  5592.06 5623.16 6963.07 4907.87 11808.1  
7009.34 7036.39 8724.55 6141.82 14807.4  5592.06 5623.16 6963.07 4907.87 11808.1  
7009.34 7036.39 8724.55 6141.82 14807.4  5619.79 5621.57 7039.42 4896.79 11944.2  
7009.34 7036.39 8724.55 6141.82 14807.4  5592.06 5623.16 6963.07 4907.87 11808.1  
7009.34 7036.39 8724.55 6141.82 14807.4  5629.82 5620.07 6993.88 4929.01 11920.1  
7009.34 7036.39 8724.55 6141.82 14807.4  5592.06 5623.16 6963.07 4907.87 11808.1  
7009.34 7036.39 8724.55 6141.82 14807.4  5604.29 5622.14 6959.33 4921.58 11830.4  
7009.34 7036.39 8724.55 6141.82 14807.4  5625.69 5629.1 7007.26 4922.59 11914.6  
7009.34 7036.39 8724.55 6141.82 14807.4  5629.82 5620.07 6993.88 4929.01 11920.1  
7009.34 7036.39 8724.55 6141.82 14807.4  5604.29 5622.14 6959.33 4921.58 11830.4  
14035.5 14011.7 17581.4 12204.1 29856  8403.97 8361.54 10536.9 7306.67 17933.9  
14035.5 14011.7 17581.4 12204.1 29856  8408.84 8448.17 10535.1 7355.34 17839.6  
14035.5 14011.7 17581.4 12204.1 29856  8408.84 8448.17 10535.1 7355.34 17839.6  
14035.5 14011.7 17581.4 12204.1 29856  8408.84 8448.17 10535.1 7355.34 17839.6  
14035.5 14011.7 17581.4 12204.1 29856  8408.84 8448.17 10535.1 7355.34 17839.6  
14035.5 14011.7 17581.4 12204.1 29856  8395.28 8412.21 10548.9 7316.87 17868.5  
14035.5 14011.7 17581.4 12204.1 29856  8429.05 8471.38 10501.3 7404.38 17818.9  
14035.5 14011.7 17581.4 12204.1 29856  8408.84 8448.17 10535.1 7355.34 17839.6  
14035.5 14011.7 17581.4 12204.1 29856  8455.99 8457.04 10538.5 7405.81 17928.6  
14035.5 14011.7 17581.4 12204.1 29856  8424.17 8422.4 10557.6 7346.81 17924.1  
14035.5 14011.7 17581.4 12204.1 29856  8358.48 8352.97 10533.6 7257.97 17848.1  
14035.5 14011.7 17581.4 12204.1 29856  8408.84 8448.17 10535.1 7355.34 17839.6  
14035.5 14011.7 17581.4 12204.1 29856  8358.48 8352.97 10533.6 7257.97 17848.1  
14035.5 14011.7 17581.4 12204.1 29856  8354.95 8390.38 10526.2 7276.65 17789.1  
14035.5 14011.7 17581.4 12204.1 29856  8354.95 8390.38 10526.2 7276.65 17789.1  
2797.49 2776.24 3506.31 2423.25 5972.37  2554.77 2522.61 3200.97 2207.94 5468.61  
2797.49 2776.24 3506.31 2423.25 5972.37  2568.34 2536.76 3200.01 2229.11 5478.53  
2797.49 2776.24 3506.31 2423.25 5972.37  2573.27 2559.08 3230.14 2229.95 5492.82  
2797.49 2776.24 3506.31 2423.25 5972.37  2584.8 2577.26 3234.84 2248.19 5499.58  
2797.49 2776.24 3506.31 2423.25 5972.37  2584.8 2577.26 3234.84 2248.19 5499.58  
2797.49 2776.24 3506.31 2423.25 5972.37  2573.27 2559.08 3230.14 2229.95 5492.82  
2797.49 2776.24 3506.31 2423.25 5972.37  2584.95 2565.67 3218.68 2250.77 5497.17  
2797.49 2776.24 3506.31 2423.25 5972.37  2586.63 2573.25 3228.91 2251.05 5502.02  
2797.49 2776.24 3506.31 2423.25 5972.37  2568.34 2536.76 3200.01 2229.11 5478.53  
2797.49 2776.24 3506.31 2423.25 5972.37  2573.27 2559.08 3230.14 2229.95 5492.82  
2797.49 2776.24 3506.31 2423.25 5972.37  2568.03 2559.52 3231.75 2224.06 5483.26  
2797.49 2776.24 3506.31 2423.25 5972.37  2575.07 2555.14 3224.31 2232.75 5495.22  
2797.49 2776.24 3506.31 2423.25 5972.37  2556.39 2529.91 3210.82 2208.22 5473.29  
2797.49 2776.24 3506.31 2423.25 5972.37  2586.63 2573.25 3228.91 2251.05 5502.02  
2797.49 2776.24 3506.31 2423.25 5972.37  2568.03 2559.52 3231.75 2224.06 5483.26  
28401.7 28477 35517.7 24786.3 60208.7  5488.61 5434.81 6855.22 4836.65 11765.1  
28401.7 28477 35517.7 24786.3 60208.7  5441.68 5429.47 6774.61 4826.94 11592.1  
28401.7 28477 35517.7 24786.3 60208.7  5463.12 5436.29 6821.47 4828.5 11676.2  
28401.7 28477 35517.7 24786.3 60208.7  5500.2 5433.86 6851.73 4849.76 11786.5  
28401.7 28477 35517.7 24786.3 60208.7  5435.91 5421.76 6806.15 4801.22 11622  
28401.7 28477 35517.7 24786.3 60208.7  5460.64 5405.03 6858.54 4791.49 11747  
28401.7 28477 35517.7 24786.3 60208.7  5482.62 5443.07 6827.35 4848.81 11714.1  
28401.7 28477 35517.7 24786.3 60208.7  5442.7 5413.86 6834.39 4789.87 11674.6  
28401.7 28477 35517.7 24786.3 60208.7  5498.49 5433.38 6810.8 4868.51 11741.4  
28401.7 28477 35517.7 24786.3 60208.7  5463.12 5436.29 6821.47 4828.5 11676.2  
28401.7 28477 35517.7 24786.3 60208.7  5504.21 5425.29 6838.96 4856.02 11791.9  
28401.7 28477 35517.7 24786.3 60208.7  5461.51 5436.37 6780.6 4847.59 11630.7  
28401.7 28477 35517.7 24786.3 60208.7  5494.42 5442.1 6823.79 4862.15 11735.9  
28401.7 28477 35517.7 24786.3 60208.7  5504.21 5425.29 6838.96 4856.02 11791.9  
28401.7 28477 35517.7 24786.3 60208.7  5442.7 5413.86 6834.39 4789.87 11674.6  
27730.2 27633.9 34710.7 24100.2 59019.7  5894.67 5937.1 7281.26 5275.74 12426.9  
27730.2 27633.9 34710.7 24100.2 59019.7  5851.93 5932.68 7325.73 5206.33 12390.7  
27730.2 27633.9 34710.7 24100.2 59019.7  5884.24 5938.81 7328.04 5241.62 12451.4  
27730.2 27633.9 34710.7 24100.2 59019.7  5898.54 5954.89 7304.85 5276.41 12438.1  
27730.2 27633.9 34710.7 24100.2 59019.7  5851.93 5932.68 7325.73 5206.33 12390.7  
27730.2 27633.9 34710.7 24100.2 59019.7  5858 5896.89 7317.37 5199.07 12436.1  
27730.2 27633.9 34710.7 24100.2 59019.7  5826.27 5890.87 7315.1 5164.41 12376.5  
27730.2 27633.9 34710.7 24100.2 59019.7  5888.43 5929.55 7314.59 5248.29 12456.9  
27730.2 27633.9 34710.7 24100.2 59019.7  5872.08 5939.85 7331.75 5227.63 12429.3  
27730.2 27633.9 34710.7 24100.2 59019.7  5826.27 5890.87 7315.1 5164.41 12376.5  
27730.2 27633.9 34710.7 24100.2 59019.7  5881.89 5965.37 7322.32 5255.39 12410  
27730.2 27633.9 34710.7 24100.2 59019.7  5861.38 5958.07 7316.19 5233.71 12370.7  
27730.2 27633.9 34710.7 24100.2 59019.7  5861.38 5958.07 7316.19 5233.71 12370.7  
27730.2 27633.9 34710.7 24100.2 59019.7  5862.11 5887.8 7304.17 5205.62 12441.5  
27730.2 27633.9 34710.7 24100.2 59019.7  5862.11 5887.8 7304.17 5205.62 12441.5  
22136.2 21993.1 27591.4 19264.7 47073.1  8170.07 8208.61 10307.5 7138.54 17425.5  
22136.2 21993.1 27591.4 19264.7 47073.1  8154.39 8136.95 10211.3 7135.85 17380.1  
22136.2 21993.1 27591.4 19264.7 47073.1  8204.4 8228.13 10209.4 7232.62 17373.3  
22136.2 21993.1 27591.4 19264.7 47073.1  8170.55 8172.06 10256.8 7146.62 17417.9  
22136.2 21993.1 27591.4 19264.7 47073.1  8212.48 8254.04 10303.6 7206.09 17454.6  
22136.2 21993.1 27591.4 19264.7 47073.1  8170.07 8208.61 10307.5 7138.54 17425.5  
22136.2 21993.1 27591.4 19264.7 47073.1  8163.11 8146.78 10164.5 7173.2 17339  
22136.2 21993.1 27591.4 19264.7 47073.1  8154.39 8136.95 10211.3 7135.85 17380.1  
22136.2 21993.1 27591.4 19264.7 47073.1  8189.73 8268.38 10327.8 7177.76 17416  
22136.2 21993.1 27591.4 19264.7 47073.1  8206.67 8266.93 10322.5 7196.95 17446.9  
22136.2 21993.1 27591.4 19264.7 47073.1  8175.77 8195.95 10288.9 7147.51 17433.1  
22136.2 21993.1 27591.4 19264.7 47073.1  8170.07 8208.61 10307.5 7138.54 17425.5  
22136.2 21993.1 27591.4 19264.7 47073.1  8226.57 8289.27 10289.9 7244.7 17428.2  
22136.2 21993.1 27591.4 19264.7 47073.1  8207.16 8229.72 10270.9 7205.18 17439.2  
22136.2 21993.1 27591.4 19264.7 47073.1  8163.11 8146.78 10164.5 7173.2 17339  
