1 66 2
59805.2  24009  
17872.9  14710.1  
17872.9  14739.2  
45885.5  24654.4  
45846.1  24837.2  
46713.8  24814.6  
17872.9  14640.5  
46713.8  24935.9  
37921.3  23541.7  
82629.4  14278.4  
29826.4  20992.1  
46713.8  24935.9  
37890.2  23340.8  
46713.8  24684.3  
46713.8  24741.5  
59805.2  24045.6  
37890.2  23485.6  
45885.5  24784.9  
29826.4  20871  
37890.2  23385.4  
45846.1  24696.5  
46713.8  24935.9  
59805.2  23884.2  
29826.4  20775.6  
37921.3  23473.9  
59805.2  24045.6  
45846.1  24619.7  
46713.8  24767.2  
45846.1  24751.3  
59805.2  24037.5  
37890.2  23485.6  
59805.2  24009  
59805.2  24045.6  
17872.9  14675.8  
43818.1  24395.3  
17872.9  14621  
37921.3  23439.1  
37890.2  23396.6  
45846.1  24848.5  
17872.9  14705.5  
43818.1  24395.3  
46713.8  24684.3  
17872.9  14723.9  
46713.8  24767.2  
45846.1  24705.8  
45846.1  24696.5  
45846.1  24837.2  
17872.9  14710.1  
43818.1  24507.3  
37890.2  23340.8  
46713.8  24741.5  
45846.1  24817.5  
43818.1  24613.1  
45846.1  24859.9  
37890.2  23485.6  
45846.1  24696.5  
29826.4  20784.7  
29826.4  20721  
43818.1  24516.6  
59805.2  23895.4  
43818.1  24613.1  
46713.8  24804.4  
37921.3  23469.9  
82629.4  14343.9  
43818.1  24507.3  
46713.8  24993.3  
