1 200 2
37890.2  23385.4  
37890.2  23507.4  
37890.2  23485.6  
37890.2  23340.8  
37890.2  23396.6  
37890.2  23553.5  
37890.2  23553.5  
37890.2  23340.8  
37890.2  23553.5  
37890.2  23424.1  
37890.2  23532  
37890.2  23485.6  
37890.2  23496.4  
37890.2  23340.8  
37890.2  23452.6  
37890.2  23481.7  
37890.2  23485.6  
37890.2  23499.5  
37890.2  23499.5  
37890.2  23532  
46713.8  24804.4  
46713.8  24741.5  
46713.8  24767.2  
46713.8  24935.9  
46713.8  24684.3  
46713.8  24684.3  
46713.8  24935.9  
46713.8  24804.4  
46713.8  24944.3  
46713.8  24993.3  
46713.8  24935.9  
46713.8  24885.9  
46713.8  24767.2  
46713.8  24688.1  
46713.8  24741.5  
46713.8  24885.9  
46713.8  24826.5  
46713.8  24981.7  
46713.8  24935.9  
46713.8  24814.6  
37921.3  23487.8  
37921.3  23530.9  
37921.3  23441  
37921.3  23512.2  
37921.3  23501.7  
37921.3  23487.8  
37921.3  23541.7  
37921.3  23520.2  
37921.3  23469.9  
37921.3  23439.1  
37921.3  23495.8  
37921.3  23439.1  
37921.3  23522.8  
37921.3  23484.8  
37921.3  23469.9  
37921.3  23541.7  
37921.3  23441  
37921.3  23473.9  
37921.3  23441  
37921.3  23484.8  
59805.2  23964.2  
59805.2  24048.4  
59805.2  23884.2  
59805.2  23849.8  
59805.2  23884.2  
59805.2  23895.4  
59805.2  24056.4  
59805.2  24009  
59805.2  24037.5  
59805.2  24045.6  
59805.2  24045.6  
59805.2  23885.7  
59805.2  24037.5  
59805.2  24045.6  
59805.2  23964.2  
59805.2  24009  
59805.2  24009  
59805.2  24067.5  
59805.2  23849.8  
59805.2  24009  
17872.9  14675.8  
17872.9  14654.4  
17872.9  14723.9  
17872.9  14621  
17872.9  14640.5  
17872.9  14605.6  
17872.9  14739.2  
17872.9  14705.5  
17872.9  14752.7  
17872.9  14621  
17872.9  14705.5  
17872.9  14710.1  
17872.9  14710.1  
17872.9  14530.2  
17872.9  14621  
17872.9  14640.5  
17872.9  14549.8  
17872.9  14494.8  
17872.9  14675.8  
17872.9  14723.9  
82629.4  14370.1  
82629.4  14211.2  
82629.4  14308.2  
82629.4  14381.1  
82629.4  14242.2  
82629.4  14388  
82629.4  14298.4  
82629.4  14278.4  
82629.4  14388  
82629.4  14343.9  
82629.4  14298.4  
82629.4  14284.4  
82629.4  14343.9  
82629.4  14354.5  
82629.4  14211.2  
82629.4  14298.4  
82629.4  14388  
82629.4  14284.4  
82629.4  14284.4  
82629.4  14370.1  
29826.4  20784.7  
29826.4  20973.2  
29826.4  20775.6  
29826.4  20784.7  
29826.4  20775.6  
29826.4  20908.1  
29826.4  20852.4  
29826.4  20992.1  
29826.4  20721  
29826.4  20721  
29826.4  20898.8  
29826.4  20908.1  
29826.4  20973.2  
29826.4  20898.8  
29826.4  20784.7  
29826.4  20992.1  
29826.4  20917.3  
29826.4  20871  
29826.4  20775.6  
29826.4  20784.7  
45846.1  24848.5  
45846.1  24696.5  
45846.1  24696.5  
45846.1  24619.7  
45846.1  24837.2  
45846.1  24751.3  
45846.1  24817.5  
45846.1  24619.7  
45846.1  24740.3  
45846.1  24729.4  
45846.1  24696.5  
45846.1  24729.4  
45846.1  24783.9  
45846.1  24705.8  
45846.1  24859.9  
45846.1  24817.5  
45846.1  24783.9  
45846.1  24751.3  
45846.1  24803  
45846.1  24839.8  
43818.1  24516.6  
43818.1  24627.5  
43818.1  24516.6  
43818.1  24395.3  
43818.1  24550.8  
43818.1  24550.8  
43818.1  24627.5  
43818.1  24649.6  
43818.1  24395.3  
43818.1  24627.5  
43818.1  24613.1  
43818.1  24395.3  
43818.1  24395.3  
43818.1  24594.2  
43818.1  24613.1  
43818.1  24669.5  
43818.1  24658.2  
43818.1  24507.3  
43818.1  24550.8  
43818.1  24405.9  
45885.5  24770.2  
45885.5  24770.2  
45885.5  24784.9  
45885.5  24841.8  
45885.5  24705.3  
45885.5  24705.3  
45885.5  24654.4  
45885.5  24821.9  
45885.5  24735.3  
45885.5  24766  
45885.5  24821.9  
45885.5  24784.9  
45885.5  24830.4  
45885.5  24766  
45885.5  24810.7  
45885.5  24735.3  
45885.5  24841.8  
45885.5  24770.2  
45885.5  24770.2  
45885.5  24781.6  
