5 33 2
10153.4 10157.8 12744.4 8826.17 21598.7  7239.87 7247.84 9044.02 6327.38 15358.6  
29723 29892.4 37094.2 26021.9 62825.1  4623.96 4496.98 5851.6 4016.01 10099.9  
7338.9 7298.96 9217.5 6355.32 15668.5  5796.27 5781.56 7286.85 5029.18 12365.8  
0 0 0 0 0  0 0 0 0 0  
5619.03 5628.71 6993.05 4918.19 11883.6  4722.81 4706.47 5850.38 4138.35 9991.66  
29723 29892.4 37094.2 26021.9 62825.1  4635.12 4509.34 5832.6 4042.81 10088.1  
19300.5 19146.1 24064.2 16778.5 41085.2  8719.76 8772.92 10948.9 7637.25 18520.8  
29723 29892.4 37094.2 26021.9 62825.1  4601.33 4485.15 5838.71 3993.64 10054  
6286.25 6261.78 7904.81 5443.81 13419.2  5132.57 5080.38 6439.62 4439.62 10982.5  
6286.25 6261.78 7904.81 5443.81 13419.2  5132.57 5080.38 6439.62 4439.62 10982.5  
11585.4 11574 14343.8 10162.3 24462.9  7700.95 7737.97 9541.1 6785.61 16224.1  
12231.4 12159.9 15358.9 10591.4 26116.3  8016.54 7976.25 9959.96 7012.65 17011.3  
6286.25 6261.78 7904.81 5443.81 13419.2  5161.13 5170.1 6485.75 4489.56 10981.5  
29723 29892.4 37094.2 26021.9 62825.1  4623.96 4496.98 5851.6 4016.01 10099.9  
10153.4 10157.8 12744.4 8826.17 21598.7  7210.46 7164.74 9037.97 6259.58 15390.9  
12231.4 12159.9 15358.9 10591.4 26116.3  7937.12 7947.63 9992.3 6901.48 16916.5  
10153.4 10157.8 12744.4 8826.17 21598.7  7203.01 7208.16 9048.24 6268.32 15334.8  
19300.5 19146.1 24064.2 16778.5 41085.2  8735.15 8770.37 10879 7686.94 18484.3  
10153.4 10157.8 12744.4 8826.17 21598.7  7206.32 7249.81 8999.73 6316.74 15242.8  
12231.4 12159.9 15358.9 10591.4 26116.3  7906.52 7878.45 9958.18 6853.49 16901.1  
19665.4 19529.3 24528.5 17101.6 41846.5  8675.03 8680.02 10834 7605.64 18423.6  
19300.5 19146.1 24064.2 16778.5 41085.2  8735.15 8770.37 10879 7686.94 18484.3  
19300.5 19146.1 24064.2 16778.5 41085.2  8681.38 8672.26 10879.2 7583.84 18490  
7338.9 7298.96 9217.5 6355.32 15668.5  5776.67 5774.64 7280.96 5008.89 12328.1  
0 0 0 0 0  0 0 0 0 0  
5619.03 5628.71 6993.05 4918.19 11883.6  4677.28 4717.39 5838.77 4103.59 9874.06  
19665.4 19529.3 24528.5 17101.6 41846.5  8689.31 8756.67 10874.3 7637.53 18403.7  
19665.4 19529.3 24528.5 17101.6 41846.5  8675.03 8680.02 10834 7605.64 18423.6  
12231.4 12159.9 15358.9 10591.4 26116.3  8021.73 7999.81 9991.62 7013.54 17026.3  
12231.4 12159.9 15358.9 10591.4 26116.3  7922.47 7877.1 9953.3 6871.5 16930.1  
6286.25 6261.78 7904.81 5443.81 13419.2  5132.57 5080.38 6439.62 4439.62 10982.5  
6286.25 6261.78 7904.81 5443.81 13419.2  5166.47 5138.96 6478.37 4483.3 11021.7  
6286.25 6261.78 7904.81 5443.81 13419.2  5178.89 5176.36 6491.08 4507.93 11015.7  
