5 100 2
12231.4 12159.9 15358.9 10591.4 26116.3  7937.12 7947.63 9992.3 6901.48 16916.5  
12231.4 12159.9 15358.9 10591.4 26116.3  7927.95 7865.08 9935.61 6880.08 16937.4  
12231.4 12159.9 15358.9 10591.4 26116.3  8016.54 7976.25 9959.96 7012.65 17011.3  
12231.4 12159.9 15358.9 10591.4 26116.3  7922.47 7877.1 9953.3 6871.5 16930.1  
12231.4 12159.9 15358.9 10591.4 26116.3  7980.79 7920.39 9946.3 6955.66 16990.5  
12231.4 12159.9 15358.9 10591.4 26116.3  7980.3 7955.78 9995.41 6947.78 16997.8  
12231.4 12159.9 15358.9 10591.4 26116.3  7922.47 7877.1 9953.3 6871.5 16930.1  
12231.4 12159.9 15358.9 10591.4 26116.3  8016.54 7976.25 9959.96 7012.65 17011.3  
12231.4 12159.9 15358.9 10591.4 26116.3  7906.52 7878.45 9958.18 6853.49 16901.1  
12231.4 12159.9 15358.9 10591.4 26116.3  8021.73 7999.81 9991.62 7013.54 17026.3  
19300.5 19146.1 24064.2 16778.5 41085.2  8680.87 8711.03 10933 7575.26 18498.1  
19300.5 19146.1 24064.2 16778.5 41085.2  8717.35 8731.75 10829 7675.09 18442.7  
19300.5 19146.1 24064.2 16778.5 41085.2  8680.87 8711.03 10933 7575.26 18498.1  
19300.5 19146.1 24064.2 16778.5 41085.2  8734.63 8810.55 10934.8 7678.05 18492.7  
19300.5 19146.1 24064.2 16778.5 41085.2  8702.79 8695.5 10845 7634.34 18471.7  
19300.5 19146.1 24064.2 16778.5 41085.2  8702.79 8695.5 10845 7634.34 18471.7  
19300.5 19146.1 24064.2 16778.5 41085.2  8735.15 8770.37 10879 7686.94 18484.3  
19300.5 19146.1 24064.2 16778.5 41085.2  8681.38 8672.26 10879.2 7583.84 18490  
19300.5 19146.1 24064.2 16778.5 41085.2  8719.76 8772.92 10948.9 7637.25 18520.8  
19300.5 19146.1 24064.2 16778.5 41085.2  8740.91 8796.63 10914.3 7687.92 18501  
6286.25 6261.78 7904.81 5443.81 13419.2  5155.94 5139.84 6481.59 4471.46 11002.5  
6286.25 6261.78 7904.81 5443.81 13419.2  5161.13 5170.1 6485.75 4489.56 10981.5  
6286.25 6261.78 7904.81 5443.81 13419.2  5136.34 5156.68 6471.79 4464.89 10932.7  
6286.25 6261.78 7904.81 5443.81 13419.2  5132.57 5080.38 6439.62 4439.62 10982.5  
6286.25 6261.78 7904.81 5443.81 13419.2  5129.03 5088.14 6451.09 4434.08 10977.8  
6286.25 6261.78 7904.81 5443.81 13419.2  5166.47 5138.96 6478.37 4483.3 11021.7  
6286.25 6261.78 7904.81 5443.81 13419.2  5132.57 5080.38 6439.62 4439.62 10982.5  
6286.25 6261.78 7904.81 5443.81 13419.2  5178.89 5176.36 6491.08 4507.93 11015.7  
6286.25 6261.78 7904.81 5443.81 13419.2  5132.57 5080.38 6439.62 4439.62 10982.5  
6286.25 6261.78 7904.81 5443.81 13419.2  5166.47 5138.96 6478.37 4483.3 11021.7  
10153.4 10157.8 12744.4 8826.17 21598.7  7171.44 7157.4 9035.15 6217.86 15317.2  
10153.4 10157.8 12744.4 8826.17 21598.7  7203.01 7208.16 9048.24 6268.32 15334.8  
10153.4 10157.8 12744.4 8826.17 21598.7  7137.46 7139.03 9016.03 6184.02 15250.3  
10153.4 10157.8 12744.4 8826.17 21598.7  7206.32 7249.81 8999.73 6316.74 15242.8  
10153.4 10157.8 12744.4 8826.17 21598.7  7255.1 7246.57 9039.37 6344.51 15386.3  
10153.4 10157.8 12744.4 8826.17 21598.7  7239.87 7247.84 9044.02 6327.38 15358.6  
10153.4 10157.8 12744.4 8826.17 21598.7  7195.77 7165.97 9042.46 6243.05 15364.1  
10153.4 10157.8 12744.4 8826.17 21598.7  7255.1 7246.57 9039.37 6344.51 15386.3  
10153.4 10157.8 12744.4 8826.17 21598.7  7210.46 7164.74 9037.97 6259.58 15390.9  
10153.4 10157.8 12744.4 8826.17 21598.7  7206.32 7249.81 8999.73 6316.74 15242.8  
7338.9 7298.96 9217.5 6355.32 15668.5  5802.11 5815.59 7291.52 5049.53 12342.3  
7338.9 7298.96 9217.5 6355.32 15668.5  5812.16 5771.66 7270.09 5048.84 12392.8  
7338.9 7298.96 9217.5 6355.32 15668.5  5796.27 5781.56 7286.85 5029.18 12365.8  
7338.9 7298.96 9217.5 6355.32 15668.5  5776.67 5774.64 7280.96 5008.89 12328.1  
7338.9 7298.96 9217.5 6355.32 15668.5  5808.1 5780.56 7283.23 5042.49 12387.4  
7338.9 7298.96 9217.5 6355.32 15668.5  5776.67 5774.64 7280.96 5008.89 12328.1  
7338.9 7298.96 9217.5 6355.32 15668.5  5822.07 5822.63 7297.52 5070.19 12380.7  
7338.9 7298.96 9217.5 6355.32 15668.5  5808.1 5780.56 7283.23 5042.49 12387.4  
7338.9 7298.96 9217.5 6355.32 15668.5  5812.16 5771.66 7270.09 5048.84 12392.8  
7338.9 7298.96 9217.5 6355.32 15668.5  5766.01 5723.4 7252.55 4987.13 12338  
0 0 0 0 0  0 0 0 0 0  
0 0 0 0 0  0 0 0 0 0  
0 0 0 0 0  0 0 0 0 0  
0 0 0 0 0  0 0 0 0 0  
0 0 0 0 0  0 0 0 0 0  
0 0 0 0 0  0 0 0 0 0  
0 0 0 0 0  0 0 0 0 0  
0 0 0 0 0  0 0 0 0 0  
0 0 0 0 0  0 0 0 0 0  
0 0 0 0 0  0 0 0 0 0  
11585.4 11574 14343.8 10162.3 24462.9  7775.64 7791.57 9720.17 6797.94 16495  
11585.4 11574 14343.8 10162.3 24462.9  7784.3 7744.31 9710.08 6788.47 16558.5  
11585.4 11574 14343.8 10162.3 24462.9  7700.95 7737.97 9541.1 6785.61 16224.1  
11585.4 11574 14343.8 10162.3 24462.9  7776.13 7755.49 9669.61 6805.93 16487.5  
11585.4 11574 14343.8 10162.3 24462.9  7789.42 7767.5 9741.54 6789.34 16573.4  
11585.4 11574 14343.8 10162.3 24462.9  7776.13 7755.49 9669.61 6805.93 16487.5  
11585.4 11574 14343.8 10162.3 24462.9  7789.42 7767.5 9741.54 6789.34 16573.4  
11585.4 11574 14343.8 10162.3 24462.9  7781.34 7779.07 9701.61 6806.81 16502.6  
11585.4 11574 14343.8 10162.3 24462.9  7783.82 7779.78 9759.78 6780.62 16565.9  
11585.4 11574 14343.8 10162.3 24462.9  7700.95 7737.97 9541.1 6785.61 16224.1  
5619.03 5628.71 6993.05 4918.19 11883.6  4717.56 4722.04 5907.97 4111.83 10021.1  
5619.03 5628.71 6993.05 4918.19 11883.6  4725.98 4720.78 5869.75 4138.89 10000.9  
5619.03 5628.71 6993.05 4918.19 11883.6  4677.28 4717.39 5838.77 4103.59 9874.06  
5619.03 5628.71 6993.05 4918.19 11883.6  4712.42 4729.21 5884.07 4122.17 9977.79  
5619.03 5628.71 6993.05 4918.19 11883.6  4701.12 4716.25 5903.01 4094.87 9989.38  
5619.03 5628.71 6993.05 4918.19 11883.6  4722.81 4706.47 5850.38 4138.35 9991.66  
5619.03 5628.71 6993.05 4918.19 11883.6  4730.88 4713.76 5893.89 4128.27 10043.7  
5619.03 5628.71 6993.05 4918.19 11883.6  4708.07 4714.81 5829.33 4138.13 9930.3  
5619.03 5628.71 6993.05 4918.19 11883.6  4725.98 4720.78 5869.75 4138.89 10000.9  
5619.03 5628.71 6993.05 4918.19 11883.6  4701.12 4716.25 5903.01 4094.87 9989.38  
19665.4 19529.3 24528.5 17101.6 41846.5  8636.34 8619.22 10819.1 7543.82 18401.1  
19665.4 19529.3 24528.5 17101.6 41846.5  8641.86 8644.41 10852.9 7544.76 18417.1  
19665.4 19529.3 24528.5 17101.6 41846.5  8695.56 8742.83 10853.9 7647.35 18412  
19665.4 19529.3 24528.5 17101.6 41846.5  8689.31 8756.67 10874.3 7637.53 18403.7  
19665.4 19529.3 24528.5 17101.6 41846.5  8675.03 8680.02 10834 7605.64 18423.6  
19665.4 19529.3 24528.5 17101.6 41846.5  8636.34 8619.22 10819.1 7543.82 18401.1  
19665.4 19529.3 24528.5 17101.6 41846.5  8689.31 8756.67 10874.3 7637.53 18403.7  
19665.4 19529.3 24528.5 17101.6 41846.5  8628.49 8592.56 10721.7 7571.88 18317.8  
19665.4 19529.3 24528.5 17101.6 41846.5  8636.34 8619.22 10819.1 7543.82 18401.1  
19665.4 19529.3 24528.5 17101.6 41846.5  8689.31 8756.67 10874.3 7637.53 18403.7  
29723 29892.4 37094.2 26021.9 62825.1  4618.6 4503.72 5827.54 4025.86 10055.3  
29723 29892.4 37094.2 26021.9 62825.1  4627.41 4502.96 5789.44 4053.1 10035.2  
29723 29892.4 37094.2 26021.9 62825.1  4635.12 4509.34 5832.6 4042.81 10088.1  
29723 29892.4 37094.2 26021.9 62825.1  4601.33 4485.15 5838.71 3993.64 10054  
29723 29892.4 37094.2 26021.9 62825.1  4640.19 4502.51 5856.57 4032.67 10132.1  
29723 29892.4 37094.2 26021.9 62825.1  4623.96 4496.98 5851.6 4016.01 10099.9  
29723 29892.4 37094.2 26021.9 62825.1  4623.96 4496.98 5851.6 4016.01 10099.9  
29723 29892.4 37094.2 26021.9 62825.1  4600.46 4498.05 5787.36 4024.56 9982.78  
29723 29892.4 37094.2 26021.9 62825.1  4635.12 4509.34 5832.6 4042.81 10088.1  
29723 29892.4 37094.2 26021.9 62825.1  4586.59 4485.81 5736.27 4029.61 9916.11  
