4 50 50 2
500 200
2200 1000 2200 1000 
1518.23 322.98 1
0.0690567 1 10
535.118
536.191
535.976
534.181
534.474
534.212
537.089
536.218
536.877
535.708
534.019
536.457
535.353
535.622
536.53
536.953
534.924
534.981
534.622
537.464
535.058
534.384
536.944
534.711
536.945
536.739
534.732
534.483
534.965
534.36
535.858
534.921
537.657
534.531
534.801
536.392
534.873
537.2
535.198
534.991
536.808
535.991
534.617
537.052
535.73
536.195
533.989
535.403
535.03
534.611
46.4136 -0.26342
44.0393 -1.56389
43.8528 -0.51415
44.8862 -0.67697
44.6816 0.20542
45.1347 0.34528
46.1416 1.97209
46.656 -1.43106
43.7007 -1.33861
44.0975 0.52644
45.2529 -0.68903
44.6911 1.78228
46.4472 0.2581
46.631 -0.22358
46.9419 -0.65447
43.5435 -0.0289
44.6368 -1.41149
44.5556 -1.35803
45.7271 0.69053
43.4462 0.33757
46.3575 -0.6959
45.8566 0.20415
43.5697 0.16575
44.7732 -1.35399
46.6676 1.30115
44.7372 1.94337
46.0315 -1.12033
45.9846 0.09878
46.3223 -0.0784
44.8926 -1.0544
44.0222 -1.18243
44.416 0.31816
43.4894 0.73962
45.445 0.74555
45.335 -1.68642
46.6951 -1.5022
44.7778 -1.51641
47.0006 0.73468
46.4091 0.10484
44.7052 0.8623
43.9654 1.20076
45.0468 1.70243
44.8261 -1.30856
46.5902 1.48908
44.2616 0.89807
46.7599 0.38386
45.1411 -0.41026
46.3227 0.66797
45.4131 1.16326
44.555 0.14679
45.1947 -0.90135
46.5353 0.77157
45.973 0.37083
44.9035 -0.50536
