4 33 2
5750 6461.6 10062.9 13643.2  3661.79 4131.92 6430.14 8727.38  
8289.53 9350.24 14530.2 19607.7  3974.52 4488.03 6981.69 9485.91  
6062.58 6814.21 10595.7 14310  3754.3 4228.24 6569.04 8876.06  
2877.87 3211.34 5013.08 6827.44  2354.91 2634.86 4112.42 5605.87  
5750 6461.6 10062.9 13643.2  3669.84 4112.44 6416.47 8753.26  
2877.87 3211.34 5013.08 6827.44  2349.08 2635.44 4111.45 5601.35  
4312.01 4836.98 7540.19 10244.3  3140.05 3550.14 5514.87 7448.99  
15649.9 17575.4 27343.2 36971.4  341.06 413.846 638.811 993.34  
14198.6 15780.8 24680.2 33740  1596.84 1937.5 2914.25 3764.73  
5750 6461.6 10062.9 13643.2  3661.79 4131.92 6430.14 8727.38  
14198.6 15780.8 24680.2 33740  1581.32 1906.43 2879.08 3752.07  
15649.9 17575.4 27343.2 36971.4  342.958 413.627 641.304 1005.5  
14124.9 15883.9 24768.4 33694.4  1663.81 1864.13 2858.33 3828.41  
8119.33 9169.19 14239 19185.9  3983.54 4500.22 6993.67 9477.31  
6062.58 6814.21 10595.7 14310  3748.14 4210.94 6544.58 8846.66  
8289.53 9350.24 14530.2 19607.7  3983.31 4493.46 6981.47 9453.85  
6062.58 6814.21 10595.7 14310  3767.25 4195.25 6548.53 8933.04  
6062.58 6814.21 10595.7 14310  3767.25 4195.25 6548.53 8933.04  
14198.6 15780.8 24680.2 33740  1596.84 1937.5 2914.25 3764.73  
4312.01 4836.98 7540.19 10244.3  3128.27 3546.23 5506.28 7432.9  
4312.01 4836.98 7540.19 10244.3  3153.6 3522.74 5490.99 7461.85  
14198.6 15780.8 24680.2 33740  1598.41 1954.93 2936.48 3787.9  
14124.9 15883.9 24768.4 33694.4  1656.05 1873.34 2863.63 3813.84  
5750 6461.6 10062.9 13643.2  3657.32 4150.61 6434.92 8660.84  
14198.6 15780.8 24680.2 33740  1598.41 1954.93 2936.48 3787.9  
8289.53 9350.24 14530.2 19607.7  3959.23 4489.54 6969.28 9426.36  
5750 6461.6 10062.9 13643.2  3665.96 4149.75 6436.34 8667.56  
8289.53 9350.24 14530.2 19607.7  3983.31 4493.46 6981.47 9453.85  
4312.01 4836.98 7540.19 10244.3  3140.05 3550.14 5514.87 7448.99  
14124.9 15883.9 24768.4 33694.4  1636.51 1861.51 2842.56 3780.92  
15649.9 17575.4 27343.2 36971.4  342.533 414.905 641.77 1001.8  
6062.58 6814.21 10595.7 14310  3755.45 4240.07 6584.86 8893.37  
6062.58 6814.21 10595.7 14310  3748.14 4210.94 6544.58 8846.66  
