4 100 2
6062.58 6814.21 10595.7 14310  3766.42 4245.07 6603.99 8955.08  
6062.58 6814.21 10595.7 14310  3755.45 4240.07 6584.86 8893.37  
6062.58 6814.21 10595.7 14310  3730.2 4229.86 6554.9 8812.23  
6062.58 6814.21 10595.7 14310  3754.3 4228.24 6569.04 8876.06  
6062.58 6814.21 10595.7 14310  3751.52 4185.75 6521.94 8859.96  
6062.58 6814.21 10595.7 14310  3755.45 4240.07 6584.86 8893.37  
6062.58 6814.21 10595.7 14310  3754.3 4228.24 6569.04 8876.06  
6062.58 6814.21 10595.7 14310  3748.14 4210.94 6544.58 8846.66  
6062.58 6814.21 10595.7 14310  3769.15 4226.55 6580.54 8932.15  
6062.58 6814.21 10595.7 14310  3767.25 4195.25 6548.53 8933.04  
2877.87 3211.34 5013.08 6827.44  2344.7 2612.07 4085.76 5594.82  
2877.87 3211.34 5013.08 6827.44  2357.57 2646.9 4116.99 5567.43  
2877.87 3211.34 5013.08 6827.44  2355.86 2658.5 4131.63 5581.72  
2877.87 3211.34 5013.08 6827.44  2349.08 2635.44 4111.45 5601.35  
2877.87 3211.34 5013.08 6827.44  2344.7 2612.07 4085.76 5594.82  
2877.87 3211.34 5013.08 6827.44  2352.9 2650.91 4126.76 5597.05  
2877.87 3211.34 5013.08 6827.44  2349.08 2635.44 4111.45 5601.35  
2877.87 3211.34 5013.08 6827.44  2344.7 2612.07 4085.76 5594.82  
2877.87 3211.34 5013.08 6827.44  2354.91 2634.86 4112.42 5605.87  
2877.87 3211.34 5013.08 6827.44  2352.61 2611.42 4081.13 5571.76  
4312.01 4836.98 7540.19 10244.3  3128.27 3546.23 5506.28 7432.9  
4312.01 4836.98 7540.19 10244.3  3128.27 3546.23 5506.28 7432.9  
4312.01 4836.98 7540.19 10244.3  3131.63 3535.28 5500.86 7458.93  
4312.01 4836.98 7540.19 10244.3  3131.63 3535.28 5500.86 7458.93  
4312.01 4836.98 7540.19 10244.3  3140.05 3550.14 5514.87 7448.99  
4312.01 4836.98 7540.19 10244.3  3138.51 3518.61 5489.17 7481.05  
4312.01 4836.98 7540.19 10244.3  3153.6 3522.74 5490.99 7461.85  
4312.01 4836.98 7540.19 10244.3  3140.05 3550.14 5514.87 7448.99  
4312.01 4836.98 7540.19 10244.3  3128.27 3546.23 5506.28 7432.9  
4312.01 4836.98 7540.19 10244.3  3131.63 3535.28 5500.86 7458.93  
5750 6461.6 10062.9 13643.2  3665.96 4149.75 6436.34 8667.56  
5750 6461.6 10062.9 13643.2  3669.84 4112.44 6416.47 8753.26  
5750 6461.6 10062.9 13643.2  3675.8 4136.57 6440.36 8746.55  
5750 6461.6 10062.9 13643.2  3684.25 4142.1 6440.83 8717.42  
5750 6461.6 10062.9 13643.2  3675.8 4136.57 6440.36 8746.55  
5750 6461.6 10062.9 13643.2  3661.79 4131.92 6430.14 8727.38  
5750 6461.6 10062.9 13643.2  3657.32 4150.61 6434.92 8660.84  
5750 6461.6 10062.9 13643.2  3657.32 4150.61 6434.92 8660.84  
5750 6461.6 10062.9 13643.2  3661.79 4131.92 6430.14 8727.38  
5750 6461.6 10062.9 13643.2  3665.96 4149.75 6436.34 8667.56  
15649.9 17575.4 27343.2 36971.4  341.357 415.698 642.575 1001.72  
15649.9 17575.4 27343.2 36971.4  341.06 413.846 638.811 993.34  
15649.9 17575.4 27343.2 36971.4  341.858 411.929 637.538 996.357  
15649.9 17575.4 27343.2 36971.4  342.595 414.309 642.149 1006.16  
15649.9 17575.4 27343.2 36971.4  342.533 414.905 641.77 1001.8  
15649.9 17575.4 27343.2 36971.4  342.958 413.627 641.304 1005.5  
15649.9 17575.4 27343.2 36971.4  340.814 415.696 641.284 995.974  
15649.9 17575.4 27343.2 36971.4  340.502 412.117 636.313 989.99  
15649.9 17575.4 27343.2 36971.4  342.958 413.627 641.304 1005.5  
15649.9 17575.4 27343.2 36971.4  341.164 415.038 640.469 995.335  
14198.6 15780.8 24680.2 33740  1596.84 1937.5 2914.25 3764.73  
14198.6 15780.8 24680.2 33740  1598.41 1954.93 2936.48 3787.9  
14198.6 15780.8 24680.2 33740  1594.46 1955.38 2935.75 3784.89  
14198.6 15780.8 24680.2 33740  1596.84 1937.5 2914.25 3764.73  
14198.6 15780.8 24680.2 33740  1581.32 1906.43 2879.08 3752.07  
14198.6 15780.8 24680.2 33740  1598.41 1954.93 2936.48 3787.9  
14198.6 15780.8 24680.2 33740  1600.13 1951.81 2933.14 3785.55  
14198.6 15780.8 24680.2 33740  1581.32 1906.43 2879.08 3752.07  
14198.6 15780.8 24680.2 33740  1581.32 1906.43 2879.08 3752.07  
14198.6 15780.8 24680.2 33740  1596.84 1937.5 2914.25 3764.73  
9422.69 10509.2 16416.7 22394.3  3877.95 4380.66 6793.16 9167.83  
9422.69 10509.2 16416.7 22394.3  3865.68 4401.21 6816.15 9184.41  
9422.69 10509.2 16416.7 22394.3  3856.43 4329.63 6740.47 9175.01  
9422.69 10509.2 16416.7 22394.3  3865.21 4335.64 6740.84 9142.88  
9422.69 10509.2 16416.7 22394.3  3842.46 4337.7 6746.76 9173.18  
9422.69 10509.2 16416.7 22394.3  3859.4 4375.52 6790.84 9191.44  
9422.69 10509.2 16416.7 22394.3  3855.15 4316.43 6722.97 9156.04  
9422.69 10509.2 16416.7 22394.3  3842.46 4337.7 6746.76 9173.18  
9422.69 10509.2 16416.7 22394.3  3879.19 4393.4 6810.07 9186.18  
9422.69 10509.2 16416.7 22394.3  3865.68 4401.21 6816.15 9184.41  
8119.33 9169.19 14239 19185.9  3992.95 4499.29 6995.19 9484.65  
8119.33 9169.19 14239 19185.9  3970.15 4481.74 6955.75 9392.59  
8119.33 9169.19 14239 19185.9  3995.8 4480.02 6970.75 9460.66  
8119.33 9169.19 14239 19185.9  3966.14 4488.34 6963.24 9398.04  
8119.33 9169.19 14239 19185.9  4012.87 4490.99 7000.08 9539.25  
8119.33 9169.19 14239 19185.9  3983.54 4500.22 6993.67 9477.31  
8119.33 9169.19 14239 19185.9  3970.15 4481.74 6955.75 9392.59  
8119.33 9169.19 14239 19185.9  3999.13 4498.81 7006.31 9537.43  
8119.33 9169.19 14239 19185.9  3999.13 4498.81 7006.31 9537.43  
8119.33 9169.19 14239 19185.9  4011.62 4478.23 6982.97 9520.47  
8289.53 9350.24 14530.2 19607.7  4003.19 4485.17 6986.35 9508.27  
8289.53 9350.24 14530.2 19607.7  3986.16 4474.22 6957.09 9429.94  
8289.53 9350.24 14530.2 19607.7  3974.52 4488.03 6981.69 9485.91  
8289.53 9350.24 14530.2 19607.7  3959.23 4489.54 6969.28 9426.36  
8289.53 9350.24 14530.2 19607.7  3999.04 4492.02 6994.11 9513.9  
8289.53 9350.24 14530.2 19607.7  4007.97 4471.26 6979.6 9541.94  
8289.53 9350.24 14530.2 19607.7  3947.36 4483.45 6948.1 9360.34  
8289.53 9350.24 14530.2 19607.7  3989.48 4492.98 6992.55 9506.45  
8289.53 9350.24 14530.2 19607.7  3983.31 4493.46 6981.47 9453.85  
8289.53 9350.24 14530.2 19607.7  3999.04 4492.02 6994.11 9513.9  
14124.9 15883.9 24768.4 33694.4  1636.51 1861.51 2842.56 3780.92  
14124.9 15883.9 24768.4 33694.4  1645.81 1874.59 2858.2 3786.97  
14124.9 15883.9 24768.4 33694.4  1656.05 1873.34 2863.63 3813.84  
14124.9 15883.9 24768.4 33694.4  1645.83 1846.16 2833.91 3808.89  
14124.9 15883.9 24768.4 33694.4  1666.45 1875.11 2869.14 3825.42  
14124.9 15883.9 24768.4 33694.4  1666.45 1875.11 2869.14 3825.42  
14124.9 15883.9 24768.4 33694.4  1636.51 1861.51 2842.56 3780.92  
14124.9 15883.9 24768.4 33694.4  1663.81 1864.13 2858.33 3828.41  
14124.9 15883.9 24768.4 33694.4  1644.45 1857.6 2843.98 3802.6  
14124.9 15883.9 24768.4 33694.4  1656.05 1873.34 2863.63 3813.84  
