2 22 22 2
500 200
2200 1000 
1518.23 322.98 1
0.0690567 1 10
1594.44
1597.17
1596.26
1596.27
1597.26
1597.93
1601.3
1598.34
1598.26
1605.78
1597.57
1596.29
1598.5
1596.1
1604.92
1604.47
1594.3
1594.7
1596.73
1595.8
1604.7
1597.52
45.5317 -0.26392
44.7973 -0.98214
44.89 -0.72865
46.6016 0.07599
45.0932 1.90491
45.7694 -1.60831
43.9466 1.49675
46.6377 -1.0883
46.9467 0.88167
43.5884 -1.42162
46.4662 -1.05475
45.373 1.73489
46.6049 -1.18899
46.1954 1.41814
43.505 -0.92517
43.7027 1.94353
45.358 0.61265
46.1242 0.47175
46.2537 1.61234
46.3938 0.9105
43.7306 -1.44667
46.5772 -0.86838
46.4243 -0.11934
44.6237 -0.36801
