2 18 2
22393.6 15469.9  13855.7 9611.81  
22393.6 15469.9  13807.3 9577.57  
22393.6 15469.9  13906.6 9542.45  
22393.6 15469.9  13917.1 9549.55  
22393.6 15469.9  13855.7 9611.81  
22393.6 15469.9  13838.5 9546.73  
22893.4 15921.6  14097.6 9685.8  
22893.4 15921.6  13963.3 9697.11  
22893.4 15921.6  13879.8 9694.35  
22893.4 15921.6  14067.6 9717.98  
22893.4 15921.6  14032.7 9692.15  
22893.4 15921.6  13883 9695.66  
27674.8 19003  14605.9 10020.5  
27674.8 19003  14629 10204.3  
27674.8 19003  14709 10205.9  
27674.8 19003  14735.6 10170.5  
27674.8 19003  14651.3 10053.8  
27674.8 19003  14678 10073.6  
