4  5
resolution time : 68.52
34919.3  34919.3
33  0
******************** fixed facilities: 23 ****************
1  2  7  9  10  13  14  17  21  23  25  27  29  30  31  32  37  41  43  45  46  47  49  
******************** Response cost ****************
6.15123e+06  6.15123e+06  6.15123e+06  6.15123e+06  6.15123e+06  6.15123e+06  6.15123e+06  6.15123e+06  6.15123e+06  6.15123e+06  6.15123e+06  6.15123e+06  6.15123e+06  6.15123e+06  6.15123e+06  6.15123e+06  6.15123e+06  6.15123e+06  6.15123e+06  6.15123e+06  6.15123e+06  6.15123e+06  6.15123e+06  6.15123e+06  6.15123e+06  6.15123e+06  6.15123e+06  6.15123e+06  6.15123e+06  6.15123e+06  6.15123e+06  6.15123e+06  6.15123e+06  
******************** Mobile facilities tour:  ****************
 scenario 0 : 0





------------------------------------
 scenario 1 : 9
3  5  18  40  11  42  8  22  44  
33  24  11  18  36  38  0  40  8  
15  5  42  33  20  28  48  19  39  
40  16  19  38  20  28  8  44  18  
12  18  48  39  36  34  6  0  42  
------------------------------------
 scenario 2 : 0





------------------------------------
 scenario 3 : 2
48  20  
20  42  
20  42  
0  42  
26  42  
------------------------------------
 scenario 4 : 4
3  4  5  42  
24  8  16  42  
22  20  0  6  
20  33  11  26  
12  4  16  20  
------------------------------------
 scenario 5 : 0





------------------------------------
 scenario 6 : 0





------------------------------------
 scenario 7 : 5
3  28  11  42  48  
22  4  28  42  16  
19  35  16  20  12  
4  12  22  16  48  
48  19  6  24  15  
------------------------------------
 scenario 8 : 5
3  15  42  19  39  
44  26  33  36  42  
19  6  20  5  44  
42  20  22  36  39  
36  6  3  11  42  
------------------------------------
 scenario 9 : 1
42  
40  
16  
22  
22  
------------------------------------
 scenario 10 : 3
3  5  16  
36  38  24  
36  20  6  
24  6  19  
8  12  4  
------------------------------------
 scenario 11 : 4
3  24  48  42  
22  24  42  3  
3  4  18  42  
36  22  20  44  
38  6  42  0  
------------------------------------
 scenario 12 : 4
3  44  28  42  
22  44  11  18  
8  19  28  11  
20  38  0  28  
11  4  8  20  
------------------------------------
 scenario 13 : 0





------------------------------------
 scenario 14 : 4
3  4  5  42  
40  24  12  42  
26  34  20  28  
3  24  34  44  
44  4  20  36  
------------------------------------
 scenario 15 : 5
16  15  44  3  28  
6  33  15  38  34  
20  39  38  0  8  
4  34  3  11  22  
3  48  8  35  44  
------------------------------------
 scenario 16 : 0





------------------------------------
 scenario 17 : 4
3  42  4  5  
39  24  42  44  
4  20  42  39  
24  39  33  42  
18  4  3  42  
------------------------------------
 scenario 18 : 4
12  5  0  42  
48  11  24  4  
44  16  39  48  
4  44  18  42  
18  48  42  36  
------------------------------------
 scenario 19 : 5
3  5  39  42  8  
0  39  15  34  42  
3  20  22  4  48  
11  4  28  39  24  
18  5  4  39  40  
------------------------------------
 scenario 20 : 2
20  8  
42  20  
20  42  
20  42  
20  42  
------------------------------------
 scenario 21 : 2
42  18  
16  20  
16  26  
19  0  
0  40  
------------------------------------
 scenario 22 : 6
36  15  42  5  34  35  
48  3  18  44  35  4  
11  36  18  16  44  48  
40  33  12  44  19  18  
38  4  36  33  16  24  
------------------------------------
 scenario 23 : 5
42  5  33  3  26  
44  4  3  33  35  
4  48  33  8  19  
6  42  3  5  4  
6  48  35  44  34  
------------------------------------
 scenario 24 : 0





------------------------------------
 scenario 25 : 0





------------------------------------
 scenario 26 : 7
40  38  35  0  4  24  26  
24  36  12  48  18  20  16  
40  18  44  38  20  12  16  
18  16  48  19  15  39  42  
38  12  3  16  36  42  18  
------------------------------------
 scenario 27 : 8
16  34  40  35  5  12  33  3  
39  42  26  15  28  40  4  20  
36  48  40  44  28  19  26  34  
4  19  6  0  20  15  11  39  
18  33  12  42  20  28  16  6  
------------------------------------
 scenario 28 : 2
8  20  
8  20  
8  20  
8  20  
8  20  
------------------------------------
 scenario 29 : 2
20  8  
42  20  
20  42  
15  42  
15  42  
------------------------------------
 scenario 30 : 0





------------------------------------
 scenario 31 : 5
3  15  42  22  5  
3  20  18  16  42  
20  36  39  35  15  
40  0  42  18  26  
12  6  16  38  24  
------------------------------------
 scenario 32 : 0





------------------------------------
******************** Stock in hospital ****************
0  0  0  0  0  0  0  0  0  0  0  0  0  0  0  0  0  1000  0  0  0  0  0  0  
0  0  0  0  1612.35  0  0  1000  0  0  2200  0  741.135  0  0  0  0  0  0  0  0  0  0  0  
0  0  0  0  2200  0  0  0  0  0  0  0  0  0  0  0  0  0  0  0  0  0  0  0  
0  0  0  0  0  0  0  0  0  0  0  0  0  0.318027  0  0  0  0  0  0  0  0  0  0  
0  0  0  0  0  1000  2200  0  0  0  0  0  0  0  0  0  0  1000  2200  0  0  0  0  0  
0  0  0  0  0  0  0  0  0  0  0  0  0  0  0  0  0  0  0  0  0  0  0  0  
0  0  0  0  0  0  2200  0  0  0  0  0  0  0  0  0  2200  0  0  0  0  0  0  0  
0  0  0  0  0  1000  2200  0  1665.8  1000  0  0  0  0  0  0  0  0  0  0  0  0  0  0  
0  0  0  0  2200  0  2200  1000  0  1000  0  0  0  0  0  0  0  0  0  0  0  0  0  0  
0  0  0  0  2200  1000  2200  1000  0  0  2200  0  889.63  0  0  0  0  0  0  0  0  0  0  0  
0  0  0  0  0  0  2200  1000  0  0  0  0  0  0  0  0  0  0  0  1000  0  0  0  0  
0  0  0  0  0  0  2200  1000  2200  1000  0  0  410.756  0  0  0  0  0  0  0  0  0  0  0  
0  0  0  0  2200  0  2200  0  0  0  0  0  0  0  0  0  477.024  0  0  0  0  0  0  0  
0  0  0  0  0  0  0  0  1396.21  0  2200  0  0  0  0  0  0  0  0  1000  0  0  0  0  
0  0  0  0  0  0  2200  0  0  0  0  0  0  0  0  0  0  0  0  0  0  0  0  0  
0  0  0  0  397.72  292.848  0  0  0  0  0  0  0  0  0  0  0  0  0  0  0  0  0  0  
0  0  0  0  0  0  0  0  0  1000  0  0  0  0  0  0  0  0  0  1000  0  0  0  0  
0  0  0  0  0  0  0  0  0  0  0  0  0  0  0  0  0  0  0  0  0  0  0  0  
0  0  0  0  0  1000  0  1000  1110.18  0  0  0  0  1000  0  0  0  0  0  0  0  0  0  0  
0  0  0  0  0  0  0  0  0  0  0  1000  0  0  0  0  0  0  0  0  0  0  0  0  
0  0  0  0  0  0  0  0  0.4201  0  0  0  0  0  0  0  0  0.0119745  0  0  0  0  0  0  
0  0  0  0  0  0  0  1000  0  0  0  0  0  0  0  0  0  0  0  0  0  0  0  0  
0  0  0  0  0  1000  2200  0  0  0  0  1000  0  0  1436.48  0  0  0  0  0  0  0  0  0  
0  0  0  0  0  0  2200  0  0  0  0  0  1011.96  0  0  1000  0  0  0  0  0  0  0  0  
0  0  0  0  0  0  0  0  0  0  0  1000  0  0  0  0  0  0  0  0  0  0  0  0  
0  0  0  0  0  1000  0  0  0  0  0  0  0  1000  2200  0  0  0  0  0  0  0  0  0  
0  0  0  0  0  0  0  1000  0  0  0  0  0  0  0  0  0  0  0  0  0  0  0  0  
0  0  0  0  0  0  0  0  0  0  0  0  0  0  0  0  0  0  0  0  0  0  0  0  
0  0  0  0  0  0  0  0  0  0  0  0  0  0  0  0  0  0  0  0  0  0  0  0  
0  0  0  0  0  0  0  0  0  0  0  0  0.199662  0  0  0.343628  0  0  0  0  0  0  0  0  
0  0  0  0  0  0  0  0  0  1000  2200  0  954.85  0  0  0  0  0  2200  1000  0  0  0  0  
0  0  0  0  0  0  0  1000  2066.86  0  0  0  0  0  0  0  0  0  0  0  0  0  0  0  
0  0  0  0  0  0  2200  0  0  0  0  0  0  0  0  0  0  0  0  0  0  0  0  0  
******************** Quantity of blood collect in hospitals ****************
508.03  1888.92  0  1377.79  500  0  1376.96  0  0  500  2009.48  761.233  0  0  2647.17  260.194  877.384  1414.19  0  2270.49  
0  376.968  0  0  1849.12  500  754.048  3200  0  377.536  754.548  877.794  0  1079.56  1463.88  381.892  342.454  683.611  692.492  500  
0  747.365  1385.59  639.529  32.1  376.637  500  1274.46  500  2886.31  2386.52  2756.7  0  376.926  0  379.93  1000  0  884.866  0  
1500  3700  3528.09  3000  384.301  630.072  639.987  604.884  8.09659  13.3808  15.8562  15.6726  0.246392  0  0.388193  0.322431  0.00988561  0.00980663  0.0111282  0.00705947  
0  0  0  0  1377.12  0  1630.91  2425.99  1095.71  1877.17  1008.87  500  1312.17  2001.13  0  378.757  0  0  1130.54  378.946  
11.285  2877.97  877.518  494.75  255.907  877.692  2893.77  0  1261.89  0  0  0  500  0  1131.17  3000  500  0  0  500  
500  1596.97  0  2016.91  0  1641.64  254.266  260.772  255.436  1633.21  2515.91  0  0  0  500  2013.31  756.554  0  2072.66  0  
0  0  376.96  0  0  1896.41  630.978  1255.62  378.183  500  1377.04  310.955  1132.65  2131.71  2453.77  1273.19  784.964  0  685.771  880.264  
474.603  376.926  200  0  975.84  1478.16  1377.76  2707.59  0  1265.2  2247.49  379.558  395.541  0  0  891.52  138.304  281.535  289.578  0  
0  754.901  754.478  377.794  633.898  3774.2  0  379.93  0  895.791  1957.03  380.264  500  0  0  1818.03  0  377.692  1376.97  0  
0  378.163  268.362  759.715  1133.42  0  2385.33  1639.53  0  500  0  2475.11  0  1478.94  1495.12  377.794  0  681.313  376.968  0  
632.874  0  0  378.834  377.575  1130.6  1000  2531.59  256.346  2886.62  630.742  1000  755.907  377.381  1736.45  377.794  0  0  631.147  0  
0  0  376.96  0  877.575  494.172  0  2138.95  1010.41  184.369  1254.79  500  0  2636.87  2138.74  1015.19  378.183  1702.44  0  0  
1134.16  4164.88  376.95  1381.89  0  1755.05  0  0  378.371  0  1379.19  378.353  500  0  0  0  643.002  0  1136.94  1234.48  
377.119  0  0  0  0  3251.67  2498.2  758.315  1112.9  2130.8  376.968  269.729  0  789.881  788.537  867.816  0  0  377.178  0  
731.252  536.18  1130.84  877.823  1772.98  4081.04  500  835.959  378.371  837.471  831.134  921.265  0  158.53  158.086  176.618  15.4259  0  32.1011  37.557  
0  0  1311.18  778.925  0  0  253.556  0  0  2571.43  1255.22  2017.31  1421.81  253.667  0  878.757  378.371  1131.71  0  1255.49  
378.371  0  754.72  0  255.436  3074.51  0  1378.35  1118.37  2243.29  2236.68  0  0  0  815.667  906.484  138.324  376.637  286.835  318.541  
291.679  0  376.95  0  755.302  3377.38  1753.63  2500  500  0  131.226  193.448  741.518  479.53  1508.33  0  342.219  376.926  376.864  757.164  
1378.02  754.901  350.17  0  0  1254.03  376.968  0  500  521.196  0  2408.28  0  2255.23  753.684  0  879.93  0  1912.63  651.073  
1500  3662.43  3500  3065.65  381.046  627.677  640.087  608.108  11.265  15.3988  15.6432  12.4636  0.329346  0.387638  0.495889  0.307334  0.0135825  0  0.0161721  0.00701143  
378.021  63.358  753.824  378.946  500  1377.97  1710.08  2000  877.692  1896.16  1576.6  877.794  392.753  795.867  808.006  890.964  139.321  282.924  254.146  381.892  
500  0  0  0  0  3255.76  2502.92  275.79  1011.92  376.878  0  1757.69  0  500  876.864  500  500  755.544  1131.38  1633.28  
377.575  1133.06  1508.6  0  1500  1509.17  1877  0  0  0  1581.75  377.823  377.666  0  261.193  1772.79  0  376.878  0  2057.53  
256.037  2822.73  0  0  0  0  3008.85  236.505  500  500  500  2500  377.575  0  0  0  0  2051.12  0  2195.02  
500  0  3000  0  1132.88  2319.49  0  377.666  0  0  0  2000  0  1900.19  0  1547.81  0  0  0  1638.52  
1334.04  696.945  877.76  517.46  2171.63  877.381  1853.18  2364.11  418.191  863.259  841.842  500  82.7873  168.733  166.928  196.992  16.1753  33.0719  32.0131  0  
0  0  753.684  0  877.119  2509.89  254.486  0  1981.34  131.185  377.178  2256.02  0  132.376  1851.65  0  0  1345.52  1007.94  759.822  
1500  3700  3500  3028.09  382.96  629.479  642.303  606.913  9.39683  13.6405  13.5965  13.6859  0.289973  0.336049  0.336868  0.280646  0.00753071  0.00791768  0.00685525  0.00696714  
1500  3698.57  3500  3029.51  384.301  630.072  639.987  604.884  8.3468  13.1053  15.8757  15.9948  0  0.27849  0.371631  0  0.00617548  0.00695197  0.00827669  0.00730136  
1377.69  0  1377.04  1420.42  0  0  0  2379.34  255.241  1828.93  1442.69  0  500  0  0  0  378.371  2076.9  2073.54  1031.64  
254.401  376.926  753.99  0  376.637  2018.74  500  1878.76  0  2869.22  876.95  1152.13  500  0  0  0  858.954  1013.14  0  0  
0  385.614  -9.09495e-13  1643.06  0  0  2885.27  0  0  2984.65  753.98  2868.64  0  1500  0  500  1037.28  1000  0  297.617  
******************** Unsatisfy demand in hospital ****************
3536.48  6177.93  8074.88  7184.34  2380.81  5750.15  4364.46  6122.2  2031.96  3569.94  2084.69  3605.86  1460.38  3929.09  270.619  2894.22  159.226  658.167  2066.52  955.318  
9162.34  14731.4  15057  17111.6  0  6437.23  8431.8  3265.22  2350.41  2828.15  255.672  2561.02  0  398.72  0  1215.78  0  0  0  245.338  
4987.95  4840.22  4210.17  5334.44  0  4100.04  3965.84  3521.96  1287.73  696.191  1189.14  1082.19  1425.53  2474.74  2869.37  2673.36  150.83  2288.19  1399.14  2429.87  
12107.3  23656.5  23815.7  26379.1  0  0  0  0  0  0  0  0  0  0  0  0  0  0  0  0  
5008.31  11056.8  12264.9  10782.1  1820.04  5416.24  2615.04  4468.98  980.734  2267.18  3113.35  3928.15  0  1627.77  4835.24  2455.45  3061.1  707.52  561.176  1438.24  
4033.23  5188.88  7197.36  8067.38  2627.22  4895.64  2868.39  6176.56  779.11  4072.31  4078.56  4343.43  954.85  2900.19  1751.87  94.22  536.39  3076.9  4273.54  2738.79  
3544.51  6469.88  10274.9  6545.22  2878.99  4121.62  3312.14  5903.07  1793.93  2470.88  1578.67  4400.65  3656.75  2908.69  2397.87  1098.21  273.106  2062.95  0  3223.97  
5315.87  11608.7  12362.7  11264.7  4963.65  4691.39  3743.21  5774.25  0  2600.16  2748.12  4108.16  135.134  405.18  83.186  1458.85  0  1573.28  891.669  1823.85  
10815.6  17777.1  20123.7  20303.3  0  5868.65  2796.94  3115.8  1125.05  0  0  2104.64  0  799.534  807.69  0  0  0  0  320.649  
6613.72  9130.89  10382.4  10187.8  168.722  1264.75  6066.21  5126.77  2983.37  3273.71  0  4056.11  0  2788.79  2794.12  1191.14  983.183  1566.77  555.542  2057.53  
7549.99  14730.2  16988.6  16351.9  2333.13  6949.56  2395.29  4841.3  1610.03  2698.55  3190.2  941.412  738.146  0  0  2233.27  341.06  0  307.9  743.268  
4683  10608.7  12739.7  11885.9  5108.37  6436.5  3320.61  3478.9  0  192.753  3459.08  3357.05  99.257  2156.67  803.724  2352.62  791.948  1598.72  998.533  2751.88  
7208.31  10056.8  11887.9  10782.1  96.175  5898.09  4201.46  4765.13  1081.18  3968.75  2885.73  3904.18  1798.18  0  516.667  1812.55  0  0  1702.74  1823.28  
1653.79  1422.71  5218.81  4592.08  3624.75  2711.83  6678.7  4783.12  0  3565.03  0  3457.16  922.9  2844.17  2860.35  4041.57  507.048  2299.23  1159.16  227.312  
8713.07  18154  20323.7  19303.3  3187  3140.14  1703.46  6149.25  0  106.589  1880.47  2181.83  394.62  0  0  0  139.295  277.121  0  304.775  
10973.9  22347.6  21481.7  23161.1  0  0  3858.51  3980.29  43.784  0  0  0  80.4433  0  0  0  0  31.417  0  0  
2787.95  5587.59  4284.58  5195.05  2231.82  5474.83  4221.79  4793.12  1776.84  0  2314.16  1827.04  0  2587.67  2862.97  3159.1  775.429  1161.11  2284.65  176.991  
8711.82  18154  17369  19303.3  2929  3291.63  6378.59  5468.38  0  0  0  2447.13  394.066  803.07  0  0  0  0  0  0  
7258.31  16108.4  14680  17111.6  3817.67  2568.49  5187.7  3980.64  0  4197.6  3069.05  3220.8  0  0  1.281  1602.64  0  306.05  319.237  0  
3035.7  8130.89  8586.69  9565.6  3008.26  4774.06  5696.83  7461.25  1586.07  3638.64  4151.99  1027  1402.81  555.652  2056.67  3026.03  80.569  1916.62  0  1404.38  
12107.3  23694.1  23843.8  26313.4  0  0  0  0  0  0  0  0  0  0  0  0  0  0  0  0  
8712.17  18090.6  17369.9  19924.4  2675.84  4968.84  4664.62  3823.39  248.668  371.097  678.574  1608.11  0  0  0  0  0  0  28.465  0  
5361.5  12712.8  13927.8  12467.2  3401.53  2528.16  2083.65  7950.96  951.531  3570.18  5408.05  1514.7  1154.41  1818.16  0  2013.59  179.587  600.156  2400.61  826.507  
4036.15  7752.73  9628.26  9565.6  1502.62  4529.78  1989.21  6506.7  3105.7  4169.5  2575.28  5058.55  0  2788.79  2532.93  236.382  983.183  1567.58  1932.51  0  
3788.47  5244.12  8074.88  8562.13  2878.99  5763.26  2757.56  6927.34  1546.21  3573.89  3547.87  828.82  1067.2  2897.13  2918.52  3120.89  1028.52  0  4252.49  0  
3544.51  9066.85  5074.88  8562.13  1750.25  2453.84  5762.16  5798.89  2041  5072.31  6278.56  2343.43  1454.85  0  683.04  1546.41  1036.39  3076.9  4273.54  1600.27  
9973.36  21894  21734.7  24521.4  0  3458.88  2451.83  1344.88  0  0  33.981  505.94  0  0  0  0  0  0  0  39.6134  
5861.5  11712.8  10974.1  12467.2  2533.61  4294.69  6536.22  7251.47  0  3830.51  3579.61  1996.22  1150.26  2179.44  463.94  2510.5  667.223  0  338.232  714.228  
12107.3  23656.5  23843.8  26351  0  0  0  0  0  0  0  0  0  0  0  0  0  0  0  0  
12107.3  23657.9  23843.8  26349.6  0  0  0  0  0  0  0  0  0  0  0  0  0  0  0  0  
2666.82  8066.85  6697.84  7141.71  2883.13  6773.33  7962.16  3797.22  2740.61  1243.38  435.874  4343.43  0  2900.19  5083.04  4094.22  658.019  0  0  1207.15  
4753.91  9679.87  9310.91  11782.1  4888.63  4405.67  5904.11  4030.67  0  1250.15  3269.6  3243.16  833.72  2657.85  2640.17  2841.51  0  1688.72  3904.41  1810.2  
4044.51  7681.24  10274.9  6919.07  2855.81  5679.48  600.879  6014.31  2044.62  1094.13  3317.28  1478.96  1462.77  1435.15  2929.79  2663  0  1077.91  2070.71  1940.41  
