4  5
resolution time : 175.61
34919.3  34919.3
33  0
******************** fixed facilities: 23 ****************
1  2  7  9  10  13  14  17  21  23  25  27  29  30  31  32  37  41  43  45  46  47  49  
******************** Response cost ****************
6.15123e+06  6.15123e+06  6.15123e+06  6.15123e+06  6.15123e+06  6.15123e+06  6.15123e+06  6.15123e+06  6.15123e+06  6.15123e+06  6.15123e+06  6.15123e+06  6.15123e+06  6.15123e+06  6.15123e+06  6.15123e+06  6.15123e+06  6.15123e+06  6.15123e+06  6.15123e+06  6.15123e+06  6.15123e+06  6.15123e+06  6.15123e+06  6.15123e+06  6.15123e+06  6.15123e+06  6.15123e+06  6.15123e+06  6.15123e+06  6.15123e+06  6.15123e+06  6.15123e+06  
******************** Mobile facilities tour:  ****************
 scenario 0 : 27
0  3  4  5  6  8  11  12  15  16  18  19  20  22  24  26  28  33  34  35  36  38  39  40  42  44  48  
4  6  19  24  
4  24  
4  
4  
------------------------------------
 scenario 1 : 27
0  3  4  5  6  8  11  12  15  16  18  19  20  22  24  26  28  33  34  35  36  38  39  40  42  44  48  
4  24  
24  
24  
24  
------------------------------------
 scenario 2 : 27
0  3  4  5  6  8  11  12  15  16  18  19  20  22  24  26  28  33  34  35  36  38  39  40  42  44  48  
4  8  19  24  34  35  39  48  
4  8  19  24  34  35  
4  19  24  

------------------------------------
 scenario 3 : 27
0  3  4  5  6  8  11  12  15  16  18  19  20  22  24  26  28  33  34  35  36  38  39  40  42  44  48  




------------------------------------
 scenario 4 : 27
0  3  4  5  6  8  11  12  15  16  18  19  20  22  24  26  28  33  34  35  36  38  39  40  42  44  48  
4  24  
4  
4  

------------------------------------
 scenario 5 : 27
0  3  4  5  6  8  11  12  15  16  18  19  20  22  24  26  28  33  34  35  36  38  39  40  42  44  48  
4  16  18  24  40  
4  16  18  24  
4  18  24  
4  18  24  
------------------------------------
 scenario 6 : 27
0  3  4  5  6  8  11  12  15  16  18  19  20  22  24  26  28  33  34  35  36  38  39  40  42  44  48  
4  24  
4  24  
4  24  
4  24  
------------------------------------
 scenario 7 : 27
0  3  4  5  6  8  11  12  15  16  18  19  20  22  24  26  28  33  34  35  36  38  39  40  42  44  48  
4  11  12  19  22  24  28  33  34  35  36  38  48  
4  24  34  35  48  
24  35  
24  
------------------------------------
 scenario 8 : 27
0  3  4  5  6  8  11  12  15  16  18  19  20  22  24  26  28  33  34  35  36  38  39  40  42  44  48  
4  24  
4  24  
4  24  

------------------------------------
 scenario 9 : 27
0  3  4  5  6  8  11  12  15  16  18  19  20  22  24  26  28  33  34  35  36  38  39  40  42  44  48  
4  24  
4  24  
4  24  

------------------------------------
 scenario 10 : 27
0  3  4  5  6  8  11  12  15  16  18  19  20  22  24  26  28  33  34  35  36  38  39  40  42  44  48  
4  24  
4  24  
4  24  

------------------------------------
 scenario 11 : 27
0  3  4  5  6  8  11  12  15  16  18  19  20  22  24  26  28  33  34  35  36  38  39  40  42  44  48  
4  24  
4  24  
4  24  
24  
------------------------------------
 scenario 12 : 27
0  3  4  5  6  8  11  12  15  16  18  19  20  22  24  26  28  33  34  35  36  38  39  40  42  44  48  
4  24  
4  24  
4  

------------------------------------
 scenario 13 : 27
0  3  4  5  6  8  11  12  15  16  18  19  20  22  24  26  28  33  34  35  36  38  39  40  42  44  48  
4  24  
4  24  
4  
4  
------------------------------------
 scenario 14 : 27
0  3  4  5  6  8  11  12  15  16  18  19  20  22  24  26  28  33  34  35  36  38  39  40  42  44  48  
4  24  
24  


------------------------------------
 scenario 15 : 27
0  3  4  5  6  8  11  12  15  16  18  19  20  22  24  26  28  33  34  35  36  38  39  40  42  44  48  




------------------------------------
 scenario 16 : 27
0  3  4  5  6  8  11  12  15  16  18  19  20  22  24  26  28  33  34  35  36  38  39  40  42  44  48  
4  8  24  40  48  
4  8  24  48  
4  24  48  
24  
------------------------------------
 scenario 17 : 27
0  3  4  5  6  8  11  12  15  16  18  19  20  22  24  26  28  33  34  35  36  38  39  40  42  44  48  
4  24  



------------------------------------
 scenario 18 : 27
0  3  4  5  6  8  11  12  15  16  18  19  20  22  24  26  28  33  34  35  36  38  39  40  42  44  48  
4  6  20  24  
4  6  20  
6  20  

------------------------------------
 scenario 19 : 27
0  3  4  5  6  8  11  12  15  16  18  19  20  22  24  26  28  33  34  35  36  38  39  40  42  44  48  
4  18  24  
4  18  24  
24  

------------------------------------
 scenario 20 : 27
0  3  4  5  6  8  11  12  15  16  18  19  20  22  24  26  28  33  34  35  36  38  39  40  42  44  48  




------------------------------------
 scenario 21 : 27
0  3  4  5  6  8  11  12  15  16  18  19  20  22  24  26  28  33  34  35  36  38  39  40  42  44  48  
4  24  
4  24  
4  

------------------------------------
 scenario 22 : 27
0  3  4  5  6  8  11  12  15  16  18  19  20  22  24  26  28  33  34  35  36  38  39  40  42  44  48  
4  24  
4  
4  

------------------------------------
 scenario 23 : 27
0  3  4  5  6  8  11  12  15  16  18  19  20  22  24  26  28  33  34  35  36  38  39  40  42  44  48  
4  24  
4  24  
4  24  

------------------------------------
 scenario 24 : 27
0  3  4  5  6  8  11  12  15  16  18  19  20  22  24  26  28  33  34  35  36  38  39  40  42  44  48  
4  24  
4  
4  
4  
------------------------------------
 scenario 25 : 27
0  3  4  5  6  8  11  12  15  16  18  19  20  22  24  26  28  33  34  35  36  38  39  40  42  44  48  
4  24  
4  24  
4  
4  
------------------------------------
 scenario 26 : 27
0  3  4  5  6  8  11  12  15  16  18  19  20  22  24  26  28  33  34  35  36  38  39  40  42  44  48  




------------------------------------
 scenario 27 : 27
0  3  4  5  6  8  11  12  15  16  18  19  20  22  24  26  28  33  34  35  36  38  39  40  42  44  48  
4  19  24  
4  24  
24  

------------------------------------
 scenario 28 : 27
0  3  4  5  6  8  11  12  15  16  18  19  20  22  24  26  28  33  34  35  36  38  39  40  42  44  48  




------------------------------------
 scenario 29 : 27
0  3  4  5  6  8  11  12  15  16  18  19  20  22  24  26  28  33  34  35  36  38  39  40  42  44  48  




------------------------------------
 scenario 30 : 27
0  3  4  5  6  8  11  12  15  16  18  19  20  22  24  26  28  33  34  35  36  38  39  40  42  44  48  
4  24  
4  24  


------------------------------------
 scenario 31 : 27
0  3  4  5  6  8  11  12  15  16  18  19  20  22  24  26  28  33  34  35  36  38  39  40  42  44  48  
4  8  18  19  24  33  
18  24  
18  24  

------------------------------------
 scenario 32 : 27
0  3  4  5  6  8  11  12  15  16  18  19  20  22  24  26  28  33  34  35  36  38  39  40  42  44  48  
4  5  6  24  33  42  
4  5  6  24  33  
4  24  

------------------------------------
******************** Stock in hospital ****************
0  0  0  0  0  0  0  0  0  0  0  0  0  0  0  0  0  0  0  0  
0  0  0  0  0  0  0  0  0  0  0  0  0  0  0  0  0  0  0  0  
0  0  0  0  0  0  0  0  0  0  0  0  0  0  0  0  0  0  0  0  
0  0  0  0  0  0  0  0  0  0  0  0  0  0  0  0  0  0  0  0  
0  0  0  0  0  0  0  0  0  0  0  0  0  0  0  0  0  0  0  0  
0  0  0  0  0  0  0  0  0  0  0  0  0  0  0  0  0  0  0  0  
0  0  0  0  0  0  0  0  0  0  0  0  0  0  0  0  0  0  0  0  
0  0  0  0  0  0  0  0  0  0  0  0  0  0  0  0  0  0  0  0  
0  0  0  0  0  0  0  0  0  0  0  0  0  0  0  0  0  0  0  0  
0  0  0  0  0  0  0  0  0  0  0  0  0  0  0  0  0  0  0  0  
0  0  0  0  0  0  0  0  0  0  0  0  0  0  0  0  0  0  0  0  
0  0  0  0  0  0  0  0  0  0  0  0  0  0  0  0  0  0  0  0  
0  0  0  0  0  0  0  0  0  0  0  0  0  0  0  0  0  0  0  0  
0  0  0  0  0  0  0  0  0  0  0  0  0  0  0  0  0  0  0  0  
0  0  0  0  0  0  0  0  0  0  0  0  0  0  0  0  0  0  0  0  
0  0  0  0  0  0  0  0  0  0  0  0  0  0  0  0  0  0  0  0  
0  0  0  0  0  0  0  0  0  0  0  0  0  0  0  0  0  0  0  0  
0  0  0  0  0  0  0  0  0  0  0  0  0  0  0  0  0  0  0  0  
0  0  0  0  0  0  0  0  0  0  0  0  0  0  0  0  0  0  0  0  
0  0  0  0  0  0  0  0  0  0  0  0  0  0  0  0  0  0  0  0  
0  0  0  0  0  0  0  0  0  0  0  0  0  0  0  0  0  0  0  0  
0  0  0  0  0  0  0  0  0  0  0  0  0  0  0  0  0  0  0  0  
0  0  0  0  0  0  0  0  0  0  0  0  0  0  0  0  0  0  0  0  
0  0  0  0  0  0  0  0  0  0  0  0  0  0  0  0  0  0  0  0  
0  0  0  0  0  0  0  0  0  0  0  0  0  0  0  0  0  0  0  0  
0  0  0  0  0  0  0  0  0  0  0  0  0  0  0  0  0  0  0  0  
0  0  0  0  0  0  0  0  0  0  0  0  0  0  0  0  0  0  0  0  
0  0  0  0  0  0  0  0  0  0  0  0  0  0  0  0  0  0  0  0  
0  0  0  0  0  0  0  0  0  0  0  0  0  0  0  0  0  0  0  0  
0  0  0  0  0  0  0  0  0  0  0  0  0  0  0  0  0  0  0  0  
0  0  0  0  0  0  0  0  0  0  0  0  0  0  0  0  0  0  0  0  
0  0  0  0  0  0  0  0  0  0  0  0  0  0  0  0  0  0  0  0  
0  0  0  0  0  0  0  0  0  0  0  0  0  0  0  0  0  0  0  0  
******************** Quantity of blood collect in hospitals ****************
0  1638.74  755.458  1255.62  877.119  633.876  1633.73  2256.5  500  1386.93  1076.86  500  500  1877.17  1000  643.059  389.656  500  818.009  654.143  
877.119  1754.31  1556.76  500  500  1500  1403.88  2134.29  500  1254.03  630.94  1175.02  378.371  844.753  1000  1000  11.285  683.611  692.492  500  
378.183  1253.61  1000  2134.29  11.473  1140.04  640.798  500  877.119  1500  2277.52  500  500  1008.89  865.748  1278.8  500  1134.16  500  896.223  
1500  3700  3500  3019.85  384.301  630.072  639.987  604.884  8.09659  13.0628  15.8562  15.6726  0.246392  0.318027  0.388193  0.322431  0.00988561  0.00980663  0.0111282  0.00705947  
500  1131.2  933.913  1378.83  500  1253.96  1538.77  636.65  500  511.851  877.76  1377.67  377.119  1432.17  1433.62  1000  389.656  1707.52  500  916.169  
500  1893.65  1379.24  1500  877.119  1632.06  877.164  763.718  500  1377.17  1056.75  654.143  0  633.83  500  1256.5  389.656  500  1470.91  1134.96  
377.575  1385.67  831.234  881.826  877.119  1507.98  1377.52  500  500  1132.7  1132.32  1377.82  255.527  1254.16  679.239  1517.86  256.554  756.184  1263.75  1031.81  
377.666  1130.7  515.634  1633.28  378.183  2000  1634.52  1500  377.861  889.018  700  643.059  754.694  1254.03  1377.7  1032.98  378.371  762.95  1056.21  500  
500  1980.46  1377.52  1395.62  500  1754.12  1380.98  1000  877.119  1221.05  1377.7  1759.56  389.656  799.534  731.046  833.494  0  281.535  289.578  320.649  
500  1500  1376.86  500  500  1639.69  811.673  2013.64  377.575  633.83  679.239  1377.82  755.49  1008.13  1530.63  917.861  133.71  1255.06  885.654  500  
500  1876.74  1254.56  1017.46  500  1713.58  638.77  1377.67  877.119  1131.2  1654.68  877.794  378.371  633.876  1236.05  1293.13  11.285  681.313  500  743.268  
255.527  1253.67  1331.02  500  755.302  1640.41  877.518  1755.49  500  1010.03  679.239  643.059  377.575  1255.86  1085.45  1756.63  378.371  876.735  1310.84  654.143  
378.183  1377.38  632.622  500  632.646  2000  1776.86  1000  500  894.293  1179.05  899.417  377.575  1011  679.239  2032.11  378.371  754.034  1016.29  877.794  
377.861  878.021  679.051  500  877.119  1877  877.518  797.202  500  1500  1576.86  1755.46  11.795  516.727  811.861  1756.66  500  1264.96  1338.77  500  
500  1754.16  1395.35  1255.62  877.119  1754.76  1875.96  1377.67  500  1460.77  811.673  1728.2  250.361  789.881  788.537  643.059  139.295  277.121  277.705  304.775  
877.119  2373.08  2254.61  2000  500  2500  1757.68  2100.46  422.155  837.471  831.134  921.265  80.4433  158.53  158.086  176.618  15.4259  31.417  32.1011  37.557  
255.241  1262.5  1056.21  1000  877.119  1009.22  1254.62  1755.49  378.183  1631.15  1056.94  877.794  378.371  633.83  1216.29  1021.89  377.861  1500  700  654.143  
500  1858.17  1381.4  1634.45  500  1631.27  2012.03  1500  877.119  1463.33  659.652  1279.04  389.656  803.07  815.667  577.287  0  280.869  286.835  318.541  
500  2000  1056.75  1378.83  877.119  1271.29  1662.72  1000  500  1255.86  809.973  1552.66  378.371  826.583  1254.62  877.823  11.285  682.976  500  500  
11.473  1000  934.509  881.826  500  1771.82  1577.52  1260.73  500  1133.03  818.009  500  877.119  877.692  1454.03  1257.13  378.183  1254.16  500  1409.63  
1500  3700  3500  3018.96  380.626  627.677  640.087  608.108  11.6851  15.3988  15.6432  12.4636  0.329346  0.375664  0.495889  0.307334  0.0135825  0.0119745  0.0161721  0.00701143  
500  1733.59  877.698  1732.12  500  1631.3  1832.14  1378.83  874.022  1593.02  1355.29  1377.79  392.753  795.867  808.006  500  0  282.924  282.611  320.57  
500  1253.78  1113.75  1671.81  133.71  1377.04  700  500  500  1173.03  1376.86  500  877.119  877.167  1593.45  1500  255.946  1355.7  500  1137.51  
377.861  633.688  877.76  1277.51  500  878.163  1433.08  500  755.302  1763.4  679.239  1877.67  377.666  1384.81  1793.99  1000  255.946  1376.64  500  654.143  
500  1255.67  810.009  1756.66  377.119  1255.16  900  881.826  500  1385.61  1639.95  500  500  1386.31  754.862  1155.69  389.656  753.962  1179.24  1015.15  
500  1377.04  679.051  1634.45  877.119  878.163  877.76  1877.67  256.044  763.141  1585.86  643.059  378.371  1508.8  686.833  654.143  255.241  1509.57  1454.56  500  
877.119  2336.31  2353.12  1687.94  500  2500  1605.73  2333.4  418.191  863.259  875.823  1005.94  82.7873  168.733  166.928  196.992  16.1753  33.0719  32.0131  39.6134  
389.656  1271.19  1154.86  755.617  500  1378.16  1254.38  654.143  877.119  500  818.009  1878.83  500  1541.83  1179.05  1377.67  0  1345.52  877.76  643.059  
1500  3700  3500  3018.43  382.96  629.479  642.303  606.913  9.39683  13.6405  13.5965  13.6859  0.289973  0.336049  0.336868  0.280646  0.00753071  0.00791768  0.00685525  0.00696714  
1500  3700  3500  3019.85  384.301  630.072  639.987  604.884  8.14714  13.1053  15.8757  15.6512  0.199662  0.27849  0.371631  0.343628  0.00617548  0.00695197  0.00827669  0.00730136  
0  1377  1000  1170.93  877.119  1141.69  1776.86  881.892  500  1877.17  858.29  1000  500  507.98  631.176  1378.83  389.656  1132.87  1017.73  877.666  
500  885.159  1318.01  1000  877.119  1755.06  2032.08  1013.24  500  877.975  679.051  643.059  255.946  1500  500  2134.32  133.71  1018.51  754.924  518.698  
133.807  1386.18  1317.82  898.024  500  753.673  679.239  881.892  877.119  1385.53  1000  2256.5  255.849  634.159  1787  772.903  500  1877.17  500  500  
******************** Unsatisfy demand in hospital ****************
4044.51  6428.11  7319.42  7306.51  2003.69  5116.27  4107.69  3865.7  1531.96  2683.01  3017.31  3867.09  960.38  1051.92  1917.79  2511.35  646.954  1572.36  1248.51  1571.67  
6672.87  13354.1  13500.2  15611.6  2961.47  5437.23  5581.98  5330.93  1109.28  1951.66  2579.28  2263.78  362.764  633.527  463.88  597.67  331.169  0  0  245.338  
2409.77  4333.98  4595.76  3839.68  2220.63  3336.64  3825.04  4296.42  910.611  2082.5  1298.14  3338.89  925.53  1842.78  2003.62  1774.49  650.83  1154.03  1784.01  1533.65  
12107.3  23656.5  23843.8  26359.3  0  0  0  0  0  0  0  0  0  0  0  0  0  0  0  0  
4508.31  8925.6  9130.99  9403.27  2697.16  5162.28  4907.18  6258.32  1576.44  3632.5  3244.46  3050.48  935.051  1196.73  1201.62  1834.21  471.444  0  1191.72  901.021  
3544.51  6173.2  6695.64  7062.13  2006.01  4141.27  4885  5412.84  1541  2695.14  3021.81  3689.29  1454.85  2266.36  2383.04  1837.72  646.734  1576.9  602.628  1103.83  
3666.94  6681.18  7243.65  7680.3  2001.87  4255.28  4388.89  5663.84  1549.37  2971.39  2962.25  3022.83  1201.22  1654.53  2218.63  1593.66  773.106  1306.77  808.909  1192.16  
4938.2  9478  10024.1  9631.42  2919.67  4587.8  4939.67  5529.87  1666.12  3211.14  3425.16  3776.05  513.086  1282.86  1159.26  1699.06  406.593  810.33  521.225  1204.11  
8590.19  16173.5  16746.2  17907.7  2675.84  4592.69  4993.72  5823.39  247.931  1044.15  869.792  724.642  5.885  0  76.6439  58.026  138.304  0  0  0  
3913.72  7385.79  7560  9065.6  2502.62  4399.26  5254.54  4493.06  1716.16  3535.67  3477.79  3058.55  634.14  1780.66  1263.49  2091.31  849.473  689.403  1046.86  1557.53  
7049.99  13231.7  13802.4  15094.1  2966.55  5235.98  6341.85  6103.17  732.911  2067.35  1535.52  2538.73  359.775  845.064  259.07  317.927  329.775  0  184.868  0  
5060.34  9355.03  9208.68  10764.7  2530.64  4926.69  5643.09  5255  1545.59  3069.34  3410.58  3713.99  888.345  1278.19  1454.72  973.782  413.577  721.985  318.841  1097.74  
4630.13  8679.42  9432.28  10282.1  2541.1  4392.26  4624.6  5904.08  1591.59  3258.83  2961.47  3504.76  943.585  1625.87  1976.17  795.632  476.836  948.406  686.452  945.486  
2410.09  4709.57  4916.71  5473.97  1351.42  2589.88  3601.18  3985.92  1274.58  2065.03  2002.33  2080.05  1411.11  2327.44  2048.49  1284.91  650.05  1034.27  957.33  1961.79  
8590.19  16399.8  16728.3  18047.7  2309.88  4637.05  4525.7  5529.89  612.9  776.617  1445.77  723.358  144.259  0  0  224.757  0  0  0  0  
10430.3  20217.8  20357.9  22038.9  1670.7  1873.89  2600.83  2715.79  0  0  0  0  0  0  0  0  0  0  0  0  
2532.71  4325.09  4539.55  4973.97  1354.7  3465.61  3220.73  3037.63  1398.66  1940.28  2512.44  2966.56  1043.44  2207.51  1646.68  2015.97  775.939  792.82  1584.65  1778.34  
8590.19  16295.8  16742.3  17668.8  2684.44  4734.87  4366.56  5346.73  241.251  779.961  1577.03  1168.09  4.41  0  0  329.197  138.324  0  0  0  
7049.99  13108.4  14000.3  14732.8  2585.67  5674.58  5278.61  6480.64  1110.18  1941.74  2390.31  1861.59  363.147  652.947  254.986  724.817  330.934  0  196.101  244.612  
4402.25  7885.79  8002.35  8683.77  2508.26  4256.27  4496.28  5200.52  1586.07  3026.81  3333.98  3935.28  525.691  1933.19  1356.32  1768.9  582.316  662.455  1412.63  645.818  
12107.3  23656.5  23843.8  26360.1  0  0  0  0  0  0  0  0  0  0  0  0  0  0  0  0  
8590.19  16420.4  17246  17571.2  2675.84  4715.51  4542.56  5444.56  252.338  674.24  899.88  1108.11  0  0  0  390.964  139.321  0  0  0  
5361.5  10459  10614.1  10795.4  3267.82  5406.88  6086.57  6726.75  1463.45  2774.03  2594.71  3772.39  277.291  1440.99  719.888  1013.59  423.641  0  831.99  322.281  
4035.86  8252.1  8059.1  8288.09  2502.62  5160.79  4633.13  6006.7  1338.44  2406.1  3477.79  2558.7  1011.96  1403.98  1000.13  2009.17  727.237  567.823  1432.51  1403.39  
3544.51  6811.18  7264.87  6805.47  2501.87  4508.1  4866.41  5282.01  1546.21  2688.28  2407.92  3828.82  944.78  1510.82  2163.66  1965.2  638.864  1297.16  873.251  1179.87  
3544.51  6689.81  7395.83  6927.68  2006.01  4895.17  4884.4  4298.89  1784.96  3309.17  2492.7  3700.37  1076.48  1391.39  2196.21  2440.08  781.149  567.331  618.978  1738.79  
10430.3  20254.6  20259.4  22351  1671.63  1836.26  2699.28  2375.59  0  0  0  0  0  0  0  0  0  0  0  0  
5471.84  10441.6  10572.9  11711.6  2910.73  5426.42  5536.33  6597.33  1104.22  3461.7  3138.78  2373.41  650.26  769.991  1136.54  1132.83  667.223  0  468.41  830.991  
12107.3  23656.5  23843.8  26360.7  0  0  0  0  0  0  0  0  0  0  0  0  0  0  0  0  
12107.3  23656.5  23843.8  26359.3  0  0  0  0  0  0  0  0  0  0  0  0  0  0  0  0  
4044.51  6689.85  7074.88  7391.2  2006.01  4631.64  3985.3  5294.67  1541  2195.14  3220.27  3343.43  954.85  2392.21  2251.86  1715.39  646.734  944.027  1055.81  1361.12  
4508.31  9171.64  8746.89  9782.1  2321.29  4669.35  4372.03  5896.19  1566.86  3241.39  3467.5  3752.23  1077.77  1157.85  2140.17  707.187  725.244  683.346  949.486  1291.5  
3910.7  6680.67  6757.06  7664.11  2355.81  4925.81  5006.91  5132.42  1167.5  2693.25  3071.26  2091.1  1206.92  2300.99  1142.79  2390.1  537.28  200.743  1570.71  1738.03  
