4 33 5
4044.51 8066.85 8074.88 8562.13  2880.81 5750.15 5741.42 6122.2  2031.96 4069.94 4094.17 4367.09  1460.38 2929.09 2917.79 3154.41  1036.61 2072.36 2066.52 2225.81  
7549.99 15108.4 15057 16111.6  3461.47 6937.23 6985.85 7465.22  1609.28 3205.69 3210.22 3438.81  741.135 1478.28 1463.88 1597.67  342.454 683.611 692.492 745.338  
2787.95 5587.59 5595.76 5973.97  2232.1 4476.68 4465.84 4796.42  1787.73 3582.5 3575.66 3838.89  1425.53 2851.67 2869.37 3053.29  1150.83 2288.19 2284.01 2429.87  
13607.3 27356.5 27343.8 29379.1  384.301 630.072 639.987 604.884  8.09659 13.0628 15.8562 15.6726  0.246392 0.318027 0.388193 0.322431  0.00988561 0.00980663 0.0111282 0.00705947  
5008.31 10056.8 10064.9 10782.1  3197.16 6416.24 6445.95 6894.97  2076.44 4144.35 4122.22 4428.15  1312.17 2628.9 2635.24 2834.21  861.1 1707.52 1691.72 1817.19  
4044.51 8066.85 8074.88 8562.13  2883.13 5773.33 5762.16 6176.56  2041 4072.31 4078.56 4343.43  1454.85 2900.19 2883.04 3094.22  1036.39 2076.9 2073.54 2238.79  
4044.51 8066.85 8074.88 8562.13  2878.99 5763.26 5766.41 6163.84  2049.37 4104.09 4094.57 4400.65  1456.75 2908.69 2897.87 3111.52  1029.66 2062.95 2072.66 2223.97  
5315.87 10608.7 10539.7 11264.7  3297.85 6587.8 6574.19 7029.87  2043.98 4100.16 4125.16 4419.11  1267.78 2536.89 2536.96 2732.04  784.964 1573.28 1577.44 1704.11  
9090.19 18154 18123.7 19303.3  3175.84 6346.81 6374.7 6823.39  1125.05 2265.2 2247.49 2484.2  395.541 799.534 807.69 891.52  138.304 281.535 289.578 320.649  
4413.72 8885.79 8936.86 9565.6  3002.62 6038.95 6066.21 6506.7  2093.74 4169.5 4157.03 4436.37  1389.63 2788.79 2794.12 3009.17  983.183 1944.46 1932.51 2057.53  
7549.99 15108.4 15057 16111.6  3466.55 6949.56 6980.62 7480.84  1610.03 3198.55 3190.2 3416.52  738.146 1478.94 1495.12 1611.06  341.06 681.313 684.868 743.268  
5315.87 10608.7 10539.7 11264.7  3285.94 6567.1 6520.61 7010.49  2045.59 4079.37 4089.82 4357.05  1265.92 2534.05 2540.17 2730.41  791.948 1598.72 1629.68 1751.88  
5008.31 10056.8 10064.9 10782.1  3173.75 6392.26 6401.46 6904.08  2091.59 4153.12 4140.52 4404.18  1321.16 2636.87 2655.41 2827.74  855.207 1702.44 1702.74 1823.28  
2787.95 5587.59 5595.76 5973.97  2228.54 4466.88 4478.7 4783.12  1774.58 3565.03 3579.19 3835.51  1422.9 2844.17 2860.35 3041.57  1150.05 2299.23 2296.1 2461.79  
9090.19 18154 18123.7 19303.3  3187 6391.81 6401.66 6907.56  1112.9 2237.39 2257.44 2451.56  394.62 789.881 788.537 867.816  139.295 277.121 277.705 304.775  
11307.4 22590.9 22612.5 24038.9  2170.7 4373.89 4358.51 4816.25  422.155 837.471 831.134 921.265  80.4433 158.53 158.086 176.618  15.4259 31.417 32.1011 37.557  
2787.95 5587.59 5595.76 5973.97  2231.82 4474.83 4475.35 4793.12  1776.84 3571.43 3569.38 3844.35  1421.81 2841.34 2862.97 3037.86  1153.8 2292.82 2284.65 2432.48  
9090.19 18154 18123.7 19303.3  3184.44 6366.14 6378.59 6846.73  1118.37 2243.29 2236.68 2447.13  394.066 803.07 815.667 906.484  138.324 280.869 286.835 318.541  
7549.99 15108.4 15057 16111.6  3462.79 6945.87 6941.33 7480.64  1610.18 3197.6 3200.28 3414.25  741.518 1479.53 1509.61 1602.64  342.219 682.976 696.101 744.612  
4413.72 8885.79 8936.86 9565.6  3008.26 6028.09 6073.8 6461.25  2086.07 4159.84 4151.99 4435.28  1402.81 2810.88 2810.35 3026.03  960.499 1916.62 1912.63 2055.45  
13607.3 27356.5 27343.8 29379.1  380.626 627.677 640.087 608.108  11.6851 15.3988 15.6432 12.4636  0.329346 0.375664 0.495889 0.307334  0.0135825 0.0119745 0.0161721 0.00701143  
9090.19 18154 18123.7 19303.3  3175.84 6346.81 6374.7 6823.39  1126.36 2267.26 2255.17 2485.9  392.753 795.867 808.006 890.964  139.321 282.924 282.611 320.57  
5861.5 11712.8 11727.8 12467.2  3401.53 6783.92 6786.57 7226.75  1963.45 3947.06 3971.57 4272.39  1154.41 2318.16 2313.34 2513.59  679.587 1355.7 1331.99 1459.79  
4413.72 8885.79 8936.86 9565.6  3002.62 6038.95 6066.21 6506.7  2093.74 4169.5 4157.03 4436.37  1389.63 2788.79 2794.12 3009.17  983.183 1944.46 1932.51 2057.53  
4044.51 8066.85 8074.88 8562.13  2878.99 5763.26 5766.41 6163.84  2046.21 4073.89 4047.87 4328.82  1444.78 2897.13 2918.52 3120.89  1028.52 2051.12 2052.49 2195.02  
4044.51 8066.85 8074.88 8562.13  2883.13 5773.33 5762.16 6176.56  2041 4072.31 4078.56 4343.43  1454.85 2900.19 2883.04 3094.22  1036.39 2076.9 2073.54 2238.79  
11307.4 22590.9 22612.5 24038.9  2171.63 4336.26 4305.01 4708.99  418.191 863.259 875.823 1005.94  82.7873 168.733 166.928 196.992  16.1753 33.0719 32.0131 39.6134  
5861.5 11712.8 11727.8 12467.2  3410.73 6804.58 6790.71 7251.47  1981.34 3961.7 3956.79 4252.24  1150.26 2311.82 2315.59 2510.5  667.223 1345.52 1346.17 1474.05  
13607.3 27356.5 27343.8 29379.1  382.96 629.479 642.303 606.913  9.39683 13.6405 13.5965 13.6859  0.289973 0.336049 0.336868 0.280646  0.00753071 0.00791768 0.00685525 0.00696714  
13607.3 27356.5 27343.8 29379.1  384.301 630.072 639.987 604.884  8.14714 13.1053 15.8757 15.6512  0.199662 0.27849 0.371631 0.343628  0.00617548 0.00695197 0.00827669 0.00730136  
4044.51 8066.85 8074.88 8562.13  2883.13 5773.33 5762.16 6176.56  2041 4072.31 4078.56 4343.43  1454.85 2900.19 2883.04 3094.22  1036.39 2076.9 2073.54 2238.79  
5008.31 10056.8 10064.9 10782.1  3198.41 6424.41 6404.11 6909.43  2066.86 4119.37 4146.55 4395.29  1333.72 2657.85 2640.17 2841.51  858.954 1701.86 1704.41 1810.2  
4044.51 8066.85 8074.88 8562.13  2855.81 5679.48 5686.15 6014.31  2044.62 4078.78 4071.26 4347.6  1462.77 2935.15 2929.79 3163  1037.28 2077.91 2070.71 2238.03  
