4 100 5
5315.87 10608.7 10539.7 11264.7  3285.94 6567.1 6520.61 7010.49  2045.59 4079.37 4089.82 4357.05  1265.92 2534.05 2540.17 2730.41  791.948 1598.72 1629.68 1751.88  
5315.87 10608.7 10539.7 11264.7  3285.94 6567.1 6520.61 7010.49  2046.86 4091.52 4130.53 4387.47  1272.53 2549.3 2569.07 2751.23  784.944 1571.71 1572.37 1699.55  
5315.87 10608.7 10539.7 11264.7  3291.95 6596.92 6579.75 7072.92  2044.58 4080.26 4108.21 4364.12  1271.11 2542.28 2555.19 2736.58  788.46 1579.65 1591.11 1710.45  
5315.87 10608.7 10539.7 11264.7  3279.08 6534.08 6475.02 6943.26  2049.46 4104 4147.73 4412.62  1274.15 2557.08 2579.78 2767  787.84 1579.98 1586.38 1712.79  
5315.87 10608.7 10539.7 11264.7  3290.37 6551.8 6540.94 6957.66  2048.06 4104.33 4119.85 4416.2  1269.07 2548.93 2551.41 2760.19  788.135 1589.41 1606.39 1738.24  
5315.87 10608.7 10539.7 11264.7  3297.44 6585.17 6587.78 7025.16  2033.99 4059.96 4031.96 4339.71  1272.28 2560.32 2592.14 2782.51  789.574 1589.27 1606.51 1733.21  
5315.87 10608.7 10539.7 11264.7  3297.44 6585.17 6587.78 7025.16  2045.62 4093.34 4093.72 4393.85  1267.86 2547.65 2568.74 2762.07  787.212 1577.12 1588.44 1707.65  
5315.87 10608.7 10539.7 11264.7  3291.95 6596.92 6579.75 7072.92  2040.98 4064.48 4054.03 4330.87  1268.04 2541.24 2549.36 2743.3  787.7 1585.24 1604.01 1728.48  
5315.87 10608.7 10539.7 11264.7  3291.95 6596.92 6579.75 7072.92  2047.46 4087.26 4105.23 4373.01  1266 2525.47 2524.43 2706.91  786.023 1582.59 1594.16 1726.32  
5315.87 10608.7 10539.7 11264.7  3297.85 6587.8 6574.19 7029.87  2043.98 4100.16 4125.16 4419.11  1267.78 2536.89 2536.96 2732.04  784.964 1573.28 1577.44 1704.11  
9090.19 18154 18123.7 19303.3  3184.44 6366.14 6378.59 6846.73  1118.37 2243.29 2236.68 2447.13  394.066 803.07 815.667 906.484  138.324 280.869 286.835 318.541  
9090.19 18154 18123.7 19303.3  3189.33 6379.64 6360.81 6865.33  1113.52 2229.91 2254.26 2428.78  393.669 799.426 814.541 897.713  138.395 282.887 286.706 323.792  
9090.19 18154 18123.7 19303.3  3187 6391.81 6401.66 6907.56  1112.9 2237.39 2257.44 2451.56  394.62 789.881 788.537 867.816  139.295 277.121 277.705 304.775  
9090.19 18154 18123.7 19303.3  3187.4 6394.42 6388.27 6912.26  1118.03 2240.68 2260.88 2443.83  392.545 784.262 791.971 859.815  137.059 276.942 281.926 311.93  
9090.19 18154 18123.7 19303.3  3182.09 6344.77 6328.62 6794.77  1117.71 2271.91 2303.17 2529.82  394.8 790.811 798.02 869.781  139.544 284.51 287.808 324.367  
9090.19 18154 18123.7 19303.3  3176.3 6388.96 6411.73 6935.31  1121.46 2243.22 2249.22 2438.72  397.117 785.763 780.088 848.312  139.517 277.872 282.141 306.314  
9090.19 18154 18123.7 19303.3  3175.84 6346.81 6374.7 6823.39  1125.05 2265.2 2247.49 2484.2  394.692 795.471 801.951 882.932  138.473 283.292 293.117 325.054  
9090.19 18154 18123.7 19303.3  3183.63 6388.49 6366.21 6907.42  1119.58 2235.52 2266.98 2425.41  394.036 791.76 800.615 875.322  137.976 279.282 286.825 315.471  
9090.19 18154 18123.7 19303.3  3175.84 6346.81 6374.7 6823.39  1125.05 2265.2 2247.49 2484.2  395.541 799.534 807.69 891.52  138.304 281.535 289.578 320.649  
9090.19 18154 18123.7 19303.3  3175.84 6346.81 6374.7 6823.39  1126.36 2267.26 2255.17 2485.9  392.753 795.867 808.006 890.964  139.321 282.924 282.611 320.57  
4413.72 8885.79 8936.86 9565.6  3007.26 6050.17 6061.49 6520.78  2063.86 4135.1 4134.1 4439.94  1438.02 2852.37 2834.13 3023.95  975.845 1931.63 1928.56 2047.24  
4413.72 8885.79 8936.86 9565.6  3048.64 6095.25 6097.29 6508.95  2051.57 4105.81 4131.11 4403.14  1417.87 2833.05 2822.44 3036.78  961.021 1920.92 1913.21 2065.1  
4413.72 8885.79 8936.86 9565.6  2966.97 5985.6 6025.52 6478.63  2095.52 4182.3 4152.94 4463.26  1440.77 2857.92 2839.61 3029.97  981.902 1944.95 1932.05 2062.81  
4413.72 8885.79 8936.86 9565.6  3029.84 6075.5 6090.13 6516.81  2075.34 4151.9 4141.34 4447.94  1416.29 2824.68 2821.46 3019.99  976.099 1936.56 1920.91 2058.7  
4413.72 8885.79 8936.86 9565.6  3040.07 6076.1 6093.46 6486.21  2084.89 4165.06 4145.21 4452.19  1399.72 2809.78 2799.71 3032.41  975.079 1936.93 1925.56 2063.14  
4413.72 8885.79 8936.86 9565.6  2966.97 5985.6 6025.52 6478.63  2092.1 4172.93 4165.13 4450.68  1413.82 2820.13 2821.51 3015.64  985.492 1953.72 1931.63 2073.97  
4413.72 8885.79 8936.86 9565.6  3040.07 6076.1 6093.46 6486.21  2068.99 4144.18 4143.44 4448.25  1402.35 2809.92 2808.65 3024.95  977.866 1940.09 1924.71 2062.46  
4413.72 8885.79 8936.86 9565.6  3008.26 6028.09 6073.8 6461.25  2086.07 4159.84 4151.99 4435.28  1402.81 2810.88 2810.35 3026.03  960.499 1916.62 1912.63 2055.45  
4413.72 8885.79 8936.86 9565.6  3007.66 6052.8 6048.09 6525.42  2063.73 4134.27 4138.36 4438.47  1422.87 2828.39 2834.03 3009.55  961.398 1911.41 1917.6 2039.42  
4413.72 8885.79 8936.86 9565.6  3002.62 6038.95 6066.21 6506.7  2093.74 4169.5 4157.03 4436.37  1389.63 2788.79 2794.12 3009.17  983.183 1944.46 1932.51 2057.53  
4044.51 8066.85 8074.88 8562.13  2874.7 5721.16 5700.55 6063.49  2044.61 4079.07 4069.6 4348.45  1439.88 2884.89 2909.04 3103.59  1033.69 2075.38 2082.54 2243.86  
4044.51 8066.85 8074.88 8562.13  2878.99 5763.26 5766.41 6163.84  2049.37 4104.09 4094.57 4400.65  1456.75 2908.69 2897.87 3111.52  1029.66 2062.95 2072.66 2223.97  
4044.51 8066.85 8074.88 8562.13  2861.56 5707.68 5726.75 6072.1  2051.47 4113 4109.05 4417.95  1458.21 2923.81 2919.88 3147.69  1033.66 2072.03 2073.57 2234.93  
4044.51 8066.85 8074.88 8562.13  2855.81 5679.48 5686.15 6014.31  2044.62 4078.78 4071.26 4347.6  1462.77 2935.15 2929.79 3163  1037.28 2077.91 2070.71 2238.03  
4044.51 8066.85 8074.88 8562.13  2861.56 5707.68 5726.75 6072.1  2037.48 4082.12 4098.41 4381.36  1452.28 2910.71 2915.38 3132.04  1033.87 2060.74 2050.28 2202.87  
4044.51 8066.85 8074.88 8562.13  2883.13 5773.33 5762.16 6176.56  2041 4072.31 4078.56 4343.43  1454.85 2900.19 2883.04 3094.22  1036.39 2076.9 2073.54 2238.79  
4044.51 8066.85 8074.88 8562.13  2878.99 5763.26 5766.41 6163.84  2046.21 4073.89 4047.87 4328.82  1444.78 2897.13 2918.52 3120.89  1028.52 2051.12 2052.49 2195.02  
4044.51 8066.85 8074.88 8562.13  2874.7 5721.16 5700.55 6063.49  2047.67 4109.1 4116.63 4420.43  1439.01 2876.34 2895.58 3083.34  1032.28 2073.71 2081.86 2244.17  
4044.51 8066.85 8074.88 8562.13  2880.81 5750.15 5741.42 6122.2  2031.96 4069.94 4094.17 4367.09  1460.38 2929.09 2917.79 3154.41  1036.61 2072.36 2066.52 2225.81  
4044.51 8066.85 8074.88 8562.13  2874.7 5721.16 5700.55 6063.49  2033.71 4078.26 4105.97 4383.83  1459.54 2929.95 2928.35 3159.97  1039.59 2081.65 2070.35 2240.77  
11307.4 22590.9 22612.5 24038.9  2170.7 4373.89 4358.51 4816.25  422.411 835.545 827.532 915.005  80.2019 161.464 162.968 185.708  15.5522 30.6357 30.7428 34.8734  
11307.4 22590.9 22612.5 24038.9  2170.7 4373.89 4358.51 4816.25  422.155 837.471 831.134 921.265  80.4433 158.53 158.086 176.618  15.4259 31.417 32.1011 37.557  
11307.4 22590.9 22612.5 24038.9  2160.03 4335.36 4343.55 4747.31  428.968 864.418 843.304 971.291  82.8081 167.667 162.003 193.852  16.7556 33.4725 31.0673 38.6703  
11307.4 22590.9 22612.5 24038.9  2171.63 4336.26 4305.01 4708.99  419.92 861.771 870.604 995.204  81.1152 169.844 171.418 206.394  16.1138 33.2272 32.5483 40.2929  
11307.4 22590.9 22612.5 24038.9  2171.63 4336.26 4305.01 4708.99  420.798 866.388 874.962 1005.45  80.743 165.843 166.889 196.049  15.6714 32.5651 32.4508 39.9832  
11307.4 22590.9 22612.5 24038.9  2161.41 4352.36 4359.02 4789.31  426.119 846.948 829.173 933.139  85.0048 169.799 160.634 192.182  16.2356 32.3771 31.1568 37.4311  
11307.4 22590.9 22612.5 24038.9  2161.41 4352.36 4359.02 4789.31  427.867 850.734 830.815 937.705  83.3318 165.154 157.93 184.904  16.0489 32.8788 32.1354 39.5202  
11307.4 22590.9 22612.5 24038.9  2179.33 4365.76 4332.78 4764.39  411.749 836.239 850.316 952.998  82.1319 167.625 164.741 196.256  15.687 31.9642 31.9558 38.2273  
11307.4 22590.9 22612.5 24038.9  2171.63 4336.26 4305.01 4708.99  418.191 863.259 875.823 1005.94  82.7873 168.733 166.928 196.992  16.1753 33.0719 32.0131 39.6134  
11307.4 22590.9 22612.5 24038.9  2174.87 4368.19 4354.84 4787.03  418.44 838.688 831.069 936.412  79.3647 161.987 162.765 189.993  15.9924 32.1885 31.1518 37.7101  
5861.5 11712.8 11727.8 12467.2  3387.48 6795.4 6826.76 7304.26  1977.77 3936.24 3931.7 4195.78  1154.3 2317.89 2313.21 2513.22  676.744 1357.5 1342.58 1474.45  
5861.5 11712.8 11727.8 12467.2  3401.53 6783.92 6786.57 7226.75  1963.45 3947.06 3971.57 4272.39  1154.41 2318.16 2313.34 2513.59  679.587 1355.7 1331.99 1459.79  
5861.5 11712.8 11727.8 12467.2  3413.91 6834.8 6801 7320.83  1972.05 3956.2 3976 4269.27  1149.65 2294.38 2301.81 2466.01  667.253 1327.79 1329.25 1426.11  
5861.5 11712.8 11727.8 12467.2  3410.73 6804.58 6790.71 7251.47  1981.34 3961.7 3956.79 4252.24  1150.26 2311.82 2315.59 2510.5  667.223 1345.52 1346.17 1474.05  
5861.5 11712.8 11727.8 12467.2  3413.91 6834.8 6801 7320.83  1965.28 3928.39 3959.44 4217.11  1156.38 2307.86 2300.15 2479.38  672.389 1349.64 1342.29 1467.85  
5861.5 11712.8 11727.8 12467.2  3399.2 6799.05 6816.05 7275.61  1984.91 3973.05 3963.41 4271.12  1145.73 2292.03 2296.23 2471.93  669.139 1339.47 1336.29 1451.12  
5861.5 11712.8 11727.8 12467.2  3401.53 6783.92 6786.57 7226.75  1978.48 3967.11 3973.3 4276.65  1157.67 2316.91 2298.71 2498.75  669.166 1349.78 1348.06 1479.1  
5861.5 11712.8 11727.8 12467.2  3402.02 6828.94 6825.94 7345.22  1970.22 3930.81 3949.01 4207.03  1154.64 2313.44 2307.74 2500.23  675.403 1342.77 1331.04 1439.39  
5861.5 11712.8 11727.8 12467.2  3397.03 6816.82 6831.05 7329.88  1988.68 3972.55 3954.21 4257.32  1149.75 2295.05 2298.35 2467.21  671.382 1341.13 1336.45 1448.38  
5861.5 11712.8 11727.8 12467.2  3387.94 6754.31 6773.36 7192.11  1977.32 3977.33 3985.09 4307.92  1163.87 2325.03 2299.31 2500.15  675.504 1352.54 1337.69 1464.99  
13607.3 27356.5 27343.8 29379.1  382.415 628.361 642.801 605.643  9.94947 14.7343 13.0174 14.8696  0.282723 0.36012 0.416094 0.364811  0.00689837 0.00776814 0.0088175 0.00826136  
13607.3 27356.5 27343.8 29379.1  384.27 629.815 641.345 604.472  8.12794 13.314 14.5323 16.0762  0.250323 0.326878 0.355959 0.330451  0.00647147 0.00726531 0.00962602 0.00748218  
13607.3 27356.5 27343.8 29379.1  380.137 627.072 637.782 607.67  12.0211 15.8817 17.9692 12.9163  0.48069 0.496576 0.479641 0.293581  0.0148814 0.0123756 0.0120131 0.00604529  
13607.3 27356.5 27343.8 29379.1  382.96 629.479 642.303 606.913  9.48813 13.6939 13.5947 13.6116  0.201066 0.283867 0.338671 0.353069  0.00520385 0.0066428 0.00685948 0.00879411  
13607.3 27356.5 27343.8 29379.1  384.301 630.072 639.987 604.884  8.09659 13.0628 15.8562 15.6726  0.246392 0.318027 0.388193 0.322431  0.00988561 0.00980663 0.0111282 0.00705947  
13607.3 27356.5 27343.8 29379.1  380.626 627.677 640.087 608.108  11.5526 15.302 15.6895 12.4967  0.457039 0.469545 0.453718 0.27504  0.0183222 0.0148447 0.0123363 0.00625351  
13607.3 27356.5 27343.8 29379.1  384.301 630.072 639.987 604.884  8.14714 13.1053 15.8757 15.6512  0.199662 0.27849 0.371631 0.343628  0.00617548 0.00695197 0.00827669 0.00730136  
13607.3 27356.5 27343.8 29379.1  382.512 629.147 638.655 606.901  9.89138 14.0052 17.2141 13.6697  0.243216 0.30331 0.365942 0.308406  0.00756219 0.00763521 0.00825591 0.00656728  
13607.3 27356.5 27343.8 29379.1  380.626 627.677 640.087 608.108  11.6851 15.3988 15.6432 12.4636  0.329346 0.375664 0.495889 0.307334  0.0135825 0.0119745 0.0161721 0.00701143  
13607.3 27356.5 27343.8 29379.1  382.96 629.479 642.303 606.913  9.39683 13.6405 13.5965 13.6859  0.289973 0.336049 0.336868 0.280646  0.00753071 0.00791768 0.00685525 0.00696714  
2787.95 5587.59 5595.76 5973.97  2213.04 4432.74 4466.91 4742.99  1788.67 3583.41 3585.75 3838.87  1426.65 2866.34 2857.19 3087.04  1141.59 2280.38 2291.73 2439.41  
2787.95 5587.59 5595.76 5973.97  2208.44 4438.14 4470.59 4771.9  1798.25 3590.32 3576.73 3825.79  1439.97 2866.55 2851 3044.83  1137.97 2277.91 2294.03 2444.62  
2787.95 5587.59 5595.76 5973.97  2232.1 4476.68 4465.84 4796.42  1776.78 3571.07 3571.28 3843.69  1433.83 2868.02 2869.9 3069.45  1148.56 2296.35 2291.74 2458.79  
2787.95 5587.59 5595.76 5973.97  2228.54 4466.88 4478.7 4783.12  1777.49 3573.02 3568.72 3846.35  1419.37 2846.06 2864.79 3057.96  1152.01 2302.31 2290.71 2463.2  
2787.95 5587.59 5595.76 5973.97  2237.54 4458.87 4452.27 4731.97  1786.42 3584.58 3585.99 3849.1  1424.71 2854.79 2870.02 3064.04  1151.24 2300.87 2287.98 2461.75  
2787.95 5587.59 5595.76 5973.97  2222.29 4452.85 4475.89 4766.41  1789.46 3585.77 3581.27 3842.23  1418.24 2846.31 2862.85 3062.09  1146.03 2290.24 2294.31 2451.09  
2787.95 5587.59 5595.76 5973.97  2231.82 4474.83 4475.35 4793.12  1776.84 3571.43 3569.38 3844.35  1421.81 2841.34 2862.97 3037.86  1153.8 2292.82 2284.65 2432.48  
2787.95 5587.59 5595.76 5973.97  2218.14 4460.5 4470.04 4799.07  1790.28 3584.25 3582.44 3835.72  1425.32 2860.65 2857.23 3076.46  1152.42 2294.5 2294.19 2441.9  
2787.95 5587.59 5595.76 5973.97  2228.54 4466.88 4478.7 4783.12  1774.58 3565.03 3579.19 3835.51  1422.9 2844.17 2860.35 3041.57  1150.05 2299.23 2296.1 2461.79  
2787.95 5587.59 5595.76 5973.97  2232.1 4476.68 4465.84 4796.42  1787.73 3582.5 3575.66 3838.89  1425.53 2851.67 2869.37 3053.29  1150.83 2288.19 2284.01 2429.87  
5008.31 10056.8 10064.9 10782.1  3173.75 6392.26 6401.46 6904.08  2091.59 4153.12 4140.52 4404.18  1321.16 2636.87 2655.41 2827.74  855.207 1702.44 1702.74 1823.28  
5008.31 10056.8 10064.9 10782.1  3198.41 6424.41 6404.11 6909.43  2066.86 4119.37 4146.55 4395.29  1333.72 2657.85 2640.17 2841.51  858.954 1701.86 1704.41 1810.2  
5008.31 10056.8 10064.9 10782.1  3232.97 6454.06 6425.14 6878.14  2054.53 4108.77 4138.98 4406.45  1319.24 2645.04 2641.4 2854.34  856.17 1699.62 1699.13 1812.8  
5008.31 10056.8 10064.9 10782.1  3232.57 6451.43 6438.61 6873.48  2054.67 4109.7 4134.14 4408.1  1329.86 2649.58 2644.98 2832.64  850.812 1700.8 1696.15 1832.7  
5008.31 10056.8 10064.9 10782.1  3197.16 6416.24 6445.95 6894.97  2076.44 4144.35 4122.22 4428.15  1312.17 2628.9 2635.24 2834.21  861.1 1707.52 1691.72 1817.19  
5008.31 10056.8 10064.9 10782.1  3222.13 6451.21 6434.99 6905.8  2074.45 4133.61 4119.84 4406.53  1322.52 2643.1 2638.68 2838.78  851.74 1692.43 1703.45 1808.46  
5008.31 10056.8 10064.9 10782.1  3173.32 6389.49 6415.65 6899.17  2084.71 4152.24 4141.9 4423.6  1340.35 2656.55 2650.46 2817.96  856.261 1702.23 1700.92 1819.38  
5008.31 10056.8 10064.9 10782.1  3207.96 6416.87 6449.47 6862.59  2057.32 4126.91 4101.18 4442.13  1333.72 2657.85 2640.17 2841.51  857.405 1704.77 1702.19 1822.46  
5008.31 10056.8 10064.9 10782.1  3227.93 6440.19 6443.36 6859.33  2034.13 4096.17 4110.77 4436.7  1330.61 2648.84 2654.19 2828.84  846.765 1695.04 1687.08 1829.69  
5008.31 10056.8 10064.9 10782.1  3201.97 6427.88 6441.04 6909.62  2043.29 4100.54 4111.57 4418.64  1332.11 2651.41 2653.28 2830.63  859.743 1706.4 1698.38 1818.92  
7549.99 15108.4 15057 16111.6  3478.66 6955.51 6955.11 7455.98  1602.33 3201.44 3224.41 3450.87  734.699 1471.56 1491.55 1602.59  340.914 680.89 685.984 742.73  
7549.99 15108.4 15057 16111.6  3461.47 6937.23 6985.85 7465.22  1600.35 3200.76 3179.13 3452.37  748.593 1485.06 1495.92 1593.77  343.791 684.114 689.991 742.211  
7549.99 15108.4 15057 16111.6  3466.55 6949.56 6980.62 7480.84  1610.03 3198.55 3190.2 3416.52  738.146 1478.94 1495.12 1611.06  341.06 681.313 684.868 743.268  
7549.99 15108.4 15057 16111.6  3453.95 6929.84 6907.27 7464.83  1610.42 3215.16 3248.35 3462.35  746.623 1475.34 1495.57 1574.65  344.844 684.29 691.172 739.294  
7549.99 15108.4 15057 16111.6  3466.99 6952.44 6965.78 7485.97  1608.82 3204.39 3211.93 3437.12  738.409 1470.78 1473.66 1587.46  341.329 681.004 692.677 742.118  
7549.99 15108.4 15057 16111.6  3461.47 6937.23 6985.85 7465.22  1609.28 3205.69 3210.22 3438.81  741.135 1478.28 1463.88 1597.67  342.454 683.611 692.492 745.338  
7549.99 15108.4 15057 16111.6  3466.99 6952.44 6965.78 7485.97  1609.79 3196.99 3198.14 3413.78  739.933 1472.95 1491.09 1589.21  341.36 682.564 686.767 745.628  
7549.99 15108.4 15057 16111.6  3462.79 6945.87 6941.33 7480.64  1610.18 3197.6 3200.28 3414.25  741.518 1479.53 1509.61 1602.64  342.219 682.976 696.101 744.612  
7549.99 15108.4 15057 16111.6  3476.72 6933.1 6901.65 7400.23  1597.99 3212.09 3258.3 3494.76  740.581 1478.6 1499.73 1602.58  342.486 682.163 688.041 741.062  
7549.99 15108.4 15057 16111.6  3462.79 6945.87 6941.33 7480.64  1610.18 3197.6 3200.28 3414.25  743.121 1479.28 1498.87 1596.11  340.199 682.791 703.003 751.095  
