5 50 5
37005.6 18303.3 30961.8 18568.5 30711.5  14182 7152.99 11784.8 7062.64 11882.4  5386.23 2748.4 4461.68 2679.37 4538.79  2099.04 1084.16 1721.84 1041.82 1751.03  813.509 428.262 659.601 400.544 676.721  
52025.4 26079.1 43214.5 25821.2 43337.8  6919.67 3393.14 5891.38 3615.1 5785.17  914.713 457.496 772.672 486.285 756.366  121.75 60.9874 105.222 66.9356 104.484  15.8976 8.07075 13.862 8.94697 13.9385  
24481.1 12100.3 20476.9 12290.3 20278.4  14480.3 7205.69 12084.9 7255.57 12032.3  8586.36 4313.2 7136.86 4284.63 7154.95  5095.71 2595.44 4214.56 2523.57 4280.24  3000.43 1530.82 2491.6 1489.61 2547.79  
46126.2 22997.3 38381.7 22993.7 38246.9  10636.4 5389.54 8873.53 5326.09 9014.68  2487.98 1232.29 2108.91 1290.73 2089.62  575.509 291.698 488.602 298.225 498.645  133.01 67.8882 112.332 69.7081 113.602  
25728 12782.3 21484.5 12863.6 21404.2  14669.6 7283.17 12239.7 7365.92 12130.8  8361.09 4180.52 6979.42 4191.19 6987.14  4811.67 2433.99 3990.29 2398.2 4020.55  2750.26 1423.35 2267.12 1351.18 2345.09  
0 0 0 0 0  0 0 0 0 0  0 0 0 0 0  0 0 0 0 0  0 0 0 0 0  
46126.2 22997.3 38381.7 22993.7 38246.9  10636.4 5389.54 8873.53 5326.09 9014.68  2487.98 1232.29 2108.91 1290.73 2089.62  575.509 291.698 488.602 298.225 498.645  133.01 67.8882 112.332 69.7081 113.602  
52025.4 26079.1 43214.5 25821.2 43337.8  6896.35 3406.61 5838.02 3580.83 5751.78  928.95 447.071 811.668 508.757 787.726  128.683 58.2923 116.283 76.1651 105.4  17.8485 7.76381 16.8352 11.259 14.9503  
46126.2 22997.3 38381.7 22993.7 38246.9  10636.4 5389.54 8873.53 5326.09 9014.68  2480.73 1222.55 2106.52 1292.12 2075.55  580.987 297.639 491.221 298.299 507.411  134.856 70.8277 113.148 69.0236 119.013  
52025.4 26079.1 43214.5 25821.2 43337.8  6859.11 3405.19 5795.76 3546.8 5742.28  967.92 446.318 859.289 546.747 798.866  127.144 60.3096 111.903 72.602 105.026  17.6365 7.91604 15.9189 10.8376 13.8769  
24481.1 12100.3 20476.9 12290.3 20278.4  14535.1 7280.84 12078.7 7243.93 12076.4  8502.07 4240.65 7115.27 4268.06 7126.39  5059.7 2540.02 4211.51 2534.91 4217.37  3007.16 1532.77 2495.25 1493.73 2544.89  
37005.6 18303.3 30961.8 18568.5 30711.5  14191.3 7133.97 11782.5 7084.88 11797.8  5408.71 2777.07 4480.2 2677.35 4605.75  2068.01 1066.83 1705.23 1027.72 1744.92  820.949 441.916 663.109 397.161 702.032  
52025.4 26079.1 43214.5 25821.2 43337.8  6896.35 3406.61 5838.02 3580.83 5751.78  928.95 447.071 811.668 508.757 787.726  128.683 58.2923 116.283 76.1651 105.4  17.8485 7.76381 16.8352 11.259 14.9503  
52025.4 26079.1 43214.5 25821.2 43337.8  6872.44 3406.35 5822.83 3558.86 5778.1  957.175 446.43 834.314 536.015 765.306  125.685 59.0762 110.879 72.3957 102.486  16.7317 7.83528 15.1308 10.0041 14.1049  
24481.1 12100.3 20476.9 12290.3 20278.4  14535.1 7280.84 12078.7 7243.93 12076.4  8558.49 4294.33 7140.81 4275.95 7188.34  5036.83 2518.65 4201.1 2531.68 4192.57  2995.05 1515.63 2488.17 1496.21 2511.55  
37005.6 18303.3 30961.8 18568.5 30711.5  14216.9 7176.89 11798.4 7074.63 11888.5  5350.39 2712.82 4448.73 2675.37 4504.65  2121.24 1110.89 1729.38 1041.01 1782.97  807.451 429.3 656.903 394.837 688.381  
32954.2 16444.5 27424.2 16416.3 27373.4  14836.1 7416 12391.5 7428.97 12421  6697.66 3358.81 5590.01 3366.02 5602.42  3021.53 1523.74 2510.13 1520.83 2509.61  1367.41 689.361 1141.99 693.008 1145.62  
24481.1 12100.3 20476.9 12290.3 20278.4  14535.1 7280.84 12078.7 7243.93 12076.4  8558.49 4294.33 7140.81 4275.95 7188.34  5036.83 2518.65 4201.1 2531.68 4192.57  2995.05 1515.63 2488.17 1496.21 2511.55  
57367.5 28657.1 47822 28557.7 47948.6  2520.14 1282.31 2086.6 1376.7 1965.56  106.481 57.5175 86.8161 61.844 82.1453  5.57071 2.96398 4.33043 3.51844 3.53925  0.246874 0.120837 0.201405 0.18279 0.145954  
28068.3 13956.6 23450.4 14025.1 23414.3  14930.9 7475.15 12438.5 7453.02 12465.2  7896.09 3922.46 6597.96 3983.86 6537.46  4240.5 2143.5 3516.83 2118.99 3534.56  2273.21 1154.73 1875.25 1136.1 1878.77  
37005.6 18303.3 30961.8 18568.5 30711.5  14216.9 7176.89 11798.4 7074.63 11888.5  5411.19 2751.43 4481.41 2699.21 4530.04  2075.25 1076.5 1707.43 1026.95 1756.86  791.379 416.662 647.981 390.064 674.827  
0 0 0 0 0  0 0 0 0 0  0 0 0 0 0  0 0 0 0 0  0 0 0 0 0  
24481.1 12100.3 20476.9 12290.3 20278.4  14413.8 7141.83 12035.5 7246.06 11906.6  8564.56 4292.29 7129.06 4281.29 7136.6  5083.54 2574.82 4223.54 2528.63 4281.28  3051.55 1582.59 2510.03 1494.53 2599.18  
28068.3 13956.6 23450.4 14025.1 23414.3  14873 7439.27 12407.1 7430.13 12441.3  8005.47 4030.38 6632.33 3995.01 6629.4  4216.54 2110.27 3515.44 2124.48 3502.87  2252.68 1142.3 1866.81 1128.02 1877.55  
57367.5 28657.1 47822 28557.7 47948.6  2522.92 1285.59 2083.03 1376.04 1959.34  104.311 54.6752 90.438 62.6786 88.2656  4.94627 2.51391 4.25915 3.33887 3.62303  0.258905 0.128017 0.213294 0.191604 0.155212  
57367.5 28657.1 47822 28557.7 47948.6  2499.79 1284.67 2062.76 1354.7 1965.09  127.156 55.7236 110.339 83.6094 82.6208  5.21458 2.40105 4.59056 3.69834 3.52437  0.279857 0.112599 0.249864 0.233563 0.150335  
57367.5 28657.1 47822 28557.7 47948.6  2496.59 1274.55 2069.71 1360.8 1963.16  130.223 65.4516 103.535 77.7211 84.2787  5.37927 2.79122 4.49405 3.54403 3.79488  0.245591 0.119431 0.208384 0.185755 0.153258  
24481.1 12100.3 20476.9 12290.3 20278.4  14398.3 7128.3 12037.5 7243.37 11916.8  8617.87 4346.72 7145.69 4285.75 7185.57  5116.38 2613.29 4230.34 2528.1 4314.7  2992.78 1522.08 2491.99 1489.53 2546.15  
57367.5 28657.1 47822 28557.7 47948.6  2496.59 1274.55 2069.71 1360.8 1963.16  130.223 65.4516 103.535 77.7211 84.2787  5.37927 2.79122 4.49405 3.54403 3.79488  0.245591 0.119431 0.208384 0.185755 0.153258  
32954.2 16444.5 27424.2 16416.3 27373.4  14846.9 7396.56 12390.2 7453.45 12332.8  6674.32 3377.26 5566.47 3330.52 5657.82  3019.36 1520.81 2512.94 1521.31 2514.55  1373.07 687.39 1152.63 699.894 1152.06  
32954.2 16444.5 27424.2 16416.3 27373.4  14836.1 7416 12391.5 7428.97 12421  6697.66 3358.81 5590.01 3366.02 5602.42  3021.53 1523.74 2510.13 1520.83 2509.61  1367.41 689.361 1141.99 693.008 1145.62  
57367.5 28657.1 47822 28557.7 47948.6  2513.47 1271.53 2087.49 1379.61 1956.67  112.964 68.2877 85.6755 58.8333 90.7481  5.7552 2.97307 4.56161 3.6123 3.81  0.254899 0.12187 0.211578 0.186754 0.157481  
28068.3 13956.6 23450.4 14025.1 23414.3  14886.8 7379.16 12444.1 7490.14 12331.6  7989.91 4050.61 6616.15 3965.39 6686.68  4248.73 2150.12 3517.8 2121.08 3532.66  2247.08 1142.05 1863.65 1123.25 1884.2  
57367.5 28657.1 47822 28557.7 47948.6  2513.47 1271.53 2087.49 1379.61 1956.67  112.964 68.2877 85.6755 58.8333 90.7481  5.7552 2.97307 4.56161 3.6123 3.81  0.254899 0.12187 0.211578 0.186754 0.157481  
24481.1 12100.3 20476.9 12290.3 20278.4  14535.1 7280.84 12078.7 7243.93 12076.4  8502.07 4240.65 7115.27 4268.06 7126.39  5059.7 2540.02 4211.51 2534.91 4217.37  3007.16 1532.77 2495.25 1493.73 2544.89  
52025.4 26079.1 43214.5 25821.2 43337.8  6859.11 3405.19 5795.76 3546.8 5742.28  967.92 446.318 859.289 546.747 798.866  127.144 60.3096 111.903 72.602 105.026  17.6365 7.91604 15.9189 10.8376 13.8769  
25728 12782.3 21484.5 12863.6 21404.2  14604.2 7268 12211.9 7320.76 12194.7  8433.63 4234.1 7007.45 4213.05 7010.99  4821.55 2438.3 3988.89 2403.45 4001.44  2753.25 1404.53 2277.12 1368.42 2310.67  
37005.6 18303.3 30961.8 18568.5 30711.5  14182 7152.99 11784.8 7062.64 11882.4  5386.23 2748.4 4461.68 2679.37 4538.79  2099.04 1084.16 1721.84 1041.82 1751.03  813.509 428.262 659.601 400.544 676.721  
32954.2 16444.5 27424.2 16416.3 27373.4  14823.5 7390.21 12355.1 7436.83 12287.9  6709.45 3364.08 5609.37 3372.81 5635.16  3027.04 1527.65 2534.63 1523.53 2569.48  1362.44 694.305 1136.5 684.622 1158.94  
32954.2 16444.5 27424.2 16416.3 27373.4  14823.5 7390.21 12355.1 7436.83 12287.9  6709.45 3364.08 5609.37 3372.81 5635.16  3027.04 1527.65 2534.63 1523.53 2569.48  1362.44 694.305 1136.5 684.622 1158.94  
21558.8 10767.7 17952.1 10732.7 17963.3  13800.5 6851.98 11532.1 6923.65 11465.5  8841.02 4440.54 7336.84 4406.22 7340.94  5643.7 2840.03 4708.67 2817.65 4757.24  3646.01 1816.92 3047.96 1839.78 3032.36  
32954.2 16444.5 27424.2 16416.3 27373.4  14836.1 7416 12391.5 7428.97 12421  6697.66 3358.81 5590.01 3366.02 5602.42  3021.53 1523.74 2510.13 1520.83 2509.61  1367.41 689.361 1141.99 693.008 1145.62  
46126.2 22997.3 38381.7 22993.7 38246.9  10654.8 5363.5 8927.94 5364.51 9032.69  2467.84 1261.58 2054.76 1248.07 2086.58  577.393 288.298 489.084 302.737 484.762  133.153 67.6431 112.598 70.0373 113.247  
0 0 0 0 0  0 0 0 0 0  0 0 0 0 0  0 0 0 0 0  0 0 0 0 0  
32954.2 16444.5 27424.2 16416.3 27373.4  14834 7378.35 12411.2 7457.47 12371.5  6689.01 3393.96 5554 3329.67 5631.47  3018.41 1521.63 2508.35 1519.59 2507.86  1371.45 693.515 1146.89 693.364 1159.14  
32954.2 16444.5 27424.2 16416.3 27373.4  14846.9 7396.56 12390.2 7453.45 12332.8  6680.3 3385.82 5556.67 3328.64 5639.57  3016.03 1516.12 2518.24 1522.32 2524.43  1374.01 689.389 1156.5 699.244 1165.44  
28068.3 13956.6 23450.4 14025.1 23414.3  14929.1 7517.8 12399 7416.66 12487  7926.68 3921.35 6632.54 4012.69 6539.64  4205.2 2111.24 3505.7 2113.33 3511.86  2282.81 1159.59 1884.96 1141.07 1891  
46126.2 22997.3 38381.7 22993.7 38246.9  10664.1 5376.89 8912.53 5361.54 9004  2455.67 1231.09 2070.79 1262.08 2076.08  576.864 302.105 483.587 291.115 511.054  135.509 70.5124 115.488 69.9345 122.526  
32954.2 16444.5 27424.2 16416.3 27373.4  14836.1 7416 12391.5 7428.97 12421  6697.66 3358.81 5590.01 3366.02 5602.42  3021.53 1523.74 2510.13 1520.83 2509.61  1367.41 689.361 1141.99 693.008 1145.62  
32954.2 16444.5 27424.2 16416.3 27373.4  14797.3 7433.18 12337.8 7379.94 12436.4  6707.47 3365.69 5585.31 3368.56 5582.87  3035.08 1514.59 2542.25 1540.95 2530.1  1374.45 676.036 1160.24 710.526 1135.82  
