5 150 5
21558.8 10767.7 17952.1 10732.7 17963.3  13782.2 6916.61 11461.8 6854.43 11515.2  8838.75 4431.6 7351 4411.68 7359.04  5679.5 2808.91 4762.52 2875.21 4710.68  3635.72 1825.22 3030.19 1823.6 3037.89  
21558.8 10767.7 17952.1 10732.7 17963.3  13800.5 6851.98 11532.1 6923.65 11465.5  8846.05 4410.8 7382.4 4435.66 7362.12  5676.6 2844.83 4725.08 2842.81 4723.18  3620.79 1842.42 2993.64 1796.03 3031.64  
21558.8 10767.7 17952.1 10732.7 17963.3  13818 6900.43 11511.8 6899.9 11501.2  8848.9 4427 7365.37 4424.78 7355.38  5659.75 2835.3 4710.09 2835.22 4703.39  3619.5 1822.6 3012.24 1811 3028.35  
21558.8 10767.7 17952.1 10732.7 17963.3  13818 6900.43 11511.8 6899.9 11501.2  8818.94 4401.08 7369.42 4419.55 7374.99  5680.95 2845.53 4729.56 2846.24 4724.62  3637.48 1816.24 3030.92 1832.27 3009.64  
21558.8 10767.7 17952.1 10732.7 17963.3  13766.6 6829.18 11518.9 6911.94 11459.7  8837.29 4426.5 7366.86 4415.24 7389.87  5671.6 2832.41 4730.84 2848.42 4717.07  3654.12 1845.72 3028.59 1823.42 3040.74  
21558.8 10767.7 17952.1 10732.7 17963.3  13792.5 6898.18 11460.9 6877.7 11432.5  8843.78 4423.96 7362.26 4422.62 7352.7  5679.79 2839.66 4743.08 2850.41 4746.39  3638.64 1820.26 3041.96 1830.6 3046.34  
21558.8 10767.7 17952.1 10732.7 17963.3  13778.8 6920.41 11443.9 6847.82 11488.4  8855.08 4408.81 7402.44 4445.85 7383.37  5681.14 2821.12 4749.62 2866.41 4707.42  3626.73 1813.69 3033.02 1825.09 3037.36  
21558.8 10767.7 17952.1 10732.7 17963.3  13802.4 6886.95 11513.9 6897.19 11511.4  8855.18 4406.84 7387.64 4446.88 7339.31  5648.22 2854.03 4680.54 2809.44 4710.78  3629.7 1805.45 3042.87 1834.52 3031.63  
21558.8 10767.7 17952.1 10732.7 17963.3  13800.5 6851.98 11532.1 6923.65 11465.5  8841.02 4440.54 7336.84 4406.22 7340.94  5643.7 2840.03 4708.67 2817.65 4757.24  3646.01 1816.92 3047.96 1839.78 3032.36  
21558.8 10767.7 17952.1 10732.7 17963.3  13818 6900.43 11511.8 6899.9 11501.2  8841.01 4415.96 7378.03 4427.21 7378.77  5637.39 2831.48 4701.21 2818.62 4730.81  3636.3 1829.56 3019.84 1820.27 3021.56  
21558.8 10767.7 17952.1 10732.7 17963.3  13802.4 6886.95 11513.9 6897.19 11511.4  8856.59 4429.44 7375.94 4429.92 7368.58  5666.61 2834.64 4727.33 2842.38 4727.45  3636.11 1823.14 3028.38 1825.6 3026.11  
21558.8 10767.7 17952.1 10732.7 17963.3  13767.9 6863.74 11500.4 6885.26 11505.4  8866.9 4440.17 7369.46 4430.02 7353.86  5680.36 2846.21 4726.36 2845.06 4719.85  3638.99 1824.45 3031.23 1827.16 3029.3  
21558.8 10767.7 17952.1 10732.7 17963.3  13766.6 6829.18 11518.9 6911.94 11459.7  8836.44 4404.21 7378.68 4432.35 7360.46  5671.91 2840.32 4726.59 2842.29 4727.57  3647.65 1850.28 3012.52 1813.64 3029.34  
21558.8 10767.7 17952.1 10732.7 17963.3  13792.5 6898.18 11460.9 6877.7 11432.5  8804.6 4411.86 7355.44 4398.09 7408.71  5684.78 2841.54 4731.83 2852.67 4708.88  3635.5 1826.61 3026.14 1822.14 3031.88  
21558.8 10767.7 17952.1 10732.7 17963.3  13782.2 6916.61 11461.8 6854.43 11515.2  8860.39 4398.61 7395.23 4458.14 7321.41  5676.69 2827.63 4738.61 2856.98 4709.35  3631.69 1825.48 3022.67 1819.71 3029.96  
0 0 0 0 0  0 0 0 0 0  0 0 0 0 0  0 0 0 0 0  0 0 0 0 0  
0 0 0 0 0  0 0 0 0 0  0 0 0 0 0  0 0 0 0 0  0 0 0 0 0  
0 0 0 0 0  0 0 0 0 0  0 0 0 0 0  0 0 0 0 0  0 0 0 0 0  
0 0 0 0 0  0 0 0 0 0  0 0 0 0 0  0 0 0 0 0  0 0 0 0 0  
0 0 0 0 0  0 0 0 0 0  0 0 0 0 0  0 0 0 0 0  0 0 0 0 0  
0 0 0 0 0  0 0 0 0 0  0 0 0 0 0  0 0 0 0 0  0 0 0 0 0  
0 0 0 0 0  0 0 0 0 0  0 0 0 0 0  0 0 0 0 0  0 0 0 0 0  
0 0 0 0 0  0 0 0 0 0  0 0 0 0 0  0 0 0 0 0  0 0 0 0 0  
0 0 0 0 0  0 0 0 0 0  0 0 0 0 0  0 0 0 0 0  0 0 0 0 0  
0 0 0 0 0  0 0 0 0 0  0 0 0 0 0  0 0 0 0 0  0 0 0 0 0  
0 0 0 0 0  0 0 0 0 0  0 0 0 0 0  0 0 0 0 0  0 0 0 0 0  
0 0 0 0 0  0 0 0 0 0  0 0 0 0 0  0 0 0 0 0  0 0 0 0 0  
0 0 0 0 0  0 0 0 0 0  0 0 0 0 0  0 0 0 0 0  0 0 0 0 0  
0 0 0 0 0  0 0 0 0 0  0 0 0 0 0  0 0 0 0 0  0 0 0 0 0  
0 0 0 0 0  0 0 0 0 0  0 0 0 0 0  0 0 0 0 0  0 0 0 0 0  
24481.1 12100.3 20476.9 12290.3 20278.4  14398.3 7128.3 12037.5 7243.37 11916.8  8617.87 4346.72 7145.69 4285.75 7185.57  5116.38 2613.29 4230.34 2528.1 4314.7  2992.78 1522.08 2491.99 1489.53 2546.15  
24481.1 12100.3 20476.9 12290.3 20278.4  14535.1 7280.84 12078.7 7243.93 12076.4  8558.49 4294.33 7140.81 4275.95 7188.34  5036.83 2518.65 4201.1 2531.68 4192.57  2995.05 1515.63 2488.17 1496.21 2511.55  
24481.1 12100.3 20476.9 12290.3 20278.4  14492.8 7223.3 12065 7251.75 11995.1  8581.25 4306.1 7145.03 4286.19 7169.99  5077.84 2570.68 4214.57 2527.22 4260.32  3003.37 1529.57 2496.37 1493.17 2548.82  
24481.1 12100.3 20476.9 12290.3 20278.4  14413.8 7141.83 12035.5 7246.06 11906.6  8564.56 4292.29 7129.06 4281.29 7136.6  5083.54 2574.82 4223.54 2528.63 4281.28  3051.55 1582.59 2510.03 1494.53 2599.18  
24481.1 12100.3 20476.9 12290.3 20278.4  14445.3 7181.95 12071.3 7243.53 12026.2  8591.23 4314.52 7143.68 4287.94 7163.56  5047.85 2541.65 4198.28 2522.82 4220.45  3013.69 1537.81 2491.18 1495.1 2530.38  
24481.1 12100.3 20476.9 12290.3 20278.4  14445.3 7181.95 12071.3 7243.53 12026.2  8595.01 4334.31 7143.83 4276.1 7208.73  5074.9 2561.23 4214.68 2531.83 4243.1  3019.59 1545.71 2494.27 1494.63 2543.46  
24481.1 12100.3 20476.9 12290.3 20278.4  14535.1 7280.84 12078.7 7243.93 12076.4  8502.07 4240.65 7115.27 4268.06 7126.39  5059.7 2540.02 4211.51 2534.91 4217.37  3007.16 1532.77 2495.25 1493.73 2544.89  
24481.1 12100.3 20476.9 12290.3 20278.4  14363.9 7105 12024.2 7231.55 11910.9  8649.46 4380.01 7171.36 4288.26 7259.4  5074.81 2559.4 4210.17 2532.65 4226.77  3031.95 1555.77 2499.96 1497.58 2552.38  
24481.1 12100.3 20476.9 12290.3 20278.4  14480.3 7205.69 12084.9 7255.57 12032.3  8524.2 4270.66 7112.72 4263.3 7144.15  5106.29 2592.1 4219.64 2535.04 4255.74  3006.24 1528.63 2489.12 1495.81 2519.45  
24481.1 12100.3 20476.9 12290.3 20278.4  14480.3 7205.69 12084.9 7255.57 12032.3  8586.36 4313.2 7136.86 4284.63 7154.95  5095.71 2595.44 4214.56 2523.57 4280.24  3000.43 1530.82 2491.6 1489.61 2547.79  
24481.1 12100.3 20476.9 12290.3 20278.4  14480.3 7205.69 12084.9 7255.57 12032.3  8576.98 4304.97 7138.11 4283.01 7161.12  5084.73 2578.25 4209.25 2526.96 4248.89  2997.29 1533.8 2487.09 1484.42 2553.2  
24481.1 12100.3 20476.9 12290.3 20278.4  14431.6 7204.44 12055.3 7213.82 12085.2  8567.8 4304.71 7132.68 4275.34 7171.14  5118.69 2593 4235.51 2545.8 4265.48  3025.86 1540.87 2499.73 1503.92 2526.92  
24481.1 12100.3 20476.9 12290.3 20278.4  14486.7 7238.74 12085.2 7235.55 12108.1  8581.81 4302.16 7126.22 4288.96 7108.43  5077.98 2571.53 4221.06 2527.06 4279.54  3017.62 1539.67 2495.61 1497.71 2535.22  
24481.1 12100.3 20476.9 12290.3 20278.4  14496.1 7219.47 12082.8 7258.31 12021.9  8579.9 4307.64 7137.73 4283.5 7159.15  5031.93 2529.49 4196.03 2518.6 4223.97  3022.62 1554.16 2499.69 1490.98 2573.21  
24481.1 12100.3 20476.9 12290.3 20278.4  14486.7 7238.74 12085.2 7235.55 12108.1  8600.43 4347.82 7135.06 4270.23 7207.82  5083.54 2574.66 4215.61 2529.29 4258.23  2996.98 1511.85 2491.79 1501.32 2504.35  
37005.6 18303.3 30961.8 18568.5 30711.5  14016.7 7020.45 11698.7 7019.68 11741.8  5550.63 2869.25 4548.44 2730.31 4651.31  2119.12 1114.39 1726.94 1036.62 1791.71  806.713 425.694 657.635 396.851 682.622  
37005.6 18303.3 30961.8 18568.5 30711.5  14218.9 7213.51 11779.7 7047.59 11936.1  5425.66 2750.8 4498.21 2713.05 4531.62  2073.43 1065.02 1710.27 1034.42 1737.04  787.282 410.187 648.89 391.658 670.284  
37005.6 18303.3 30961.8 18568.5 30711.5  14182 7152.99 11784.8 7062.64 11882.4  5371.6 2727.15 4457.03 2682.71 4508.31  2115.99 1102.17 1728.93 1042.85 1772.95  807.096 426.803 655.781 396.037 680.291  
37005.6 18303.3 30961.8 18568.5 30711.5  14095.5 7043.87 11738.4 7070.29 11694.6  5488.47 2845.39 4518.65 2694.43 4678.01  2095.35 1100.07 1717.29 1026.64 1792.84  811.056 432.579 658.537 395.457 691.824  
37005.6 18303.3 30961.8 18568.5 30711.5  14191.3 7133.97 11782.5 7084.88 11797.8  5429.9 2804.41 4484.12 2675.06 4632.99  2056.11 1055.35 1703.04 1026.41 1739.57  812.256 429.89 661.385 398.555 688.807  
37005.6 18303.3 30961.8 18568.5 30711.5  14182 7152.99 11784.8 7062.64 11882.4  5448.46 2787.93 4495.05 2703.73 4564.68  2079.81 1077.31 1709.37 1030.47 1751.26  788.929 412.938 647.678 390.893 670.276  
37005.6 18303.3 30961.8 18568.5 30711.5  14191.3 7133.97 11782.5 7084.88 11797.8  5383.35 2738.74 4468.63 2683.94 4539.17  2096.25 1098.43 1718.37 1028.33 1789.36  806.32 433.486 656.563 390.536 702.877  
37005.6 18303.3 30961.8 18568.5 30711.5  14183.3 7189.19 11765.9 7035.39 11930  5434.67 2770.45 4494.36 2705.5 4551.25  2081.46 1057.43 1719.48 1047.36 1718.52  798.601 415.617 655.14 397.384 670.701  
37005.6 18303.3 30961.8 18568.5 30711.5  14191.3 7133.97 11782.5 7084.88 11797.8  5396.23 2747.72 4473.6 2688.33 4541.44  2076.7 1089.38 1709.51 1018.27 1795.24  817.999 440.266 663.13 395.824 706.058  
37005.6 18303.3 30961.8 18568.5 30711.5  14182 7152.99 11784.8 7062.64 11882.4  5386.23 2748.4 4461.68 2679.37 4538.79  2099.04 1084.16 1721.84 1041.82 1751.03  813.509 428.262 659.601 400.544 676.721  
37005.6 18303.3 30961.8 18568.5 30711.5  14175.8 7120.34 11784.6 7082.19 11808  5403.04 2763.63 4473.96 2682.11 4568.41  2114.12 1114.41 1722.29 1032.16 1793.28  803.205 425.915 654.369 393.554 684.307  
37005.6 18303.3 30961.8 18568.5 30711.5  14191.3 7133.97 11782.5 7084.88 11797.8  5363.44 2725.99 4457.92 2676.17 4530.77  2122.8 1120.25 1731.47 1035.27 1810.34  815.053 440.475 660.65 393.222 707.917  
37005.6 18303.3 30961.8 18568.5 30711.5  14216.9 7176.89 11798.4 7074.63 11888.5  5411.19 2751.43 4481.41 2699.21 4530.04  2075.25 1076.5 1707.43 1026.95 1756.86  791.379 416.662 647.981 390.064 674.827  
37005.6 18303.3 30961.8 18568.5 30711.5  14191.3 7133.97 11782.5 7084.88 11797.8  5408.71 2777.07 4480.2 2677.35 4605.75  2068.01 1066.83 1705.23 1027.72 1744.92  820.949 441.916 663.109 397.161 702.032  
37005.6 18303.3 30961.8 18568.5 30711.5  14216.9 7176.89 11798.4 7074.63 11888.5  5350.39 2712.82 4448.73 2675.37 4504.65  2121.24 1110.89 1729.38 1041.01 1782.97  807.451 429.3 656.903 394.837 688.381  
46126.2 22997.3 38381.7 22993.7 38246.9  10664.1 5376.89 8912.53 5361.54 9004  2467.33 1241.29 2082.11 1264.66 2102.5  567.958 291.148 477.29 291.669 488.301  133.418 70.6827 112.007 67.861 119.554  
46126.2 22997.3 38381.7 22993.7 38246.9  10636.4 5389.54 8873.53 5326.09 9014.68  2480.73 1222.55 2106.52 1292.12 2075.55  580.987 297.639 491.221 298.299 507.411  134.856 70.8277 113.148 69.0236 119.013  
46126.2 22997.3 38381.7 22993.7 38246.9  10631.3 5307.13 8916.79 5387.97 8908.06  2490.17 1298.66 2075.93 1239.11 2186.5  577.638 302.439 481.467 291.471 504.092  133.597 71.9247 109.938 67.0208 116.848  
46126.2 22997.3 38381.7 22993.7 38246.9  10645.5 5344.82 8901.62 5370.15 8935.74  2475.64 1275.26 2078.12 1244.99 2165.97  578.569 292.114 491.371 300.768 498.188  133.815 69.084 113.257 69.5076 117.182  
46126.2 22997.3 38381.7 22993.7 38246.9  10664.1 5376.89 8912.53 5361.54 9004  2455.67 1231.09 2070.79 1262.08 2076.08  576.864 302.105 483.587 291.115 511.054  135.509 70.5124 115.488 69.9345 122.526  
46126.2 22997.3 38381.7 22993.7 38246.9  10654.8 5363.5 8927.94 5364.51 9032.69  2463.81 1260.47 2048.69 1245.16 2078.74  578.801 286.861 493.186 305.299 487.439  134.922 70.3014 113.074 69.4853 117.127  
46126.2 22997.3 38381.7 22993.7 38246.9  10618.9 5384.78 8847.29 5313.64 8980.81  2495.99 1244.52 2119.67 1287.99 2131.31  583.344 285.074 501.201 311.157 490.24  134.492 66.9217 115.216 71.9197 114.266  
46126.2 22997.3 38381.7 22993.7 38246.9  10664.1 5376.89 8912.53 5361.54 9004  2467.74 1247.66 2078.8 1259.84 2110.9  570.203 288.855 481.712 295.698 486.994  131.987 68.1956 111.592 68.546 115.392  
46126.2 22997.3 38381.7 22993.7 38246.9  10645.5 5344.82 8901.62 5370.15 8935.74  2480.97 1266.45 2087.33 1256.87 2149.79  573.383 298.74 482.163 290.707 507.525  133.702 70.7523 113.25 68.1064 122.407  
46126.2 22997.3 38381.7 22993.7 38246.9  10636.4 5389.54 8873.53 5326.09 9014.68  2487.98 1232.29 2108.91 1290.73 2089.62  575.509 291.698 488.602 298.225 498.645  133.01 67.8882 112.332 69.7081 113.602  
46126.2 22997.3 38381.7 22993.7 38246.9  10654.8 5363.5 8927.94 5364.51 9032.69  2467.84 1261.58 2054.76 1248.07 2086.58  577.393 288.298 489.084 302.737 484.762  133.153 67.6431 112.598 70.0373 113.247  
46126.2 22997.3 38381.7 22993.7 38246.9  10665 5346.56 8940.44 5387.14 8988.76  2460.03 1274.61 2045.21 1230.86 2120.27  572.828 290.526 482.667 296.566 487.2  134.587 69.6325 114.212 69.7836 119.128  
46126.2 22997.3 38381.7 22993.7 38246.9  10646.9 5372.21 8886.74 5349.31 8970.7  2475.94 1244.45 2092.78 1270.04 2115.39  574.461 293.957 487.326 295.537 504.544  135.408 70.2619 116.016 70.0731 123.531  
46126.2 22997.3 38381.7 22993.7 38246.9  10654.8 5363.5 8927.94 5364.51 9032.69  2470.31 1257.52 2057.82 1253.52 2076.39  573.953 293.734 483.08 295.164 493.978  133.709 67.6045 113.792 70.6196 114.665  
46126.2 22997.3 38381.7 22993.7 38246.9  10631.3 5307.13 8916.79 5387.97 8908.06  2490.17 1298.66 2075.93 1239.11 2186.5  575.564 303.782 476.441 288.487 500.075  135.234 71.5922 113.548 68.8138 121.108  
52025.4 26079.1 43214.5 25821.2 43337.8  6924.62 3384.24 5890.66 3627 5744.02  907.612 464.141 769.966 474.277 787.766  122.632 63.0678 106.942 65.9516 112.878  17.0561 8.2288 15.4676 9.93967 15.2883  
52025.4 26079.1 43214.5 25821.2 43337.8  6875.37 3398.72 5812.57 3567.53 5721.83  954.592 453.039 843.181 528.517 813.983  125.587 60.0057 112.409 71.55 109.433  16.4528 7.95951 14.8774 9.59979 14.6762  
52025.4 26079.1 43214.5 25821.2 43337.8  6909.46 3407.75 5864.64 3592.68 5787.01  920.798 443.818 792.358 503.788 750.903  124.409 60.1273 110.023 70.2836 106.777  17.2843 7.97467 16.0008 10.4539 15.1398  
52025.4 26079.1 43214.5 25821.2 43337.8  6919.67 3393.14 5891.38 3615.1 5785.17  914.713 457.496 772.672 486.285 756.366  121.75 60.9874 105.222 66.9356 104.484  15.8976 8.07075 13.862 8.94697 13.9385  
52025.4 26079.1 43214.5 25821.2 43337.8  6925.7 3401.61 5881.13 3613.1 5766.73  910.759 448.233 785.059 490.998 772.07  119.028 61.7563 102.347 63.6179 107.07  16.5038 8.10501 14.5597 9.49572 14.142  
52025.4 26079.1 43214.5 25821.2 43337.8  6927.41 3399.77 5890.23 3616.51 5779.99  908.63 451.003 777.267 486.433 766.098  119.379 60.9466 101.223 64.5982 100.744  16.6057 7.98151 14.4623 9.70822 13.2914  
52025.4 26079.1 43214.5 25821.2 43337.8  6914.53 3398.66 5864.07 3604.86 5745.37  920.592 453.099 798.562 496.24 793.609  120.903 59.9604 106.139 67.0255 106.297  16.0661 8.01339 14.3993 9.1668 14.7079  
52025.4 26079.1 43214.5 25821.2 43337.8  6859.11 3405.19 5795.76 3546.8 5742.28  967.92 446.318 859.289 546.747 798.866  127.144 60.3096 111.903 72.602 105.026  17.6365 7.91604 15.9189 10.8376 13.8769  
52025.4 26079.1 43214.5 25821.2 43337.8  6907.72 3409.62 5855.38 3589.21 5773.51  917.606 444.057 794.379 500.419 765.982  129.012 58.1636 116.756 76.6426 105.31  17.4911 7.86275 16.2971 10.767 14.9654  
52025.4 26079.1 43214.5 25821.2 43337.8  6896.35 3406.61 5838.02 3580.83 5751.78  934.216 447.006 818.843 514.104 790.837  124.148 58.3486 110.142 71.6003 102.731  17.1996 7.79614 15.9198 10.5378 14.6402  
52025.4 26079.1 43214.5 25821.2 43337.8  6919.67 3393.14 5891.38 3615.1 5785.17  912.006 456.455 769.376 484.526 752.49  124.134 61.8566 108.248 68.521 108.088  16.2399 8.22464 14.2248 9.15542 14.3478  
52025.4 26079.1 43214.5 25821.2 43337.8  6896.35 3406.61 5838.02 3580.83 5751.78  932.391 446.853 815.093 512.4 786.001  126.643 58.5314 114.695 73.9883 107.727  16.5393 7.74584 15.1134 9.88989 14.3708  
52025.4 26079.1 43214.5 25821.2 43337.8  6872.44 3406.35 5822.83 3558.86 5778.1  957.175 446.43 834.314 536.015 765.306  125.685 59.0762 110.879 72.3957 102.486  16.7317 7.83528 15.1308 10.0041 14.1049  
52025.4 26079.1 43214.5 25821.2 43337.8  6925.7 3401.61 5881.13 3613.1 5766.73  908.784 451.349 781.596 486.354 777.866  120.776 58.917 105.128 67.7374 101.042  16.693 7.82834 15.1485 9.97557 14.2522  
52025.4 26079.1 43214.5 25821.2 43337.8  6896.35 3406.61 5838.02 3580.83 5751.78  928.95 447.071 811.668 508.757 787.726  128.683 58.2923 116.283 76.1651 105.4  17.8485 7.76381 16.8352 11.259 14.9503  
28068.3 13956.6 23450.4 14025.1 23414.3  14872.6 7402.25 12427.6 7459.41 12392.1  7903.62 3981.81 6573.78 3943.11 6620.06  4291.04 2167.22 3546.08 2145.12 3538.61  2280.18 1165.09 1877.2 1134.39 1892.81  
28068.3 13956.6 23450.4 14025.1 23414.3  14929.1 7517.8 12399 7416.66 12487  7970.06 3985.79 6637.29 3999.73 6613.85  4184.82 2091.93 3497.45 2110.83 3491.08  2266.41 1134.8 1884.43 1146.38 1865.11  
28068.3 13956.6 23450.4 14025.1 23414.3  14794.7 7392.8 12358.9 7397.27 12400  8008.73 3991.99 6658.86 4028.47 6583.23  4256.75 2175.5 3513.28 2108.28 3568.93  2268.84 1145.67 1881.05 1139.75 1880.09  
28068.3 13956.6 23450.4 14025.1 23414.3  14930.9 7475.15 12438.5 7453.02 12465.2  7896.09 3922.46 6597.96 3983.86 6537.46  4240.5 2143.5 3516.83 2118.99 3534.56  2273.21 1154.73 1875.25 1136.1 1878.77  
28068.3 13956.6 23450.4 14025.1 23414.3  14922.9 7403.56 12458.2 7502.6 12337.8  7973.02 4039.2 6609.56 3959.57 6683.78  4240.39 2155.05 3508.73 2109.89 3545.24  2233.52 1134.01 1856.73 1117.6 1880.7  
28068.3 13956.6 23450.4 14025.1 23414.3  14929.1 7517.8 12399 7416.66 12487  7926.68 3921.35 6632.54 4012.69 6539.64  4205.2 2111.24 3505.7 2113.33 3511.86  2282.81 1159.59 1884.96 1141.07 1891  
28068.3 13956.6 23450.4 14025.1 23414.3  14794.7 7392.8 12358.9 7397.27 12400  7981.54 3991.26 6642.5 4005.25 6612.19  4291.04 2167.22 3546.08 2145.12 3538.61  2274.2 1167.78 1869.07 1126.9 1895.16  
28068.3 13956.6 23450.4 14025.1 23414.3  14831 7344.54 12413.8 7468.07 12308.6  7964.92 4033.61 6605.86 3956.61 6681.19  4254.92 2152.48 3524.65 2124.68 3540.53  2261.19 1157.86 1864.43 1123.14 1891.45  
28068.3 13956.6 23450.4 14025.1 23414.3  14930.9 7475.15 12438.5 7453.02 12465.2  7977.07 3993.1 6628.1 3999.57 6591.89  4234.75 2143.11 3509.27 2114.37 3528.62  2238.98 1139.63 1855.81 1117.95 1878.77  
28068.3 13956.6 23450.4 14025.1 23414.3  14886.8 7379.16 12444.1 7490.14 12331.6  7989.91 4050.61 6616.15 3965.39 6686.68  4248.73 2150.12 3517.8 2121.08 3532.66  2247.08 1142.05 1863.65 1123.25 1884.2  
28068.3 13956.6 23450.4 14025.1 23414.3  14795.7 7356.59 12380.3 7427.14 12351.5  8011.54 4070.54 6617.29 3968.45 6685.63  4265.9 2163.13 3526.92 2126.03 3545.47  2271.51 1137.23 1888.8 1149 1869.44  
28068.3 13956.6 23450.4 14025.1 23414.3  14832.2 7455.58 12352.3 7380.22 12456.2  7922.84 3937.85 6620.28 3995.84 6564.47  4290.71 2166.55 3549.83 2145.54 3547  2284.25 1163.7 1880.77 1138.99 1887.25  
28068.3 13956.6 23450.4 14025.1 23414.3  14922.9 7403.56 12458.2 7502.6 12337.8  7948.84 3987.03 6612.28 3979.01 6612.02  4234.04 2147.14 3509.53 2110.28 3543.52  2249.85 1152.49 1860.61 1117.33 1898.12  
28068.3 13956.6 23450.4 14025.1 23414.3  14832.2 7455.58 12352.3 7380.22 12456.2  7995.35 4001.33 6651.42 4009.78 6624.88  4217.89 2113.42 3512.61 2123.03 3500.28  2292.71 1152.54 1894.47 1155.43 1869.37  
28068.3 13956.6 23450.4 14025.1 23414.3  14873 7439.27 12407.1 7430.13 12441.3  8005.47 4030.38 6632.33 3995.01 6629.4  4216.54 2110.27 3515.44 2124.48 3502.87  2252.68 1142.3 1866.81 1128.02 1877.55  
25728 12782.3 21484.5 12863.6 21404.2  14696.1 7327 12256.2 7355.27 12223.9  8403.62 4217.13 6987.15 4199.86 6992.38  4776.89 2395.38 3980.6 2398.14 3982.27  2735.6 1405.41 2260.93 1352.05 2319.25  
25728 12782.3 21484.5 12863.6 21404.2  14660 7302.61 12242.1 7342.82 12217.7  8394.6 4194.14 6985.04 4209.68 6947.75  4766.61 2396.12 3973.36 2388.23 3994.34  2766.11 1414.89 2284.43 1371.63 2323.67  
25728 12782.3 21484.5 12863.6 21404.2  14669.6 7283.17 12239.7 7365.92 12130.8  8381.33 4194.34 6987.29 4198.16 6990.65  4817.03 2447.47 3991.56 2392.66 4046.44  2748.95 1411.9 2269.18 1358.8 2322.18  
25728 12782.3 21484.5 12863.6 21404.2  14714.8 7378.8 12234.6 7330.05 12262  8393.66 4197.29 6985.9 4206.82 6960.41  4775.19 2418.64 3971.46 2378.44 4027.86  2732.6 1381.74 2274.59 1368.18 2297.04  
25728 12782.3 21484.5 12863.6 21404.2  14714.8 7378.8 12234.6 7330.05 12262  8396.94 4216.56 6985.34 4194.64 7003.99  4771.76 2373.75 3990.65 2411.23 3961.23  2742.93 1392.23 2276.09 1368.99 2302.05  
25728 12782.3 21484.5 12863.6 21404.2  14661.4 7339.57 12222.5 7314.49 12266.5  8419.83 4233.37 6990.53 4201.29 7002.04  4802.91 2408.08 3991.56 2411.19 3974.64  2714.39 1355.64 2271.91 1372.67 2267.17  
25728 12782.3 21484.5 12863.6 21404.2  14669.6 7283.17 12239.7 7365.92 12130.8  8381.33 4194.34 6987.29 4198.16 6990.65  4781.75 2435.2 3971.26 2371.17 4056.34  2761.22 1406.45 2285.39 1373.98 2316.02  
25728 12782.3 21484.5 12863.6 21404.2  14653.5 7269.27 12241.9 7363.14 12141.2  8392.68 4240.82 6975.32 4171.6 7058.37  4801.83 2420.79 3991.91 2400.26 4014.53  2737.34 1387.44 2272.48 1367.64 2294.95  
25728 12782.3 21484.5 12863.6 21404.2  14669.6 7283.17 12239.7 7365.92 12130.8  8361.09 4180.52 6979.42 4191.19 6987.14  4811.67 2433.99 3990.29 2398.2 4020.55  2750.26 1423.35 2267.12 1351.18 2345.09  
25728 12782.3 21484.5 12863.6 21404.2  14660 7302.61 12242.1 7342.82 12217.7  8418.48 4251.52 6971.42 4185.23 7006.92  4804.82 2428.51 3984.9 2396.69 4009.18  2742.34 1387.18 2277.79 1372.48 2293.96  
25728 12782.3 21484.5 12863.6 21404.2  14659.7 7381.44 12183.8 7278.8 12288  8333.88 4119.74 6986.39 4216.09 6907.6  4810.55 2405.55 4007.49 2419.99 3989.08  2773.44 1408.99 2294.26 1382.72 2313.06  
25728 12782.3 21484.5 12863.6 21404.2  14563.4 7211.33 12198.3 7329.26 12112.5  8398.26 4223.92 6987.86 4189.64 7029.2  4838.41 2464.94 3998.79 2397.74 4055.42  2778.74 1421.76 2287.08 1377.24 2314.96  
25728 12782.3 21484.5 12863.6 21404.2  14618.1 7245.32 12228.1 7350.91 12135.1  8435.15 4254.24 6988.72 4197.87 7014.44  4810.66 2433.37 3996.67 2398.31 4037.94  2750.87 1400.55 2278.46 1369.44 2309.82  
25728 12782.3 21484.5 12863.6 21404.2  14618.1 7245.32 12228.1 7350.91 12135.1  8375.2 4230.62 6963.62 4163.98 7047.45  4822.35 2424.16 4002.77 2415.42 3996.58  2760.48 1400.69 2284.36 1377.57 2299.71  
25728 12782.3 21484.5 12863.6 21404.2  14604.2 7268 12211.9 7320.76 12194.7  8433.63 4234.1 7007.45 4213.05 7010.99  4821.55 2438.3 3988.89 2403.45 4001.44  2753.25 1404.53 2277.12 1368.42 2310.67  
57367.5 28657.1 47822 28557.7 47948.6  2522.92 1285.59 2083.03 1376.04 1959.34  104.311 54.6752 90.438 62.6786 88.2656  4.94627 2.51391 4.25915 3.33887 3.62303  0.258905 0.128017 0.213294 0.191604 0.155212  
57367.5 28657.1 47822 28557.7 47948.6  2520.14 1282.31 2086.6 1376.7 1965.56  106.63 57.9767 86.5245 61.57 82.2305  5.39749 2.49179 4.61224 3.78288 3.44787  0.269616 0.133895 0.210432 0.191243 0.152453  
57367.5 28657.1 47822 28557.7 47948.6  2513.47 1271.53 2087.49 1379.61 1956.67  113.741 68.4593 86.2756 59.423 90.7956  5.02612 2.80378 4.00043 3.07068 3.75081  0.208667 0.118949 0.174887 0.14157 0.168252  
57367.5 28657.1 47822 28557.7 47948.6  2513.59 1277.95 2084.15 1374.28 1964.54  113.774 62.0332 89.8676 64.8847 83.218  4.85895 2.77918 3.77108 2.95929 3.46947  0.222387 0.148878 0.156877 0.129283 0.160826  
57367.5 28657.1 47822 28557.7 47948.6  2513.59 1277.95 2084.15 1374.28 1964.54  112.996 61.5192 89.532 64.5636 83.0124  5.61018 3.31006 4.06673 3.23696 3.67626  0.24702 0.133759 0.193995 0.169122 0.16067  
57367.5 28657.1 47822 28557.7 47948.6  2513.47 1271.53 2087.49 1379.61 1956.67  112.964 68.2877 85.6755 58.8333 90.7481  5.7552 2.97307 4.56161 3.6123 3.81  0.254899 0.12187 0.211578 0.186754 0.157481  
57367.5 28657.1 47822 28557.7 47948.6  2519.91 1275.81 2089.9 1382 1957.67  106.861 64.1912 83.3989 56.5976 89.7881  5.44727 2.77239 4.46785 3.50952 3.75073  0.225585 0.134091 0.180369 0.143689 0.175803  
57367.5 28657.1 47822 28557.7 47948.6  2520.14 1282.31 2086.6 1376.7 1965.56  106.481 57.5175 86.8161 61.844 82.1453  5.57071 2.96398 4.33043 3.51844 3.53925  0.246874 0.120837 0.201405 0.18279 0.145954  
57367.5 28657.1 47822 28557.7 47948.6  2520.14 1282.31 2086.6 1376.7 1965.56  107.499 57.5784 87.6628 62.8121 81.9086  4.578 2.88963 3.51914 2.59408 3.76739  0.221354 0.133394 0.16745 0.140802 0.154236  
57367.5 28657.1 47822 28557.7 47948.6  2499.79 1284.67 2062.76 1354.7 1965.09  127.156 55.7236 110.339 83.6094 82.6208  5.21458 2.40105 4.59056 3.69834 3.52437  0.279857 0.112599 0.249864 0.233563 0.150335  
57367.5 28657.1 47822 28557.7 47948.6  2513.59 1277.95 2084.15 1374.28 1964.54  113.623 62.3414 89.326 64.4291 83.0626  4.98284 2.48793 4.27281 3.37148 3.62607  0.245565 0.132062 0.194146 0.1693 0.160198  
57367.5 28657.1 47822 28557.7 47948.6  2496.59 1274.55 2069.71 1360.8 1963.16  129.667 65.0518 103.581 77.6084 84.4962  5.93481 3.17498 4.46216 3.67394 3.57053  0.245021 0.135709 0.193179 0.167383 0.160307  
57367.5 28657.1 47822 28557.7 47948.6  2513.44 1285.26 2077.55 1367.6 1968.03  113.923 55.0501 96.1904 71.2556 79.8762  4.82018 2.4825 3.98389 3.18355 3.33962  0.260581 0.117233 0.216758 0.201561 0.141901  
57367.5 28657.1 47822 28557.7 47948.6  2503.59 1271.77 2078.89 1370.01 1960.77  123 68.0803 94.5001 68.4963 86.9435  5.61901 2.92783 4.37348 3.57763 3.52438  0.230564 0.126201 0.181764 0.158328 0.150547  
57367.5 28657.1 47822 28557.7 47948.6  2496.59 1274.55 2069.71 1360.8 1963.16  130.223 65.4516 103.535 77.7211 84.2787  5.37927 2.79122 4.49405 3.54403 3.79488  0.245591 0.119431 0.208384 0.185755 0.153258  
32954.2 16444.5 27424.2 16416.3 27373.4  14786.4 7445.46 12279.8 7358.56 12349.7  6732.52 3349.24 5650.29 3405.88 5636.57  3021.62 1516.38 2526.95 1527.23 2532.69  1373.25 681.897 1157.6 704.596 1149.06  
32954.2 16444.5 27424.2 16416.3 27373.4  14810.7 7452.03 12316.1 7375.79 12396.3  6686.8 3336.91 5581.57 3373.25 5548.95  3047 1516.49 2567.26 1550.89 2567.6  1371.1 684.989 1153.26 700.1 1152.42  
32954.2 16444.5 27424.2 16416.3 27373.4  14836.1 7416 12391.5 7428.97 12421  6697.66 3358.81 5590.01 3366.02 5602.42  3021.53 1523.74 2510.13 1520.83 2509.61  1367.41 689.361 1141.99 693.008 1145.62  
32954.2 16444.5 27424.2 16416.3 27373.4  14846.9 7396.56 12390.2 7453.45 12332.8  6680.3 3385.82 5556.67 3328.64 5639.57  3016.03 1516.12 2518.24 1522.32 2524.43  1374.01 689.389 1156.5 699.244 1165.44  
32954.2 16444.5 27424.2 16416.3 27373.4  14834 7378.35 12411.2 7457.47 12371.5  6689.01 3393.96 5554 3329.67 5631.47  3018.41 1521.63 2508.35 1519.59 2507.86  1371.45 693.515 1146.89 693.364 1159.14  
32954.2 16444.5 27424.2 16416.3 27373.4  14852.8 7430.51 12389.3 7431.89 12410  6666.15 3364.19 5540.8 3332.55 5576.26  3034.46 1514.15 2545.58 1541 2539.25  1362.63 684.715 1142.33 692.442 1146.77  
32954.2 16444.5 27424.2 16416.3 27373.4  14786.4 7445.46 12279.8 7358.56 12349.7  6731.43 3332.15 5659.27 3418.91 5614.18  3027.94 1526.27 2533.54 1525.21 2560.47  1369.04 688.052 1147.4 695.562 1151.74  
32954.2 16444.5 27424.2 16416.3 27373.4  14786.4 7445.46 12279.8 7358.56 12349.7  6729.81 3333.93 5650.73 3415.75 5601.5  3028.07 1526.13 2534.2 1525.45 2561.46  1371.02 681.448 1155.33 702.913 1148  
32954.2 16444.5 27424.2 16416.3 27373.4  14797.3 7433.18 12337.8 7379.94 12436.4  6707.47 3365.69 5585.31 3368.56 5582.87  3035.08 1514.59 2542.25 1540.95 2530.1  1374.45 676.036 1160.24 710.526 1135.82  
32954.2 16444.5 27424.2 16416.3 27373.4  14846.9 7396.56 12390.2 7453.45 12332.8  6674.32 3377.26 5566.47 3330.52 5657.82  3019.36 1520.81 2512.94 1521.31 2514.55  1373.07 687.39 1152.63 699.894 1152.06  
32954.2 16444.5 27424.2 16416.3 27373.4  14846.9 7396.56 12390.2 7453.45 12332.8  6681.96 3383.96 5565.41 3331.86 5652.72  3016.21 1524.17 2513.04 1515.93 2533.11  1373.34 685.625 1156.35 701.641 1156.15  
32954.2 16444.5 27424.2 16416.3 27373.4  14823.5 7390.21 12355.1 7436.83 12287.9  6709.45 3364.08 5609.37 3372.81 5635.16  3027.04 1527.65 2534.63 1523.53 2569.48  1362.44 694.305 1136.5 684.622 1158.94  
32954.2 16444.5 27424.2 16416.3 27373.4  14781.3 7411.14 12282 7381.12 12272.8  6726.88 3344.42 5659.06 3405.23 5661.16  3037.74 1531.8 2543.93 1529.87 2576.08  1372.35 691.951 1147.48 695.46 1153.66  
32954.2 16444.5 27424.2 16416.3 27373.4  14797.3 7433.18 12337.8 7379.94 12436.4  6713.34 3337.78 5602.99 3396.45 5534.05  3031.14 1530.77 2528.61 1524.32 2550.96  1374.93 683.742 1157.81 704.617 1150.08  
32954.2 16444.5 27424.2 16416.3 27373.4  14797.3 7433.18 12337.8 7379.94 12436.4  6724.95 3357.79 5609.85 3390.98 5576.28  3027.42 1507.16 2532.86 1539.93 2505.71  1370.59 685.701 1151.7 699.045 1151.72  
