2 33 3
10035 10900.2  7934.42 8557.72  6270.25 6825.22  
10543.8 11390.5  8208.58 8870.13  6390.22 6974.55  
31535.9 34268.2  10804 11655.4  3727.32 3992.95  
31535.9 34268.2  10803.9 11688.2  3689.98 3979.39  
10035 10900.2  7934.42 8557.72  6270.25 6825.22  
31535.9 34268.2  10761 11625  3752.01 4019.09  
29179 31570.5  11435.2 12282.8  4500.81 4932.98  
0 0  0 0  0 0  
29179 31570.5  11401.8 12447.5  4507.75 4799  
31535.9 34268.2  10855.3 11617.3  3684 4001.23  
0 0  0 0  0 0  
28290.3 30484.1  11562 12678.3  4788.57 5176.75  
10543.8 11390.5  8208.58 8870.13  6390.2 6903.73  
10035 10900.2  7925.12 8607.81  6294.31 6793.55  
10035 10900.2  7866.82 8588.35  6220.65 6803.77  
18215.8 19561.7  11250.4 12131.1  7009.75 7570.97  
10035 10900.2  7875.23 8610.65  6234.53 6807.32  
18032.4 19722.3  11309.3 12251.3  6930.12 7563.6  
29179 31570.5  11455.2 12407.6  4484.12 4879.05  
10035 10900.2  7875.23 8610.65  6282.7 6795.01  
24648.9 26940.4  11881.9 12950.2  5918.76 6262.7  
0 0  0 0  0 0  
31535.9 34268.2  10844.5 11668.8  3697.14 3990.26  
31535.9 34268.2  10844.5 11668.8  3697.14 3990.26  
0 0  0 0  0 0  
18032.4 19722.3  11143.3 12189.5  7057.66 7616.24  
10543.8 11390.5  8193.09 8922.82  6423.75 6920.76  
10035 10900.2  7934.42 8557.72  6270.25 6825.22  
24648.9 26940.4  11972.3 12946.9  5844.54 6283.74  
24648.9 26940.4  11881.9 12950.2  5918.76 6262.7  
29179 31570.5  11455.2 12407.6  4484.12 4879.05  
10543.8 11390.5  8214.3 8908.93  6396.31 6965.33  
29179 31570.5  11469.2 12370.7  4463.05 4874.03  
