2 100 3
18215.8 19561.7  11250.4 12131.1  7009.75 7570.97  
18215.8 19561.7  11286.6 12148.1  7001.96 7654.98  
18215.8 19561.7  11250.4 12131.1  7023.34 7604.91  
18215.8 19561.7  11286.6 12148.1  7001.14 7599.33  
18215.8 19561.7  11283.9 12129.6  6997.09 7571.51  
18215.8 19561.7  11293.2 12237.5  7012.54 7653.84  
18215.8 19561.7  11293.2 12237.5  7012.54 7653.84  
18215.8 19561.7  11274.3 12238.2  7012.57 7553.29  
18215.8 19561.7  11286.6 12148.1  7020.31 7642.34  
18215.8 19561.7  11274.3 12238.2  7006.59 7620.96  
10543.8 11390.5  8208.58 8870.13  6396.09 6963.92  
10543.8 11390.5  8208.58 8870.13  6390.22 6974.55  
10543.8 11390.5  8183.68 8923.71  6419.57 6951.24  
10543.8 11390.5  8230.09 8855.54  6415.39 6955.37  
10543.8 11390.5  8214.3 8908.93  6396.31 6965.33  
10543.8 11390.5  8191.22 8910.12  6417.93 6954.23  
10543.8 11390.5  8222.28 8869.61  6394.57 6973.97  
10543.8 11390.5  8208.58 8870.13  6390.2 6903.73  
10543.8 11390.5  8183.68 8923.71  6395.64 6962.77  
10543.8 11390.5  8193.09 8922.82  6423.75 6920.76  
31535.9 34268.2  10855.3 11617.3  3684 4001.23  
31535.9 34268.2  10804 11655.4  3727.32 3992.95  
31535.9 34268.2  10803.9 11688.2  3689.98 3979.39  
31535.9 34268.2  10814.1 11603.6  3706.75 4033.8  
31535.9 34268.2  10855.3 11617.3  3652.58 4015.66  
31535.9 34268.2  10814.1 11603.6  3720.76 4015.31  
31535.9 34268.2  10844.5 11668.8  3697.14 3990.26  
31535.9 34268.2  10842.4 11618.5  3675.37 4025.15  
31535.9 34268.2  10855.3 11617.3  3679.7 4024.75  
31535.9 34268.2  10761 11625  3752.01 4019.09  
10035 10900.2  7925.12 8607.81  6294.31 6793.55  
10035 10900.2  7895.54 8573.5  6255.26 6814.2  
10035 10900.2  7846.6 8601.09  6310.98 6775.49  
10035 10900.2  7875.23 8610.65  6282.7 6795.01  
10035 10900.2  7895.54 8573.5  6214.72 6806.88  
10035 10900.2  7895.54 8573.5  6300.73 6781.22  
10035 10900.2  7875.23 8610.65  6234.53 6807.32  
10035 10900.2  7866.82 8588.35  6220.65 6803.77  
10035 10900.2  7934.42 8557.72  6270.25 6825.22  
10035 10900.2  7956.72 8605.79  6224.73 6807.69  
8151.43 8793.9  6765.82 7280.45  5601.73 6019.6  
8151.43 8793.9  6753.87 7227.75  5610.51 6027.78  
8151.43 8793.9  6748.13 7292.45  5588.37 6098.22  
8151.43 8793.9  6735.41 7335.77  5616.68 6071.34  
8151.43 8793.9  6755.5 7238.75  5609.51 6043.27  
8151.43 8793.9  6735.51 7315.19  5612.29 6004.02  
8151.43 8793.9  6735.41 7335.77  5617.98 6080.17  
8151.43 8793.9  6735.41 7335.77  5623.55 6053.32  
8151.43 8793.9  6755.5 7238.75  5604.13 6070.66  
8151.43 8793.9  6747.35 7239.52  5610.28 6016.65  
0 0  0 0  0 0  
0 0  0 0  0 0  
0 0  0 0  0 0  
0 0  0 0  0 0  
0 0  0 0  0 0  
0 0  0 0  0 0  
0 0  0 0  0 0  
0 0  0 0  0 0  
0 0  0 0  0 0  
0 0  0 0  0 0  
29179 31570.5  11455.2 12407.6  4484.12 4879.05  
29179 31570.5  11455.2 12407.6  4478.89 4879.55  
29179 31570.5  11435.2 12282.8  4491.08 4955.42  
29179 31570.5  11415 12411.2  4491.7 4884.98  
29179 31570.5  11455.6 12371.9  4483.93 4900.74  
29179 31570.5  11435.2 12282.8  4500.81 4932.98  
29179 31570.5  11469.2 12370.7  4463.05 4874.03  
29179 31570.5  11401.8 12447.5  4507.75 4799  
29179 31570.5  11401.8 12447.5  4507.75 4799  
29179 31570.5  11414.9 12446.3  4503.37 4856.02  
28290.3 30484.1  11548.7 12550.7  4808.95 5242.74  
28290.3 30484.1  11605.5 12657.2  4771.01 5188.77  
28290.3 30484.1  11562 12678.3  4788.57 5176.75  
28290.3 30484.1  11548.7 12550.7  4786.11 5205.31  
28290.3 30484.1  11602.8 12638.8  4754.49 5154.23  
28290.3 30484.1  11574.2 12454.6  4789.48 5307.37  
28290.3 30484.1  11592 12658.6  4756.55 5166.7  
28290.3 30484.1  11562 12678.3  4793.19 5153.37  
28290.3 30484.1  11595 12546.4  4765.18 5191.84  
28290.3 30484.1  11574.2 12454.6  4789.48 5307.37  
24648.9 26940.4  11936.9 12894.9  5861.36 6301.87  
24648.9 26940.4  11972.3 12946.9  5816.63 6232.72  
24648.9 26940.4  11980.4 13001.6  5867.95 6236.15  
24648.9 26940.4  12059 13015.9  5793.42 6248.6  
24648.9 26940.4  11881.9 12950.2  5918.76 6262.7  
24648.9 26940.4  12072.8 13014.6  5791.6 6239.92  
24648.9 26940.4  11972.3 12946.9  5844.54 6283.74  
24648.9 26940.4  11868.5 12951.5  5935.2 6279.35  
24648.9 26940.4  12070 12996  5825.72 6265.8  
24648.9 26940.4  11881.9 12950.2  5928.29 6279.99  
18032.4 19722.3  11235.7 12237.8  7077.33 7584.21  
18032.4 19722.3  11130.8 12190.7  7004.3 7585.73  
18032.4 19722.3  11235.7 12237.8  6913.53 7540.94  
18032.4 19722.3  11143.3 12189.5  6991.73 7586.88  
18032.4 19722.3  11235.7 12237.8  6978.29 7569.69  
18032.4 19722.3  11280.7 12236.2  7078.51 7594.31  
18032.4 19722.3  11248.5 12236.6  7046.37 7597.4  
18032.4 19722.3  11248.5 12236.6  6952.7 7569.1  
18032.4 19722.3  11143.3 12189.5  7057.66 7616.24  
18032.4 19722.3  11309.3 12251.3  6930.12 7563.6  
