4 16 3
2877.87 3211.34 5013.08 6827.44  2356.68 2622.85 4097.25 5591.08  1925.07 2138.75 3344.83 4578.99  
15649.9 17575.4 27343.2 36971.4  342.271 410.598 636.995 999.956  7.64109 13.7073 19.3391 27.8524  
6062.58 6814.21 10595.7 14310  3730.2 4229.86 6554.9 8812.23  2345.04 2629.34 4094.88 5574.25  
6062.58 6814.21 10595.7 14310  3748.14 4210.94 6544.58 8846.66  2338.27 2636.48 4098.76 5561.35  
2877.87 3211.34 5013.08 6827.44  2357.57 2646.9 4116.99 5567.43  1934.6 2179.34 3387.89 4582.1  
6062.58 6814.21 10595.7 14310  3769.15 4226.55 6580.54 8932.15  2337.86 2641.07 4107.01 5578.61  
2877.87 3211.34 5013.08 6827.44  2352.61 2611.42 4081.13 5571.76  1927.92 2170.07 3381.5 4600.17  
4312.01 4836.98 7540.19 10244.3  3146.3 3517.83 5490.46 7487.09  2305.41 2588.79 4027.47 5459.91  
4312.01 4836.98 7540.19 10244.3  3126.32 3514.56 5480.27 7464.38  2310.8 2589.67 4030.22 5466.03  
2877.87 3211.34 5013.08 6827.44  2346.5 2599.85 4070.34 5579.78  1933.8 2171.65 3384.22 4602.44  
4312.01 4836.98 7540.19 10244.3  3149.69 3512.23 5484.14 7482.53  2301.75 2598.36 4033.09 5441.89  
4312.01 4836.98 7540.19 10244.3  3154.6 3532.99 5504.67 7476.77  2291.42 2574.2 4012.32 5465.82  
15649.9 17575.4 27343.2 36971.4  342.533 414.905 641.77 1001.8  7.37061 9.4315 14.5735 25.9111  
5750 6461.6 10062.9 13643.2  3669.84 4112.44 6416.47 8753.26  2362.71 2669.87 4141.4 5587.89  
6062.58 6814.21 10595.7 14310  3754.3 4228.24 6569.04 8876.06  2332.11 2619.18 4074.31 5531.96  
15649.9 17575.4 27343.2 36971.4  340.827 409.624 634.137 991.567  9.06584 14.6144 22.1188 36.1556  
