4 50 3
6062.58 6814.21 10595.7 14310  3766.42 4245.07 6603.99 8955.08  2332.08 2630.94 4086.25 5531.54  
6062.58 6814.21 10595.7 14310  3730.2 4229.86 6554.9 8812.23  2345.04 2629.34 4094.88 5574.25  
6062.58 6814.21 10595.7 14310  3751.52 4185.75 6521.94 8859.96  2337.71 2653.41 4117.23 5567.23  
6062.58 6814.21 10595.7 14310  3754.3 4228.24 6569.04 8876.06  2332.11 2619.18 4074.31 5531.96  
6062.58 6814.21 10595.7 14310  3769.15 4226.55 6580.54 8932.15  2338.37 2610.06 4072.5 5564.86  
6062.58 6814.21 10595.7 14310  3751.61 4246.42 6592.06 8898.58  2342.3 2611.11 4072.58 5558.27  
6062.58 6814.21 10595.7 14310  3769.15 4226.55 6580.54 8932.15  2337.86 2641.07 4107.01 5578.61  
6062.58 6814.21 10595.7 14310  3751.61 4246.42 6592.06 8898.58  2335.28 2634.37 4095.22 5555.99  
6062.58 6814.21 10595.7 14310  3766.42 4245.07 6603.99 8955.08  2332.08 2630.94 4086.25 5531.54  
6062.58 6814.21 10595.7 14310  3748.14 4210.94 6544.58 8846.66  2338.27 2636.48 4098.76 5561.35  
2877.87 3211.34 5013.08 6827.44  2352.61 2611.42 4081.13 5571.76  1935.76 2182.33 3394.87 4600.3  
2877.87 3211.34 5013.08 6827.44  2349.08 2635.44 4111.45 5601.35  1924.96 2146.58 3354.96 4589.5  
2877.87 3211.34 5013.08 6827.44  2349.08 2635.44 4111.45 5601.35  1937.82 2168.33 3377.19 4583.06  
2877.87 3211.34 5013.08 6827.44  2352.61 2611.42 4081.13 5571.76  1927.92 2170.07 3381.5 4600.17  
2877.87 3211.34 5013.08 6827.44  2352.9 2650.91 4126.76 5597.05  1934.11 2152.7 3361.69 4587.2  
2877.87 3211.34 5013.08 6827.44  2357.57 2646.9 4116.99 5567.43  1934.6 2179.34 3387.89 4582.1  
2877.87 3211.34 5013.08 6827.44  2352.9 2650.91 4126.76 5597.05  1934.11 2152.7 3361.69 4587.2  
2877.87 3211.34 5013.08 6827.44  2346.5 2599.85 4070.34 5579.78  1933.8 2171.65 3384.22 4602.44  
2877.87 3211.34 5013.08 6827.44  2357.44 2630.66 4107.68 5602.45  1934.63 2182.26 3389.57 4575.84  
2877.87 3211.34 5013.08 6827.44  2356.68 2622.85 4097.25 5591.08  1925.07 2138.75 3344.83 4578.99  
4312.01 4836.98 7540.19 10244.3  3146.3 3517.83 5490.46 7487.09  2305.41 2588.79 4027.47 5459.91  
4312.01 4836.98 7540.19 10244.3  3126.32 3514.56 5480.27 7464.38  2299.02 2579.13 4018.83 5469.15  
4312.01 4836.98 7540.19 10244.3  3146.3 3517.83 5490.46 7487.09  2301.82 2573.58 4012.45 5464.11  
4312.01 4836.98 7540.19 10244.3  3143.62 3539.26 5509.61 7475.31  2305.4 2575.55 4012.33 5452.18  
4312.01 4836.98 7540.19 10244.3  3154.6 3532.99 5504.67 7476.77  2291.42 2574.2 4012.32 5465.82  
4312.01 4836.98 7540.19 10244.3  3126.32 3514.56 5480.27 7464.38  2310.8 2589.67 4030.22 5466.03  
4312.01 4836.98 7540.19 10244.3  3147.57 3549.39 5516.12 7454.83  2297.04 2584.9 4024.18 5467.53  
4312.01 4836.98 7540.19 10244.3  3149.69 3512.23 5484.14 7482.53  2301.75 2598.36 4033.09 5441.89  
4312.01 4836.98 7540.19 10244.3  3149.69 3512.23 5484.14 7482.53  2302.06 2594.33 4033.71 5464.42  
4312.01 4836.98 7540.19 10244.3  3150.84 3543.98 5510.02 7450.42  2301.75 2585.8 4026.75 5473.07  
5750 6461.6 10062.9 13643.2  3687.47 4117.27 6418.58 8730.79  2355.43 2644.41 4121.39 5620.16  
5750 6461.6 10062.9 13643.2  3684.25 4142.1 6440.83 8717.42  2359.99 2655.15 4128.05 5597.39  
5750 6461.6 10062.9 13643.2  3680.43 4148.42 6447.96 8722.58  2364.18 2644.65 4121.5 5615.35  
5750 6461.6 10062.9 13643.2  3665.96 4149.75 6436.34 8667.56  2366.89 2648.3 4130.32 5638.49  
5750 6461.6 10062.9 13643.2  3669.84 4112.44 6416.47 8753.26  2348.23 2667.49 4133.99 5571.44  
5750 6461.6 10062.9 13643.2  3665.96 4149.75 6436.34 8667.56  2352.13 2645.89 4122.84 5621.66  
5750 6461.6 10062.9 13643.2  3680.43 4148.42 6447.96 8722.58  2361.36 2652.88 4125.5 5595.54  
5750 6461.6 10062.9 13643.2  3669.84 4112.44 6416.47 8753.26  2362.71 2669.87 4141.4 5587.89  
5750 6461.6 10062.9 13643.2  3683.1 4130.33 6425.12 8700.26  2346.01 2652.85 4126.87 5609.96  
5750 6461.6 10062.9 13643.2  3671.63 4149.3 6446.51 8715.74  2364.85 2648.46 4126.67 5621.18  
15649.9 17575.4 27343.2 36971.4  341.06 413.846 638.811 993.34  8.81619 10.5532 17.5889 34.3144  
15649.9 17575.4 27343.2 36971.4  342.271 410.598 636.995 999.956  7.64109 13.7073 19.3391 27.8524  
15649.9 17575.4 27343.2 36971.4  340.827 409.624 634.137 991.567  9.03634 14.5497 21.9681 35.8134  
15649.9 17575.4 27343.2 36971.4  341.164 415.038 640.469 995.335  8.68027 9.24825 15.7422 32.0138  
15649.9 17575.4 27343.2 36971.4  340.827 409.624 634.137 991.567  9.06584 14.6144 22.1188 36.1556  
15649.9 17575.4 27343.2 36971.4  342.533 414.905 641.77 1001.8  7.38669 9.48818 14.6889 26.1732  
15649.9 17575.4 27343.2 36971.4  342.595 414.309 642.149 1006.16  7.31644 10.1001 14.3277 21.8291  
15649.9 17575.4 27343.2 36971.4  341.06 413.846 638.811 993.34  8.8371 10.503 17.5549 34.4222  
15649.9 17575.4 27343.2 36971.4  342.533 414.905 641.77 1001.8  7.37061 9.4315 14.5735 25.9111  
15649.9 17575.4 27343.2 36971.4  340.827 409.624 634.137 991.567  9.06584 14.6144 22.1188 36.1556  
