4 66 2
6622.17 15561.5 6622.2 19989.5  3404.14 7934.41 3411 10227.2  
11188 26272.8 11218.7 33854.8  2016.1 4592.99 1990.86 5839.43  
11188 26272.8 11218.7 33854.8  2016.1 4592.99 1990.86 5839.43  
2309.6 5348.22 2316.74 6922.05  1923.43 4472.78 1923.34 5761.09  
2309.6 5348.22 2316.74 6922.05  1923.43 4472.78 1923.34 5761.09  
11304.3 26189.3 11313.8 33808.8  1924.97 4573.89 1915.24 5795.91  
3679.55 8557.46 3674.34 11008  2682.58 6205.69 2675.05 7979.6  
5160.17 12074.3 5158.21 15522.4  3196.62 7493.27 3184.57 9586.69  
3679.55 8557.46 3674.34 11008  2680.51 6264.82 2682.71 8063.73  
4198.86 9853.09 4182.79 12609.7  2903.79 6797.79 2908.76 8753.36  
1893.89 4448.08 1893.11 5712.1  1622.79 3803.46 1629.44 4910.02  
4198.86 9853.09 4182.79 12609.7  2900.25 6761.37 2882.29 8642.61  
6622.17 15561.5 6622.2 19989.5  3404.14 7934.41 3411 10227.2  
11304.3 26189.3 11313.8 33808.8  1925.14 4647.67 1921.75 5883.62  
7753.9 18101.9 7749.59 23282  3320.88 7787.23 3330.02 10024.1  
11196.5 26308.4 11216.3 33859.3  1994.31 4554.66 1977.65 5813.48  
1893.89 4448.08 1893.11 5712.1  1616.46 3809.78 1619.32 4898.14  
5160.17 12074.3 5158.21 15522.4  3196.62 7493.27 3184.57 9586.69  
11196.5 26308.4 11216.3 33859.3  2014.11 4549.48 2002.48 5841.7  
5160.17 12074.3 5158.21 15522.4  3204.84 7467 3213.06 9635.16  
4198.86 9853.09 4182.79 12609.7  2897.43 6788.62 2884.88 8682.84  
3679.55 8557.46 3674.34 11008  2679.7 6228.05 2688.2 8049.7  
1893.89 4448.08 1893.11 5712.1  1639.19 3822.39 1639.79 4921.84  
11188 26272.8 11218.7 33854.8  1980.83 4536.05 1967.27 5793.73  
11196.5 26308.4 11216.3 33859.3  1994.31 4554.66 1977.65 5813.48  
1893.89 4448.08 1893.11 5712.1  1622.79 3803.46 1629.44 4910.02  
2309.6 5348.22 2316.74 6922.05  1917.49 4433.9 1921.98 5735.17  
11188 26272.8 11218.7 33854.8  2025.35 4589.25 2000.55 5845.55  
4198.86 9853.09 4182.79 12609.7  2900.25 6761.37 2882.29 8642.61  
11188 26272.8 11218.7 33854.8  2016.1 4592.99 1990.86 5839.43  
11304.3 26189.3 11313.8 33808.8  1923.62 4569.45 1918 5804.33  
11188 26272.8 11218.7 33854.8  2001.26 4584.1 1975.66 5817.23  
11188 26272.8 11218.7 33854.8  1980.83 4536.05 1967.27 5793.73  
2309.6 5348.22 2316.74 6922.05  1910.59 4417.1 1919.1 5726.9  
11304.3 26189.3 11313.8 33808.8  1919.71 4583.5 1921.61 5838.48  
11304.3 26189.3 11313.8 33808.8  1924.97 4573.89 1915.24 5795.91  
6622.17 15561.5 6622.2 19989.5  3367.71 7891.61 3380.17 10174.8  
3679.55 8557.46 3674.34 11008  2682.3 6270.46 2679.05 8052.77  
11188 26272.8 11218.7 33854.8  1995.29 4544.05 1982.32 5815.5  
2309.6 5348.22 2316.74 6922.05  1900.9 4394.01 1913.43 5710.43  
1893.89 4448.08 1893.11 5712.1  1619.62 3819.73 1612.84 4878.79  
11196.5 26308.4 11216.3 33859.3  1995.62 4558.63 1975.01 5805.83  
5160.17 12074.3 5158.21 15522.4  3196.62 7493.27 3184.57 9586.69  
3679.55 8557.46 3674.34 11008  2679.7 6228.05 2688.2 8049.7  
3679.55 8557.46 3674.34 11008  2674.96 6250.67 2682.6 8063.62  
7753.9 18101.9 7749.59 23282  3341.9 7752.36 3353.21 10017.1  
11196.5 26308.4 11216.3 33859.3  1994.31 4554.66 1977.65 5813.48  
11304.3 26189.3 11313.8 33808.8  1929.14 4658.22 1921.83 5883.68  
2309.6 5348.22 2316.74 6922.05  1910.59 4417.1 1919.1 5726.9  
5160.17 12074.3 5158.21 15522.4  3196.86 7490.01 3197.63 9625.4  
4198.86 9853.09 4182.79 12609.7  2897.43 6788.62 2884.88 8682.84  
4198.86 9853.09 4182.79 12609.7  2882.46 6784.62 2886.55 8720.26  
11304.3 26189.3 11313.8 33808.8  1932.61 4641.46 1925.85 5873.41  
3679.55 8557.46 3674.34 11008  2685.14 6245.27 2677.03 8016.26  
1893.89 4448.08 1893.11 5712.1  1619.62 3819.73 1612.84 4878.79  
6622.17 15561.5 6622.2 19989.5  3367.71 7891.61 3380.17 10174.8  
4198.86 9853.09 4182.79 12609.7  2905.7 6803.79 2904.84 8741.66  
5160.17 12074.3 5158.21 15522.4  3213.63 7490.64 3208.81 9622.2  
6622.17 15561.5 6622.2 19989.5  3379.21 7919.32 3384.96 10188.5  
2309.6 5348.22 2316.74 6922.05  1900.9 4394.01 1913.43 5710.43  
6622.17 15561.5 6622.2 19989.5  3388.26 7943.53 3380.58 10175.2  
3679.55 8557.46 3674.34 11008  2685.14 6245.27 2677.03 8016.26  
11188 26272.8 11218.7 33854.8  1980.83 4536.05 1967.27 5793.73  
11304.3 26189.3 11313.8 33808.8  1928.55 4630.72 1925.77 5873.35  
11304.3 26189.3 11313.8 33808.8  1932.1 4616.24 1921.86 5838.68  
5160.17 12074.3 5158.21 15522.4  3217.28 7457.18 3219.91 9618.68  
