4 200 2
5160.17 12074.3 5158.21 15522.4  3213.63 7490.64 3208.81 9622.2  
5160.17 12074.3 5158.21 15522.4  3219.46 7464.04 3215.44 9605.37  
5160.17 12074.3 5158.21 15522.4  3198.96 7496.63 3193.32 9612.54  
5160.17 12074.3 5158.21 15522.4  3196.86 7490.01 3197.63 9625.4  
5160.17 12074.3 5158.21 15522.4  3217.28 7457.18 3219.91 9618.68  
5160.17 12074.3 5158.21 15522.4  3173.37 7475.51 3173.22 9589.01  
5160.17 12074.3 5158.21 15522.4  3198.96 7496.63 3193.32 9612.54  
5160.17 12074.3 5158.21 15522.4  3196.86 7490.01 3197.63 9625.4  
5160.17 12074.3 5158.21 15522.4  3175.44 7482.01 3168.98 9576.38  
5160.17 12074.3 5158.21 15522.4  3204.84 7467 3213.06 9635.16  
5160.17 12074.3 5158.21 15522.4  3217.28 7457.18 3219.91 9618.68  
5160.17 12074.3 5158.21 15522.4  3196.62 7493.27 3184.57 9586.69  
5160.17 12074.3 5158.21 15522.4  3175.44 7482.01 3168.98 9576.38  
5160.17 12074.3 5158.21 15522.4  3204.84 7467 3213.06 9635.16  
5160.17 12074.3 5158.21 15522.4  3173.37 7475.51 3173.22 9589.01  
5160.17 12074.3 5158.21 15522.4  3211.26 7487.22 3199.9 9595.89  
5160.17 12074.3 5158.21 15522.4  3196.62 7493.27 3184.57 9586.69  
5160.17 12074.3 5158.21 15522.4  3219.46 7464.04 3215.44 9605.37  
5160.17 12074.3 5158.21 15522.4  3204.84 7467 3213.06 9635.16  
5160.17 12074.3 5158.21 15522.4  3179.36 7446.82 3192.92 9612.16  
3679.55 8557.46 3674.34 11008  2687.16 6248.19 2684.59 8038.66  
3679.55 8557.46 3674.34 11008  2687.16 6248.19 2684.59 8038.66  
3679.55 8557.46 3674.34 11008  2684.63 6208.66 2682.74 8002.38  
3679.55 8557.46 3674.34 11008  2682.3 6270.46 2679.05 8052.77  
3679.55 8557.46 3674.34 11008  2680.31 6267.59 2671.61 8030.75  
3679.55 8557.46 3674.34 11008  2682.3 6270.46 2679.05 8052.77  
3679.55 8557.46 3674.34 11008  2685.34 6242.45 2688.31 8049.81  
3679.55 8557.46 3674.34 11008  2679.7 6228.05 2688.2 8049.7  
3679.55 8557.46 3674.34 11008  2685.14 6245.27 2677.03 8016.26  
3679.55 8557.46 3674.34 11008  2680.51 6264.82 2682.71 8063.73  
3679.55 8557.46 3674.34 11008  2674.56 6256.22 2660.4 7997.67  
3679.55 8557.46 3674.34 11008  2679.29 6233.7 2665.62 7982.61  
3679.55 8557.46 3674.34 11008  2682.58 6205.69 2675.05 7979.6  
3679.55 8557.46 3674.34 11008  2679.7 6228.05 2688.2 8049.7  
3679.55 8557.46 3674.34 11008  2685.14 6245.27 2677.03 8016.26  
3679.55 8557.46 3674.34 11008  2682.58 6205.69 2675.05 7979.6  
3679.55 8557.46 3674.34 11008  2682.79 6202.82 2686.53 8013.71  
3679.55 8557.46 3674.34 11008  2680.31 6267.59 2671.61 8030.75  
3679.55 8557.46 3674.34 11008  2674.96 6250.67 2682.6 8063.62  
3679.55 8557.46 3674.34 11008  2685.34 6242.45 2688.31 8049.81  
2309.6 5348.22 2316.74 6922.05  1909.33 4462.44 1916.47 5762.97  
2309.6 5348.22 2316.74 6922.05  1917.49 4433.9 1921.98 5735.17  
2309.6 5348.22 2316.74 6922.05  1903.29 4375.9 1912.49 5685.05  
2309.6 5348.22 2316.74 6922.05  1917.49 4433.9 1921.98 5735.17  
2309.6 5348.22 2316.74 6922.05  1912.6 4445.95 1920.43 5752.87  
2309.6 5348.22 2316.74 6922.05  1914.48 4403.63 1915.5 5693.55  
2309.6 5348.22 2316.74 6922.05  1922.92 4448.57 1919.36 5727.15  
2309.6 5348.22 2316.74 6922.05  1903.29 4375.9 1912.49 5685.05  
2309.6 5348.22 2316.74 6922.05  1900.9 4394.01 1913.43 5710.43  
2309.6 5348.22 2316.74 6922.05  1923.43 4472.78 1923.34 5761.09  
2309.6 5348.22 2316.74 6922.05  1910.59 4417.1 1919.1 5726.9  
2309.6 5348.22 2316.74 6922.05  1917.49 4433.9 1921.98 5735.17  
2309.6 5348.22 2316.74 6922.05  1910.59 4417.1 1919.1 5726.9  
2309.6 5348.22 2316.74 6922.05  1921.6 4444.38 1922.07 5735.26  
2309.6 5348.22 2316.74 6922.05  1923.43 4472.78 1923.34 5761.09  
2309.6 5348.22 2316.74 6922.05  1914.48 4403.63 1915.5 5693.55  
2309.6 5348.22 2316.74 6922.05  1921.6 4444.38 1922.07 5735.26  
2309.6 5348.22 2316.74 6922.05  1909.33 4462.44 1916.47 5762.97  
2309.6 5348.22 2316.74 6922.05  1900.9 4394.01 1913.43 5710.43  
2309.6 5348.22 2316.74 6922.05  1900.9 4394.01 1913.43 5710.43  
6622.17 15561.5 6622.2 19989.5  3404.14 7934.41 3411 10227.2  
6622.17 15561.5 6622.2 19989.5  3404.14 7934.41 3411 10227.2  
6622.17 15561.5 6622.2 19989.5  3404.14 7934.41 3411 10227.2  
6622.17 15561.5 6622.2 19989.5  3411.12 7952.03 3411.15 10227.3  
6622.17 15561.5 6622.2 19989.5  3379.21 7919.32 3384.96 10188.5  
6622.17 15561.5 6622.2 19989.5  3388.26 7943.53 3380.58 10175.2  
6622.17 15561.5 6622.2 19989.5  3411.12 7952.03 3411.15 10227.3  
6622.17 15561.5 6622.2 19989.5  3429.02 7952.71 3423.07 10223.9  
6622.17 15561.5 6622.2 19989.5  3404.14 7934.41 3411 10227.2  
6622.17 15561.5 6622.2 19989.5  3351.55 7899.34 3349.61 10121.7  
6622.17 15561.5 6622.2 19989.5  3379.21 7919.32 3384.96 10188.5  
6622.17 15561.5 6622.2 19989.5  3426.74 7945.56 3427.75 10237.8  
6622.17 15561.5 6622.2 19989.5  3379.21 7919.32 3384.96 10188.5  
6622.17 15561.5 6622.2 19989.5  3367.71 7891.61 3380.17 10174.8  
6622.17 15561.5 6622.2 19989.5  3410.87 7955.49 3397.21 10186.2  
6622.17 15561.5 6622.2 19989.5  3367.71 7891.61 3380.17 10174.8  
6622.17 15561.5 6622.2 19989.5  3404.14 7934.41 3411 10227.2  
6622.17 15561.5 6622.2 19989.5  3426.74 7945.56 3427.75 10237.8  
6622.17 15561.5 6622.2 19989.5  3413.36 7959.06 3406.55 10213.6  
6622.17 15561.5 6622.2 19989.5  3426.74 7945.56 3427.75 10237.8  
4198.86 9853.09 4182.79 12609.7  2910.61 6782.92 2898.61 8690.57  
4198.86 9853.09 4182.79 12609.7  2919.02 6798.36 2918.93 8750.45  
4198.86 9853.09 4182.79 12609.7  2903.58 6800.74 2896.88 8718.15  
4198.86 9853.09 4182.79 12609.7  2882.46 6784.62 2886.55 8720.26  
4198.86 9853.09 4182.79 12609.7  2887.25 6767.45 2868.84 8635.72  
4198.86 9853.09 4182.79 12609.7  2876.21 6775.62 2863.09 8651.01  
4198.86 9853.09 4182.79 12609.7  2897.43 6788.62 2884.88 8682.84  
4198.86 9853.09 4182.79 12609.7  2900.25 6761.37 2882.29 8642.61  
4198.86 9853.09 4182.79 12609.7  2900.25 6761.37 2882.29 8642.61  
4198.86 9853.09 4182.79 12609.7  2882.25 6787.52 2874.88 8685.69  
4198.86 9853.09 4182.79 12609.7  2882.25 6787.52 2874.88 8685.69  
4198.86 9853.09 4182.79 12609.7  2905.7 6803.79 2904.84 8741.66  
4198.86 9853.09 4182.79 12609.7  2910.61 6782.92 2898.61 8690.57  
4198.86 9853.09 4182.79 12609.7  2887.25 6767.45 2868.84 8635.72  
4198.86 9853.09 4182.79 12609.7  2884.33 6790.52 2882.7 8708.77  
4198.86 9853.09 4182.79 12609.7  2882.25 6787.52 2874.88 8685.69  
4198.86 9853.09 4182.79 12609.7  2919.02 6798.36 2918.93 8750.45  
4198.86 9853.09 4182.79 12609.7  2903.58 6800.74 2896.88 8718.15  
4198.86 9853.09 4182.79 12609.7  2903.79 6797.79 2908.76 8753.36  
4198.86 9853.09 4182.79 12609.7  2910.61 6782.92 2898.61 8690.57  
11188 26272.8 11218.7 33854.8  1980.83 4536.05 1967.27 5793.73  
11188 26272.8 11218.7 33854.8  2017.44 4597.07 1988.18 5831.64  
11188 26272.8 11218.7 33854.8  2021.14 4578.87 2000.47 5845.45  
11188 26272.8 11218.7 33854.8  2005.02 4566.48 1987.93 5831.36  
11188 26272.8 11218.7 33854.8  2016.1 4592.99 1990.86 5839.43  
11188 26272.8 11218.7 33854.8  2021.14 4578.87 2000.47 5845.45  
11188 26272.8 11218.7 33854.8  2001.26 4584.1 1975.66 5817.23  
11188 26272.8 11218.7 33854.8  2021.14 4578.87 2000.47 5845.45  
11188 26272.8 11218.7 33854.8  2011.96 4582.8 1990.78 5839.33  
11188 26272.8 11218.7 33854.8  2025.35 4589.25 2000.55 5845.55  
11188 26272.8 11218.7 33854.8  1980.83 4536.05 1967.27 5793.73  
11188 26272.8 11218.7 33854.8  1995.29 4544.05 1982.32 5815.5  
11188 26272.8 11218.7 33854.8  2016.1 4592.99 1990.86 5839.43  
11188 26272.8 11218.7 33854.8  2005.02 4566.48 1987.93 5831.36  
11188 26272.8 11218.7 33854.8  2025.35 4589.25 2000.55 5845.55  
11188 26272.8 11218.7 33854.8  2011.96 4582.8 1990.78 5839.33  
11188 26272.8 11218.7 33854.8  2001.26 4584.1 1975.66 5817.23  
11188 26272.8 11218.7 33854.8  2016.1 4592.99 1990.86 5839.43  
11188 26272.8 11218.7 33854.8  2004.18 4539.43 1991.86 5821.19  
11188 26272.8 11218.7 33854.8  2004.18 4539.43 1991.86 5821.19  
11304.3 26189.3 11313.8 33808.8  1932.61 4641.46 1925.85 5873.41  
11304.3 26189.3 11313.8 33808.8  1930.63 4614.07 1916.35 5822.05  
11304.3 26189.3 11313.8 33808.8  1929.14 4658.22 1921.83 5883.68  
11304.3 26189.3 11313.8 33808.8  1919.71 4583.5 1921.61 5838.48  
11304.3 26189.3 11313.8 33808.8  1923.62 4569.45 1918 5804.33  
11304.3 26189.3 11313.8 33808.8  1921.73 4613.56 1922.94 5865.07  
11304.3 26189.3 11313.8 33808.8  1921.73 4613.56 1922.94 5865.07  
11304.3 26189.3 11313.8 33808.8  1919.71 4583.5 1921.61 5838.48  
11304.3 26189.3 11313.8 33808.8  1933.92 4645.76 1923.18 5865.27  
11304.3 26189.3 11313.8 33808.8  1924.97 4573.89 1915.24 5795.91  
11304.3 26189.3 11313.8 33808.8  1928.55 4630.72 1925.77 5873.35  
11304.3 26189.3 11313.8 33808.8  1924.97 4573.89 1915.24 5795.91  
11304.3 26189.3 11313.8 33808.8  1930.77 4611.87 1924.57 5846.96  
11304.3 26189.3 11313.8 33808.8  1924.97 4573.89 1915.24 5795.91  
11304.3 26189.3 11313.8 33808.8  1932.1 4616.24 1921.86 5838.68  
11304.3 26189.3 11313.8 33808.8  1932.61 4641.46 1925.85 5873.41  
11304.3 26189.3 11313.8 33808.8  1925.14 4647.67 1921.75 5883.62  
11304.3 26189.3 11313.8 33808.8  1932.47 4643.62 1917.76 5848.91  
11304.3 26189.3 11313.8 33808.8  1924.97 4573.89 1915.24 5795.91  
11304.3 26189.3 11313.8 33808.8  1924.97 4573.89 1915.24 5795.91  
1893.89 4448.08 1893.11 5712.1  1635.8 3813.76 1639.72 4921.78  
1893.89 4448.08 1893.11 5712.1  1610.97 3796.45 1617.03 4891.56  
1893.89 4448.08 1893.11 5712.1  1639.19 3822.39 1639.79 4921.84  
1893.89 4448.08 1893.11 5712.1  1616.46 3809.78 1619.32 4898.14  
1893.89 4448.08 1893.11 5712.1  1639.07 3824.09 1633.01 4901.72  
1893.89 4448.08 1893.11 5712.1  1610.97 3796.45 1617.03 4891.56  
1893.89 4448.08 1893.11 5712.1  1640.28 3825.84 1637.55 4915.16  
1893.89 4448.08 1893.11 5712.1  1619.62 3819.73 1612.84 4878.79  
1893.89 4448.08 1893.11 5712.1  1639.07 3824.09 1633.01 4901.72  
1893.89 4448.08 1893.11 5712.1  1639.19 3822.39 1639.79 4921.84  
1893.89 4448.08 1893.11 5712.1  1616.46 3809.78 1619.32 4898.14  
1893.89 4448.08 1893.11 5712.1  1619.62 3819.73 1612.84 4878.79  
1893.89 4448.08 1893.11 5712.1  1632.8 3828.89 1629.65 4910.23  
1893.89 4448.08 1893.11 5712.1  1631.6 3827.17 1625.18 4897.02  
1893.89 4448.08 1893.11 5712.1  1619.62 3819.73 1612.84 4878.79  
1893.89 4448.08 1893.11 5712.1  1622.79 3803.46 1629.44 4910.02  
1893.89 4448.08 1893.11 5712.1  1639.19 3822.39 1639.79 4921.84  
1893.89 4448.08 1893.11 5712.1  1628.39 3817.03 1631.78 4916.73  
1893.89 4448.08 1893.11 5712.1  1635.8 3813.76 1639.72 4921.78  
1893.89 4448.08 1893.11 5712.1  1639.19 3822.39 1639.79 4921.84  
11196.5 26308.4 11216.3 33859.3  1983.47 4528.8 1974.77 5805.57  
11196.5 26308.4 11216.3 33859.3  1988.36 4514.89 1984.32 5811.78  
11196.5 26308.4 11216.3 33859.3  2009.09 4563.5 1992.86 5835.67  
11196.5 26308.4 11216.3 33859.3  1969.99 4523.5 1956.84 5775.14  
11196.5 26308.4 11216.3 33859.3  2014.11 4549.48 2002.48 5841.7  
11196.5 26308.4 11216.3 33859.3  1994.31 4554.66 1977.65 5813.48  
11196.5 26308.4 11216.3 33859.3  1969.99 4523.5 1956.84 5775.14  
11196.5 26308.4 11216.3 33859.3  1998.06 4537.17 1989.93 5827.62  
11196.5 26308.4 11216.3 33859.3  1995.62 4558.63 1975.01 5805.83  
11196.5 26308.4 11216.3 33859.3  2014.11 4549.48 2002.48 5841.7  
11196.5 26308.4 11216.3 33859.3  2018.31 4559.79 2002.57 5841.79  
11196.5 26308.4 11216.3 33859.3  1973.95 4506.93 1969.25 5790.02  
11196.5 26308.4 11216.3 33859.3  1973.95 4506.93 1969.25 5790.02  
11196.5 26308.4 11216.3 33859.3  2004.97 4553.38 1992.78 5835.58  
11196.5 26308.4 11216.3 33859.3  2014.11 4549.48 2002.48 5841.7  
11196.5 26308.4 11216.3 33859.3  2014.11 4549.48 2002.48 5841.7  
11196.5 26308.4 11216.3 33859.3  1995.62 4558.63 1975.01 5805.83  
11196.5 26308.4 11216.3 33859.3  2018.31 4559.79 2002.57 5841.79  
11196.5 26308.4 11216.3 33859.3  1994.31 4554.66 1977.65 5813.48  
11196.5 26308.4 11216.3 33859.3  1990.26 4544.72 1977.57 5813.39  
7753.9 18101.9 7749.59 23282  3342.92 7798.14 3346.36 10034.6  
7753.9 18101.9 7749.59 23282  3327.44 7807.93 3316.55 9983.95  
7753.9 18101.9 7749.59 23282  3327.68 7804.53 3330.15 10024.3  
7753.9 18101.9 7749.59 23282  3341.9 7752.36 3353.21 10017.1  
7753.9 18101.9 7749.59 23282  3341.9 7752.36 3353.21 10017.1  
7753.9 18101.9 7749.59 23282  3348.69 7773.81 3339.27 9975.5  
7753.9 18101.9 7749.59 23282  3342.92 7798.14 3346.36 10034.6  
7753.9 18101.9 7749.59 23282  3351.21 7777.43 3348.71 10003.4  
7753.9 18101.9 7749.59 23282  3348.94 7770.28 3353.36 10017.3  
7753.9 18101.9 7749.59 23282  3342.67 7801.61 3332.52 9993.52  
7753.9 18101.9 7749.59 23282  3341.9 7752.36 3353.21 10017.1  
7753.9 18101.9 7749.59 23282  3324.38 7752.33 3341.37 10020.5  
7753.9 18101.9 7749.59 23282  3320.88 7787.23 3330.02 10024.1  
7753.9 18101.9 7749.59 23282  3324.38 7752.33 3341.37 10020.5  
7753.9 18101.9 7749.59 23282  3342.67 7801.61 3332.52 9993.52  
7753.9 18101.9 7749.59 23282  3348.94 7770.28 3353.36 10017.3  
7753.9 18101.9 7749.59 23282  3351.21 7777.43 3348.71 10003.4  
7753.9 18101.9 7749.59 23282  3320.88 7787.23 3330.02 10024.1  
7753.9 18101.9 7749.59 23282  3329.87 7811.43 3325.66 10010.9  
7753.9 18101.9 7749.59 23282  3327.68 7804.53 3330.15 10024.3  
