1 33 4
92567.3  6832.89  546.612  39.6357  
2978.56  2894.69  2793.96  2699  
38852.1  23740.7  14531.9  8869.38  
38852.1  23739.4  14537.1  8876.85  
37775.3  23433  14606.2  9046.8  
17914  14572.2  12089.3  9903.94  
17914  14709.8  12085.7  9924.35  
20908.7  16552.1  13087.6  10337.8  
20908.7  16472.8  13104.2  10361.5  
20908.7  16437.2  13098.2  10366.8  
2978.56  2867.13  2771.45  2729.2  
16811.1  13875.6  11730  9603.92  
20908.7  16437.2  13098.2  10366.8  
17929.3  14722  12014  9914.89  
20908.7  16517.7  13032  10317.3  
2978.56  2879.9  2782.01  2726.64  
38852.1  23740.7  14531.9  8869.38  
17929.3  14676  12076.2  9874.98  
2978.56  2882.6  2776.52  2716.26  
38852.1  23764.8  14537.2  8873.68  
38852.1  23764.8  14537.2  8873.68  
2978.56  2900.7  2810.98  2698.32  
92567.3  6832.89  540.763  45.4151  
17929.3  14666.4  12069.7  9914.85  
37775.3  23522.1  14484.5  9174.92  
2978.56  2900.7  2810.98  2698.32  
13931.6  11983.4  10267.5  8900.63  
20908.7  16517.7  13032  10317.3  
2978.56  2879.9  2782.01  2726.64  
20908.7  16484.6  13110.8  10347  
16811.1  13912.4  11652  9610.76  
16811.1  14078.5  11517.9  9643.47  
37775.3  23538.1  14478.6  9145.71  
