1 100 4
37775.3  23514.4  14482.4  9153.15  
37775.3  23474.1  14497.4  9124.24  
37775.3  23394.1  14610.8  9169.17  
37775.3  23538.1  14478.6  9145.71  
37775.3  23563.2  14649  8985.41  
37775.3  23522.1  14484.5  9174.92  
37775.3  23433  14606.2  9046.8  
37775.3  23394.1  14672.3  9070.28  
37775.3  23431.7  14513.3  9156.89  
37775.3  23282.2  14755.5  9047.38  
17914  14572.2  12089.3  9903.94  
17914  14724.7  12083  9898.03  
17914  14669.1  12047.3  9828.76  
17914  14678.8  11991.7  9908.89  
17914  14694.2  11963.3  9876.22  
17914  14572.2  12106.6  9867.15  
17914  14720.1  11997.2  9921.43  
17914  14572.2  12085.3  9932.16  
17914  14709.8  12085.7  9924.35  
17914  14669.1  11948.8  9883.32  
13931.6  11983.4  10314.7  8878.39  
13931.6  11882.1  10241.4  8859.18  
13931.6  11983.4  10332.9  8851.67  
13931.6  11996.1  10334.4  8833.28  
13931.6  12004.5  10311.8  8851.69  
13931.6  11882.1  10347  8847.27  
13931.6  12016.6  10310.1  8850.26  
13931.6  11983.4  10267.5  8900.63  
13931.6  12016.6  10262.9  8880.99  
13931.6  11983.4  10264.4  8844.68  
92567.3  6877.3  503.78  38.4646  
92567.3  6832.89  545.948  40.4589  
92567.3  6872.16  507.354  39.7643  
92567.3  6832.89  542.748  43.6259  
92567.3  6845.76  528.243  44.9898  
92567.3  6853.77  525.223  40.5399  
92567.3  6872.16  509.613  37.9389  
92567.3  6832.89  540.763  45.4151  
92567.3  6832.89  546.612  39.6357  
92567.3  6857.35  522.815  39.3866  
2973.61  2867.29  2777.12  2700.46  
2973.61  2900.85  2803.48  2715.06  
2973.61  2895.8  2794.09  2711.14  
2973.61  2897.76  2776.22  2714.14  
2973.61  2882.75  2782.08  2708.95  
2973.61  2895.8  2811.27  2707.71  
2973.61  2882.75  2809.75  2713.59  
2973.61  2882.74  2761.94  2727.31  
2973.61  2884.68  2803.96  2708.25  
2973.61  2897.76  2803.57  2725.62  
16811.1  13912.4  11652  9610.76  
16811.1  13903.2  11547.1  9597.74  
16811.1  14078.5  11517.9  9643.47  
16811.1  13875.6  11730  9603.92  
16811.1  13829.5  11705.8  9634.79  
16811.1  13930.4  11688.8  9569.77  
16811.1  13930.4  11667.7  9675.69  
16811.1  13875.6  11583.7  9742.73  
16811.1  14014.9  11537.5  9753.54  
16811.1  13977.3  11712.7  9660.27  
38852.1  23781.2  14430.1  8902.12  
38852.1  23757.4  14525.4  8868.49  
38852.1  23739.4  14446  8912.86  
38852.1  23739.4  14537.1  8876.85  
38852.1  23616.3  14570.3  8912.29  
38852.1  23740.7  14531.9  8869.38  
38852.1  23764.8  14537.2  8873.68  
38852.1  23594.2  14488.5  8967.9  
38852.1  23616.3  14480  8900.09  
38852.1  23757.4  14514.6  8814.79  
2978.56  2879.9  2782.01  2726.64  
2978.56  2900.7  2810.98  2698.32  
2978.56  2867.13  2771.45  2729.2  
2978.56  2895.65  2809.22  2698.52  
2978.56  2889.74  2808.46  2715.1  
2978.56  2894.69  2781.58  2694.11  
2978.56  2861.55  2812.14  2715.96  
2978.56  2882.6  2776.52  2716.26  
2978.56  2867.13  2797.4  2714.27  
2978.56  2894.69  2793.96  2699  
20908.7  16552.1  13087.6  10337.8  
20908.7  16437.2  13098.2  10260.9  
20908.7  16517.7  13022.4  10347.6  
20908.7  16484.6  13110.8  10347  
20908.7  16517.7  13032  10317.3  
20908.7  16552  12950  10377.1  
20908.7  16437.2  13098.2  10366.8  
20908.7  16563.5  13031.9  10357.6  
20908.7  16472.8  13104.2  10361.5  
20908.7  16535.2  13037.7  10290.2  
17929.3  14722  12031.6  9905.05  
17929.3  14676  12076.2  9874.98  
17929.3  14707  12071.2  9907.72  
17929.3  14624.2  12031.4  9902.26  
17929.3  14691.4  12082.5  9915.49  
17929.3  14722  12014  9914.89  
17929.3  14666.4  12069.7  9914.85  
17929.3  14722  12022.9  9854.9  
17929.3  14651.5  12093.4  9854.9  
17929.3  14691.4  12086.3  9863.1  
