5 33 5
59177.6 29495.9 49378.7 29511.9 49401.2  801.342 489.096 609.155 475.829 588.112  20.5151 14.6697 11.9163 11.9033 10.5318  0.506996 0.321536 0.244153 0.33711 0.139978  0.00694472 0.00662284 0.00256627 0.00413831 0.00230405  
2989.93 1498.43 2485.74 1484.32 2495.33  2828.36 1415.95 2357.8 1405.91 2372.41  2694.89 1350.22 2243.48 1338.96 2255.11  2549.44 1285.65 2113.04 1260.11 2132.16  2434.34 1211.91 2033.48 1216.53 2032.35  
59177.6 29495.9 49378.7 29511.9 49401.2  812.929 497.669 612.848 480.233 589.748  9.32093 6.3263 8.3684 7.71687 8.92896  0.119944 0.0972198 0.100104 0.120263 0.108644  0.00193396 0.00127461 0.00164449 0.00271758 0.00114977  
32342.8 16149.8 26932.5 16104.4 26939.3  14856.6 7456.69 12377.3 7412.14 12444.5  6901.89 3440.91 5759.95 3482.73 5716.83  3168.93 1580.6 2653.84 1608.48 2639.31  1469.18 738.157 1221.12 745.479 1209.79  
6555.64 3297.77 5442.59 3244.46 5486.39  5868.63 2928.98 4882.99 2924.94 4871.73  5183.99 2611.33 4304.76 2566.07 4347.09  4642.87 2326.72 3859.16 2309.28 3867.34  4145.13 2066.04 3453.19 2072.2 3439.53  
32342.8 16149.8 26932.5 16104.4 26939.3  14906.5 7419.97 12429.9 7485.99 12340.9  6855.49 3470.7 5697.75 3417.07 5766.18  3164.38 1595.99 2638.05 1591.65 2654.53  1472.04 734.237 1238.28 751.81 1235.2  
6555.64 3297.77 5442.59 3244.46 5486.39  5833.2 2918.43 4864.35 2902.08 4890.68  5177.89 2611.6 4286.87 2559.83 4318.16  4655.37 2316.6 3886.79 2329.11 3876.17  4123.27 2060.83 3440.99 2057.01 3453.04  
5988.71 2988.35 4980.72 2983.25 4966.4  5386.92 2686.85 4492.8 2686.47 4494.83  4818.77 2423.58 3990.56 2387.51 4002.06  4372.92 2183.96 3639.93 2180.73 3635.19  3907.85 1964.51 3239.19 1939.23 3248.09  
35889.7 17961.5 29808.6 17835.4 29806.4  14444.4 7198.89 12088.1 7260.52 12082.4  5775.79 2900.82 4830.2 2907.73 4859.04  2319.31 1156.36 1942.56 1183.38 1924.28  939.167 465.351 794.385 485.53 786.633  
53738.7 26574.6 44952.4 26968.3 44559.2  5584.12 3026.31 4524.35 2710.72 4855.79  608.489 356.131 470.669 288.468 522.877  61.5276 38.116 47.2774 29.1575 55.5423  6.47437 4.30665 4.7943 3.01355 5.87026  
32342.8 16149.8 26932.5 16104.4 26939.3  14906.5 7419.97 12429.9 7485.99 12340.9  6849.47 3424.95 5735.15 3449.07 5751.73  3181.33 1609.15 2645.64 1596.41 2664.62  1463.82 751.133 1210.59 730.419 1232.98  
5988.71 2988.35 4980.72 2983.25 4966.4  5392.13 2678.37 4499.11 2697.81 4473.01  4845.65 2424.38 4025.21 2411.37 4020.63  4358.37 2189.87 3619.95 2162.83 3639.8  3918 1969.25 3251.26 1944.75 3264.93  
6555.64 3297.77 5442.59 3244.46 5486.39  5868.63 2928.98 4882.99 2924.94 4871.73  5183.99 2611.33 4304.76 2566.07 4347.09  4642.87 2326.72 3859.16 2309.28 3867.34  4145.13 2066.04 3453.19 2072.2 3439.53  
32342.8 16149.8 26932.5 16104.4 26939.3  14856.9 7377.05 12436.6 7477.33 12373.4  6870.98 3490.79 5677.41 3413.71 5727.19  3193.37 1601.93 2669.45 1613.32 2673.4  1469.66 735.25 1231.41 748.629 1226.96  
32342.8 16149.8 26932.5 16104.4 26939.3  14893.5 7401.69 12450.9 7490.01 12379.6  6862.54 3480.56 5686.55 3414.93 5745.38  3172.82 1601.94 2640.66 1594.37 2654.91  1467.28 736.888 1228.18 745.104 1229.69  
28164.8 14030.3 23469.7 14050.8 23407.8  14885.9 7440.83 12429.4 7441.04 12468.2  7945.13 3987.32 6613.96 3976.31 6625.68  4223.94 2117.66 3511.35 2124.97 3492.53  2235.15 1129.37 1862.54 1122.91 1878.17  
21568.6 10718.8 17984.4 10780.6 17882.8  13796.9 6869.39 11520.5 6906.44 11494.3  8852.93 4455.68 7350.66 4405.31 7386.67  5652.25 2839.42 4716.9 2825.85 4753.55  3629.85 1812.04 3028.49 1828.78 3012.65  
59177.6 29495.9 49378.7 29511.9 49401.2  812.929 497.669 612.848 480.233 589.748  9.32093 6.3263 8.3684 7.71687 8.92896  0.119944 0.0972198 0.100104 0.120263 0.108644  0.00193396 0.00127461 0.00164449 0.00271758 0.00114977  
21568.6 10718.8 17984.4 10780.6 17882.8  13809 6886.34 11501.1 6902.73 11458.3  8817.85 4401.27 7373.46 4418.48 7389.72  5680.14 2853.41 4727.81 2839.29 4744.64  3625.76 1825.21 3023.94 1814.83 3049.2  
35246.1 17431.4 29473.2 17686.3 29203.7  14564.3 7338.7 12105.4 7251.89 12197.6  5984.37 3035.42 4959.73 2985.36 5004.82  2458.72 1271 2034.08 1217.13 2102.8  1018.26 530.676 837.917 504.275 866.524  
32342.8 16149.8 26932.5 16104.4 26939.3  14906.5 7419.97 12429.9 7485.99 12340.9  6850.14 3442.28 5725.96 3435.76 5774.72  3181.48 1608.07 2646.41 1597.47 2662.89  1460.61 734.957 1221.26 740.64 1224.49  
2989.93 1498.43 2485.74 1484.32 2495.33  2818.21 1422.57 2332.53 1390.98 2353.24  2695.4 1349.89 2244.73 1339.7 2256.07  2545.65 1284.19 2107.83 1257.78 2124.91  2435.01 1211.67 2034.94 1217.35 2033.62  
59177.6 29495.9 49378.7 29511.9 49401.2  801.342 489.096 609.155 475.829 588.112  20.5151 14.6697 11.9163 11.9033 10.5318  0.506996 0.321536 0.244153 0.33711 0.139978  0.00694472 0.00662284 0.00256627 0.00413831 0.00230405  
21568.6 10718.8 17984.4 10780.6 17882.8  13796.9 6869.39 11520.5 6906.44 11494.3  8852.93 4455.68 7350.66 4405.31 7386.67  5652.25 2839.42 4716.9 2825.85 4753.55  3629.85 1812.04 3028.49 1828.78 3012.65  
28164.8 14030.3 23469.7 14050.8 23407.8  14936.4 7484.65 12422.6 7449.84 12435.1  7906.08 3923.09 6618.72 3993.22 6564.31  4209.26 2141.95 3496.77 2092.91 3563.04  2244.45 1127.81 1875.14 1132.6 1881.2  
6555.64 3297.77 5442.59 3244.46 5486.39  5848.08 2928.45 4870.17 2907.23 4893.23  5212.89 2613.9 4330.26 2589.88 4341.31  4579.37 2318.24 3791.83 2258.61 3842.74  4085.62 2063.08 3390.76 2020.7 3432.46  
28164.8 14030.3 23469.7 14050.8 23407.8  14936.4 7484.65 12422.6 7449.84 12435.1  7906.08 3923.09 6618.72 3993.22 6564.31  4209.26 2141.95 3496.77 2092.91 3563.04  2244.45 1127.81 1875.14 1132.6 1881.2  
5988.71 2988.35 4980.72 2983.25 4966.4  5386.92 2686.85 4492.8 2686.47 4494.83  4818.77 2423.58 3990.56 2387.51 4002.06  4372.92 2183.96 3639.93 2180.73 3635.19  3907.85 1964.51 3239.19 1939.23 3248.09  
5988.71 2988.35 4980.72 2983.25 4966.4  5367.05 2685.09 4453.13 2669.17 4441.19  4820.73 2423.75 3994.46 2389.21 4007.35  4342.98 2182.27 3601.13 2154.76 3611.73  3922.81 1950.38 3267.03 1964.31 3239.38  
35889.7 17961.5 29808.6 17835.4 29806.4  14407 7215.78 12035.6 7212.67 12097.1  5796.7 2892.29 4853.84 2933.26 4838.94  2329.94 1156.71 1959.32 1192.95 1939.55  944.56 462.687 803.831 492.816 788.558  
35889.7 17961.5 29808.6 17835.4 29806.4  14373.5 7143.7 12004.4 7239.56 11903.1  5807.01 2932.92 4857.93 2910.51 4936.27  2354.28 1173.19 1993.02 1202.37 2006.9  939.577 472.581 792.77 479.938 802.192  
28164.8 14030.3 23469.7 14050.8 23407.8  14921.1 7428.08 12463.6 7482.52 12424.9  7936.39 3980.69 6607.17 3973.65 6613.69  4213.17 2136.45 3498.19 2100.66 3540.31  2228.59 1121.56 1855.7 1122.98 1856.68  
53738.7 26574.6 44952.4 26968.3 44559.2  5571.51 2994.38 4517.72 2721.89 4787.75  619.199 385.845 475.96 277.255 586.565  63.4546 40.324 48.4604 29.2331 59.2801  6.39656 4.23642 4.92021 2.98548 6.32587  
