5 100 5
21568.6 10718.8 17984.4 10780.6 17882.8  13812.2 6882.66 11518.4 6909.1 11484.2  8817.52 4424.86 7355.42 4399.15 7409.95  5672.79 2840.81 4728.91 2842.85 4732.28  3639.46 1833.22 3022.18 1820.31 3029.17  
21568.6 10718.8 17984.4 10780.6 17882.8  13747.4 6826.11 11456 6895.07 11340.2  8870.68 4471.21 7373.76 4409.37 7441.83  5681.91 2851.46 4736.77 2842.7 4757.48  3641.79 1841.47 3034.93 1816.46 3079.35  
21568.6 10718.8 17984.4 10780.6 17882.8  13796.9 6869.39 11520.5 6906.44 11494.3  8852.93 4455.68 7350.66 4405.31 7386.67  5652.25 2839.42 4716.9 2825.85 4753.55  3629.85 1812.04 3028.49 1828.78 3012.65  
21568.6 10718.8 17984.4 10780.6 17882.8  13768.8 6831.91 11488 6910.18 11381.2  8833.11 4442.97 7366.34 4398.77 7446.94  5688.66 2874.16 4720.34 2830.19 4759.82  3633.14 1818.47 3028.8 1826.57 3022.4  
21568.6 10718.8 17984.4 10780.6 17882.8  13796.9 6869.39 11520.5 6906.44 11494.3  8822.11 4407.28 7366.49 4417.14 7376.86  5681.63 2858.84 4716.25 2835.83 4725.71  3640.12 1837.8 3022.01 1817.33 3039.73  
21568.6 10718.8 17984.4 10780.6 17882.8  13809 6886.34 11501.1 6902.73 11458.3  8817.85 4401.27 7373.46 4418.48 7389.72  5680.14 2853.41 4727.81 2839.29 4744.64  3625.76 1825.21 3023.94 1814.83 3049.2  
21568.6 10718.8 17984.4 10780.6 17882.8  13809 6886.34 11501.1 6902.73 11458.3  8834.36 4445.72 7336.34 4396.59 7372.19  5657.67 2815.12 4735.64 2850.19 4718.81  3626.29 1814.7 3034.4 1823.81 3045.51  
21568.6 10718.8 17984.4 10780.6 17882.8  13814.5 6917.95 11500.1 6882.75 11530  8846.63 4438.24 7357.93 4413.78 7373.85  5667.39 2844.97 4718.97 2834.63 4732.69  3630.98 1813.38 3035.96 1829.16 3032.41  
21568.6 10718.8 17984.4 10780.6 17882.8  13798.9 6904.44 11502.2 6880.05 11540.3  8844.33 4432.01 7369.83 4417.17 7393.63  5668.74 2844.94 4722.07 2835.94 4736.97  3626.33 1806.05 3026.29 1830.38 2999.74  
21568.6 10718.8 17984.4 10780.6 17882.8  13798.9 6904.44 11502.2 6880.05 11540.3  8811.43 4381.74 7340.19 4426.82 7265.45  5687 2868.55 4731.85 2833.6 4778.78  3629.59 1829.56 3029.17 1814.99 3064.35  
28164.8 14030.3 23469.7 14050.8 23407.8  14936.4 7484.65 12422.6 7449.84 12435.1  7906.08 3923.09 6618.72 3993.22 6564.31  4209.26 2141.95 3496.77 2092.91 3563.04  2244.45 1127.81 1875.14 1132.6 1881.2  
28164.8 14030.3 23469.7 14050.8 23407.8  14885.9 7440.83 12429.4 7441.04 12468.2  7945.13 3987.32 6613.96 3976.31 6625.68  4223.94 2117.66 3511.35 2124.97 3492.53  2235.15 1129.37 1862.54 1122.91 1878.17  
28164.8 14030.3 23469.7 14050.8 23407.8  14921.1 7428.08 12463.6 7482.52 12424.9  7936.39 3980.69 6607.17 3973.65 6613.69  4213.17 2136.45 3498.19 2100.66 3540.31  2228.59 1121.56 1855.7 1122.98 1856.68  
28164.8 14030.3 23469.7 14050.8 23407.8  14884.1 7483.28 12390 7404.73 12490  7953.72 3954.97 6641.77 4010.15 6583.35  4210.41 2128.8 3495.76 2103.96 3520.14  2239.05 1111.47 1875.14 1140.81 1849.97  
28164.8 14030.3 23469.7 14050.8 23407.8  14890.7 7387.56 12428.5 7486.58 12302.7  7937.23 4018.77 6583.95 3943.86 6657.36  4211.82 2126.24 3522.1 2108.22 3578.46  2246.32 1141.24 1865.54 1123.39 1888.57  
28164.8 14030.3 23469.7 14050.8 23407.8  14912.5 7478.15 12386.7 7432.86 12389.2  7912.05 3979.08 6605.22 3953.89 6671  4212.81 2114.51 3520.49 2118.21 3537.72  2243.15 1123.66 1876.38 1134.78 1876.1  
28164.8 14030.3 23469.7 14050.8 23407.8  14921.1 7428.08 12463.6 7482.52 12424.9  7917.08 4010.48 6568.07 3932.4 6648.22  4214.49 2121.81 3500.98 2113.13 3503.09  2241.88 1126.39 1875.04 1131.53 1883.94  
28164.8 14030.3 23469.7 14050.8 23407.8  14940 7480.6 12441.7 7456.86 12463.6  7899.3 3935.44 6611.09 3977.41 6598.09  4205.87 2133.81 3492.09 2096.14 3537  2245.35 1131.3 1869.34 1130.43 1873.4  
28164.8 14030.3 23469.7 14050.8 23407.8  14885.9 7440.83 12429.4 7441.04 12468.2  7931.63 4006.7 6573.75 3947.87 6612.5  4230.91 2119.45 3524.5 2130.11 3512.53  2241.96 1119.4 1871.88 1136.97 1855.83  
28164.8 14030.3 23469.7 14050.8 23407.8  14901.3 7498.14 12387.7 7407.72 12478.8  7931.32 3946.77 6614.05 3996.13 6549.77  4209.58 2108.26 3527.12 2120.62 3546.37  2249.31 1131.96 1876.5 1133.65 1882.88  
35246.1 17431.4 29473.2 17686.3 29203.7  14534.7 7298.68 12071.3 7255.83 12077.6  5967.62 3025.75 4960.3 2978 5025.92  2504.24 1312.87 2060.88 1225.36 2163.97  1020.37 534.696 841.427 503.117 881.246  
35246.1 17431.4 29473.2 17686.3 29203.7  14522.1 7280.88 12091.2 7259.64 12115  5965.58 3038.7 4951.25 2965.94 5045.21  2505.54 1305.32 2052.06 1231.53 2116.29  1035.88 551.004 844.642 504.463 891.36  
35246.1 17431.4 29473.2 17686.3 29203.7  14564.3 7338.7 12105.4 7251.89 12197.6  5984.37 3035.42 4959.73 2985.36 5004.82  2458.72 1271 2034.08 1217.13 2102.8  1018.26 530.676 837.917 504.275 866.524  
35246.1 17431.4 29473.2 17686.3 29203.7  14528.5 7314.28 12091.5 7239.61 12191.4  6001.36 3057.72 4968.87 2983.2 5044.38  2485.19 1282.56 2044.26 1231.37 2088.3  1024.17 534.719 838.543 506.385 862.724  
35246.1 17431.4 29473.2 17686.3 29203.7  14538 7294.81 12089.1 7262.39 12104.6  5998.41 3062.52 4961.96 2976.48 5047.66  2468.26 1276.74 2045.04 1221.2 2121.71  1029.17 545.651 843.706 502.722 892.872  
35246.1 17431.4 29473.2 17686.3 29203.7  14432.7 7222.85 12048.2 7226.24 12086.3  6040.27 3086.52 4988.61 2994.35 5071.35  2518.66 1319.13 2058.14 1232.68 2134.09  1037.96 549.965 844.239 506.922 881.661  
35246.1 17431.4 29473.2 17686.3 29203.7  14528.5 7314.28 12091.5 7239.61 12191.4  5950.52 3001.23 4943.78 2981.55 4962.11  2499.33 1304.94 2051.6 1226.55 2131.39  1044.74 556.422 847.825 508.044 890.02  
35246.1 17431.4 29473.2 17686.3 29203.7  14577.1 7356.83 12085 7248.01 12159.5  5973.01 3032.98 4972.7 2978.28 5063.11  2452.21 1248.59 2035.41 1228.57 2061.8  1025.09 537.069 843.52 505.485 880.265  
35246.1 17431.4 29473.2 17686.3 29203.7  14580.4 7352.89 12103.2 7254.69 12187  5974.86 3027.19 4961 2983.71 5011.02  2473.02 1280.32 2041.63 1222.67 2108.62  1013.41 527.108 836.845 502.861 867.041  
35246.1 17431.4 29473.2 17686.3 29203.7  14566.3 7376.15 12086.3 7224.17 12246.5  5993.95 3031.81 4977.68 2997.36 5014.68  2451.88 1251.4 2034.77 1226.34 2068.45  1017.12 522.034 837.758 509.785 845.455  
59177.6 29495.9 49378.7 29511.9 49401.2  809.377 497.477 611.203 477.211 592.416  12.7829 6.52935 9.95014 10.619 6.30248  0.209514 0.0871123 0.162487 0.239251 0.0668212  0.00234282 0.00110266 0.00222138 0.00380434 0.00101641  
59177.6 29495.9 49378.7 29511.9 49401.2  811.626 493.84 614.823 482.253 589.114  10.4928 10.0325 6.36479 5.65919 9.54479  0.246616 0.216724 0.127879 0.156212 0.125906  0.00620211 0.00484954 0.00259687 0.0044172 0.0016798  
59177.6 29495.9 49378.7 29511.9 49401.2  801.342 489.096 609.155 475.829 588.112  20.6798 14.6395 12.0196 12.0725 10.4917  0.339535 0.347632 0.140521 0.167481 0.179041  0.00969606 0.0107919 0.00285776 0.00444684 0.00336492  
59177.6 29495.9 49378.7 29511.9 49401.2  801.342 489.096 609.155 475.829 588.112  20.4542 14.5446 11.92 11.9286 10.479  0.564876 0.444723 0.239741 0.31016 0.192572  0.00992849 0.008578 0.00323389 0.00572193 0.0024961  
59177.6 29495.9 49378.7 29511.9 49401.2  805.876 492.213 611.552 477.992 590.096  16.2548 11.7485 9.60751 9.86036 8.59112  0.237938 0.131148 0.15681 0.216962 0.0972291  0.00264833 0.00164178 0.00212952 0.00347286 0.00147354  
59177.6 29495.9 49378.7 29511.9 49401.2  812.929 497.669 612.848 480.233 589.748  9.32067 6.2943 8.38188 7.74665 8.89091  0.119863 0.128348 0.0867409 0.0909701 0.146209  0.00226568 0.00212442 0.00152126 0.00223563 0.0016207  
59177.6 29495.9 49378.7 29511.9 49401.2  801.342 489.096 609.155 475.829 588.112  20.5151 14.6697 11.9163 11.9033 10.5318  0.506996 0.321536 0.244153 0.33711 0.139978  0.00694472 0.00662284 0.00256627 0.00413831 0.00230405  
59177.6 29495.9 49378.7 29511.9 49401.2  811.62 496.344 613.858 480.396 591.579  10.609 7.59212 7.38206 7.58489 7.08823  0.140524 0.15525 0.0769718 0.0906976 0.117183  0.00233518 0.00292249 0.00101064 0.00161717 0.00151509  
59177.6 29495.9 49378.7 29511.9 49401.2  812.829 497.357 613.767 480.636 591.078  9.38973 6.60988 7.45144 7.30677 7.61079  0.151423 0.125262 0.0978886 0.128974 0.0964766  0.00176791 0.00167595 0.00118462 0.0019576 0.00127168  
59177.6 29495.9 49378.7 29511.9 49401.2  812.929 497.669 612.848 480.233 589.748  9.32093 6.3263 8.3684 7.71687 8.92896  0.119944 0.0972198 0.100104 0.120263 0.108644  0.00193396 0.00127461 0.00164449 0.00271758 0.00114977  
32342.8 16149.8 26932.5 16104.4 26939.3  14906.5 7419.97 12429.9 7485.99 12340.9  6850.14 3442.28 5725.96 3435.76 5774.72  3181.48 1608.07 2646.41 1597.47 2662.89  1460.61 734.957 1221.26 740.64 1224.49  
32342.8 16149.8 26932.5 16104.4 26939.3  14856.9 7377.05 12436.6 7477.33 12373.4  6870.98 3490.79 5677.41 3413.71 5727.19  3193.37 1601.93 2669.45 1613.32 2673.4  1469.66 735.25 1231.41 748.629 1226.96  
32342.8 16149.8 26932.5 16104.4 26939.3  14856.9 7377.05 12436.6 7477.33 12373.4  6858.29 3473.08 5697.38 3417.52 5764.31  3203.32 1606.36 2662.42 1618.08 2640.49  1474.95 748.602 1223.89 742.429 1230.23  
32342.8 16149.8 26932.5 16104.4 26939.3  14845.8 7469.03 12319.1 7390.69 12357.8  6907.72 3434.27 5791.28 3494.25 5763.48  3168.93 1589.17 2647.28 1601.28 2646.91  1473.93 727.367 1244.63 759.272 1226.81  
32342.8 16149.8 26932.5 16104.4 26939.3  14906.5 7419.97 12429.9 7485.99 12340.9  6849.47 3424.95 5735.15 3449.07 5751.73  3181.33 1609.15 2645.64 1596.41 2664.62  1463.82 751.133 1210.59 730.419 1232.98  
32342.8 16149.8 26932.5 16104.4 26939.3  14906.5 7419.97 12429.9 7485.99 12340.9  6855.49 3470.7 5697.75 3417.07 5766.18  3164.38 1595.99 2638.05 1591.65 2654.53  1472.04 734.237 1238.28 751.81 1235.2  
32342.8 16149.8 26932.5 16104.4 26939.3  14856.6 7456.69 12377.3 7412.14 12444.5  6901.89 3440.91 5759.95 3482.73 5716.83  3168.93 1580.6 2653.84 1608.48 2639.31  1469.18 738.157 1221.12 745.479 1209.79  
32342.8 16149.8 26932.5 16104.4 26939.3  14856.6 7456.69 12377.3 7412.14 12444.5  6876.18 3405.37 5763.52 3488.79 5696.21  3186.06 1611.94 2643.01 1598.05 2652.66  1472.31 742.793 1223.19 744.566 1219.62  
32342.8 16149.8 26932.5 16104.4 26939.3  14818.8 7431.18 12362.5 7399.01 12438  6919.65 3438.86 5768.38 3499.92 5684.75  3183.03 1607.64 2648.32 1599.11 2662.33  1465.78 736.398 1226.35 744.152 1227.39  
32342.8 16149.8 26932.5 16104.4 26939.3  14893.5 7401.69 12450.9 7490.01 12379.6  6862.54 3480.56 5686.55 3414.93 5745.38  3172.82 1601.94 2640.66 1594.37 2654.91  1467.28 736.888 1228.18 745.104 1229.69  
6555.64 3297.77 5442.59 3244.46 5486.39  5848.08 2928.45 4870.17 2907.23 4893.23  5212.89 2613.9 4330.26 2589.88 4341.31  4579.37 2318.24 3791.83 2258.61 3842.74  4085.62 2063.08 3390.76 2020.7 3432.46  
6555.64 3297.77 5442.59 3244.46 5486.39  5774.47 2925.45 4778.53 2842.65 4848.61  5150.55 2604.94 4266.06 2540.63 4320.47  4627.58 2320.89 3853.95 2300.4 3879.39  4143.24 2070.81 3444.08 2066.33 3434.77  
6555.64 3297.77 5442.59 3244.46 5486.39  5816.61 2927.14 4835.49 2879.83 4885.79  5217.6 2612.6 4340.84 2595.35 4352.23  4621.13 2324.55 3838.92 2291.46 3868.28  4102.04 2057.86 3418.86 2040.15 3445.41  
6555.64 3297.77 5442.59 3244.46 5486.39  5853.39 2935.87 4861.64 2905.59 4877.47  5137.14 2596.97 4265 2535.45 4331.83  4650.8 2326.27 3871.9 2316.94 3877.39  4147.38 2061.76 3464.44 2077.97 3450.41  
6555.64 3297.77 5442.59 3244.46 5486.39  5868.63 2928.98 4882.99 2924.94 4871.73  5183.99 2611.33 4304.76 2566.07 4347.09  4642.87 2326.72 3859.16 2309.28 3867.34  4145.13 2066.04 3453.19 2072.2 3439.53  
6555.64 3297.77 5442.59 3244.46 5486.39  5768.98 2917.77 4787.35 2844.34 4864.89  5235.15 2608.93 4358.35 2613.99 4339.3  4618.97 2321.3 3842.98 2292.32 3875.54  4135.53 2071.17 3434.28 2059.07 3431.36  
6555.64 3297.77 5442.59 3244.46 5486.39  5853.39 2935.87 4861.64 2905.59 4877.47  5207.58 2606.47 4338.79 2591.51 4357.07  4580.53 2316.92 3798.09 2260.92 3852.04  4152.05 2065.78 3463.81 2078.78 3447.37  
6555.64 3297.77 5442.59 3244.46 5486.39  5775.94 2923.78 4786.41 2845.55 4860.35  5222.06 2612.97 4346.2 2599.08 4355.03  4581.8 2312.76 3806.12 2265.53 3857.74  4120.96 2066.66 3431.35 2049.94 3450.89  
6555.64 3297.77 5442.59 3244.46 5486.39  5833.2 2918.43 4864.35 2902.08 4890.68  5177.89 2611.6 4286.87 2559.83 4318.16  4655.37 2316.6 3886.79 2329.11 3876.17  4123.27 2060.83 3440.99 2057.01 3453.04  
6555.64 3297.77 5442.59 3244.46 5486.39  5775.94 2923.78 4786.41 2845.55 4860.35  5202.78 2598.87 4341.82 2593.43 4356.68  4664.18 2321.94 3888.6 2332.54 3871.84  4133.37 2071.55 3431.22 2056.81 3430.37  
2989.93 1498.43 2485.74 1484.32 2495.33  2818.21 1422.57 2332.53 1390.98 2353.24  2695.4 1349.89 2244.73 1339.7 2256.07  2545.65 1284.19 2107.83 1257.78 2124.91  2435.01 1211.67 2034.94 1217.35 2033.62  
2989.93 1498.43 2485.74 1484.32 2495.33  2828.36 1415.95 2357.8 1405.91 2372.41  2701.96 1347.1 2253.25 1347.86 2252.34  2558.64 1285.19 2121.52 1268.71 2127.65  2436.04 1221.42 2025.75 1210.22 2034.42  
2989.93 1498.43 2485.74 1484.32 2495.33  2820.31 1420.18 2343.81 1395.13 2370.04  2693.33 1352.25 2233.63 1335.62 2239.53  2554.81 1278.22 2130.65 1271.27 2142.21  2442.81 1219.11 2032.68 1218.11 2027.34  
2989.93 1498.43 2485.74 1484.32 2495.33  2838.15 1424.41 2356.48 1407.61 2366.01  2694.41 1349.8 2243.54 1338.88 2255.43  2570 1282.05 2140.97 1281.71 2138.2  2430.79 1220.62 2016.19 1205.95 2021.72  
2989.93 1498.43 2485.74 1484.32 2495.33  2835.91 1412.75 2368.13 1415.31 2369.52  2701.58 1347.26 2252.73 1347.39 2252.48  2566.86 1280.26 2140.32 1280.4 2140.07  2422.23 1221.32 2009.91 1197.81 2030.82  
2989.93 1498.43 2485.74 1484.32 2495.33  2828.36 1415.95 2357.8 1405.91 2372.41  2678.39 1351.89 2216.79 1322.4 2235.72  2545.99 1284.42 2107.96 1257.9 2124.96  2424.18 1221.4 2010.55 1199.41 2027.45  
2989.93 1498.43 2485.74 1484.32 2495.33  2820.31 1420.18 2343.81 1395.13 2370.04  2698.4 1352.69 2243.75 1340.04 2253.2  2561.39 1275.31 2139.48 1279.55 2138.91  2442.81 1218.57 2034.86 1218.63 2031.47  
2989.93 1498.43 2485.74 1484.32 2495.33  2833.5 1423.16 2349.53 1404.32 2357.13  2697.74 1352.55 2243.47 1339.58 2253.84  2544.78 1284.02 2107.05 1257.13 2124.82  2423.03 1221.03 2009.69 1198.69 2027.32  
2989.93 1498.43 2485.74 1484.32 2495.33  2828.36 1415.95 2357.8 1405.91 2372.41  2694.89 1350.22 2243.48 1338.96 2255.11  2549.44 1285.65 2113.04 1260.11 2132.16  2434.34 1211.91 2033.48 1216.53 2032.35  
2989.93 1498.43 2485.74 1484.32 2495.33  2840.97 1419.84 2360 1413.75 2354.49  2687.41 1345.41 2240.69 1336.21 2254.83  2544.92 1284.55 2106.68 1256.84 2124.91  2427.83 1214.76 2024.96 1208.36 2036.1  
35889.7 17961.5 29808.6 17835.4 29806.4  14417.6 7196.52 12034.6 7237.13 12010.2  5791.81 2902.25 4862.05 2921.61 4902.29  2330.33 1163.3 1960.83 1188.16 1960.96  939.124 464.149 795.053 486.463 785.12  
35889.7 17961.5 29808.6 17835.4 29806.4  14444.4 7198.89 12088.1 7260.52 12082.4  5775.79 2900.82 4830.2 2907.73 4859.04  2319.31 1156.36 1942.56 1183.38 1924.28  939.167 465.351 794.385 485.53 786.633  
35889.7 17961.5 29808.6 17835.4 29806.4  14438.6 7165.99 12089 7281.58 12007.3  5791.91 2900.39 4851.06 2922.9 4867.58  2318.34 1182.08 1938.04 1162.19 1988.1  931.242 473.391 779.282 471.534 792.265  
35889.7 17961.5 29808.6 17835.4 29806.4  14417.6 7196.52 12034.6 7237.13 12010.2  5805.88 2880.68 4891.02 2952.24 4876.87  2328.55 1172.84 1955.15 1178.92 1978.35  931.654 468.936 782.488 475.584 786.814  
35889.7 17961.5 29808.6 17835.4 29806.4  14444.4 7198.89 12088.1 7260.52 12082.4  5762.86 2886.49 4809.23 2907.02 4799.41  2327.78 1170.3 1954.63 1180.18 1971.84  941.817 465.584 799.695 487.865 793.778  
35889.7 17961.5 29808.6 17835.4 29806.4  14440.9 7202.79 12069.5 7253.67 12054.8  5764.89 2884.16 4820.22 2911.07 4815.76  2333.14 1169.76 1968.05 1185.75 1990.67  939.638 467.36 794.879 484.321 792.403  
35889.7 17961.5 29808.6 17835.4 29806.4  14373.5 7143.7 12004.4 7239.56 11903.1  5807.01 2932.92 4857.93 2910.51 4936.27  2354.28 1173.19 1993.02 1202.37 2006.9  939.577 472.581 792.77 479.938 802.192  
35889.7 17961.5 29808.6 17835.4 29806.4  14415.7 7159.83 12054.7 7265.33 11963.5  5781.88 2923.25 4828.1 2895.29 4900.32  2326.37 1168.95 1954.65 1179.86 1972.24  948.518 470.143 806.96 490.275 807.356  
35889.7 17961.5 29808.6 17835.4 29806.4  14442 7162.16 12107.3 7288.31 12034.4  5766.27 2921.86 4796.97 2881.72 4858.11  2337.26 1162.8 1971.08 1195.02 1967.23  930.346 473.274 777.546 470.741 790.019  
35889.7 17961.5 29808.6 17835.4 29806.4  14407 7215.78 12035.6 7212.67 12097.1  5796.7 2892.29 4853.84 2933.26 4838.94  2329.94 1156.71 1959.32 1192.95 1939.55  944.56 462.687 803.831 492.816 788.558  
5988.71 2988.35 4980.72 2983.25 4966.4  5383.06 2691.23 4472.15 2678.87 4464.03  4854.34 2425.2 4039.55 2418.76 4036.43  4358.41 2188.5 3621.2 2163.97 3639.12  3918.03 1968.02 3252.38 1945.78 3264.32  
5988.71 2988.35 4980.72 2983.25 4966.4  5390.87 2679.81 4492.35 2695.32 4462.93  4838.68 2394.86 4039.46 2429.04 3993.58  4370.54 2187.53 3635.11 2175.72 3639.2  3935.19 1968.32 3277.98 1961.34 3284.63  
5988.71 2988.35 4980.72 2983.25 4966.4  5352.62 2691.28 4432.96 2651.13 4445.8  4858.54 2423.88 4049.67 2423.8 4047.5  4368.49 2178.05 3646.26 2181.83 3647.11  3936.28 1966.3 3276.74 1963.8 3272.68  
5988.71 2988.35 4980.72 2983.25 4966.4  5382.37 2677.51 4479.62 2689.31 4446.66  4853.65 2414.17 4045.34 2427.03 4022.25  4359.61 2189.77 3625.57 2164.21 3650.74  3916.39 1951.33 3256.95 1957.62 3233.55  
5988.71 2988.35 4980.72 2983.25 4966.4  5368.91 2697.52 4452.31 2661.01 4469.03  4835.22 2428.14 4011.98 2398.91 4025.53  4341.36 2180.59 3599.48 2154.61 3607.19  3930.43 1968.54 3274 1956.87 3288.03  
5988.71 2988.35 4980.72 2983.25 4966.4  5392.13 2678.37 4499.11 2697.81 4473.01  4845.65 2424.38 4025.21 2411.37 4020.63  4358.37 2189.87 3619.95 2162.83 3639.8  3918 1969.25 3251.26 1944.75 3264.93  
5988.71 2988.35 4980.72 2983.25 4966.4  5386.92 2686.85 4492.8 2686.47 4494.83  4845.55 2411.18 4032.57 2421.9 4002.84  4351.77 2188.41 3609.16 2157.86 3625.74  3917.52 1950.84 3258.53 1959.04 3233.18  
5988.71 2988.35 4980.72 2983.25 4966.4  5386.92 2686.85 4492.8 2686.47 4494.83  4853.96 2425.64 4037.5 2418 4033.37  4369.41 2183.76 3635.26 2177.7 3632.07  3915.24 1959.81 3249.76 1949.71 3241.95  
5988.71 2988.35 4980.72 2983.25 4966.4  5367.05 2685.09 4453.13 2669.17 4441.19  4820.73 2423.75 3994.46 2389.21 4007.35  4342.98 2182.27 3601.13 2154.76 3611.73  3922.81 1950.38 3267.03 1964.31 3239.38  
5988.71 2988.35 4980.72 2983.25 4966.4  5386.92 2686.85 4492.8 2686.47 4494.83  4818.77 2423.58 3990.56 2387.51 4002.06  4372.92 2183.96 3639.93 2180.73 3635.19  3907.85 1964.51 3239.19 1939.23 3248.09  
53738.7 26574.6 44952.4 26968.3 44559.2  5589.58 3016.89 4530.38 2721.92 4831.9  601.833 361.662 464.702 278.703 540.479  62.1893 41.0511 47.0549 27.8219 60.6213  6.9482 5.14748 4.94946 2.92814 6.96774  
53738.7 26574.6 44952.4 26968.3 44559.2  5589.58 3016.89 4530.38 2721.92 4831.9  601.415 364.449 464.038 276.74 546.621  62.6717 38.5759 47.6256 29.679 54.7334  6.78895 4.74199 4.98999 3.00742 6.61204  
53738.7 26574.6 44952.4 26968.3 44559.2  5558.11 2984.57 4512.68 2717.43 4785.33  626.444 386.078 478.718 282.269 576.146  68.7905 48.4571 50.5277 28.7965 70.3859  7.15779 5.57018 5.13489 2.88004 7.97918  
53738.7 26574.6 44952.4 26968.3 44559.2  5537.45 2970.67 4501.84 2709.53 4776.44  645.511 401.728 489.19 288.041 592.818  70.3388 47.1954 50.9216 30.6565 63.9821  7.20484 5.13314 5.09924 3.11955 6.6858  
53738.7 26574.6 44952.4 26968.3 44559.2  5584.12 3026.31 4524.35 2710.72 4855.79  598.842 346.08 466.679 286.854 513.47  70.2236 46.9152 50.8546 30.7028 63.4864  7.2585 5.31028 5.14707 3.07403 7.07584  
53738.7 26574.6 44952.4 26968.3 44559.2  5605.57 3040.74 4535.6 2718.91 4865.01  579.905 333.571 456.659 279.538 505.382  68.0891 45.4861 49.8185 29.8698 62.9647  6.99302 4.98631 4.9944 3.03592 6.62519  
53738.7 26574.6 44952.4 26968.3 44559.2  5571.51 2994.38 4517.72 2721.89 4787.75  619.199 385.845 475.96 277.255 586.565  63.4546 40.324 48.4604 29.2331 59.2801  6.39656 4.23642 4.92021 2.98548 6.32587  
53738.7 26574.6 44952.4 26968.3 44559.2  5568.52 3002.72 4519.34 2713.87 4822.84  621.765 376.449 475.254 285.515 552.78  63.6516 40.9373 47.5876 29.0456 57.7145  6.63247 4.67289 4.89704 2.93678 6.60189  
53738.7 26574.6 44952.4 26968.3 44559.2  5584.12 3026.31 4524.35 2710.72 4855.79  608.489 356.131 470.669 288.468 522.877  61.5276 38.116 47.2774 29.1575 55.5423  6.47437 4.30665 4.7943 3.01355 5.87026  
53738.7 26574.6 44952.4 26968.3 44559.2  5589.58 3016.89 4530.38 2721.92 4831.9  596.288 355.919 462.427 277.665 535.412  67.1589 45.9579 49.0736 28.837 64.6274  7.46554 5.92232 5.17141 2.93778 7.94957  
