3 50 50 4
500 200
2200 1000 2200 
1518.23 322.98 1
0.0690567 1 10
325.346
325.034
324.713
324.645
324.543
324.641
326.427
327.073
329.135
324.564
325.193
324.614
327.535
326.006
329.083
326.484
330.115
328.875
327.061
325.121
325.048
325.797
324.855
326.988
324.653
328.81
324.818
324.933
327.182
325.113
324.519
328.523
324.638
324.842
329.54
326.98
326.86
324.607
325.099
325.719
326.322
324.533
327.358
324.525
328.759
324.602
324.78
324.973
324.556
325.381
46.7095 -0.26363
46.9877 1.10876
45.5981 0.50348
45.8122 1.84499
46.3889 1.1264
46.4945 1.53159
45.2378 -1.09913
44.0122 0.92199
43.4995 -0.20319
46.0848 1.71502
45.9722 -0.39724
46.5097 1.32038
43.8758 0.54701
44.4744 1.11599
43.5495 -0.32355
46.0256 -1.42864
43.3959 -0.79921
43.444 1.82852
44.6258 -0.92063
45.0993 0.57348
46.8137 0.32211
44.8352 -0.01629
45.4042 1.8179
44.0525 0.82154
46.4626 1.64345
43.452 0.56913
46.314 0.14153
45.3663 1.92305
45.2631 -1.60364
47.044 1.33541
45.7714 1.32727
43.545 1.76946
45.5142 1.09122
46.8077 1.26066
43.4069 -0.31148
44.1219 0.35931
47.0309 -1.28919
46.0627 1.83181
45.0997 1.65836
46.978 -0.38084
44.4227 1.97266
45.7221 1.28476
47.0415 -1.60085
46.2993 0.91161
43.4399 0.91234
46.2211 1.76626
46.6615 1.63116
46.6144 0.14983
45.8217 1.59732
44.8995 0.57839
46.4437 1.23402
43.367 0.072
45.6462 1.94656
