3 50 4
15936.8 11258.9 10608.6  9860.25 6947.2 6542.98  6121.05 4426.41 4111.6  3808.85 2745.38 2545.58  
15936.8 11258.9 10608.6  9873.44 7055.93 6600.73  6116.04 4385.6 4089.72  3805.53 2739.61 2539.69  
15936.8 11258.9 10608.6  9860.84 7099.44 6603.02  6121.18 4338.14 4076.55  3814.13 2766.69 2548.29  
15936.8 11258.9 10608.6  9877.63 7063.52 6575.46  6123.35 4328.75 4069.16  3811.86 2746.94 2552.89  
15936.8 11258.9 10608.6  9889.03 7019.99 6572.88  6119.85 4346.39 4065.06  3798.39 2729.01 2540.58  
15936.8 11258.9 10608.6  9860.84 7099.44 6603.02  6137.88 4383.02 4094.62  3812.7 2713.26 2532.84  
15936.8 11258.9 10608.6  9873.44 7055.93 6600.73  6142.8 4376.99 4078.2  3801.49 2709.99 2522.2  
15936.8 11258.9 10608.6  9887.85 7068.26 6601.16  6130.26 4399.48 4079.64  3810.83 2723.44 2539.37  
15936.8 11258.9 10608.6  9846.37 6935.32 6542.56  6152.2 4420.57 4105.33  3807.63 2737.57 2537  
15936.8 11258.9 10608.6  9846.37 6935.32 6542.56  6126.27 4430.86 4111.75  3817.69 2793.73 2557.88  
41062.3 29260.8 27411.4  915.965 717.611 576.117  21.2353 20.9988 12.1975  0.456213 0.572921 0.274199  
41062.3 29260.8 27411.4  917.506 719.095 575.405  19.7251 19.4018 12.8698  0.423475 0.688255 0.312454  
41062.3 29260.8 27411.4  913.384 715.374 575.314  23.6845 23.2721 13.0048  0.580943 0.538736 0.270427  
41062.3 29260.8 27411.4  913.893 721.576 574.021  23.2304 16.9829 14.2224  0.529866 0.626025 0.342552  
41062.3 29260.8 27411.4  910.756 718.555 575.471  26.2463 20.165 12.8507  0.650518 0.467218 0.267502  
41062.3 29260.8 27411.4  916.022 712.4 574.361  21.0735 25.9293 13.9105  0.555172 0.85274 0.315694  
41062.3 29260.8 27411.4  914.782 722.095 576.32  22.3945 16.517 11.9639  0.479226 0.566939 0.303561  
41062.3 29260.8 27411.4  917.535 713.857 573.662  19.6421 24.7543 14.6219  0.479179 0.571217 0.304523  
41062.3 29260.8 27411.4  917.535 713.857 573.662  19.6665 24.4146 14.5684  0.455733 0.901592 0.355449  
41062.3 29260.8 27411.4  916.466 718.342 573.89  20.716 20.0964 14.3486  0.471193 0.745879 0.348424  
39818.4 28311.8 26578.3  2069.42 1592.15 1347.31  106.41 90.4963 70.5732  5.47644 5.20945 3.60939  
39818.4 28311.8 26578.3  2069.4 1580.64 1343.23  105.973 100.854 74.3379  5.92681 6.223 3.89948  
39818.4 28311.8 26578.3  2060.15 1583.81 1347.05  115.012 98.1838 70.8201  6.12028 5.74829 3.61475  
39818.4 28311.8 26578.3  2061.36 1597.59 1344.09  113.946 85.308 73.342  5.98833 4.90496 4.02458  
39818.4 28311.8 26578.3  2063.38 1598.67 1349.44  112.144 83.7469 68.3486  5.79011 5.36721 3.68484  
39818.4 28311.8 26578.3  2069.42 1592.15 1347.31  106.428 90.5261 70.4826  5.47487 5.15916 3.68927  
39818.4 28311.8 26578.3  2069.42 1592.15 1347.31  105.955 90.748 70.5918  5.89718 4.88882 3.57438  
39818.4 28311.8 26578.3  2069.42 1592.15 1347.31  105.65 90.4622 70.4911  6.18906 5.23853 3.67268  
39818.4 28311.8 26578.3  2067.07 1590.52 1343.78  108.185 92.2951 73.9439  6.02312 5.05231 3.76209  
39818.4 28311.8 26578.3  2060.15 1583.81 1347.05  114.685 97.1671 70.5026  6.41191 6.77719 3.92874  
34376.9 24312.8 22906.9  6189.36 4552.4 4141.49  1171.97 921.84 779.317  213.396 172.414 140.867  
34376.9 24312.8 22906.9  6197.66 4527.22 4128.7  1161.92 939.335 788.667  214.84 179.997 143.927  
34376.9 24312.8 22906.9  6241.65 4630.04 4166.17  1129.82 853.503 753.946  206.041 165.696 141.642  
34376.9 24312.8 22906.9  6214.14 4605.82 4165.33  1143.87 865.517 754.37  216.089 174.764 141.769  
34376.9 24312.8 22906.9  6197.66 4527.22 4128.7  1167.11 937.463 786.433  211.545 179.789 145.089  
34376.9 24312.8 22906.9  6189.36 4552.4 4141.49  1173.73 923.464 779.374  212.565 171.642 141.021  
34376.9 24312.8 22906.9  6189.36 4552.4 4141.49  1168.66 918.935 778.214  216.706 174.057 141.535  
34376.9 24312.8 22906.9  6214.48 4572.93 4152.76  1148.28 909.173 770.329  212.56 164.007 137.979  
34376.9 24312.8 22906.9  6189.36 4552.4 4141.49  1170.43 907.595 772.459  214.676 185.351 146.731  
34376.9 24312.8 22906.9  6223.66 4648.87 4172.71  1145.66 838.896 751.526  207.827 162.32 138.098  
6697.13 4781.63 4476.71  5623.83 4022.37 3760.47  4720.91 3374.82 3159.11  3971.68 2840.58 2643.78  
6697.13 4781.63 4476.71  5639.24 4004.72 3759.42  4733.53 3366.5 3146.3  3982.86 2835.16 2652.38  
6697.13 4781.63 4476.71  5593.72 4030.43 3746.21  4707.39 3386.28 3149.6  3976.91 2834.38 2657.92  
6697.13 4781.63 4476.71  5615.4 3985.2 3753.89  4703.96 3393.51 3148.39  3990.76 2812.63 2648.27  
6697.13 4781.63 4476.71  5584.39 4021.71 3750.92  4729.21 3378.62 3148.32  3963.66 2827.97 2653.56  
6697.13 4781.63 4476.71  5639.24 4004.72 3759.42  4705.08 3366.9 3154.75  3975.95 2846.58 2655.16  
6697.13 4781.63 4476.71  5584.39 4021.71 3750.92  4747.86 3367.27 3155.93  3977.87 2843.81 2656.33  
6697.13 4781.63 4476.71  5640.03 4006.15 3754.63  4704.96 3366.67 3155.51  3986.74 2833.9 2655.06  
6697.13 4781.63 4476.71  5615.47 4015.26 3760.22  4722.23 3375.95 3159.15  3977.57 2844.49 2650.88  
6697.13 4781.63 4476.71  5639.24 4004.72 3759.42  4705.08 3366.9 3154.75  3986.77 2813.75 2646.38  
