5 16 3
24903 24948.7 31159.6 21714.3 52833.3  7249.92 7224.19 9100.66 6345.44 15501.5  2146.35 2145.55 2636.26 1928.56 4534.82  
1750.98 1736.64 2189.85 1518.64 3734.53  1657.06 1636.31 2065.03 1437.61 3535.41  1563.59 1541.03 1955.03 1352.02 3346.27  
1750.98 1736.64 2189.85 1518.64 3734.53  1664.43 1647.77 2067.7 1449.36 3539.6  1577.62 1569.43 1981.38 1366.96 3368.08  
1750.98 1736.64 2189.85 1518.64 3734.53  1664.23 1662.72 2088.56 1446.05 3542.71  1567.28 1550.81 1968.5 1353.8 3355.95  
22409.3 22349.6 28129.7 19444.8 47754.1  8126.22 8113.81 10127.6 7138.67 17267.2  2983.94 3020.11 3658.44 2690.25 6244.14  
12635.5 12550.9 15781.2 10979 26905.4  8069.52 8031.81 10111.2 7018.02 17207.6  5169.52 5192.44 6503.14 4515.49 11001.3  
1750.98 1736.64 2189.85 1518.64 3734.53  1645.08 1620.26 2056.61 1421.83 3521.46  1575.56 1557.08 1963.45 1367.8 3360.22  
1750.98 1736.64 2189.85 1518.64 3734.53  1645.08 1620.26 2056.61 1421.83 3521.46  1586.78 1579.48 1981.18 1381.26 3374.63  
24903 24948.7 31159.6 21714.3 52833.3  7294.72 7273.72 9054.72 6439 15487  2103.68 2092.87 2677.31 1838.28 4552.2  
12635.5 12550.9 15781.2 10979 26905.4  8010.98 7952.49 10068.8 6940.9 17138.9  5233.2 5279.35 6516.18 4616.52 11041.9  
17504.1 17462.7 21977 15188.7 37299.7  8774.22 8802.58 10992.2 7678.12 18636.4  4446.27 4458.48 5503.17 3938.53 9389.24  
1750.98 1736.64 2189.85 1518.64 3734.53  1657.06 1636.31 2065.03 1437.61 3535.41  1563.59 1541.03 1955.03 1352.02 3346.27  
22409.3 22349.6 28129.7 19444.8 47754.1  8130.91 8197.92 10126 7186.22 17176.4  2967.54 2959 3672.94 2635.31 6297.57  
1750.98 1736.64 2189.85 1518.64 3734.53  1645.08 1620.26 2056.61 1421.83 3521.46  1586.78 1579.48 1981.18 1381.26 3374.63  
24903 24948.7 31159.6 21714.3 52833.3  7217.14 7246.54 9031.37 6358.34 15336.9  2171.92 2126.51 2696.02 1914.78 4670.72  
22409.3 22349.6 28129.7 19444.8 47754.1  8145.75 8172.89 10147.5 7177.88 17257.8  2944.99 2953.91 3653.81 2619.22 6238.17  
