5 50 3
12635.5 12550.9 15781.2 10979 26905.4  8083.28 8102.75 10149.3 7047.71 17190.8  5207.52 5201.56 6454.21 4583.55 11018.3  
12635.5 12550.9 15781.2 10979 26905.4  8063.89 8044.2 10129.4 7009.21 17200.1  5194.55 5224.91 6506.12 4555.46 11017.2  
12635.5 12550.9 15781.2 10979 26905.4  8010.98 7952.49 10068.8 6940.9 17138.9  5233.2 5279.35 6516.18 4616.52 11041.9  
12635.5 12550.9 15781.2 10979 26905.4  8048.42 7974.01 10034.9 7006.58 17155.4  5223.49 5263.29 6516.12 4598.89 11041  
12635.5 12550.9 15781.2 10979 26905.4  8113.81 8136.08 10131 7104.31 17195.1  5199.96 5205.18 6481.67 4563.82 11026.7  
12635.5 12550.9 15781.2 10979 26905.4  8105.75 8088.72 10125.6 7075.54 17228.9  5179.56 5208.99 6507.51 4531.87 11006.8  
12635.5 12550.9 15781.2 10979 26905.4  8083.28 8102.75 10149.3 7047.71 17190.8  5187.59 5203.97 6498.96 4541.76 11020.5  
12635.5 12550.9 15781.2 10979 26905.4  8069.52 8031.81 10111.2 7018.02 17207.6  5169.52 5192.44 6503.14 4515.49 11001.3  
12635.5 12550.9 15781.2 10979 26905.4  8100.5 8064.9 10093.5 7074.65 17213.7  5169.3 5156.74 6474.28 4512.53 11013.5  
12635.5 12550.9 15781.2 10979 26905.4  8069.52 8031.81 10111.2 7018.02 17207.6  5170.13 5146.24 6439.25 4525.75 10991.7  
24903 24948.7 31159.6 21714.3 52833.3  7217.14 7246.54 9031.37 6358.34 15336.9  2179.55 2129.13 2698.3 1922.72 4685.6  
24903 24948.7 31159.6 21714.3 52833.3  7217.14 7246.54 9031.37 6358.34 15336.9  2171.92 2126.51 2696.02 1914.78 4670.72  
24903 24948.7 31159.6 21714.3 52833.3  7294.72 7273.72 9054.72 6439 15487  2103.68 2092.87 2677.31 1838.28 4552.2  
24903 24948.7 31159.6 21714.3 52833.3  7217.14 7246.54 9031.37 6358.34 15336.9  2179.55 2129.13 2698.3 1922.72 4685.6  
24903 24948.7 31159.6 21714.3 52833.3  7287.04 7263.98 9096.34 6405.24 15525.5  2130.98 2107.36 2654.46 1884.72 4567.66  
24903 24948.7 31159.6 21714.3 52833.3  7294.72 7273.72 9054.72 6439 15487  2117.26 2107.29 2679.52 1858.17 4565.07  
24903 24948.7 31159.6 21714.3 52833.3  7289.98 7231.69 9103.59 6388.46 15577.5  2128.89 2130.13 2649.31 1896.51 4530.82  
24903 24948.7 31159.6 21714.3 52833.3  7249.92 7224.19 9100.66 6345.44 15501.5  2146.35 2145.55 2636.26 1928.56 4534.82  
24903 24948.7 31159.6 21714.3 52833.3  7294.72 7273.72 9054.72 6439 15487  2106.91 2101.75 2673.63 1847.82 4544.36  
24903 24948.7 31159.6 21714.3 52833.3  7307.69 7251.24 9074.71 6430.87 15560.8  2104.73 2114.15 2668.93 1854.13 4520.52  
22409.3 22349.6 28129.7 19444.8 47754.1  8126.22 8113.81 10127.6 7138.67 17267.2  2983.94 3020.11 3658.44 2690.25 6244.14  
22409.3 22349.6 28129.7 19444.8 47754.1  8067.33 8033.56 10085 7060.28 17198.4  2983.32 3051.87 3688.19 2688.99 6236.25  
22409.3 22349.6 28129.7 19444.8 47754.1  8109.65 8115.21 10132.7 7119.81 17237.1  2957.83 2986.74 3660.31 2644.92 6232.25  
22409.3 22349.6 28129.7 19444.8 47754.1  8130.91 8197.92 10126 7186.22 17176.4  2930.41 2927.06 3656.85 2589.27 6243.39  
22409.3 22349.6 28129.7 19444.8 47754.1  8162.62 8171.47 10142.4 7197.08 17288.5  2952.29 2988.6 3657.74 2642.41 6216.44  
22409.3 22349.6 28129.7 19444.8 47754.1  8130.91 8197.92 10126 7186.22 17176.4  2967.54 2959 3672.94 2635.31 6297.57  
22409.3 22349.6 28129.7 19444.8 47754.1  8145.75 8172.89 10147.5 7177.88 17257.8  2944.99 2953.91 3653.81 2619.22 6238.17  
22409.3 22349.6 28129.7 19444.8 47754.1  8067.33 8033.56 10085 7060.28 17198.4  3021.61 3071.27 3685.64 2740.26 6288.1  
22409.3 22349.6 28129.7 19444.8 47754.1  8082.21 8105.5 10124.5 7091.08 17184.5  3003.57 3030.73 3669.2 2709.76 6282.64  
22409.3 22349.6 28129.7 19444.8 47754.1  8051.06 8034.93 10089.9 7041.77 17168.9  3018.4 3062.64 3696.01 2726.62 6302.43  
1750.98 1736.64 2189.85 1518.64 3734.53  1648.21 1634.39 2075.69 1422.36 3530.51  1578.52 1563.1 1971.25 1369.84 3367.08  
1750.98 1736.64 2189.85 1518.64 3734.53  1645.08 1620.26 2056.61 1421.83 3521.46  1575.56 1557.08 1963.45 1367.8 3360.22  
1750.98 1736.64 2189.85 1518.64 3734.53  1649.35 1631.89 2072 1424.13 3532.03  1585.44 1581.36 1984.05 1379.4 3372.61  
1750.98 1736.64 2189.85 1518.64 3734.53  1668.86 1659.85 2083.68 1451.76 3550.57  1578.51 1566.41 1977.02 1368.56 3369.01  
1750.98 1736.64 2189.85 1518.64 3734.53  1649.35 1631.89 2072 1424.13 3532.03  1566.93 1554.68 1972.82 1353.18 3355.04  
1750.98 1736.64 2189.85 1518.64 3734.53  1664.23 1662.72 2088.56 1446.05 3542.71  1567.28 1550.81 1968.5 1353.8 3355.95  
1750.98 1736.64 2189.85 1518.64 3734.53  1648.3 1627.18 2065.64 1423.95 3529.01  1567.08 1548.06 1963.59 1354.71 3353.76  
1750.98 1736.64 2189.85 1518.64 3734.53  1664.43 1647.77 2067.7 1449.36 3539.6  1577.62 1569.43 1981.38 1366.96 3368.08  
1750.98 1736.64 2189.85 1518.64 3734.53  1657.06 1636.31 2065.03 1437.61 3535.41  1563.59 1541.03 1955.03 1352.02 3346.27  
1750.98 1736.64 2189.85 1518.64 3734.53  1645.08 1620.26 2056.61 1421.83 3521.46  1586.78 1579.48 1981.18 1381.26 3374.63  
17504.1 17462.7 21977 15188.7 37299.7  8837.68 8849.5 10981.4 7771.45 18699.1  4372.92 4379.71 5503.14 3824.82 9332.87  
17504.1 17462.7 21977 15188.7 37299.7  8732.06 8779.73 10968.5 7635.91 18553.6  4469.07 4450.01 5519.29 3949.11 9461.95  
17504.1 17462.7 21977 15188.7 37299.7  8822.64 8811.7 10995.7 7730.16 18727.6  4359.58 4387.03 5484.38 3824.04 9277.99  
17504.1 17462.7 21977 15188.7 37299.7  8837.68 8849.5 10981.4 7771.45 18699.1  4416.43 4415.35 5512.86 3882 9389.3  
17504.1 17462.7 21977 15188.7 37299.7  8822.64 8811.7 10995.7 7730.16 18727.6  4414.78 4434.89 5508.52 3892.03 9358.45  
17504.1 17462.7 21977 15188.7 37299.7  8774.22 8802.58 10992.2 7678.12 18636.4  4446.27 4458.48 5503.17 3938.53 9389.24  
17504.1 17462.7 21977 15188.7 37299.7  8783.3 8749.54 10979.7 7667.41 18704.5  4382.81 4390.37 5485.15 3848.63 9321.6  
17504.1 17462.7 21977 15188.7 37299.7  8765.4 8751.05 10985.1 7647.16 18672  4452.46 4464.24 5510.99 3943.54 9402.82  
17504.1 17462.7 21977 15188.7 37299.7  8735.75 8740.58 10976.3 7616.31 18615  4447.32 4437.9 5507.39 3926.68 9419.65  
17504.1 17462.7 21977 15188.7 37299.7  8735.75 8740.58 10976.3 7616.31 18615  4447.32 4437.9 5507.39 3926.68 9419.65  
