1 22 22 3
500 200
2200 
1518.23 322.98 1
0.0690567 1 10
2105.3
2108.41
2107.42
2108.16
2108.54
2109.03
2109.43
2107.65
2110.31
2104.97
2109.04
2109.7
2107.02
2107.13
2107.32
2106.17
2107.23
2104.81
2104.76
2106.61
2106.19
2105.66
45.8276 -0.26413
44.0109 1.69051
46.6352 0.28899
43.7928 -1.16231
46.8005 -0.93437
43.3944 -0.422
46.7775 -1.57447
43.9939 1.26475
46.7454 2.0171
45.5757 -0.23304
43.4508 -0.76297
43.4569 1.27299
44.0335 -0.90008
44.0388 -1.00255
43.8474 -0.59425
46.1849 0.54379
44.1171 1.22493
45.0126 -0.10197
45.1525 0.00118
44.3122 1.14641
44.1868 -0.42867
45.5558 -1.08882
44.5241 1.53281
