1 33 3
92567.3  6830.14  547.974  
38852.1  23568.7  14588.7  
17929.3  14619.9  12086.3  
17914  14699.1  12042  
16811.1  14040.3  11694.2  
20908.7  16546.8  13061.6  
17914  14549.2  12122.9  
17914  14694.2  11988.9  
13931.6  11983.4  10325.6  
17929.3  14717.4  12068.8  
92567.3  6853.77  523.381  
37775.3  23514.4  14601.9  
37775.3  23394.1  14610.8  
17929.3  14717.4  12068.8  
2978.56  2861.55  2777.14  
17914  14724.7  12083  
17929.3  14624.2  12060.4  
17929.3  14662  12079.2  
92567.3  6830.14  547.974  
16811.1  14078.5  11611.5  
13931.6  11872.3  10301.9  
37775.3  23394.1  14610.8  
2978.56  2861.55  2777.14  
37775.3  23394.1  14610.8  
13931.6  11872.3  10348.3  
17914  14699.1  12042  
17914  14699.1  12042  
17914  14699.1  12042  
13931.6  11925  10322.8  
17914  14572.2  11966  
16811.1  14078.5  11611.5  
2978.56  2902.71  2775.93  
2978.56  2884.53  2808.62  
