2 16 4
22893.4 15921.6  14097.6 9685.8  8566.62 5934.59  5242.76 3631.39  
27674.8 19003  14654.1 10110  7785.8 5449.69  4167.96 2930.92  
22393.6 15469.9  13817.2 9637.87  8674.96 5962.86  5374.69 3724.92  
22893.4 15921.6  14097.6 9685.8  8566.62 5934.59  5242.76 3631.39  
22893.4 15921.6  14056.5 9710.57  8582.54 5925.03  5242.04 3638.12  
27674.8 19003  14709 10205.9  7778.34 5449.18  4162.78 2883.41  
27674.8 19003  14709 10205.9  7791.71 5398.78  4171.09 2950.03  
49746.2 34664  7787.94 5265.8  1306.59 826.69  205.772 125.875  
49746.2 34664  7866.16 5289.52  1237.62 804.55  199.068 124.535  
27674.8 19003  14709 10205.9  7791.71 5398.78  4171.09 2950.03  
22393.6 15469.9  13917.1 9549.55  8600.19 6003.07  5345.85 3709.18  
27421 19160.9  14751.3 10192  7863.61 5403.56  4130.42 2855.1  
49746.2 34664  7872.55 5293.78  1226.45 801.653  201.508 123.07  
22393.6 15469.9  13838.5 9546.73  8599.65 5982.63  5406.28 3719.06  
22393.6 15469.9  13838.5 9546.73  8599.65 5982.63  5406.28 3719.06  
49746.2 34664  7911.33 5290.9  1209.25 805.428  183.383 122.317  
