2 50 4
22393.6 15469.9  13855.7 9611.81  8593.22 5958.16  5398.09 3701.03  
22393.6 15469.9  13917.1 9549.55  8600.19 6003.07  5345.85 3709.18  
22393.6 15469.9  13906.6 9542.45  8622.96 5986.05  5333.04 3753.8  
22393.6 15469.9  13918.1 9602.07  8638.56 5977.12  5353.27 3735.41  
22393.6 15469.9  13925.8 9608.04  8628.5 5937.76  5349.96 3745.19  
22393.6 15469.9  13807.3 9577.57  8680.63 5986.45  5379.3 3741.16  
22393.6 15469.9  13906.6 9542.45  8587.17 6026.73  5381.12 3701.33  
22393.6 15469.9  13838.5 9546.73  8673.56 6001.76  5347.8 3710.71  
22393.6 15469.9  13838.5 9546.73  8599.65 5982.63  5406.28 3719.06  
22393.6 15469.9  13817.2 9637.87  8674.96 5962.86  5374.69 3724.92  
22893.4 15921.6  14032.7 9692.15  8613.07 5947.95  5261.09 3631.57  
22893.4 15921.6  14056.5 9710.57  8536.21 5926.42  5255.72 3634.71  
22893.4 15921.6  14056.5 9710.57  8582.54 5925.03  5242.04 3638.12  
22893.4 15921.6  13987.6 9715.84  8581.52 5937.41  5253.37 3620.41  
22893.4 15921.6  14059.6 9711.84  8597.75 5936.52  5191.64 3622.8  
22893.4 15921.6  14032.7 9692.15  8505.09 5938.21  5303.02 3635.37  
22893.4 15921.6  13990.7 9717.14  8516.14 5924.6  5277.43 3624.95  
22893.4 15921.6  13879.8 9694.35  8667.6 5943.38  5236.9 3629.29  
22893.4 15921.6  13990.7 9717.14  8514.22 5923.81  5278.14 3625.22  
22893.4 15921.6  14097.6 9685.8  8566.62 5934.59  5242.76 3631.39  
27674.8 19003  14709 10205.9  7778.34 5449.18  4162.78 2883.41  
27674.8 19003  14678 10073.6  7771.37 5433.95  4166.72 2925.16  
27674.8 19003  14588.7 10062.3  7851.86 5498.06  4191.46 2916.53  
27674.8 19003  14709 10205.9  7791.71 5398.78  4171.09 2950.03  
27674.8 19003  14605.9 10020.5  7839.77 5484.16  4197.9 2980.79  
27674.8 19003  14654.1 10110  7821.37 5475.93  4191.84 2948.92  
27674.8 19003  14705.2 10260.3  7780.14 5423.87  4145.13 2856.42  
27674.8 19003  14677 10239.5  7819.42 5363.97  4158.58 2907.23  
27674.8 19003  14661.8 10171.3  7842.96 5466.1  4136.05 2877.82  
27674.8 19003  14654.1 10110  7785.8 5449.69  4167.96 2930.92  
27421 19160.9  14824 10186.5  7829.84 5406.14  4142.52 2860.66  
27421 19160.9  14634.4 10168.1  7938.11 5429.43  4202.77 2874.66  
27421 19160.9  14751.3 10192  7863.61 5403.56  4130.42 2855.1  
27421 19160.9  14722.4 10171  7892.5 5424.58  4207.35 2875.98  
27421 19160.9  14832.4 10192.9  7779.19 5401.64  4183.79 2875.64  
27421 19160.9  14722.4 10171  7830.01 5411.93  4244.76 2887.89  
27421 19160.9  14646.4 10176.1  7967.02 5419.26  4142.23 2863.26  
27421 19160.9  14722.4 10171  7733.01 5374.06  4233.64 2882.75  
27421 19160.9  14824 10186.5  7783.08 5404.69  4242.54 2884.29  
27421 19160.9  14751.3 10192  7922.42 5415.24  4187.38 2876.12  
49746.2 34664  7759.38 5246.21  1330.67 843.304  210.531 128.293  
49746.2 34664  7866.16 5289.52  1246.5 805.947  190.501 123.348  
49746.2 34664  7872.55 5293.78  1226.45 801.653  201.508 123.07  
49746.2 34664  7787.94 5265.8  1306.59 826.69  205.772 125.875  
49746.2 34664  7911.33 5290.9  1209.25 805.428  183.383 122.317  
49746.2 34664  7787.94 5265.8  1297.21 825.297  213.608 127.016  
49746.2 34664  7807.44 5278.79  1287.02 813.697  206.355 125.501  
49746.2 34664  7866.16 5289.52  1237.62 804.55  199.068 124.535  
49746.2 34664  7811.97 5282.09  1292.38 812.273  196.081 124.083  
49746.2 34664  7787.94 5265.8  1288.4 819.558  219.729 131.063  
