3 33 3
180.18 453.311 362.346  176.308 446.091 356.902  175.395 443.735 353.423  
10663.6 26647.6 21405.8  4391.12 11055.2 8792.63  1842.2 4545.46 3622.3  
12150.9 30381.2 24290.2  4006.43 10078.5 8054.14  1351.65 3319.08 2682.47  
13718.5 34389.8 27573.4  3355.78 8279.77 6638.08  833.453 2109.44 1626.3  
6171.84 15343.4 12248.5  4078.01 10121.9 8119.66  2681.12 6652.14 5329.61  
6171.84 15343.4 12248.5  4073.17 10111.4 8091.23  2694.03 6719.67 5405.91  
904.468 2268.82 1812.72  860.256 2152.84 1713.96  806.369 2039.85 1628.87  
13718.5 34389.8 27573.4  3321.16 8333.34 6620.62  851.676 2049.92 1635.61  
11771 29203.1 23518.1  4125.58 10291.4 8227.03  1474.63 3784.32 2958.43  
6880.59 17240.1 13779.4  4272.94 10677 8564.87  2645.86 6646.85 5276.6  
11771 29203.1 23518.1  4139.43 10385 8282.75  1468.04 3794.68 2957.95  
14456.7 36314.8 28939  2949.32 7282.97 5916.17  617.339 1478.94 1198.49  
13718.5 34389.8 27573.4  3355.78 8279.77 6638.08  831.659 2081.21 1623.1  
12150.9 30381.2 24290.2  4023.04 10066.9 8023.89  1340.55 3326.72 2702.62  
10663.6 26647.6 21405.8  4379.7 10965.4 8780.96  1838.94 4547.02 3614.25  
10663.6 26647.6 21405.8  4391.12 11055.2 8792.63  1825.8 4555.09 3622.76  
180.18 453.311 362.346  176.308 446.091 356.902  175.395 443.735 353.423  
6880.59 17240.1 13779.4  4276.27 10688.9 8514  2660.97 6645.36 5321.69  
11771 29203.1 23518.1  4132.82 10485.3 8325.41  1470.97 3705.56 2924.55  
10663.6 26647.6 21405.8  4379.7 10965.4 8780.96  1838.94 4547.02 3614.25  
6880.59 17240.1 13779.4  4276.27 10688.9 8514  2644.6 6642.33 5295.74  
13718.5 34389.8 27573.4  3321.16 8333.34 6620.62  862.424 2064.13 1643.11  
6880.59 17240.1 13779.4  4238.65 10650.4 8544.56  2672.15 6653.38 5292.27  
6880.59 17240.1 13779.4  4259.71 10704.9 8529.36  2673.28 6617.59 5309.58  
6880.59 17240.1 13779.4  4259.71 10704.9 8529.36  2673.28 6617.59 5309.58  
10663.6 26647.6 21405.8  4391.12 11055.2 8792.63  1820.24 4541.22 3620  
12150.9 30381.2 24290.2  4006.43 10078.5 8054.14  1351.65 3319.08 2682.47  
180.18 453.311 362.346  179.424 448.949 359.1  175.409 443.865 352.722  
10725.1 27148.5 21529.3  4437.41 10965.7 8845.03  1780.04 4381.29 3542.57  
6171.84 15343.4 12248.5  4048.23 10110.2 8033.69  2700.01 6715.82 5395.22  
180.18 453.311 362.346  178.57 449.345 357.827  175.373 443.702 353.414  
12150.9 30381.2 24290.2  4007.45 10082.2 8038.42  1347.94 3327.69 2696.02  
12150.9 30381.2 24290.2  3999.82 10061.3 8058.92  1358.72 3337.65 2672.23  
