2 50 5
10851.5 28993.1  6514.49 17455.7  3955.84 10470.1  2360.31 6306.2  1423.56 3790.34  
26863 71848.7  400.484 856.053  6.35848 15.1144  0.115507 0.177936  0.00155889 0.00207293  
14142.7 37749.9  6802.8 18160.2  3278.99 8701.5  1581.37 4200.93  755.302 2027.37  
10851.5 28993.1  6506.78 17422.4  3928.03 10480.6  2387.03 6296.3  1428.29 3787.3  
10851.5 28993.1  6489.44 17369  3950.81 10456.7  2362.83 6316.14  1439.49 3821.72  
26863 71848.7  399.613 860.838  7.19765 10.3698  0.146413 0.136888  0.00231108 0.00233381  
11113.2 29745.6  6570.92 17584.2  3907.77 10337.1  2324.4 6150.65  1358 3629.12  
14149.6 37747.5  6812.03 18123.5  3269.1 8749.74  1578.12 4196.17  757.759 2018.93  
10851.5 28993.1  6515.13 17451.4  3914.27 10437  2387.41 6326.98  1429.04 3796.99  
10851.5 28993.1  6507.64 17272  3950.75 10567.8  2380.57 6331.58  1418.58 3807.27  
14142.7 37749.9  6815.63 18122.3  3270.82 8749.12  1574.01 4197.83  760.145 2025.72  
12433.3 33373.8  6711.37 17966.1  3675.35 9762.32  2012.79 5304.67  1103.71 2888.19  
11113.2 29745.6  6592 17575.9  3891.49 10361.4  2287.47 6105.45  1376.99 3654.66  
14149.6 37747.5  6812.03 18123.5  3269.1 8749.74  1578.12 4196.17  757.759 2018.93  
14149.6 37747.5  6789.36 18140.7  3260.76 8724.88  1592.67 4180.78  762.233 2037.03  
11430.8 30467.7  6634.67 17652.8  3859.92 10296.4  2239.31 5957.64  1302.34 3492.22  
10334.9 27512.8  6372.45 16992.5  4004.07 10632.9  2473.15 6647.59  1542.33 4105.82  
11430.8 30467.7  6642.81 17681.1  3856.51 10284.6  2239.28 5979.81  1292.28 3471.42  
26863 71848.7  400.484 856.053  6.38728 15.1135  0.0869022 0.178458  0.00136682 0.00242805  
14149.6 37747.5  6804.33 18090.2  3259.2 8734.98  1577.38 4215.42  765.811 2038.07  
10334.9 27512.8  6393.46 16976.4  3992.11 10713.3  2462.66 6552.97  1550.77 4151.2  
14149.6 37747.5  6812.03 18123.5  3269.1 8749.74  1575.72 4192.44  754.992 2027.01  
10334.9 27512.8  6416.23 17100.7  3966.54 10627  2481.62 6631.68  1536.8 4073.46  
18384.9 49276.7  5945.68 15759.1  1980.19 5204.69  647.005 1682.72  208.764 537.835  
26863 71848.7  397.959 854.474  8.87708 16.6752  0.121185 0.195746  0.00226993 0.00231502  
11430.8 30467.7  6622.05 17689.2  3856.48 10220.1  2246.04 5974.26  1306.13 3502.79  
10334.9 27512.8  6398.59 17058.2  3990.17 10682.3  2479.35 6626.85  1533.62 4098.52  
10334.9 27512.8  6410.78 17018.1  3976.37 10636.6  2484.36 6647.02  1532.32 4123.31  
10334.9 27512.8  6413.95 17151.6  3986.18 10612.7  2459.02 6556.33  1545.11 4102.62  
18384.9 49276.7  5998.37 15842.4  1932.75 5139.21  641.434 1656.2  211.822 547.077  
14142.7 37749.9  6815.63 18122.3  3270.82 8749.12  1574.01 4197.83  760.145 2025.72  
12433.3 33373.8  6801.46 18075.1  3679.25 9753.36  1987.76 5286.22  1084.06 2859.43  
23148.3 61536.8  3482.57 9351.99  541.944 1543.25  82.3663 244.378  12.6023 36.8048  
12433.3 33373.8  6802.12 18070.7  3633.31 9722.19  2017.81 5306.15  1091.34 2864.5  
10334.9 27512.8  6419.76 17037  3956.76 10588.4  2488.66 6656.54  1544.34 4136.33  
18384.9 49276.7  5945.68 15759.1  1980.19 5204.69  647.005 1682.72  208.764 537.835  
23148.3 61536.8  3486.4 9481.88  538.187 1444.11  82.31 218.25  12.6022 32.9689  
14149.6 37747.5  6768.34 18144.8  3277.77 8706.77  1586.36 4201.78  767.472 2033.88  
12433.3 33373.8  6761.86 18028.6  3697.35 9774.68  1988.74 5279.44  1089.93 2875.44  
11113.2 29745.6  6592 17575.9  3908.11 10399.4  2280.79 6090.01  1372.95 3645.39  
11113.2 29745.6  6570.92 17584.2  3907.77 10337.1  2324.4 6150.65  1358 3629.12  
10334.9 27512.8  6410.78 17018.1  3976.37 10636.6  2484.36 6647.02  1532.32 4123.31  
12433.3 33373.8  6720.19 17996.5  3721.1 9805.36  2014.92 5303.32  1076.44 2851.91  
10851.5 28993.1  6514.49 17455.7  3933.15 10443.2  2380.36 6321.17  1425.86 3779.08  
14142.7 37749.9  6790.52 18035.3  3264.69 8771.73  1582.7 4228.2  772.401 2035.39  
11430.8 30467.7  6630.34 17718  3862.11 10266.7  2235.36 5973.22  1302.92 3467.83  
12433.3 33373.8  6769.86 18063  3693.71 9758.93  2004.9 5292.81  1072.63 2850.21  
23148.3 61536.8  3490.03 9415.9  533.389 1484.01  83.1646 240.131  12.8551 36.3296  
14142.7 37749.9  6802.8 18160.2  3278.99 8701.5  1581.37 4200.93  755.302 2027.37  
10851.5 28993.1  6463.12 17291  3950.39 10550.5  2373.38 6309.82  1435.3 3803.47  
