2 150 5
10334.9 27512.8  6393.46 16976.4  3992.11 10713.3  2462.66 6552.97  1550.77 4151.2  
10334.9 27512.8  6398.59 17058.2  3990.17 10682.3  2479.35 6626.85  1533.62 4098.52  
10334.9 27512.8  6420.38 17032.9  3969.58 10579.9  2472.92 6638.75  1543.84 4127.63  
10334.9 27512.8  6413.95 17151.6  3988.76 10570.6  2456.27 6540.9  1546.53 4144.42  
10334.9 27512.8  6372.45 16992.5  4004.07 10632.9  2473.15 6647.59  1542.33 4105.82  
10334.9 27512.8  6413.95 17151.6  3986.18 10612.7  2459.02 6556.33  1545.11 4102.62  
10334.9 27512.8  6367.8 16911.8  3996.01 10725.5  2484.92 6659.95  1545.25 4135.45  
10334.9 27512.8  6419.76 17037  3956.76 10588.4  2488.66 6656.54  1544.34 4136.33  
10334.9 27512.8  6367.8 16911.8  4006.23 10660.8  2483.66 6638.21  1544.29 4172.02  
10334.9 27512.8  6372.45 16992.5  3987.63 10595  2489.96 6686.47  1543.43 4125.32  
10334.9 27512.8  6410.78 17018.1  3976.37 10636.6  2484.36 6647.02  1532.32 4123.31  
10334.9 27512.8  6367.8 16911.8  4002.25 10735.3  2486.44 6662.31  1533.59 4076.67  
10334.9 27512.8  6393.46 16976.4  3979.7 10601  2477.24 6620.04  1548.57 4148  
10334.9 27512.8  6416.23 17100.7  3966.54 10627  2481.62 6631.68  1536.8 4073.46  
10334.9 27512.8  6393.46 16976.4  3999.61 10690.9  2477.73 6654.64  1528.21 4071.95  
23148.3 61536.8  3483.41 9438.33  539.925 1479.31  83.5186 224.885  12.6176 34.4926  
23148.3 61536.8  3482.22 9354.08  540.237 1529.52  84.272 253.64  12.702 38.9294  
23148.3 61536.8  3490.03 9415.9  533.389 1484.01  83.1646 240.131  12.8551 36.3296  
23148.3 61536.8  3498.02 9472.67  528.921 1441.36  80.1904 228.17  12.3811 34.7589  
23148.3 61536.8  3487.5 9475.27  536.481 1448.08  82.9669 220.061  12.5452 33.4893  
23148.3 61536.8  3482.57 9351.99  541.944 1543.25  82.3663 244.378  12.6023 36.8048  
23148.3 61536.8  3486.4 9481.88  538.187 1444.11  82.31 218.25  12.6022 32.9689  
23148.3 61536.8  3494.11 9455.46  531.658 1466.54  81.202 221.275  12.5188 33.7464  
23148.3 61536.8  3498.02 9472.67  527.756 1449.27  81.3771 220.167  12.3615 34.8447  
23148.3 61536.8  3494.11 9455.46  531.904 1461.75  81.1504 224.853  12.3463 34.5766  
23148.3 61536.8  3498.02 9472.67  526.935 1430.55  81.8694 237.327  12.6324 35.8629  
23148.3 61536.8  3487.5 9475.27  538.271 1446.67  81.3771 220.167  12.3226 34.4697  
23148.3 61536.8  3482.22 9354.08  540.237 1529.52  84.1355 253.384  12.8007 38.5919  
23148.3 61536.8  3487.5 9475.27  537.514 1445.04  82.0978 222.58  12.3934 34.1699  
23148.3 61536.8  3493.03 9461.94  531.203 1439.19  82.766 238.803  12.4598 36.1288  
14149.6 37747.5  6804.33 18090.2  3259.2 8734.98  1577.38 4215.42  765.811 2038.07  
14149.6 37747.5  6812.03 18123.5  3269.1 8749.74  1575.72 4192.44  754.992 2027.01  
14149.6 37747.5  6767.65 18149.3  3278.11 8704.41  1589.67 4192.12  770.975 2034.84  
14149.6 37747.5  6804.33 18090.2  3279.26 8748.74  1573.72 4223.79  757.314 2026.59  
14149.6 37747.5  6812.03 18123.5  3269.1 8749.74  1578.12 4196.17  757.759 2018.93  
14149.6 37747.5  6806.74 18031.4  3273.34 8769.26  1577.11 4214.12  759.08 2040.44  
14149.6 37747.5  6804.33 18090.2  3275.54 8732.65  1578.62 4223.29  756.484 2036.65  
14149.6 37747.5  6767.65 18149.3  3271.94 8720.43  1594.2 4203.02  769.256 2022.85  
14149.6 37747.5  6789.36 18140.7  3281.17 8738.71  1573.3 4198.96  764.065 2019.94  
14149.6 37747.5  6802.35 18103.2  3280.28 8741.94  1572.42 4212.73  754.717 2029.2  
14149.6 37747.5  6789.36 18140.7  3260.76 8724.88  1592.67 4180.78  762.233 2037.03  
14149.6 37747.5  6757.63 18128.3  3282.29 8739.31  1592.71 4185.05  770.972 2035.61  
14149.6 37747.5  6806.09 18035.7  3264.66 8745.21  1576.72 4229.58  761.512 2045.68  
14149.6 37747.5  6804.33 18090.2  3259.2 8734.98  1584.84 4217.32  764.334 2036.1  
14149.6 37747.5  6768.34 18144.8  3277.77 8706.77  1586.36 4201.78  767.472 2033.88  
10851.5 28993.1  6515.13 17451.4  3914.27 10437  2383.07 6283.44  1430.89 3813.4  
10851.5 28993.1  6506.78 17422.4  3928.03 10480.6  2387.03 6296.3  1428.29 3787.3  
10851.5 28993.1  6515.13 17451.4  3914.27 10437  2387.41 6326.98  1429.04 3796.99  
10851.5 28993.1  6489.44 17369  3950.81 10456.7  2362.83 6316.14  1439.49 3821.72  
10851.5 28993.1  6537.31 17434.7  3931.78 10430.6  2362.64 6305.2  1427.17 3791.16  
10851.5 28993.1  6507.64 17272  3950.75 10567.8  2380.57 6331.58  1418.58 3807.27  
10851.5 28993.1  6463.12 17291  3950.39 10550.5  2373.38 6309.82  1435.3 3803.47  
10851.5 28993.1  6463.12 17291  3937.78 10462.2  2387.81 6375.02  1447.04 3833.39  
10851.5 28993.1  6520.27 17382.2  3938.55 10451.4  2364.65 6344.59  1421.98 3778.98  
10851.5 28993.1  6537.31 17434.7  3905.51 10443.6  2382.06 6330.98  1420.33 3780.49  
10851.5 28993.1  6557.85 17426.8  3907.85 10479  2361.92 6315.75  1431.42 3797.06  
10851.5 28993.1  6514.49 17455.7  3933.15 10443.2  2380.36 6321.17  1425.86 3779.08  
10851.5 28993.1  6514.49 17455.7  3955.84 10470.1  2360.31 6306.2  1423.56 3790.34  
10851.5 28993.1  6549.79 17398.9  3936.89 10475.9  2350.81 6316.09  1416.44 3773.97  
10851.5 28993.1  6549.79 17398.9  3916.05 10507.5  2377.59 6305.06  1416.99 3758.53  
18384.9 49276.7  5945.68 15759.1  1980.19 5204.69  647.005 1682.72  208.764 537.835  
18384.9 49276.7  5974.53 15772.4  1947.54 5156.36  652.633 1707.65  210.371 547.978  
18384.9 49276.7  5985.93 15879  1947.87 5107.73  634.279 1652.84  213.85 545.296  
18384.9 49276.7  5985.93 15879  1955.5 5133.4  636.565 1649.28  207.339 528.214  
18384.9 49276.7  6014.09 15890.3  1914.42 5082.13  645.764 1669.71  210.67 543.942  
18384.9 49276.7  5941.17 15823.9  1970.83 5152.93  659.49 1674.58  211.556 537.278  
18384.9 49276.7  5941.17 15823.9  1969.84 5121.7  652.092 1689.15  216.917 547.643  
18384.9 49276.7  5998.37 15842.4  1932.75 5139.21  641.434 1656.2  211.822 547.077  
18384.9 49276.7  5993.65 15905.4  1935.91 5096.54  642.495 1642.48  211.175 542  
18384.9 49276.7  5998.37 15842.4  1941.02 5113.75  640.898 1689.08  203.819 538.725  
18384.9 49276.7  5948.48 15854.9  1958.14 5105.88  657.382 1676.27  216.592 547.179  
18384.9 49276.7  5941.17 15823.9  1968.36 5142.77  661.162 1681.47  212.822 538.986  
18384.9 49276.7  6021.68 15916.3  1931.58 5106.82  629.088 1635.51  202.443 529.659  
18384.9 49276.7  5924.91 15774.3  1980.69 5155  653.045 1691.43  218.413 552.899  
18384.9 49276.7  5998.37 15842.4  1947.28 5156.95  628.612 1642.86  209.691 543.553  
11113.2 29745.6  6514.52 17448.9  3904.41 10405.6  2324.71 6144.01  1395.21 3663.39  
11113.2 29745.6  6592 17575.9  3891.49 10361.4  2287.47 6105.45  1376.99 3654.66  
11113.2 29745.6  6514.52 17448.9  3906.64 10372.4  2312.58 6152.53  1390.05 3678.57  
11113.2 29745.6  6573.52 17531.6  3862.63 10362.8  2316.43 6147.41  1372.56 3626.86  
11113.2 29745.6  6602.22 17591.7  3905.74 10359.7  2298.25 6128.64  1369.01 3641.79  
11113.2 29745.6  6573.52 17531.6  3923.03 10395.9  2282.21 6109.46  1380.23 3659.46  
11113.2 29745.6  6573.52 17531.6  3917.45 10384.2  2305.15 6143.14  1373.29 3649.59  
11113.2 29745.6  6592 17575.9  3908.11 10399.4  2280.79 6090.01  1372.95 3645.39  
11113.2 29745.6  6561.19 17563.8  3922.5 10371.1  2322.35 6145.07  1369.08 3641.82  
11113.2 29745.6  6570.92 17584.2  3907.77 10337.1  2324.4 6150.65  1358 3629.12  
11113.2 29745.6  6614.01 17559.3  3864.16 10360.6  2321.3 6144.3  1365.55 3645.01  
11113.2 29745.6  6614.01 17559.3  3847.7 10319.2  2312.72 6169.73  1382 3654.81  
11113.2 29745.6  6571.59 17579.9  3898.24 10390.9  2312.83 6139.16  1359.93 3610.45  
11113.2 29745.6  6571.59 17579.9  3916.82 10395.3  2305.51 6135.83  1367.64 3626.7  
11113.2 29745.6  6546.13 17462.9  3928.63 10412.2  2310.86 6178.34  1378.05 3640.95  
12433.3 33373.8  6719.51 18001.1  3671.71 9746.41  2010.22 5300.13  1102.95 2880.81  
12433.3 33373.8  6770.53 18058.5  3648.65 9720.25  2025.24 5312.65  1082.07 2855.99  
12433.3 33373.8  6769.86 18063  3693.71 9758.93  2004.9 5292.81  1072.63 2850.21  
12433.3 33373.8  6801.46 18075.1  3679.25 9753.36  1987.76 5286.22  1084.06 2859.43  
12433.3 33373.8  6719.51 18001.1  3699.36 9780.34  2007.05 5289.39  1091.88 2870.24  
12433.3 33373.8  6802.12 18070.7  3633.31 9722.19  2017.81 5306.15  1091.34 2864.5  
12433.3 33373.8  6801.46 18075.1  3633.61 9720.17  1990.42 5278.35  1090.33 2866.32  
12433.3 33373.8  6740.5 17995.8  3666.72 9767.94  2030.54 5320.85  1098.11 2873.24  
12433.3 33373.8  6740.5 17995.8  3667.1 9765.47  2030.56 5320.68  1094.5 2875.07  
12433.3 33373.8  6720.19 17996.5  3721.1 9805.36  2014.92 5303.32  1076.44 2851.91  
12433.3 33373.8  6720.19 17996.5  3699.03 9782.41  2022.13 5307.86  1098.16 2874.79  
12433.3 33373.8  6761.86 18028.6  3697.35 9774.68  1988.74 5279.44  1089.93 2875.44  
12433.3 33373.8  6793.59 18041.3  3642.66 9747.12  1989.88 5281.49  1099.88 2881.31  
12433.3 33373.8  6711.37 17966.1  3675.35 9762.32  2012.79 5304.67  1103.71 2888.19  
12433.3 33373.8  6770.53 18058.5  3664.54 9736.38  2015.44 5296.61  1080.76 2860.84  
14142.7 37749.9  6802.8 18160.2  3278.99 8701.5  1581.37 4200.93  755.302 2027.37  
14142.7 37749.9  6792.96 18139.5  3263.48 8717.82  1589.07 4208.23  763.413 2022.46  
14142.7 37749.9  6803.46 18155.7  3271.2 8671.74  1572.7 4217.64  764.024 2028.3  
14142.7 37749.9  6790.52 18035.3  3264.69 8771.73  1582.7 4228.2  772.401 2035.39  
14142.7 37749.9  6810.35 18030.2  3267.66 8736.43  1578.37 4252.12  758.794 2050.09  
14142.7 37749.9  6771.89 18143.5  3281.07 8695.48  1593.31 4221.48  767.561 2029.78  
14142.7 37749.9  6763.22 18113.5  3278.72 8731.16  1596.59 4214.84  766.993 2025.56  
14142.7 37749.9  6816.28 18118  3258.19 8708.74  1582.79 4215.37  760.427 2025.81  
14142.7 37749.9  6803.46 18155.7  3277.12 8731.79  1579.01 4196.3  761.446 2003.71  
14142.7 37749.9  6771.22 18148.1  3287.89 8675.74  1582.6 4227.61  768.469 2021.01  
14142.7 37749.9  6816.28 18118  3266.7 8735.04  1570.29 4212.46  764.236 2021.21  
14142.7 37749.9  6805.96 18102  3282 8741.33  1567.74 4217.49  758.18 2024.93  
14142.7 37749.9  6816.28 18118  3265.75 8741.42  1579.87 4181.73  759.477 2039.85  
14142.7 37749.9  6815.63 18122.3  3270.82 8749.12  1574.01 4197.83  760.145 2025.72  
14142.7 37749.9  6803.46 18155.7  3258.03 8709.36  1581.36 4206.16  768.161 2022.41  
26863 71848.7  401.623 858.303  5.21467 12.778  0.120887 0.262915  0.00137657 0.00389744  
26863 71848.7  397.728 857.488  9.05947 13.6936  0.168531 0.164203  0.00321619 0.0019873  
26863 71848.7  401.623 858.303  5.24257 12.8932  0.092456 0.149695  0.00189757 0.00198641  
26863 71848.7  398.908 859.817  7.87069 11.3045  0.178368 0.223043  0.00283799 0.0029776  
26863 71848.7  397.959 854.474  8.87708 16.6752  0.121185 0.195746  0.00226993 0.00231502  
26863 71848.7  400.484 856.053  6.38728 15.1135  0.0869022 0.178458  0.00136682 0.00242805  
26863 71848.7  398.908 859.817  7.95989 11.3716  0.0901692 0.156871  0.00184589 0.00209084  
26863 71848.7  400.484 856.053  6.35848 15.1144  0.115507 0.177936  0.00155889 0.00207293  
26863 71848.7  399.613 860.838  7.19765 10.3698  0.146413 0.136888  0.00231108 0.00233381  
26863 71848.7  399.613 860.838  7.26183 10.369  0.0828461 0.138259  0.00170305 0.00183042  
26863 71848.7  402.229 859.381  4.66731 11.826  0.0618383 0.138437  0.00114591 0.00161859  
26863 71848.7  402.304 859.289  4.58182 11.8374  0.0729011 0.217168  0.00100139 0.00365302  
26863 71848.7  400.484 856.053  6.39053 15.1161  0.0830532 0.175438  0.0019556 0.00287361  
26863 71848.7  401.436 861.343  5.42314 9.8476  0.0984608 0.155319  0.00185155 0.00183779  
26863 71848.7  401.512 861.249  5.36504 9.9694  0.0815827 0.127338  0.000947406 0.00184002  
11430.8 30467.7  6634.67 17652.8  3843.86 10259.3  2243.78 6014.81  1299.07 3479.17  
11430.8 30467.7  6614.49 17621.6  3868.76 10307  2246.01 5995.31  1303.01 3468.96  
11430.8 30467.7  6634.67 17652.8  3843.86 10259.3  2238.62 5980.54  1307.36 3495.02  
11430.8 30467.7  6642.16 17685.3  3840.7 10245.7  2236.8 5972.63  1308.32 3493.56  
11430.8 30467.7  6622.05 17689.2  3856.48 10220.1  2246.04 5974.26  1306.13 3502.79  
11430.8 30467.7  6622.05 17689.2  3859.74 10269.7  2242.63 5993.75  1303.86 3480.35  
11430.8 30467.7  6634.67 17652.8  3859.92 10296.4  2239.31 5957.64  1302.34 3492.22  
11430.8 30467.7  6632.72 17665.5  3860.73 10291.1  2223.85 5985.27  1306.2 3457.69  
11430.8 30467.7  6634.67 17652.8  3847.09 10306.2  2228.71 5984.23  1312.17 3477.03  
11430.8 30467.7  6642.16 17685.3  3845.11 10285.1  2236.87 5983.54  1304.83 3466.99  
11430.8 30467.7  6630.34 17718  3862.11 10266.7  2235.36 5973.22  1302.92 3467.83  
11430.8 30467.7  6642.16 17685.3  3857.16 10280.4  2231.83 5985.52  1297.93 3461.96  
11430.8 30467.7  6642.81 17681.1  3856.51 10284.6  2239.28 5979.81  1292.28 3471.42  
11430.8 30467.7  6637.01 17595.4  3846.11 10330.2  2238.6 6002.27  1307.32 3484.24  
11430.8 30467.7  6629.68 17722.3  3855.13 10286.4  2231.63 5952.48  1308.06 3464.02  
