5 50 2
28102.3 14089.9 23343.2 13945.4 23418.3  14941.7 7450.22 12445.8 7481.96 12384.3  
50937.9 25352.2 42441.3 25429.1 42257.4  7653.77 3885.07 6386.01 3871.83 6454.57  
57823.3 28555 48410.2 29050.5 47941.6  2075.21 1356.81 1528.24 912.025 1959.46  
57823.3 28555 48410.2 29050.5 47941.6  2086.01 1365.17 1534.03 915.948 1965.89  
54893.3 27136.1 45936.5 27555.9 45537.3  4660 2578.41 3728.15 2243.12 4051.2  
21507.9 10680.5 17974.4 10758.1 17915.5  13660.4 6818.88 11418.9 6824.73 11462.3  
50937.9 25352.2 42441.3 25429.1 42257.4  7653.77 3885.07 6386.01 3871.83 6454.57  
1794.43 899.045 1491.82 891.024 1496.83  1743.54 870.101 1452.03 868.695 1451.05  
50937.9 25352.2 42441.3 25429.1 42257.4  7689.31 3939.49 6400.82 3861.28 6547.82  
44173.6 21982.2 36900.1 22058.5 36883.3  11544.5 5816.92 9601.09 5789.75 9632.22  
38258.3 18933.5 31977.5 19187.6 31696.6  13789.4 6952.8 11487.5 6874.98 11617.3  
38258.3 18933.5 31977.5 19187.6 31696.6  13851 6967.32 11513.7 6917.4 11556.3  
54893.3 27136.1 45936.5 27555.9 45537.3  4650.18 2564.06 3717.14 2243.98 4010.75  
37099.3 18428.7 30980.1 18551.5 30855.7  14133.5 7057.46 11771.2 7095.47 11709.7  
57823.3 28555 48410.2 29050.5 47941.6  2074.41 1350.6 1528.08 914.492 1946.76  
50937.9 25352.2 42441.3 25429.1 42257.4  7659.22 3878.91 6414.56 3882.37 6498.05  
50937.9 25352.2 42441.3 25429.1 42257.4  7689.31 3939.49 6400.82 3861.28 6547.82  
54893.3 27136.1 45936.5 27555.9 45537.3  4618.59 2550.61 3705.09 2226.96 4030.45  
1794.43 899.045 1491.82 891.024 1496.83  1735.75 871.852 1439.21 860.125 1444  
50937.9 25352.2 42441.3 25429.1 42257.4  7662.7 3896.71 6414.73 3871.67 6539.11  
28102.3 14089.9 23343.2 13945.4 23418.3  14941.7 7450.22 12445.8 7481.96 12384.3  
57823.3 28555 48410.2 29050.5 47941.6  2099.99 1382.47 1539.6 917.669 1983.33  
1794.43 899.045 1491.82 891.024 1496.83  1735.75 871.852 1439.21 860.125 1444  
1794.43 899.045 1491.82 891.024 1496.83  1743.54 870.101 1452.03 868.695 1451.05  
21507.9 10680.5 17974.4 10758.1 17915.5  13745.4 6806.28 11497.6 6910.4 11399.2  
38258.3 18933.5 31977.5 19187.6 31696.6  13750.8 6898.59 11474.8 6882.96 11538.9  
28102.3 14089.9 23343.2 13945.4 23418.3  14930.5 7470.13 12446.8 7456.66 12473.8  
57823.3 28555 48410.2 29050.5 47941.6  2099.99 1382.47 1539.6 917.669 1983.33  
57823.3 28555 48410.2 29050.5 47941.6  2105.34 1387.11 1541.42 919.263 1984.4  
1794.43 899.045 1491.82 891.024 1496.83  1729.7 871.783 1435.43 854.847 1450.58  
38258.3 18933.5 31977.5 19187.6 31696.6  13847.9 6971.01 11496.7 6911.15 11530.6  
56826.4 28209.7 47341.8 28425.5 46920.8  2986.28 1668.78 2499.49 1485.36 2854.04  
57823.3 28555 48410.2 29050.5 47941.6  2099.99 1382.47 1539.6 917.669 1983.33  
57823.3 28555 48410.2 29050.5 47941.6  2075.21 1356.81 1528.24 912.025 1959.46  
21507.9 10680.5 17974.4 10758.1 17915.5  13820.6 6918.14 11505.8 6888.07 11528.5  
1794.43 899.045 1491.82 891.024 1496.83  1737.02 870.413 1446 862.623 1454.12  
1794.43 899.045 1491.82 891.024 1496.83  1735.75 871.852 1439.21 860.125 1444  
57823.3 28555 48410.2 29050.5 47941.6  2091.81 1375.89 1535.74 914.874 1979.53  
37099.3 18428.7 30980.1 18551.5 30855.7  14174.8 7113.64 11785 7087.94 11789.4  
21507.9 10680.5 17974.4 10758.1 17915.5  13732.3 6827.59 11482.3 6882.05 11455.1  
38258.3 18933.5 31977.5 19187.6 31696.6  13878 7045.01 11511 6880.99 11691.9  
57823.3 28555 48410.2 29050.5 47941.6  2086.01 1365.17 1534.03 915.948 1965.89  
56826.4 28209.7 47341.8 28425.5 46920.8  3008.9 1687.33 2519.79 1492.27 2898.51  
57823.3 28555 48410.2 29050.5 47941.6  2089.89 1364.03 1533.32 919.098 1949.84  
1794.43 899.045 1491.82 891.024 1496.83  1738.6 872.621 1443.47 862.138 1449.44  
37099.3 18428.7 30980.1 18551.5 30855.7  14171.5 7117.46 11767.3 7081.42 11762.8  
54893.3 27136.1 45936.5 27555.9 45537.3  4642.38 2566.3 3719.05 2236.48 4043.59  
28102.3 14089.9 23343.2 13945.4 23418.3  14850.5 7467.06 12358.1 7386.46 12454.7  
37099.3 18428.7 30980.1 18551.5 30855.7  14118 7043.98 11773.3 7092.78 11719.8  
54893.3 27136.1 45936.5 27555.9 45537.3  4673.71 2611.94 3726.48 2231.98 4095.56  
