5 150 2
21507.9 10680.5 17974.4 10758.1 17915.5  13786.1 6894.82 11492.4 6876.15 11522.6  
21507.9 10680.5 17974.4 10758.1 17915.5  13818.7 6883.01 11524 6914.5 11482.6  
21507.9 10680.5 17974.4 10758.1 17915.5  13693.9 6774.35 11469.6 6890.04 11377.9  
21507.9 10680.5 17974.4 10758.1 17915.5  13732.7 6861.73 11463.4 6855.04 11500.5  
21507.9 10680.5 17974.4 10758.1 17915.5  13745.4 6806.28 11497.6 6910.4 11399.2  
21507.9 10680.5 17974.4 10758.1 17915.5  13732.3 6827.59 11482.3 6882.05 11455.1  
21507.9 10680.5 17974.4 10758.1 17915.5  13784.5 6934.16 11455.9 6842.61 11542.7  
21507.9 10680.5 17974.4 10758.1 17915.5  13749.4 6910.44 11442.3 6830.49 11536.7  
21507.9 10680.5 17974.4 10758.1 17915.5  13732.3 6827.59 11482.3 6882.05 11455.1  
21507.9 10680.5 17974.4 10758.1 17915.5  13660.4 6818.88 11418.9 6824.73 11462.3  
21507.9 10680.5 17974.4 10758.1 17915.5  13749.4 6910.44 11442.3 6830.49 11536.7  
21507.9 10680.5 17974.4 10758.1 17915.5  13820.6 6918.14 11505.8 6888.07 11528.5  
21507.9 10680.5 17974.4 10758.1 17915.5  13784.5 6934.16 11455.9 6842.61 11542.7  
21507.9 10680.5 17974.4 10758.1 17915.5  13732.7 6861.73 11463.4 6855.04 11500.5  
21507.9 10680.5 17974.4 10758.1 17915.5  13732.7 6861.73 11463.4 6855.04 11500.5  
56826.4 28209.7 47341.8 28425.5 46920.8  2986.28 1668.78 2499.49 1485.36 2854.04  
56826.4 28209.7 47341.8 28425.5 46920.8  3008.9 1687.33 2519.79 1492.27 2898.51  
56826.4 28209.7 47341.8 28425.5 46920.8  2981.8 1675.86 2488.11 1476.34 2854.65  
56826.4 28209.7 47341.8 28425.5 46920.8  3003.9 1685.86 2512.57 1488.91 2887.9  
56826.4 28209.7 47341.8 28425.5 46920.8  3006.78 1683.23 2524.2 1493.13 2907.68  
56826.4 28209.7 47341.8 28425.5 46920.8  2994.87 1682.03 2502.01 1483.6 2873.28  
56826.4 28209.7 47341.8 28425.5 46920.8  3006.78 1683.23 2524.2 1493.13 2907.68  
56826.4 28209.7 47341.8 28425.5 46920.8  3004.37 1694.51 2508.35 1483.14 2899.36  
56826.4 28209.7 47341.8 28425.5 46920.8  3000.06 1673.98 2516.95 1493.87 2878.82  
56826.4 28209.7 47341.8 28425.5 46920.8  3010.44 1695.12 2519.65 1487.99 2916.87  
56826.4 28209.7 47341.8 28425.5 46920.8  3010.44 1695.12 2519.65 1487.99 2916.87  
56826.4 28209.7 47341.8 28425.5 46920.8  2982.93 1655.96 2507.16 1491.37 2851.1  
56826.4 28209.7 47341.8 28425.5 46920.8  2994.87 1682.03 2502.01 1483.6 2873.28  
56826.4 28209.7 47341.8 28425.5 46920.8  3008.9 1687.33 2519.79 1492.27 2898.51  
56826.4 28209.7 47341.8 28425.5 46920.8  2994.87 1682.03 2502.01 1483.6 2873.28  
38258.3 18933.5 31977.5 19187.6 31696.6  13789.4 6952.8 11487.5 6874.98 11617.3  
38258.3 18933.5 31977.5 19187.6 31696.6  13772.4 6892.39 11468.6 6905.72 11445.5  
38258.3 18933.5 31977.5 19187.6 31696.6  13847.9 6971.01 11496.7 6911.15 11530.6  
38258.3 18933.5 31977.5 19187.6 31696.6  13851 6967.32 11513.7 6917.4 11556.3  
38258.3 18933.5 31977.5 19187.6 31696.6  13789.4 6952.8 11487.5 6874.98 11617.3  
38258.3 18933.5 31977.5 19187.6 31696.6  13878 7045.01 11511 6880.99 11691.9  
38258.3 18933.5 31977.5 19187.6 31696.6  13750.8 6898.59 11474.8 6882.96 11538.9  
38258.3 18933.5 31977.5 19187.6 31696.6  13724.7 6856.84 11457.8 6891.89 11449.6  
38258.3 18933.5 31977.5 19187.6 31696.6  13750.8 6898.59 11474.8 6882.96 11538.9  
38258.3 18933.5 31977.5 19187.6 31696.6  13835.9 6954.01 11515.7 6914.78 11566.3  
38258.3 18933.5 31977.5 19187.6 31696.6  13835.9 6954.01 11515.7 6914.78 11566.3  
38258.3 18933.5 31977.5 19187.6 31696.6  13757.5 6879.33 11470.6 6903.15 11455.3  
38258.3 18933.5 31977.5 19187.6 31696.6  13893.7 7058.8 11508.9 6883.71 11681.5  
38258.3 18933.5 31977.5 19187.6 31696.6  13847.9 6971.01 11496.7 6911.15 11530.6  
38258.3 18933.5 31977.5 19187.6 31696.6  13847.9 6971.01 11496.7 6911.15 11530.6  
28102.3 14089.9 23343.2 13945.4 23418.3  14965.7 7456.69 12481.8 7499.05 12430.2  
28102.3 14089.9 23343.2 13945.4 23418.3  14857.2 7450.37 12336.7 7404.49 12333.7  
28102.3 14089.9 23343.2 13945.4 23418.3  14850.5 7467.06 12358.1 7386.46 12454.7  
28102.3 14089.9 23343.2 13945.4 23418.3  14850.5 7467.06 12358.1 7386.46 12454.7  
28102.3 14089.9 23343.2 13945.4 23418.3  14952.5 7438.1 12503.3 7503.18 12469.7  
28102.3 14089.9 23343.2 13945.4 23418.3  14941.7 7450.22 12445.8 7481.96 12384.3  
28102.3 14089.9 23343.2 13945.4 23418.3  14902.4 7467.65 12390.6 7432.07 12398.1  
28102.3 14089.9 23343.2 13945.4 23418.3  14850.5 7467.06 12358.1 7386.46 12454.7  
28102.3 14089.9 23343.2 13945.4 23418.3  14850.5 7467.06 12358.1 7386.46 12454.7  
28102.3 14089.9 23343.2 13945.4 23418.3  14941.7 7450.22 12445.8 7481.96 12384.3  
28102.3 14089.9 23343.2 13945.4 23418.3  14965.7 7456.69 12481.8 7499.05 12430.2  
28102.3 14089.9 23343.2 13945.4 23418.3  14930.5 7470.13 12446.8 7456.66 12473.8  
28102.3 14089.9 23343.2 13945.4 23418.3  14941.7 7450.22 12445.8 7481.96 12384.3  
28102.3 14089.9 23343.2 13945.4 23418.3  14850.5 7467.06 12358.1 7386.46 12454.7  
28102.3 14089.9 23343.2 13945.4 23418.3  14965.7 7456.69 12481.8 7499.05 12430.2  
44173.6 21982.2 36900.1 22058.5 36883.3  11616.8 5806.25 9667.33 5862.5 9579.05  
44173.6 21982.2 36900.1 22058.5 36883.3  11651.1 5881.76 9662.96 5833.43 9682.89  
44173.6 21982.2 36900.1 22058.5 36883.3  11544.5 5816.92 9601.09 5789.75 9632.22  
44173.6 21982.2 36900.1 22058.5 36883.3  11651.1 5881.76 9662.96 5833.43 9682.89  
44173.6 21982.2 36900.1 22058.5 36883.3  11616.8 5806.25 9667.33 5862.5 9579.05  
44173.6 21982.2 36900.1 22058.5 36883.3  11650.1 5852.15 9678.46 5856.04 9644.31  
44173.6 21982.2 36900.1 22058.5 36883.3  11680.5 5901.68 9674.29 5843.57 9687.89  
44173.6 21982.2 36900.1 22058.5 36883.3  11651.1 5881.76 9662.96 5833.43 9682.89  
44173.6 21982.2 36900.1 22058.5 36883.3  11605.6 5824.39 9654.49 5838.41 9626.07  
44173.6 21982.2 36900.1 22058.5 36883.3  11651.1 5881.76 9662.96 5833.43 9682.89  
44173.6 21982.2 36900.1 22058.5 36883.3  11544.5 5816.92 9601.09 5789.75 9632.22  
44173.6 21982.2 36900.1 22058.5 36883.3  11620 5895.07 9620.82 5794.68 9694.8  
44173.6 21982.2 36900.1 22058.5 36883.3  11651.1 5881.76 9662.96 5833.43 9682.89  
44173.6 21982.2 36900.1 22058.5 36883.3  11616.8 5806.25 9667.33 5862.5 9579.05  
44173.6 21982.2 36900.1 22058.5 36883.3  11680.5 5901.68 9674.29 5843.57 9687.89  
37099.3 18428.7 30980.1 18551.5 30855.7  14133.5 7057.46 11771.2 7095.47 11709.7  
37099.3 18428.7 30980.1 18551.5 30855.7  14125.6 7112.09 11754.7 7045.9 11840.8  
37099.3 18428.7 30980.1 18551.5 30855.7  14174.8 7113.64 11785 7087.94 11789.4  
37099.3 18428.7 30980.1 18551.5 30855.7  14123.9 7152.67 11717.4 7011.53 11861.6  
37099.3 18428.7 30980.1 18551.5 30855.7  14171.5 7117.46 11767.3 7081.42 11762.8  
37099.3 18428.7 30980.1 18551.5 30855.7  14171.5 7117.46 11767.3 7081.42 11762.8  
37099.3 18428.7 30980.1 18551.5 30855.7  14171.5 7117.46 11767.3 7081.42 11762.8  
37099.3 18428.7 30980.1 18551.5 30855.7  14118 7043.98 11773.3 7092.78 11719.8  
37099.3 18428.7 30980.1 18551.5 30855.7  14133.5 7057.46 11771.2 7095.47 11709.7  
37099.3 18428.7 30980.1 18551.5 30855.7  14171.5 7117.46 11767.3 7081.42 11762.8  
37099.3 18428.7 30980.1 18551.5 30855.7  14161 7136.15 11768.4 7058.12 11846.9  
37099.3 18428.7 30980.1 18551.5 30855.7  14123.9 7152.67 11717.4 7011.53 11861.6  
37099.3 18428.7 30980.1 18551.5 30855.7  14173.7 7154 11748.3 7054.27 11809.4  
37099.3 18428.7 30980.1 18551.5 30855.7  14118 7043.98 11773.3 7092.78 11719.8  
37099.3 18428.7 30980.1 18551.5 30855.7  14159 7099.92 11787.1 7085.2 11799.7  
50937.9 25352.2 42441.3 25429.1 42257.4  7653.77 3885.07 6386.01 3871.83 6454.57  
50937.9 25352.2 42441.3 25429.1 42257.4  7662.7 3896.71 6414.73 3871.67 6539.11  
50937.9 25352.2 42441.3 25429.1 42257.4  7659.22 3878.91 6414.56 3882.37 6498.05  
50937.9 25352.2 42441.3 25429.1 42257.4  7676.92 3936.06 6382.29 3852.48 6523.6  
50937.9 25352.2 42441.3 25429.1 42257.4  7665.71 3888.38 6403.88 3880.32 6477.93  
50937.9 25352.2 42441.3 25429.1 42257.4  7653.77 3885.07 6386.01 3871.83 6454.57  
50937.9 25352.2 42441.3 25429.1 42257.4  7659.22 3878.91 6414.56 3882.37 6498.05  
50937.9 25352.2 42441.3 25429.1 42257.4  7689.31 3939.49 6400.82 3861.28 6547.82  
50937.9 25352.2 42441.3 25429.1 42257.4  7689.94 3917.27 6420.87 3879.72 6536.67  
50937.9 25352.2 42441.3 25429.1 42257.4  7682.57 3929.67 6411.89 3863.4 6568.68  
50937.9 25352.2 42441.3 25429.1 42257.4  7665.71 3888.38 6403.88 3880.32 6477.93  
50937.9 25352.2 42441.3 25429.1 42257.4  7659.22 3878.91 6414.56 3882.37 6498.05  
50937.9 25352.2 42441.3 25429.1 42257.4  7659.22 3878.91 6414.56 3882.37 6498.05  
50937.9 25352.2 42441.3 25429.1 42257.4  7681.48 3909.71 6422.05 3878.22 6542.41  
50937.9 25352.2 42441.3 25429.1 42257.4  7659.22 3878.91 6414.56 3882.37 6498.05  
54893.3 27136.1 45936.5 27555.9 45537.3  4618.59 2550.61 3705.09 2226.96 4030.45  
54893.3 27136.1 45936.5 27555.9 45537.3  4645.02 2559.18 3717.75 2243.11 4014.14  
54893.3 27136.1 45936.5 27555.9 45537.3  4618.59 2550.61 3705.09 2226.96 4030.45  
54893.3 27136.1 45936.5 27555.9 45537.3  4676.71 2591.93 3731.78 2247.76 4049.83  
54893.3 27136.1 45936.5 27555.9 45537.3  4618.59 2550.61 3705.09 2226.96 4030.45  
54893.3 27136.1 45936.5 27555.9 45537.3  4642.38 2566.3 3719.05 2236.48 4043.59  
54893.3 27136.1 45936.5 27555.9 45537.3  4650.18 2564.06 3717.14 2243.98 4010.75  
54893.3 27136.1 45936.5 27555.9 45537.3  4618.59 2550.61 3705.09 2226.96 4030.45  
54893.3 27136.1 45936.5 27555.9 45537.3  4685.57 2620.8 3730.88 2235.88 4097.71  
54893.3 27136.1 45936.5 27555.9 45537.3  4660 2578.41 3728.15 2243.12 4051.2  
54893.3 27136.1 45936.5 27555.9 45537.3  4673.71 2611.94 3726.48 2231.98 4095.56  
54893.3 27136.1 45936.5 27555.9 45537.3  4618.59 2550.61 3705.09 2226.96 4030.45  
54893.3 27136.1 45936.5 27555.9 45537.3  4690.32 2612.56 3736.15 2245.37 4077.62  
54893.3 27136.1 45936.5 27555.9 45537.3  4660 2578.41 3728.15 2243.12 4051.2  
54893.3 27136.1 45936.5 27555.9 45537.3  4645.02 2559.18 3717.75 2243.11 4014.14  
1794.43 899.045 1491.82 891.024 1496.83  1729.27 872.271 1433.13 854 1447.15  
1794.43 899.045 1491.82 891.024 1496.83  1729.27 872.271 1433.13 854 1447.15  
1794.43 899.045 1491.82 891.024 1496.83  1743.12 870.573 1449.81 867.877 1447.74  
1794.43 899.045 1491.82 891.024 1496.83  1737.23 865.476 1450.6 866.853 1451.59  
1794.43 899.045 1491.82 891.024 1496.83  1727.67 870.026 1435.7 854.493 1451.91  
1794.43 899.045 1491.82 891.024 1496.83  1738.6 872.621 1443.47 862.138 1449.44  
1794.43 899.045 1491.82 891.024 1496.83  1735.75 871.852 1439.21 860.125 1444  
1794.43 899.045 1491.82 891.024 1496.83  1738.6 872.621 1443.47 862.138 1449.44  
1794.43 899.045 1491.82 891.024 1496.83  1737.02 870.413 1446 862.623 1454.12  
1794.43 899.045 1491.82 891.024 1496.83  1743.54 870.101 1452.03 868.695 1451.05  
1794.43 899.045 1491.82 891.024 1496.83  1743.54 870.101 1452.03 868.695 1451.05  
1794.43 899.045 1491.82 891.024 1496.83  1729.7 871.783 1435.43 854.847 1450.58  
1794.43 899.045 1491.82 891.024 1496.83  1726.38 871.489 1428.79 851.953 1441.62  
1794.43 899.045 1491.82 891.024 1496.83  1735.75 871.852 1439.21 860.125 1444  
1794.43 899.045 1491.82 891.024 1496.83  1729.7 871.783 1435.43 854.847 1450.58  
57823.3 28555 48410.2 29050.5 47941.6  2086.01 1365.17 1534.03 915.948 1965.89  
57823.3 28555 48410.2 29050.5 47941.6  2074.41 1350.6 1528.08 914.492 1946.76  
57823.3 28555 48410.2 29050.5 47941.6  2099.99 1382.47 1539.6 917.669 1983.33  
57823.3 28555 48410.2 29050.5 47941.6  2075.21 1356.81 1528.24 912.025 1959.46  
57823.3 28555 48410.2 29050.5 47941.6  2107.87 1389.82 1541.19 919.656 1982.72  
57823.3 28555 48410.2 29050.5 47941.6  2105.34 1387.11 1541.42 919.263 1984.4  
57823.3 28555 48410.2 29050.5 47941.6  2086.01 1365.17 1534.03 915.948 1965.89  
57823.3 28555 48410.2 29050.5 47941.6  2087.45 1361.42 1533.54 918.72 1951.46  
57823.3 28555 48410.2 29050.5 47941.6  2099.3 1376.19 1539.6 920.257 1970.67  
57823.3 28555 48410.2 29050.5 47941.6  2086.01 1365.17 1534.03 915.948 1965.89  
57823.3 28555 48410.2 29050.5 47941.6  2099.99 1382.47 1539.6 917.669 1983.33  
57823.3 28555 48410.2 29050.5 47941.6  2091.81 1375.89 1535.74 914.874 1979.53  
57823.3 28555 48410.2 29050.5 47941.6  2089.89 1364.03 1533.32 919.098 1949.84  
57823.3 28555 48410.2 29050.5 47941.6  2075.21 1356.81 1528.24 912.025 1959.46  
57823.3 28555 48410.2 29050.5 47941.6  2074.41 1350.6 1528.08 914.492 1946.76  
