4 50 50 5
500 200
2200 1000 2200 1000 
1518.23 322.98 1
0.0690567 1 10
432.381
431.463
433.607
431.556
432.93
434.326
432.463
431.523
433.226
432.41
431.643
433.406
431.906
432.835
433.619
431.894
432.796
431.914
432.905
433.149
432.331
433.431
432.119
435.754
432.863
432.134
432.79
432.673
432.929
432.98
432.934
432.473
431.824
432.338
433.111
433.825
434.404
431.725
433.176
433.481
431.476
433.244
432.694
433.945
433.328
432.282
433.86
431.84
435.454
431.469
44.1526 -0.26333
45.4434 -0.56059
46.3061 1.73562
45.0229 -0.14627
43.9498 0.34789
43.4849 0.91122
46.529 0.06525
45.1214 -0.82797
43.787 -1.28804
44.8464 1.09141
45.4782 0.26028
43.9117 0.90588
44.8816 -1.47726
46.4881 0.81385
43.5939 0.27807
44.6138 -1.04055
45.1686 1.54918
44.4984 -0.57497
46.7326 0.30667
43.8048 0.23646
46.162 -1.66936
46.8279 0.8358
44.3841 -0.00513
43.4814 2.01109
44.0877 0.61727
46.3551 -0.69075
45.3769 1.56195
44.1154 0.39131
45.1756 1.64964
45.5711 1.68165
45.9403 1.50224
44.2558 -1.37818
45.2893 0.58893
46.4616 -0.01239
46.1613 1.48458
43.5297 0.3859
43.8122 1.60928
44.7348 -0.80987
46.9702 -0.56095
45.8652 1.93225
45.3701 -0.7416
45.2909 1.88143
44.4101 0.96542
43.5136 -1.48651
46.7478 0.89195
46.4572 -0.74578
43.4224 -0.2108
44.597 -0.18433
43.6373 2.05159
45.4744 -0.57536
45.7766 0.64937
45.9023 0.69256
45.2516 1.72616
43.9434 1.32448
