4 66 5
3513.93 3825.8 2223.42 6344.73  2931.4 3182.55 1842.85 5280.91  2477.76 2686.8 1565.73 4494.8  2083.07 2261.94 1318.94 3782.76  1756.55 1922.36 1121.76 3190.1  
9008.82 9804.79 5731.96 16358.6  5322.75 5790.3 3372.93 9658.29  3134.94 3413.92 1998.13 5727.76  1857.12 2038.5 1185.26 3376.21  1096.57 1204.33 698.293 1993.28  
3513.93 3825.8 2223.42 6344.73  2953.08 3224.46 1879.45 5348.07  2470.34 2698.82 1563.52 4450.67  2079.43 2260.02 1313.23 3763.11  1742.43 1901.89 1102.97 3147.18  
10519.4 11369.9 6657.21 19151.1  5474.8 5957.2 3463.13 9922.56  2850.03 3120.49 1819.95 5193.24  1513.44 1698.65 986.57 2744.96  786.162 880.331 511.308 1431.37  
18682.1 20298.5 11822.4 33813.7  2814.93 3121.86 1833.79 5226.17  427.141 490.842 291.613 813.994  64.3206 74.9183 43.949 123.409  9.7305 11.6686 6.92215 19.1917  
12523.5 13643.2 7934.62 22625.3  5375.27 5889.74 3427.78 9755.46  2332.02 2536.41 1502.57 4330.64  1005.29 1099.24 646.297 1861.05  434.606 470.205 276.004 808.735  
10310.7 11261.2 6539.65 18593.3  5433.04 5957.14 3455.82 9812.11  2925.56 3184.01 1871.33 5373.58  1555.15 1689.04 998.329 2882.24  831.892 896.052 532.831 1557.97  
10310.7 11261.2 6539.65 18593.3  5485.24 5980.89 3497.42 9992.38  2883.56 3160.24 1835.73 5231.89  1551.23 1682.68 987.144 2855.28  827.323 892.068 527.732 1541.59  
10519.4 11369.9 6657.21 19151.1  5495.73 5997.97 3498.58 9987.21  2861.47 3141.01 1823.62 5189.89  1492.5 1660.06 967.101 2719.04  780.546 870.714 503.434 1415.99  
12244.8 13425.4 7816.48 22119.9  5445.9 5915.29 3459.14 9941.2  2407.36 2599.17 1524.77 4433.17  1058.11 1152.42 668.915 1935.26  467.726 505.719 296.572 868.965  
16259.2 17682.6 10341.8 29539.8  4234.93 4669.74 2704.21 7685.13  1110.84 1217.92 705.188 2038.8  291.383 317.648 183.895 540.901  76.3298 82.1612 47.8682 144.367  
8342.15 9039.15 5291.47 15178.3  5144.77 5562.14 3253.39 9377.83  3225.57 3538.25 2063.79 5863.21  2001.38 2197.31 1273.63 3624.09  1237.12 1367.49 798.377 2257.99  
10310.7 11261.2 6539.65 18593.3  5466.11 5934.37 3453.4 9918.96  2915.79 3194.58 1881.3 5360.61  1552 1694.82 996.511 2860.04  824.31 896.621 529.579 1531.67  
1097.66 1194.9 699.379 1995.33  1044.21 1135.91 663.629 1895.48  992.044 1079.33 630.517 1800.94  940.748 1018.55 595.905 1711.95  894.095 974.799 570.198 1625.2  
9008.82 9804.79 5731.96 16358.6  5309.8 5813.66 3386.35 9623.68  3132.52 3418.47 2000.66 5721.08  1863.41 2027.11 1178.73 3393.1  1100.08 1199.16 696.47 2005.42  
10310.7 11261.2 6539.65 18593.3  5460.93 5958.19 3462.04 9886.71  2913.05 3179.51 1863.17 5333.37  1550.59 1688.59 994.952 2864.16  827.866 891.892 530.922 1552.04  
12244.8 13425.4 7816.48 22119.9  5445.9 5915.29 3459.14 9941.2  2409.84 2603.14 1517.42 4410.69  1061.13 1147.03 675.503 1970.19  460.286 505.202 294.276 847.488  
12244.8 13425.4 7816.48 22119.9  5393.33 5899.09 3427.35 9772.11  2404.75 2604.83 1527.9 4423.79  1089.43 1156.73 687.218 2044.84  484.747 509.833 302.814 915.429  
12523.5 13643.2 7934.62 22625.3  5391.51 5857.61 3425.23 9843.48  2316.67 2561.81 1496.25 4233  1006.04 1095.71 645.979 1868.51  434.101 477.896 283.214 812.855  
10310.7 11261.2 6539.65 18593.3  5433.04 5957.14 3455.82 9812.11  2934.95 3162.66 1864.69 5416.37  1558.52 1699.11 1003.16 2883.88  824.306 901.379 531.172 1526.77  
10519.4 11369.9 6657.21 19151.1  5500.4 6015.48 3491.87 9946.83  2862.15 3145.45 1840.27 5228.11  1489.94 1649.63 962.346 2720.07  775.621 856.861 496.905 1413.29  
10519.4 11369.9 6657.21 19151.1  5500.4 6015.48 3491.87 9946.83  2845.47 3106.31 1817.23 5202.73  1498.76 1661.54 964.738 2723.19  782.974 878.189 510.822 1427.21  
16259.2 17682.6 10341.8 29539.8  4234.93 4669.74 2704.21 7685.13  1110.84 1217.92 705.188 2038.8  291.383 317.648 183.895 540.901  76.3298 82.1612 47.8682 144.367  
12244.8 13425.4 7816.48 22119.9  5436.31 5908.15 3433.23 9863.2  2406.36 2610.46 1531.32 4426.94  1060.98 1148.57 679.817 1978.4  469.475 505.543 298.881 879.266  
8342.15 9039.15 5291.47 15178.3  5177.4 5663.24 3307.32 9405.55  3214.75 3519.49 2051.27 5841.54  1985.59 2157.12 1260.92 3630.71  1242.82 1363.16 790.319 2256.57  
10310.7 11261.2 6539.65 18593.3  5433.04 5957.14 3455.82 9812.11  2925.56 3184.01 1871.33 5373.58  1555.15 1689.04 998.329 2882.24  831.892 896.052 532.831 1557.97  
16259.2 17682.6 10341.8 29539.8  4245.26 4650.98 2693.49 7712.78  1100.05 1230.13 713.231 2015.08  292.094 320.347 184.345 538.62  76.4356 85.3507 49.4057 142.814  
1097.66 1194.9 699.379 1995.33  1041.86 1139.01 664.335 1886.65  988.574 1073.17 630.008 1803.63  942.775 1025.72 599.048 1711.42  895.2 976.079 567.285 1617.3  
10519.4 11369.9 6657.21 19151.1  5486.34 5991.39 3472.05 9908.06  2852.15 3117.61 1826.59 5221.21  1504.1 1672.14 973.96 2739.82  777.292 864.627 502.023 1416.25  
8342.15 9039.15 5291.47 15178.3  5141.77 5585.06 3283.13 9409.29  3215.05 3500.96 2025.73 5807.07  2006.5 2202.7 1276.75 3633.43  1247.01 1376.82 797.263 2258.99  
12244.8 13425.4 7816.48 22119.9  5455.27 5907.97 3444.09 9933.86  2404.16 2610.55 1530.17 4419.44  1060.16 1148.72 673.532 1959.39  463.573 506.897 298.775 863.794  
3513.93 3825.8 2223.42 6344.73  2953.62 3220.34 1874.09 5342.38  2473.09 2706.37 1570.88 4462.37  2071.8 2259.81 1308.97 3735.67  1747.44 1908.73 1109.42 3162.57  
1097.66 1194.9 699.379 1995.33  1037.33 1128 663.241 1894.51  985.846 1072.2 630.168 1800.07  941.02 1029.12 599.732 1703.24  896.295 973.79 567.52 1624.51  
10310.7 11261.2 6539.65 18593.3  5479.87 5957.74 3472.77 9957.26  2916.43 3170.79 1864.78 5361.9  1543.73 1688.44 988.154 2831.53  813.027 898.697 525.595 1492.38  
9008.82 9804.79 5731.96 16358.6  5294.51 5805.79 3386.9 9607.25  3145.8 3435.89 1999.18 5712.84  1864.23 2023.21 1179.12 3403.19  1098.09 1200.11 697.44 2002  
3513.93 3825.8 2223.42 6344.73  2943.37 3220.44 1868.18 5304.4  2474.23 2688.66 1561.39 4472.06  2072.31 2250.36 1306.18 3746.82  1753.91 1920.26 1125.35 3198.08  
10519.4 11369.9 6657.21 19151.1  5506.91 6031.46 3506.89 9971.61  2842.37 3098.81 1810.15 5190.92  1480.44 1629.63 952.586 2709.92  791.722 894.27 514.028 1425.1  
18682.1 20298.5 11822.4 33813.7  2813.38 3134.22 1849.88 5243.43  426.661 477.958 274.348 790.018  65.8454 75.778 44.9754 127.927  10.1377 11.4876 7.04292 20.7797  
10519.4 11369.9 6657.21 19151.1  5448.12 5906.35 3444.53 9909.59  2887.17 3197.33 1862.89 5245.97  1498.41 1660.66 964.782 2723.99  784.414 879.823 509.005 1422.28  
12244.8 13425.4 7816.48 22119.9  5393.33 5899.09 3427.35 9772.11  2404.75 2604.83 1527.9 4423.79  1089.43 1156.73 687.218 2044.84  484.747 509.833 302.814 915.429  
8342.15 9039.15 5291.47 15178.3  5175.91 5624.67 3284.87 9413.17  3195.05 3470.99 2026.2 5821.43  1993.96 2186.62 1274.93 3631.37  1245.7 1384.78 804.249 2260.32  
12523.5 13643.2 7934.62 22625.3  5391.51 5857.61 3425.23 9843.48  2317.08 2558.59 1492.05 4228.5  1004.55 1104.92 653.733 1869.04  434.281 472.623 279.179 812.186  
16259.2 17682.6 10341.8 29539.8  4241.43 4669.92 2700.14 7687.6  1106.5 1206.15 703.717 2047.54  289.391 323.511 187.648 535.851  76.4421 86.9659 49.0621 138.887  
18682.1 20298.5 11822.4 33813.7  2816.24 3138.92 1840.97 5216.58  424.508 472.588 281.869 815.917  65.2428 76.3419 46.1478 128.717  10.045 11.5744 7.22647 20.9118  
10310.7 11261.2 6539.65 18593.3  5489.19 5964.41 3498.97 10035.9  2899.27 3155.84 1833.72 5268.71  1534.18 1692.15 985.586 2796.91  829.752 900.762 534.087 1547.82  
9008.82 9804.79 5731.96 16358.6  5309.8 5813.66 3386.35 9623.68  3130.51 3428.02 1999.72 5696.42  1851.93 2009.1 1178.43 3401.45  1105.01 1204.41 694.686 2001.24  
18682.1 20298.5 11822.4 33813.7  2805.89 3118.43 1822.98 5183.59  432.571 493.197 297.608 837.316  67.3169 75.7118 48.2372 140.416  10.2508 11.9056 7.36267 21.0979  
8342.15 9039.15 5291.47 15178.3  5144.77 5562.14 3253.39 9377.83  3225.57 3538.25 2063.79 5863.21  2001.38 2197.31 1273.63 3624.09  1237.12 1367.49 798.377 2257.99  
16259.2 17682.6 10341.8 29539.8  4237.85 4656.85 2705.47 7718.59  1105.49 1225.77 704.37 2010.79  292.329 320.925 183.597 535.981  77.6504 84.1451 47.7756 143.172  
9008.82 9804.79 5731.96 16358.6  5294.51 5805.79 3386.9 9607.25  3147.08 3403.09 1986.54 5742.4  1860.8 2036.52 1186.1 3390  1095.8 1206.46 699.868 1991.94  
9008.82 9804.79 5731.96 16358.6  5321.75 5797.86 3382.75 9668.7  3138.61 3416.25 1984.41 5694.13  1843.78 2020.3 1186.16 3384.02  1093.46 1200.87 701.143 2000.74  
1097.66 1194.9 699.379 1995.33  1035.05 1131.2 663.956 1885.64  991.972 1081.17 628.425 1791.71  938.721 1024.26 600.163 1708.55  888.188 970.654 569.481 1618.41  
1097.66 1194.9 699.379 1995.33  1043.46 1139.05 663.335 1887.26  992.082 1079.18 630.532 1801.35  932.191 1015.43 597.987 1705.18  895.473 976.29 567.361 1617.69  
10519.4 11369.9 6657.21 19151.1  5474.8 5957.2 3463.13 9922.56  2860.62 3146.74 1844.59 5233.62  1503.75 1670 965.398 2720.04  784.391 880.5 505.793 1412.65  
10519.4 11369.9 6657.21 19151.1  5427.93 5881.02 3452.91 9935.94  2883.48 3178.29 1843.84 5221.37  1519.87 1707.44 980.021 2725.11  789.355 886.071 509.421 1422.58  
9008.82 9804.79 5731.96 16358.6  5316.46 5774.97 3358.49 9634.32  3139.01 3439.01 2011.75 5726.66  1851.3 2023.2 1184.7 3390.72  1094.02 1209.82 701.752 1987.05  
1097.66 1194.9 699.379 1995.33  1038.86 1137.46 664.442 1883.43  990.482 1071.86 627.158 1802.42  939.421 1020.16 598.734 1713.78  894.248 968.374 566.314 1626.96  
10310.7 11261.2 6539.65 18593.3  5479.87 5957.74 3472.77 9957.26  2916.43 3170.79 1864.78 5361.9  1543.73 1688.44 988.154 2831.53  813.027 898.697 525.595 1492.38  
1097.66 1194.9 699.379 1995.33  1044.4 1134.43 661.703 1893.43  985.496 1071.88 630.244 1800.12  942.978 1024.68 597.429 1709.42  895.052 977.671 569.108 1618.95  
10519.4 11369.9 6657.21 19151.1  5505.89 6039.34 3517.1 9982.39  2865.36 3151.5 1832.45 5202.83  1475.54 1608.33 935.03 2691.96  783.685 874.346 505.393 1421.29  
1097.66 1194.9 699.379 1995.33  1044.21 1135.91 663.629 1895.48  992.044 1079.33 630.517 1800.94  940.748 1018.55 595.905 1711.95  894.095 974.799 570.198 1625.2  
16259.2 17682.6 10341.8 29539.8  4242.22 4663.97 2692.44 7679.43  1106.24 1218.82 714.223 2051.91  289.469 318.605 185.29 538.833  75.9205 85.5033 48.9698 140.202  
8342.15 9039.15 5291.47 15178.3  5156.21 5586.44 3251.59 9352.27  3224.59 3534.67 2054.42 5842.72  2003.54 2210.64 1290.23 3648.96  1241.61 1368.36 795.23 2257.73  
9008.82 9804.79 5731.96 16358.6  5309.8 5813.66 3386.35 9623.68  3130.51 3428.02 1999.72 5696.42  1861.33 2023.12 1180.92 3402.07  1097.76 1190.22 695.436 2014.35  
16259.2 17682.6 10341.8 29539.8  4240.25 4638.66 2681.95 7693.63  1109.41 1237.52 720.87 2042.08  287.682 325.697 188.787 531.359  76.0703 85.2681 49.2075 141.629  
10519.4 11369.9 6657.21 19151.1  5486.34 5991.39 3472.05 9908.06  2852.15 3117.61 1826.59 5221.21  1504.1 1672.14 973.96 2739.82  777.292 864.627 502.023 1416.25  
