4 200 5
8342.15 9039.15 5291.47 15178.3  5144.77 5562.14 3253.39 9377.83  3228.93 3543.84 2053.74 5833.1  2003.11 2216.29 1291.78 3641.76  1241.2 1369.73 799.358 2265.37  
8342.15 9039.15 5291.47 15178.3  5175.91 5624.67 3284.87 9413.17  3195.05 3470.99 2026.2 5821.43  1993.96 2186.62 1274.93 3631.37  1245.7 1384.78 804.249 2260.32  
8342.15 9039.15 5291.47 15178.3  5185.47 5663.46 3302.26 9408.61  3210.77 3495.44 2039.25 5845.12  1991.58 2175.38 1264.49 3619.3  1237.74 1359.74 789.606 2250.2  
8342.15 9039.15 5291.47 15178.3  5180.31 5641.09 3278.58 9375.13  3197.34 3474.55 2037.65 5850.83  2001.61 2212.63 1288.33 3636.06  1242.48 1365.7 793.619 2260.08  
8342.15 9039.15 5291.47 15178.3  5177.4 5663.24 3307.32 9405.55  3192.63 3470.9 2036.27 5843.87  2008 2202.84 1272.27 3624.44  1235.47 1347.28 781.787 2247.13  
8342.15 9039.15 5291.47 15178.3  5141.77 5585.06 3283.13 9409.29  3211.86 3495.44 2035.94 5837.91  2014.22 2223.12 1281.54 3625.27  1238.57 1365.28 794.682 2255.2  
8342.15 9039.15 5291.47 15178.3  5180.31 5641.09 3278.58 9375.13  3212.73 3503.84 2048.19 5857.8  1982.04 2171.15 1274.93 3634.87  1236.58 1355.04 787.08 2249.4  
8342.15 9039.15 5291.47 15178.3  5144.77 5562.14 3253.39 9377.83  3225.57 3538.25 2063.79 5863.21  2001.38 2197.31 1273.63 3624.09  1237.12 1367.49 798.377 2257.99  
8342.15 9039.15 5291.47 15178.3  5141.77 5585.06 3283.13 9409.29  3226.71 3529.62 2052.54 5851.27  1994.5 2182.52 1269.54 3625.6  1243.9 1368.02 785.329 2236.38  
8342.15 9039.15 5291.47 15178.3  5169.67 5609.42 3270.53 9389.43  3212.88 3506.21 2042.26 5837.6  1991.56 2182.6 1267.89 3614.98  1239.69 1367.61 794.487 2252.93  
8342.15 9039.15 5291.47 15178.3  5141.77 5585.06 3283.13 9409.29  3228.26 3549.08 2060.45 5840.13  2003.53 2193.53 1273.03 3634.08  1238.67 1354.5 785.011 2249.26  
8342.15 9039.15 5291.47 15178.3  5177.4 5663.24 3307.32 9405.55  3214.75 3519.49 2051.27 5841.54  1985.59 2157.12 1260.92 3630.71  1242.82 1363.16 790.319 2256.57  
8342.15 9039.15 5291.47 15178.3  5185.47 5663.46 3302.26 9408.61  3210.77 3495.44 2039.25 5845.12  1981.99 2157.04 1257.87 3614.83  1234.67 1360.68 795.148 2256.69  
8342.15 9039.15 5291.47 15178.3  5141.77 5585.06 3283.13 9409.29  3215.05 3500.96 2025.73 5807.07  2006.5 2202.7 1276.75 3633.43  1247.01 1376.82 797.263 2258.99  
8342.15 9039.15 5291.47 15178.3  5185.47 5663.46 3302.26 9408.61  3210.77 3495.44 2039.25 5845.12  1995.68 2187.66 1267.61 3613.78  1232.97 1349.58 783.872 2243.36  
8342.15 9039.15 5291.47 15178.3  5175.91 5624.67 3284.87 9413.17  3215.32 3534.09 2059.79 5838.66  1995.88 2181.34 1268.85 3629.18  1239.27 1363.07 792.584 2255.35  
8342.15 9039.15 5291.47 15178.3  5156.21 5586.44 3251.59 9352.27  3224.59 3534.67 2054.42 5842.72  2003.54 2210.64 1290.23 3648.96  1241.61 1368.36 795.23 2257.73  
8342.15 9039.15 5291.47 15178.3  5177.4 5663.24 3307.32 9405.55  3209.96 3486.05 2028.45 5831.55  1989.75 2170.05 1259.31 3611.23  1241.8 1365.34 793.708 2259.54  
8342.15 9039.15 5291.47 15178.3  5141.77 5585.06 3283.13 9409.29  3206.03 3500.07 2045.38 5842.45  2012.92 2224.17 1283.66 3626.28  1241.25 1363.15 790.325 2253.08  
8342.15 9039.15 5291.47 15178.3  5141.77 5585.06 3283.13 9409.29  3207.91 3485.72 2026.85 5822.93  2013.34 2220.89 1279.47 3621.92  1242.4 1369.8 797.612 2262.9  
12244.8 13425.4 7816.48 22119.9  5407.18 5891.48 3455.61 9893.47  2422.59 2619.8 1518.86 4410.28  1068.13 1152.66 674.285 1970.88  473.976 508.015 296.402 877.413  
12244.8 13425.4 7816.48 22119.9  5445.9 5915.29 3459.14 9941.2  2409.84 2603.14 1517.42 4410.69  1061.13 1147.03 675.503 1970.19  460.286 505.202 294.276 847.488  
12244.8 13425.4 7816.48 22119.9  5455.27 5907.97 3444.09 9933.86  2402.14 2603.25 1533.19 4437.28  1059.47 1154.22 674.784 1950.94  463.495 507.174 294.569 851.494  
12244.8 13425.4 7816.48 22119.9  5389.09 5891.95 3444.53 9823.54  2441.15 2619.51 1529.92 4480.81  1076.48 1152.66 673.424 1986.61  468.734 507.291 298.378 873.074  
12244.8 13425.4 7816.48 22119.9  5393.33 5899.09 3427.35 9772.11  2404.75 2604.83 1527.9 4423.79  1089.43 1156.73 687.218 2044.84  484.747 509.833 302.814 915.429  
12244.8 13425.4 7816.48 22119.9  5411.71 5907.46 3448.55 9853.74  2417.78 2607.19 1530.22 4454.92  1075.04 1152.31 673.95 1985.67  474.9 507.723 296.934 881.667  
12244.8 13425.4 7816.48 22119.9  5389.09 5891.95 3444.53 9823.54  2411.95 2609.05 1525.75 4426.27  1079.52 1155.34 675.829 1994.44  482.196 511.573 297.912 892.504  
12244.8 13425.4 7816.48 22119.9  5378.2 5891.37 3427.89 9755.75  2438.73 2619.85 1534.29 4486.28  1071.59 1151.06 676.948 1988.26  482.983 509.719 302.256 910.05  
12244.8 13425.4 7816.48 22119.9  5445.9 5915.29 3459.14 9941.2  2407.36 2599.17 1524.77 4433.17  1044.24 1144.79 664.248 1906.95  470.908 508.644 296.437 869.639  
12244.8 13425.4 7816.48 22119.9  5430.21 5907.27 3459.7 9924.22  2399.28 2607.37 1519.07 4384.44  1076.7 1152.36 672.937 1986.32  474.797 507.072 296.206 880.661  
12244.8 13425.4 7816.48 22119.9  5436.31 5908.15 3433.23 9863.2  2406.36 2610.46 1531.32 4426.94  1060.98 1148.57 679.817 1978.4  469.475 505.543 298.881 879.266  
12244.8 13425.4 7816.48 22119.9  5401.38 5899.32 3422.34 9775.21  2405.19 2604.98 1538.11 4452.87  1078.94 1154.97 676.915 1996.52  481.548 510.639 302.27 905.027  
12244.8 13425.4 7816.48 22119.9  5445.9 5915.29 3459.14 9941.2  2407.36 2599.17 1524.77 4433.17  1058.11 1152.42 668.915 1935.26  467.726 505.719 296.572 868.965  
12244.8 13425.4 7816.48 22119.9  5454.26 5915.52 3453.94 9944.41  2377.85 2599.09 1512.93 4337.09  1071.5 1152.38 677.411 1987.14  475.421 507.704 301.656 895.948  
12244.8 13425.4 7816.48 22119.9  5455.27 5907.97 3444.09 9933.86  2404.16 2610.55 1530.17 4419.44  1060.16 1148.72 673.532 1959.39  463.573 506.897 298.775 863.794  
12244.8 13425.4 7816.48 22119.9  5435.32 5915.56 3442.9 9873.57  2394.45 2595.72 1531.57 4430.18  1074.89 1154.19 676.357 1988.4  470.947 507.183 294.823 868.125  
12244.8 13425.4 7816.48 22119.9  5427.12 5915.33 3448 9870.41  2416.18 2606.33 1530.28 4453.29  1064.26 1146.83 674.33 1973.93  471.847 506.176 297.04 878.324  
12244.8 13425.4 7816.48 22119.9  5445.9 5915.29 3459.14 9941.2  2365.97 2589.11 1508.54 4318.41  1086.75 1156.62 677.193 2011.47  477.269 511.07 299.905 888.497  
12244.8 13425.4 7816.48 22119.9  5455.27 5907.97 3444.09 9933.86  2385.4 2607 1527.78 4379.16  1066.73 1152.18 674.626 1969.74  473.635 506.215 300.557 891.974  
12244.8 13425.4 7816.48 22119.9  5356.01 5876.16 3423.95 9726.11  2460.1 2625 1537.02 4530.19  1080.61 1158.45 678.783 1998.95  474.258 509.811 302.901 892.69  
9008.82 9804.79 5731.96 16358.6  5294.51 5805.79 3386.9 9607.25  3147.08 3403.09 1986.54 5742.4  1860.8 2036.52 1186.1 3390  1095.8 1206.46 699.868 1991.94  
9008.82 9804.79 5731.96 16358.6  5316.46 5774.97 3358.49 9634.32  3139.01 3439.01 2011.75 5726.66  1851.3 2023.2 1184.7 3390.72  1094.02 1209.82 701.752 1987.05  
9008.82 9804.79 5731.96 16358.6  5316.46 5774.97 3358.49 9634.32  3143.9 3439.14 2008.67 5728.51  1854.69 2040.09 1186.33 3371.02  1096.26 1201.22 701.484 2007.05  
9008.82 9804.79 5731.96 16358.6  5322.75 5790.3 3372.93 9658.29  3134.94 3413.92 1998.13 5727.76  1857.12 2038.5 1185.26 3376.21  1096.57 1204.33 698.293 1993.28  
9008.82 9804.79 5731.96 16358.6  5302.51 5765.61 3380.2 9680.79  3149.61 3442.96 1999.79 5709.52  1858.41 2039.76 1177.71 3356.27  1098.32 1202.05 697.728 1999.69  
9008.82 9804.79 5731.96 16358.6  5294.51 5805.79 3386.9 9607.25  3152.89 3426.55 1997.05 5739.59  1860.34 2030.03 1176.1 3373.95  1098.16 1193.15 693.79 2005.23  
9008.82 9804.79 5731.96 16358.6  5309.8 5813.66 3386.35 9623.68  3132.52 3418.47 2000.66 5721.08  1863.41 2027.11 1178.73 3393.1  1100.08 1199.16 696.47 2005.42  
9008.82 9804.79 5731.96 16358.6  5313.47 5797.63 3387.93 9665.55  3142.87 3439.37 1995.74 5690.96  1856.33 2030.72 1179.57 3373.59  1089.99 1187.36 697.082 2007.58  
9008.82 9804.79 5731.96 16358.6  5286.67 5757.45 3380.77 9663.79  3154.42 3451.42 1992.97 5685.66  1863.91 2036.6 1184.16 3391.19  1098.13 1198.12 698.06 2007.46  
9008.82 9804.79 5731.96 16358.6  5309.8 5813.66 3386.35 9623.68  3130.51 3428.02 1999.72 5696.42  1861.33 2023.12 1180.92 3402.07  1097.76 1190.22 695.436 2014.35  
9008.82 9804.79 5731.96 16358.6  5311.95 5758.15 3364.94 9673.41  3134.37 3426.84 2004.52 5719.69  1862.12 2043.69 1182.47 3369.7  1096.73 1204.94 700.496 1998.38  
9008.82 9804.79 5731.96 16358.6  5310.93 5765.84 3374.93 9684  3143.03 3429.28 1987.59 5687.9  1858.99 2039.56 1185.3 3378.35  1095.09 1200.91 700.097 2001.32  
9008.82 9804.79 5731.96 16358.6  5286.67 5757.45 3380.77 9663.79  3149.01 3455.69 2001.69 5689.85  1864.79 2040.49 1180.07 3374.78  1102.44 1199.89 695.761 2007.12  
9008.82 9804.79 5731.96 16358.6  5321.75 5797.86 3382.75 9668.7  3138.61 3416.25 1984.41 5694.13  1843.78 2020.3 1186.16 3384.02  1093.46 1200.87 701.143 2000.74  
9008.82 9804.79 5731.96 16358.6  5321.75 5797.86 3382.75 9668.7  3139.48 3439.28 1997.86 5689.67  1853.82 2017.07 1172.88 3375.47  1095.47 1204.54 701.175 1998.34  
9008.82 9804.79 5731.96 16358.6  5317.94 5813.89 3381.26 9626.78  3137.5 3399.8 1988.83 5734.39  1849.71 2031.75 1187.67 3379.45  1098.29 1196.54 696.054 2005.27  
9008.82 9804.79 5731.96 16358.6  5309.8 5813.66 3386.35 9623.68  3130.51 3428.02 1999.72 5696.42  1851.93 2009.1 1178.43 3401.45  1105.01 1204.41 694.686 2001.24  
9008.82 9804.79 5731.96 16358.6  5321.75 5797.86 3382.75 9668.7  3136.84 3429.66 2001.81 5712.6  1852.97 2017.78 1177.01 3383.51  1095.22 1208.14 698.925 1985.11  
9008.82 9804.79 5731.96 16358.6  5297.9 5789.62 3388.49 9648.83  3135.35 3437.85 1998.85 5686.19  1867.12 2029.01 1178.6 3397.09  1101.18 1195.56 691.398 2000.64  
9008.82 9804.79 5731.96 16358.6  5294.51 5805.79 3386.9 9607.25  3145.8 3435.89 1999.18 5712.84  1864.23 2023.21 1179.12 3403.19  1098.09 1200.11 697.44 2002  
3513.93 3825.8 2223.42 6344.73  2953.08 3224.46 1879.45 5348.07  2470.34 2698.82 1563.52 4450.67  2079.43 2260.02 1313.23 3763.11  1742.43 1901.89 1102.97 3147.18  
3513.93 3825.8 2223.42 6344.73  2955.75 3211.38 1874.82 5365.57  2480.22 2693.03 1569.6 4498.94  2086.2 2274.47 1330.33 3796.98  1739.37 1902.59 1100.05 3131.59  
3513.93 3825.8 2223.42 6344.73  2943.37 3220.44 1868.18 5304.4  2474.23 2688.66 1561.39 4472.06  2072.31 2250.36 1306.18 3746.82  1753.91 1920.26 1125.35 3198.08  
3513.93 3825.8 2223.42 6344.73  2940 3212.23 1860.43 5291.54  2472.42 2700.76 1566.53 4459.54  2085.28 2279.3 1334.54 3797.32  1750.38 1894.64 1105.7 3185.14  
3513.93 3825.8 2223.42 6344.73  2942.84 3224.48 1873.44 5309.98  2482.97 2709.09 1580.46 4504.26  2087.83 2269.82 1328.82 3805  1751.09 1905.9 1108.3 3172.67  
3513.93 3825.8 2223.42 6344.73  2942.78 3199.39 1855.79 5308.8  2474.32 2692 1563.35 4471.36  2078.47 2274.17 1320.29 3753.79  1756.01 1916.9 1119.87 3193.99  
3513.93 3825.8 2223.42 6344.73  2931.4 3182.55 1842.85 5280.91  2482.37 2705.28 1574.17 4493.04  2090.14 2274.14 1330.83 3807.32  1751.68 1919.86 1123.42 3188.88  
3513.93 3825.8 2223.42 6344.73  2950.19 3211.99 1866.2 5329.29  2483.58 2703.61 1582.32 4520.8  2070.68 2261.58 1308.42 3728.58  1741.39 1892.56 1098.46 3150.21  
3513.93 3825.8 2223.42 6344.73  2953.62 3220.34 1874.09 5342.38  2473.09 2706.37 1570.88 4462.37  2071.8 2259.81 1308.97 3735.67  1747.44 1908.73 1109.42 3162.57  
3513.93 3825.8 2223.42 6344.73  2932.72 3199.86 1850.21 5271.42  2480.79 2712.92 1586.56 4508.95  2072.96 2249.78 1305.05 3746.22  1749.36 1912.54 1111.33 3164.75  
3513.93 3825.8 2223.42 6344.73  2940 3212.23 1860.43 5291.54  2481 2700.55 1571.38 4491.36  2087.1 2279.41 1331.76 3793.48  1754.95 1909.82 1119.71 3204.57  
3513.93 3825.8 2223.42 6344.73  2955.2 3215.57 1880.28 5371.36  2482.78 2703.04 1580.07 4514.09  2084.38 2278.48 1327.2 3777.19  1743.65 1907.05 1104.11 3143.38  
3513.93 3825.8 2223.42 6344.73  2953.08 3224.46 1879.45 5348.07  2483.58 2698.1 1575.62 4512.94  2077.74 2275.01 1320.08 3750.19  1754.27 1906.47 1114.62 3195.56  
3513.93 3825.8 2223.42 6344.73  2942.84 3224.48 1873.44 5309.98  2471.97 2698.81 1564.47 4456.65  2089.59 2271.46 1331.37 3812.6  1755.87 1906.92 1115.56 3200.65  
3513.93 3825.8 2223.42 6344.73  2940 3212.23 1860.43 5291.54  2472.42 2700.76 1566.53 4459.54  2090.36 2270.13 1329.25 3810.96  1751.86 1916.47 1122.08 3191.92  
3513.93 3825.8 2223.42 6344.73  2952.26 3202.87 1866.79 5352.25  2477.68 2712.44 1583.91 4496.11  2087.17 2272.73 1329.33 3799.56  1747.29 1895.31 1102.78 3169.39  
3513.93 3825.8 2223.42 6344.73  2931.4 3182.55 1842.85 5280.91  2477.76 2686.8 1565.73 4494.8  2083.07 2261.94 1318.94 3782.76  1756.55 1922.36 1121.76 3190.1  
3513.93 3825.8 2223.42 6344.73  2932.72 3199.86 1850.21 5271.42  2473.58 2702.73 1568.14 4462.7  2075.03 2263.63 1313.15 3746.72  1752.18 1916.84 1117.59 3179.65  
3513.93 3825.8 2223.42 6344.73  2942.78 3199.39 1855.79 5308.8  2474.82 2709.71 1573.78 4467.66  2080.4 2280.02 1327.86 3767.47  1756.89 1907.81 1117.44 3206.28  
3513.93 3825.8 2223.42 6344.73  2942.78 3199.39 1855.79 5308.8  2484.77 2705.62 1583.98 4524.07  2071.67 2263.25 1309.79 3731.27  1750.14 1898.43 1107.58 3182.63  
10310.7 11261.2 6539.65 18593.3  5433.04 5957.14 3455.82 9812.11  2934.95 3162.66 1864.69 5416.37  1558.52 1699.11 1003.16 2883.88  824.306 901.379 531.172 1526.77  
10310.7 11261.2 6539.65 18593.3  5447.41 5935.25 3443.01 9849.1  2901.13 3181.56 1860.93 5297.49  1552.71 1693.74 998.898 2869.3  833.234 898.365 534.198 1559.97  
10310.7 11261.2 6539.65 18593.3  5433.04 5957.14 3455.82 9812.11  2925.56 3184.01 1871.33 5373.58  1555.15 1689.04 998.329 2882.24  831.892 896.052 532.831 1557.97  
10310.7 11261.2 6539.65 18593.3  5485.24 5980.89 3497.42 9992.38  2883.56 3160.24 1835.73 5231.89  1551.23 1682.68 987.144 2855.28  830.977 895.426 533.145 1558.12  
10310.7 11261.2 6539.65 18593.3  5426.89 5942.2 3441.68 9788.52  2940.77 3182.22 1884.79 5446.81  1543.84 1690.2 988.464 2828.66  834.985 899.726 535.651 1565.41  
10310.7 11261.2 6539.65 18593.3  5467.19 5973.42 3476.45 9910.75  2922.38 3163.46 1863.06 5383.69  1543.3 1688.98 988.288 2829.76  823.387 894.631 527.197 1526.79  
10310.7 11261.2 6539.65 18593.3  5447.41 5935.25 3443.01 9849.1  2929.55 3190.18 1877.96 5389.11  1554.59 1694.3 1000.08 2876.24  824.961 899.84 532.578 1535.1  
10310.7 11261.2 6539.65 18593.3  5447.41 5935.25 3443.01 9849.1  2901.13 3181.56 1860.93 5297.49  1552.71 1693.74 998.898 2869.3  838.801 899.226 538.989 1583.96  
10310.7 11261.2 6539.65 18593.3  5447.41 5935.25 3443.01 9849.1  2918.85 3194.28 1877.31 5356.44  1551.58 1694.5 1001.52 2873.05  823.183 896.508 528.846 1527.03  
10310.7 11261.2 6539.65 18593.3  5489.19 5964.41 3498.97 10035.9  2899.27 3155.84 1833.72 5268.71  1534.18 1692.15 985.586 2796.91  829.752 900.762 534.087 1547.82  
10310.7 11261.2 6539.65 18593.3  5485.24 5980.89 3497.42 9992.38  2883.56 3160.24 1835.73 5231.89  1551.23 1682.68 987.144 2855.28  827.323 892.068 527.732 1541.59  
10310.7 11261.2 6539.65 18593.3  5483.72 5940.84 3473.88 10000.2  2914.62 3178.69 1864.26 5341.81  1537.44 1692.78 984.829 2800.93  819.96 897.423 526.491 1512.23  
10310.7 11261.2 6539.65 18593.3  5432.07 5964.51 3465.43 9822.37  2936.75 3176.47 1867.48 5401.6  1547.38 1676.27 981.828 2844.54  826.271 895.256 528.706 1535.78  
10310.7 11261.2 6539.65 18593.3  5466.11 5934.37 3453.4 9918.96  2915.79 3194.58 1881.3 5360.61  1552 1694.82 996.511 2860.04  824.31 896.621 529.579 1531.67  
10310.7 11261.2 6539.65 18593.3  5467.19 5973.42 3476.45 9910.75  2891.42 3167.64 1850.57 5274.79  1552.14 1676.22 984.547 2862.21  834.576 902.14 538.549 1567.88  
10310.7 11261.2 6539.65 18593.3  5460.93 5958.19 3462.04 9886.71  2913.05 3179.51 1863.17 5333.37  1550.59 1688.59 994.952 2864.16  827.866 891.892 530.922 1552.04  
10310.7 11261.2 6539.65 18593.3  5433.04 5957.14 3455.82 9812.11  2925.52 3159.21 1853.7 5372.34  1552.16 1687.72 992.625 2862.67  830.885 904.876 537.474 1551.52  
10310.7 11261.2 6539.65 18593.3  5483.72 5940.84 3473.88 10000.2  2902.4 3187.65 1857.66 5280.87  1551.13 1690.37 998.431 2871.82  822.733 898.92 530.158 1525.46  
10310.7 11261.2 6539.65 18593.3  5479.87 5957.74 3472.77 9957.26  2916.43 3170.79 1864.78 5361.9  1543.73 1688.44 988.154 2831.53  813.027 898.697 525.595 1492.38  
10310.7 11261.2 6539.65 18593.3  5467.19 5973.42 3476.45 9910.75  2891.94 3163.73 1845.44 5269.27  1563.81 1686.32 1002.96 2919.17  827.588 899.212 533.127 1543.39  
10519.4 11369.9 6657.21 19151.1  5468.34 5955.98 3491.15 9986.47  2864.24 3142.99 1825.72 5197.21  1504.37 1675.07 957.951 2692.27  788.257 887.508 511.541 1423.43  
10519.4 11369.9 6657.21 19151.1  5459.48 5955.74 3496.73 9983.12  2863.25 3147.28 1831.54 5202.86  1509.83 1670.45 955.651 2705.86  779.154 864.499 497.921 1409.22  
10519.4 11369.9 6657.21 19151.1  5448.12 5906.35 3444.53 9909.59  2887.17 3197.33 1862.89 5245.97  1498.41 1660.66 964.782 2723.99  784.414 879.823 509.005 1422.28  
10519.4 11369.9 6657.21 19151.1  5500.4 6015.48 3491.87 9946.83  2862.15 3145.45 1840.27 5228.11  1489.94 1649.63 962.346 2720.07  775.621 856.861 496.905 1413.29  
10519.4 11369.9 6657.21 19151.1  5486.34 5991.39 3472.05 9908.06  2852.15 3117.61 1826.59 5221.21  1504.1 1672.14 973.96 2739.82  777.292 864.627 502.023 1416.25  
10519.4 11369.9 6657.21 19151.1  5485.97 6005.75 3514.45 9994.89  2872.05 3155.06 1820.57 5178.36  1485.76 1629.22 947.455 2708.56  776.735 860.478 497.389 1410.23  
10519.4 11369.9 6657.21 19151.1  5506.91 6031.46 3506.89 9971.61  2842.37 3098.81 1810.15 5190.92  1480.44 1629.63 952.586 2709.92  791.722 894.27 514.028 1425.1  
10519.4 11369.9 6657.21 19151.1  5506.91 6031.46 3506.89 9971.61  2842.37 3098.81 1810.15 5190.92  1500.21 1666.89 963.343 2712.86  776.088 860.762 501.34 1419  
10519.4 11369.9 6657.21 19151.1  5495.73 5997.97 3498.58 9987.21  2861.47 3141.01 1823.62 5189.89  1492.5 1660.06 967.101 2719.04  780.546 870.714 503.434 1415.99  
10519.4 11369.9 6657.21 19151.1  5474.8 5957.2 3463.13 9922.56  2860.62 3146.74 1844.59 5233.62  1503.75 1670 965.398 2720.04  784.391 880.5 505.793 1412.65  
10519.4 11369.9 6657.21 19151.1  5427.93 5881.02 3452.91 9935.94  2883.48 3178.29 1843.84 5221.37  1519.87 1707.44 980.021 2725.11  789.355 886.071 509.421 1422.58  
10519.4 11369.9 6657.21 19151.1  5468.34 5955.98 3491.15 9986.47  2880.49 3178.76 1831.65 5182.37  1499.15 1659.92 962.45 2720.88  777.766 864.346 501.284 1415.82  
10519.4 11369.9 6657.21 19151.1  5474.8 5957.2 3463.13 9922.56  2850.03 3120.49 1819.95 5193.24  1513.44 1698.65 986.57 2744.96  786.162 880.331 511.308 1431.37  
10519.4 11369.9 6657.21 19151.1  5485.97 6005.75 3514.45 9994.89  2875.44 3163.44 1828.4 5191.26  1496.17 1652.74 955.161 2708.36  770.188 845.565 490.103 1404.21  
10519.4 11369.9 6657.21 19151.1  5500.4 6015.48 3491.87 9946.83  2845.47 3106.31 1817.23 5202.73  1498.76 1661.54 964.738 2723.19  782.974 878.189 510.822 1427.21  
10519.4 11369.9 6657.21 19151.1  5459.48 5955.74 3496.73 9983.12  2863.25 3147.28 1831.54 5202.86  1492.98 1642.32 947.309 2698.76  791.691 888.745 508.215 1419.31  
10519.4 11369.9 6657.21 19151.1  5462.66 5931.28 3465.05 9949.7  2886.62 3198.99 1851.99 5212.84  1491.46 1650.41 963.139 2723.71  783.584 879.416 508.59 1420.28  
10519.4 11369.9 6657.21 19151.1  5462.66 5931.28 3465.05 9949.7  2866.39 3158.95 1843.67 5220.62  1508.62 1681.05 969.155 2720.18  782.676 875.349 504.777 1415.45  
10519.4 11369.9 6657.21 19151.1  5468.34 5955.98 3491.15 9986.47  2873.13 3166.03 1821.25 5162.17  1493.63 1647.43 958.129 2720.29  782.934 873.777 505.991 1422.09  
10519.4 11369.9 6657.21 19151.1  5505.89 6039.34 3517.1 9982.39  2865.36 3151.5 1832.45 5202.83  1475.54 1608.33 935.03 2691.96  783.685 874.346 505.393 1421.29  
16259.2 17682.6 10341.8 29539.8  4229.1 4631.12 2699.3 7730.78  1115.14 1246.46 708.823 2005.29  293.018 324.696 184.037 531.605  76.1832 84.7308 48.8276 141.8  
16259.2 17682.6 10341.8 29539.8  4240.25 4638.66 2681.95 7693.63  1109.41 1237.52 720.87 2042.08  287.682 325.697 188.787 531.359  76.0703 85.2681 49.2075 141.629  
16259.2 17682.6 10341.8 29539.8  4237.85 4656.85 2705.47 7718.59  1105.49 1225.77 704.37 2010.79  292.329 320.925 183.597 535.981  77.6504 84.1451 47.7756 143.172  
16259.2 17682.6 10341.8 29539.8  4216.46 4624.57 2699.75 7717.2  1126.2 1251.36 707.421 2015.92  293.883 325.413 185.629 536.481  77.0616 85.5415 48.2694 140.663  
16259.2 17682.6 10341.8 29539.8  4242.22 4663.97 2692.44 7679.43  1102.29 1220.54 714.006 2039.53  292.768 319.99 185.798 544.731  76.4451 82.889 48.3305 144.511  
16259.2 17682.6 10341.8 29539.8  4242.22 4663.97 2692.44 7679.43  1105.92 1210.51 709.373 2053.56  290.086 327.403 189.218 534.423  75.8307 85.0346 49.4313 142.127  
16259.2 17682.6 10341.8 29539.8  4229.1 4631.12 2699.3 7730.78  1117.65 1243.07 708.065 2014.68  290.005 326.24 185.519 526.472  76.8254 85.8734 47.8641 138.457  
16259.2 17682.6 10341.8 29539.8  4229.1 4631.12 2699.3 7730.78  1111.93 1244.76 708.938 2001.86  294.946 323.659 184.132 537.876  77.3382 86.2701 48.3329 140.066  
16259.2 17682.6 10341.8 29539.8  4216.46 4624.57 2699.75 7717.2  1126.41 1249.77 705.402 2013.8  293.585 324.792 186.403 539.083  76.6117 86.5593 49.1599 140.241  
16259.2 17682.6 10341.8 29539.8  4234.93 4669.74 2704.21 7685.13  1111.3 1206.29 700.728 2049.37  291.107 323.557 186.558 536.491  76.1932 86.3528 49.1927 139.814  
16259.2 17682.6 10341.8 29539.8  4236.64 4625.14 2687.1 7724.87  1111.5 1249.33 714.708 2008.12  290.086 327.403 189.218 534.423  75.662 84.6758 49.4604 142.51  
16259.2 17682.6 10341.8 29539.8  4241.43 4669.92 2700.14 7687.6  1106.29 1207.76 705.806 2049.79  288.682 321.873 186.139 533.25  77.0223 86.2616 48.5388 139.972  
16259.2 17682.6 10341.8 29539.8  4240.25 4638.66 2681.95 7693.63  1108.82 1239.35 718.499 2031.02  289.009 322.109 189.864 543.775  75.9315 86.3328 49.9568 141.378  
16259.2 17682.6 10341.8 29539.8  4245.26 4650.98 2693.49 7712.78  1100.05 1230.13 713.231 2015.08  292.094 320.347 184.345 538.62  76.4356 85.3507 49.4057 142.814  
16259.2 17682.6 10341.8 29539.8  4241.43 4669.92 2700.14 7687.6  1106.5 1206.15 703.717 2047.54  289.391 323.511 187.648 535.851  76.4421 86.9659 49.0621 138.887  
16259.2 17682.6 10341.8 29539.8  4236.64 4625.14 2687.1 7724.87  1109.81 1240.58 715.405 2022.24  291.332 333.87 188.704 524.056  75.6375 86.222 49.4115 139.449  
16259.2 17682.6 10341.8 29539.8  4237.85 4656.85 2705.47 7718.59  1103.84 1215.56 703.093 2022.64  295.113 327.598 183.779 530.115  76.3545 85.9189 48.5765 139.309  
16259.2 17682.6 10341.8 29539.8  4234.93 4669.74 2704.21 7685.13  1111.3 1206.29 700.728 2049.37  291.047 326.243 187.192 533.141  76.123 84.9726 48.8225 141.204  
16259.2 17682.6 10341.8 29539.8  4234.93 4669.74 2704.21 7685.13  1110.84 1217.92 705.188 2038.8  291.383 317.648 183.895 540.901  76.3298 82.1612 47.8682 144.367  
16259.2 17682.6 10341.8 29539.8  4242.22 4663.97 2692.44 7679.43  1106.24 1218.82 714.223 2051.91  289.469 318.605 185.29 538.833  75.9205 85.5033 48.9698 140.202  
12523.5 13643.2 7934.62 22625.3  5394.01 5889.57 3438.62 9825.34  2323.73 2540.35 1489.18 4269.07  1001.79 1092.68 645.178 1862.99  429.264 471.264 276.432 796.363  
12523.5 13643.2 7934.62 22625.3  5375.27 5889.74 3427.78 9755.46  2325.82 2523.69 1480.72 4281.42  1009.52 1103.44 659.042 1897.14  435.844 478.226 283.046 815.525  
12523.5 13643.2 7934.62 22625.3  5374.2 5851.22 3405.04 9763.51  2332.29 2555.47 1501.87 4293.4  1003.79 1110.36 656.544 1864.74  434.518 478.124 284.46 816.65  
12523.5 13643.2 7934.62 22625.3  5384.77 5896.9 3453.65 9832.71  2330.24 2532.43 1485.55 4288.1  1003.16 1094.45 640.571 1850.02  431.625 473.691 275.307 793.845  
12523.5 13643.2 7934.62 22625.3  5355.83 5852.09 3394.81 9694.74  2342.73 2554.98 1507.65 4332.18  1008.46 1108.74 657.217 1879.58  437.764 475.615 285.587 831.722  
12523.5 13643.2 7934.62 22625.3  5396.9 5880.86 3449.98 9878.7  2305.66 2529.11 1463.85 4182.56  1002.56 1100.01 644.529 1848.71  437.437 478.383 284.641 822.991  
12523.5 13643.2 7934.62 22625.3  5377.74 5834.14 3405.79 9805.09  2324.89 2571.93 1503.04 4250.04  1002.51 1102.21 647.327 1852.11  438.832 479.874 287.572 831.299  
12523.5 13643.2 7934.62 22625.3  5393.02 5897.11 3448.45 9835.84  2316.22 2536.13 1478.92 4232.82  1002.87 1083.54 639.004 1865.63  433.478 478.28 282.799 809.558  
12523.5 13643.2 7934.62 22625.3  5391.51 5857.61 3425.23 9843.48  2316.67 2561.81 1496.25 4233  1006.04 1095.71 645.979 1868.51  434.101 477.896 283.214 812.855  
12523.5 13643.2 7934.62 22625.3  5374.3 5897.14 3437.43 9765.76  2318.42 2519.9 1470.87 4245.53  1011.59 1104.47 655.752 1890.37  437.977 474.987 283.32 826.996  
12523.5 13643.2 7934.62 22625.3  5394.01 5889.57 3438.62 9825.34  2321.37 2536.51 1496.39 4290.92  998.932 1097.95 638.818 1829.47  433.821 473.547 278.677 808.028  
12523.5 13643.2 7934.62 22625.3  5391.51 5857.61 3425.23 9843.48  2317.08 2558.59 1492.05 4228.5  1004.55 1104.92 653.733 1869.04  434.281 472.623 279.179 812.186  
12523.5 13643.2 7934.62 22625.3  5393.02 5897.11 3448.45 9835.84  2325.54 2532.31 1488.5 4286.32  999.437 1093.17 637.04 1834.74  431.95 473.663 279.499 806.085  
12523.5 13643.2 7934.62 22625.3  5384.77 5896.9 3453.65 9832.71  2326.61 2532.34 1487.83 4286.72  1004.23 1090.18 634.691 1844.22  432.578 474.934 276.181 795.944  
12523.5 13643.2 7934.62 22625.3  5397.9 5873.18 3439.97 9868.02  2314.52 2525.66 1474.2 4236.18  1003.92 1114.83 654.521 1851.39  432.467 476.828 280.493 803.932  
12523.5 13643.2 7934.62 22625.3  5374.2 5851.22 3405.04 9763.51  2332.64 2558.29 1515.52 4326.07  1006.1 1104.45 646.299 1853.09  433.857 479.87 283.864 810.382  
12523.5 13643.2 7934.62 22625.3  5394.01 5889.57 3438.62 9825.34  2315.24 2543.62 1488.67 4243.18  1006.44 1092.26 647.349 1879.74  429.967 469.729 274.674 795.855  
12523.5 13643.2 7934.62 22625.3  5377.74 5834.14 3405.79 9805.09  2324.48 2575.17 1507.28 4254.56  1006.21 1108.87 653.056 1863.21  437.165 476.866 283.047 820.951  
12523.5 13643.2 7934.62 22625.3  5375.27 5889.74 3427.78 9755.46  2332.02 2536.41 1502.57 4330.64  1005.29 1099.24 646.297 1861.05  434.606 470.205 276.004 808.735  
12523.5 13643.2 7934.62 22625.3  5393.02 5897.11 3448.45 9835.84  2323.87 2539.31 1487.85 4267.71  996.927 1089.28 635.442 1832.14  434.333 471.898 280.782 818.14  
1097.66 1194.9 699.379 1995.33  1042.28 1128.13 660.136 1896.4  991.611 1081.32 628.615 1791.18  942.779 1024.52 597.588 1709.71  893.854 968.152 566.513 1627.08  
1097.66 1194.9 699.379 1995.33  1035.05 1131.2 663.956 1885.64  991.972 1081.17 628.425 1791.71  938.721 1024.26 600.163 1708.55  888.188 970.654 569.481 1618.41  
1097.66 1194.9 699.379 1995.33  1042.58 1135.87 664.646 1894.86  992.31 1077.93 628.637 1799.03  942.05 1027.16 597.128 1702.01  892.253 969.06 568.879 1628.39  
1097.66 1194.9 699.379 1995.33  1042.09 1129.64 662.095 1898.47  987.071 1081.12 631.367 1789.35  940.923 1020.13 597.707 1714.25  895.192 977.677 569.018 1619  
1097.66 1194.9 699.379 1995.33  1037.33 1128 663.241 1894.51  990.844 1079.68 631.503 1800.4  941.422 1025.91 599.946 1710.63  891.844 973.461 570.06 1622.53  
1097.66 1194.9 699.379 1995.33  1044.4 1134.43 661.703 1893.43  985.496 1071.88 630.244 1800.12  942.978 1024.68 597.429 1709.42  894.301 974.938 570.232 1625.47  
1097.66 1194.9 699.379 1995.33  1044.21 1135.91 663.629 1895.48  992.044 1079.33 630.517 1800.94  939.077 1019.87 598.607 1713.25  890.987 976.105 569.888 1615.34  
1097.66 1194.9 699.379 1995.33  1042.58 1135.87 664.646 1894.86  988.538 1073.33 629.992 1803.22  942.917 1024.53 597.295 1709.19  891.623 973.454 570.198 1622.45  
1097.66 1194.9 699.379 1995.33  1041.86 1139.01 664.335 1886.65  988.574 1073.17 630.008 1803.63  942.775 1025.72 599.048 1711.42  895.2 976.079 567.285 1617.3  
1097.66 1194.9 699.379 1995.33  1038.86 1137.46 664.442 1883.43  990.083 1082.2 631.148 1793.15  934.577 1021.1 599.281 1703.22  894.149 977.146 569.691 1619.58  
1097.66 1194.9 699.379 1995.33  1044.21 1135.91 663.629 1895.48  992.044 1079.33 630.517 1800.94  940.748 1018.55 595.905 1711.95  894.095 974.799 570.198 1625.2  
1097.66 1194.9 699.379 1995.33  1042.09 1129.64 662.095 1898.47  990.607 1079.6 631.56 1800.2  934.392 1021.62 599.377 1702.13  896.151 973.713 567.525 1624.36  
1097.66 1194.9 699.379 1995.33  1037.33 1128 663.241 1894.51  985.846 1072.2 630.168 1800.07  941.02 1029.12 599.732 1703.24  896.295 973.79 567.52 1624.51  
1097.66 1194.9 699.379 1995.33  1043.46 1139.05 663.335 1887.26  992.082 1079.18 630.532 1801.35  932.191 1015.43 597.987 1705.18  895.473 976.29 567.361 1617.69  
1097.66 1194.9 699.379 1995.33  1044.21 1135.91 663.629 1895.48  983.34 1074.86 630.828 1791.6  941.453 1025.75 599.961 1711.02  894.494 974.662 569.98 1625.71  
1097.66 1194.9 699.379 1995.33  1042.28 1128.13 660.136 1896.4  985.601 1072.2 630.323 1799.98  942.227 1029.15 598.977 1703.7  895.832 975.052 569.356 1626.15  
1097.66 1194.9 699.379 1995.33  1042.58 1135.87 664.646 1894.86  985.586 1071.81 630.098 1800.05  939.479 1020.24 598.578 1713.33  890.049 968.334 568.829 1624.91  
1097.66 1194.9 699.379 1995.33  1038.86 1137.46 664.442 1883.43  990.482 1071.86 627.158 1802.42  939.421 1020.16 598.734 1713.78  894.248 968.374 566.314 1626.96  
1097.66 1194.9 699.379 1995.33  1041.86 1139.01 664.335 1886.65  988.574 1073.17 630.008 1803.63  940.658 1028.52 599.686 1703.45  895.305 975.939 567.253 1617.69  
1097.66 1194.9 699.379 1995.33  1044.4 1134.43 661.703 1893.43  985.496 1071.88 630.244 1800.12  942.978 1024.68 597.429 1709.42  895.052 977.671 569.108 1618.95  
18682.1 20298.5 11822.4 33813.7  2818.27 3130.19 1841.68 5239.28  424.075 484.501 283.985 798.507  63.8809 73.1621 43.4716 124.386  9.86436 11.4943 7.08087 20.2616  
18682.1 20298.5 11822.4 33813.7  2813.38 3134.22 1849.88 5243.43  426.661 477.958 274.348 790.018  65.8454 75.778 44.9754 127.927  10.1377 11.4876 7.04292 20.7797  
18682.1 20298.5 11822.4 33813.7  2814.93 3121.86 1833.79 5226.17  427.141 490.842 291.613 813.994  64.3206 74.9183 43.949 123.409  9.7305 11.6686 6.92215 19.1917  
18682.1 20298.5 11822.4 33813.7  2809.15 3104.34 1829.28 5234.2  432.125 505.008 294.576 806.288  64.9505 77.9702 45.2353 122.603  9.86575 11.9433 7.11561 19.4914  
18682.1 20298.5 11822.4 33813.7  2807.73 3109.33 1823.37 5205.7  431.923 496.641 297.554 829.577  66.3017 80.4748 47.9495 128.209  10.0935 12.6765 7.29626 19.1567  
18682.1 20298.5 11822.4 33813.7  2816.24 3138.92 1840.97 5216.58  424.508 472.588 281.869 815.917  65.405 76.2307 46.5174 130.328  9.93931 11.6175 6.97374 19.9003  
18682.1 20298.5 11822.4 33813.7  2816.24 3138.92 1840.97 5216.58  424.508 472.588 281.869 815.917  65.2428 76.3419 46.1478 128.717  10.045 11.5744 7.22647 20.9118  
18682.1 20298.5 11822.4 33813.7  2809.15 3104.34 1829.28 5234.2  431.165 502.886 294.748 808.483  65.7738 79.857 45.5003 121.695  10.0017 12.2395 6.84788 18.5466  
18682.1 20298.5 11822.4 33813.7  2818.27 3130.19 1841.68 5239.28  422.119 483.272 281.917 790.864  65.4726 74.4951 45.3163 130.36  10.2039 11.516 7.33787 21.712  
18682.1 20298.5 11822.4 33813.7  2813.38 3134.22 1849.88 5243.43  427.581 477.725 277.324 800.652  65.3282 75.8632 42.7411 120.545  9.8184 11.515 6.4257 18.3045  
18682.1 20298.5 11822.4 33813.7  2814.93 3121.86 1833.79 5226.17  425.615 486.91 287.874 807.827  65.6143 78.2316 47.0972 128.609  9.92196 12.2064 7.39436 19.8973  
18682.1 20298.5 11822.4 33813.7  2806.47 3139.01 1835.17 5179.43  432.082 475.803 287.382 840.816  67.2534 72.9288 46.4429 140.81  10.2235 11.5861 7.2019 21.2015  
18682.1 20298.5 11822.4 33813.7  2817.75 3134.31 1847.04 5245.04  423.233 476.476 276.779 792.013  65.1944 76.7549 45.2669 125.495  9.89663 11.7918 7.1191 19.8671  
18682.1 20298.5 11822.4 33813.7  2807.73 3109.33 1823.37 5205.7  431.702 497.427 296.594 825.021  66.3419 79.8388 48.2389 130.288  10.2779 12.6697 7.93377 21.2853  
18682.1 20298.5 11822.4 33813.7  2814.93 3121.86 1833.79 5226.17  426.48 490.835 292.061 813.766  64.5795 74.1978 43.2122 123.302  10.0849 12.3833 7.18005 19.3611  
18682.1 20298.5 11822.4 33813.7  2806.47 3139.01 1835.17 5179.43  433.45 473.697 289.776 854.989  66.2259 75.1167 44.5279 128.587  9.92873 11.5515 6.79929 19.4783  
18682.1 20298.5 11822.4 33813.7  2814.93 3121.86 1833.79 5226.17  427.141 490.842 291.613 813.994  64.1881 74.4976 43.8406 123.601  9.87301 12.1382 7.08148 19.0706  
18682.1 20298.5 11822.4 33813.7  2805.89 3118.43 1822.98 5183.59  432.571 493.197 297.608 837.316  67.3169 75.7118 48.2372 140.416  10.2508 11.9056 7.36267 21.0979  
18682.1 20298.5 11822.4 33813.7  2806.47 3139.01 1835.17 5179.43  434.408 475.693 289.604 852.662  65.1375 73.6348 44.5152 129.056  10.0293 11.1631 6.97098 20.9653  
18682.1 20298.5 11822.4 33813.7  2812.55 3112.81 1837.31 5247.54  427.449 499.254 286.775 785.917  66.0428 75.7593 45.4549 129.515  10.0524 11.6277 6.80786 19.6375  
