3 50 50 3
500 200
2200 1000 2200 
1518.23 322.98 1
0.0690567 1 10
220.753
220.454
220.028
220.028
219.855
220
222.027
222.953
225.404
219.919
220.558
219.954
223.494
221.657
225.332
222.075
226.563
225.224
222.816
220.535
220.423
221.326
220.287
222.842
220.022
225.058
220.132
220.389
222.92
220.565
219.842
224.788
219.974
220.229
225.892
222.801
222.546
219.98
220.577
221.202
222.101
219.856
223.137
219.82
225.019
219.968
220.176
220.321
219.903
220.855
46.7095 -0.26363
46.9877 1.10876
45.5981 0.50348
45.8122 1.84499
46.3889 1.1264
46.4945 1.53159
45.2378 -1.09913
44.0122 0.92199
43.4995 -0.20319
46.0848 1.71502
45.9722 -0.39724
46.5097 1.32038
43.8758 0.54701
44.4744 1.11599
43.5495 -0.32355
46.0256 -1.42864
43.3959 -0.79921
43.444 1.82852
44.6258 -0.92063
45.0993 0.57348
46.8137 0.32211
44.8352 -0.01629
45.4042 1.8179
44.0525 0.82154
46.4626 1.64345
43.452 0.56913
46.314 0.14153
45.3663 1.92305
45.2631 -1.60364
47.044 1.33541
45.7714 1.32727
43.545 1.76946
45.5142 1.09122
46.8077 1.26066
43.4069 -0.31148
44.1219 0.35931
47.0309 -1.28919
46.0627 1.83181
45.0997 1.65836
46.978 -0.38084
44.4227 1.97266
45.7221 1.28476
47.0415 -1.60085
46.2993 0.91161
43.4399 0.91234
46.2211 1.76626
46.6615 1.63116
46.6144 0.14983
45.8217 1.59732
44.8995 0.57839
46.4437 1.23402
43.367 0.072
45.6462 1.94656
