3 18 3
15936.8 11258.9 10608.6  9860.25 6947.2 6542.98  6121.05 4426.41 4111.6  
15936.8 11258.9 10608.6  9846.59 6983.68 6571.6  6143.25 4426.58 4106.53  
15936.8 11258.9 10608.6  9846.02 7033.81 6591.44  6126.38 4393.89 4093.24  
15936.8 11258.9 10608.6  9860.84 7099.44 6603.02  6121.18 4338.14 4076.55  
15936.8 11258.9 10608.6  9860.84 7099.44 6603.02  6140.5 4387.74 4078.94  
15936.8 11258.9 10608.6  9860.25 6947.2 6542.98  6138.13 4408.5 4104.9  
41062.3 29260.8 27411.4  917.535 713.857 573.662  19.6232 24.7324 14.5634  
41062.3 29260.8 27411.4  913.893 721.576 574.021  23.2626 17.0101 14.2226  
41062.3 29260.8 27411.4  915.965 717.611 576.117  21.2361 20.8442 12.1595  
41062.3 29260.8 27411.4  914.782 722.095 576.32  22.3862 16.6326 12.0156  
41062.3 29260.8 27411.4  916.466 718.342 573.89  20.5977 20.2799 14.378  
41062.3 29260.8 27411.4  914.952 722.343 575.564  22.2003 16.3784 12.7048  
39818.4 28311.8 26578.3  2069.04 1580.08 1344.92  106.386 102.262 72.5815  
39818.4 28311.8 26578.3  2060.29 1572.45 1342.97  114.747 109.555 74.723  
39818.4 28311.8 26578.3  2065.96 1588.8 1348.95  109.713 93.6949 68.9361  
39818.4 28311.8 26578.3  2065.96 1588.8 1348.95  109.713 93.6949 68.9361  
39818.4 28311.8 26578.3  2069.04 1580.08 1344.92  106.792 101.161 72.5255  
39818.4 28311.8 26578.3  2060.15 1583.81 1347.05  114.88 98.8006 70.8496  
