1 50 50 3
500 200
2200 
1518.23 322.98 1
0.0690567 1 10
474.662
477.082
477.129
474.772
478.848
476.429
474.632
479.912
483.467
479.343
474.457
479.724
479.149
474.412
474.443
474.821
474.802
475.319
478.868
475.079
475.701
480.485
476.572
479.99
479.593
475.513
482.818
475.463
482.591
475.715
477.54
476.752
478.483
478.765
483.875
479.864
474.971
474.422
479.12
474.551
476.184
480.518
475.759
477.984
477.357
482.417
474.606
476.028
480.693
478.315
43.5666 -0.26404
45.415 -1.06645
45.3537 -1.2215
43.9295 -0.63161
46.0688 -0.79189
45.4793 0.14394
43.4301 0.27895
46.194 1.86784
46.8317 -1.69259
46.3246 0.33193
43.676 0.18634
46.4122 0.39659
46.2026 1.12482
43.896 0.03489
44.2342 0.33829
43.5205 -0.46786
44.6489 0.42535
44.9555 0.68109
46.158 -0.38268
44.6708 1.04531
43.9913 -1.40213
46.5271 -0.45716
45.3385 1.36193
46.346 1.41233
46.0527 -1.43222
44.6163 1.58092
46.8791 -1.095
44.1297 1.81133
46.8796 -0.89387
43.8773 -1.4055
45.5349 -1.17384
45.5376 0.91179
45.8292 1.79443
45.7983 -1.46937
47.0204 -1.32186
46.445 0.32209
44.0676 -0.83475
44.1869 0.2658
46.2157 1.00513
44.0542 0.89313
45.3373 -0.2438
46.5858 0.44943
44.78 -1.02577
45.9562 0.70061
45.7873 0.51312
46.9622 0.12277
44.1412 0.9522
43.7357 -1.56905
46.4535 1.62846
46.0577 0.57063
46.1088 -0.10481
