1 50 3
37715.2  23365.5  14516.7  
37715.2  23485.7  14439.3  
37715.2  23554.5  14646.6  
37715.2  23251.5  14674.7  
37715.2  23608.5  14626.3  
37715.2  23554.5  14561.2  
37715.2  23417.2  14721.3  
37715.2  23251.5  14676.7  
37715.2  23180.3  14615.5  
37715.2  23420.3  14686.1  
55686.6  24737.4  10854.5  
55686.6  24688.1  10930.2  
55686.6  24571.1  10946.1  
55686.6  24688.1  10929  
55686.6  24555.1  11011  
55686.6  24624  10910.1  
55686.6  24571.1  10970  
55686.6  24504.1  11036  
55686.6  24696  10870.1  
55686.6  24737.4  10934.8  
27844.8  20106.5  14409.7  
27844.8  20047.8  14508.9  
27844.8  20140  14516.7  
27844.8  20005  14554.3  
27844.8  20152.5  14374.7  
27844.8  19989.4  14560.5  
27844.8  20140  14411.8  
27844.8  19992.1  14527.1  
27844.8  20047.8  14508.9  
27844.8  20106.5  14409.7  
72815.6  19779.8  5385.22  
72815.6  19734.4  5418.98  
72815.6  19734.1  5424.99  
72815.6  19734.4  5408.76  
72815.6  19742.6  5391.81  
72815.6  19794.5  5381  
72815.6  19742.6  5402.87  
72815.6  19737.9  5422.19  
72815.6  19770.6  5382.97  
72815.6  19734.4  5421.34  
52489  24667.5  11852.8  
52489  24785.7  11941.7  
52489  24864.6  11851.1  
52489  25051.3  11773.8  
52489  24720.2  11959.2  
52489  25051.3  11660.7  
52489  25043.5  11689.4  
52489  24785.7  11925.4  
52489  24916.5  11844.3  
52489  24785.7  11854.8  
