2 18 3
22393.6 15469.9  13855.7 9611.81  8593.22 5958.16  
22393.6 15469.9  13906.6 9542.45  8642.3 5966.77  
22393.6 15469.9  13855.7 9611.81  8612.63 5938.97  
22393.6 15469.9  13906.6 9542.45  8622.96 5986.05  
22393.6 15469.9  13817.2 9637.87  8676.87 5963.68  
22393.6 15469.9  13918.1 9602.07  8624.96 6000.75  
22893.4 15921.6  14032.7 9692.15  8500.03 5934.3  
22893.4 15921.6  13963.3 9697.11  8572.22 5931.73  
22893.4 15921.6  13990.7 9717.14  8587.19 5941.54  
22893.4 15921.6  14097.6 9685.8  8539.05 5949.12  
22893.4 15921.6  13957.1 9694.52  8529.09 5933.39  
22893.4 15921.6  13963.3 9697.11  8531.69 5936.27  
27674.8 19003  14677 10239.5  7833.87 5463.47  
27674.8 19003  14700.4 10144  7824.92 5478.82  
27674.8 19003  14744.9 10232.8  7779.14 5419.11  
27674.8 19003  14629 10204.3  7872.69 5431.93  
27674.8 19003  14654.1 10110  7803.86 5493.75  
27674.8 19003  14727.6 10164.1  7781.57 5387.89  
