3 22 22 2
500 200
2200 1000 2200 
1518.23 322.98 1
0.0690567 1 10
1414.99
1416.53
1413.76
1413.9
1421.61
1420.37
1412.89
1414.28
1419.05
1416.35
1412.78
1422.56
1416.25
1422.77
1414.79
1414.73
1420.77
1412.83
1420.01
1416.28
1425.17
1423.69
45.727 -0.26368
43.5618 -0.81352
43.9625 0.25706
44.4762 1.49119
46.8767 -0.222
46.3495 -1.35255
44.9796 0.1721
43.7904 0.51993
43.4419 -1.49032
45.5855 -1.16846
44.5771 0.22331
47.0293 0.65123
43.6747 1.70391
47.0595 0.42437
45.7814 0.30818
44.0672 -0.7542
46.7761 0.98726
44.727 0.05306
46.4453 1.84212
46.1052 0.64089
46.944 -1.53575
46.6775 -1.69081
44.8613 0.6784
44.9137 -0.16842
46.9376 -0.40747
