3 50 2
21569.7 34359.8 38282.3  1093.38 1879.66 2447.84  
3169.51 5076.62 5710.76  2707.75 4357.43 4906.24  
19288.1 30859.5 34495.9  2900.22 4661.33 5406.24  
8583.74 13778.5 15501.3  5296.73 8507.38 9636.42  
2713.05 4345.06 4828  2390.47 3819.99 4240.45  
1356.82 2177.28 2443.17  1277.03 2047.63 2294.69  
20662.5 32971.6 36711.4  1871.46 3076.32 3771.42  
21569.7 34359.8 38282.3  1091.5 1872.83 2425.57  
21569.7 34359.8 38282.3  1089.29 1869.06 2405.44  
22667.1 36253.2 40739.7  57.7282 106.438 164.388  
8583.74 13778.5 15501.3  5279.8 8495.97 9618.14  
20662.5 32971.6 36711.4  1865.22 3071.99 3763.86  
11344.3 18140.8 20344  5687.54 9076.07 10159.4  
11344.3 18140.8 20344  5673.97 9088.89 10160.2  
2713.05 4345.06 4828  2384.12 3830.25 4296.33  
1356.82 2177.28 2443.17  1278.4 2046.3 2280.71  
8583.74 13778.5 15501.3  5296.73 8507.38 9636.42  
8583.74 13778.5 15501.3  5358.19 8561.47 9540.45  
1356.82 2177.28 2443.17  1263.74 2033.39 2303.65  
3169.51 5076.62 5710.76  2726.97 4372.55 4899.41  
2713.05 4345.06 4828  2399.08 3833.05 4281.36  
21569.7 34359.8 38282.3  1095.19 1886.42 2439.81  
3169.51 5076.62 5710.76  2703.51 4342.14 4921.51  
22667.1 36253.2 40739.7  57.6106 106.513 164.377  
22667.1 36253.2 40739.7  57.0689 105.278 165.095  
8583.74 13778.5 15501.3  5279.8 8495.97 9618.14  
2713.05 4345.06 4828  2386.54 3827.65 4269.94  
22667.1 36253.2 40739.7  57.1042 105.063 164.894  
2713.05 4345.06 4828  2370.79 3803.53 4216.9  
3169.51 5076.62 5710.76  2726.97 4372.55 4899.41  
19288.1 30859.5 34495.9  2905.39 4651.63 5434.63  
1356.82 2177.28 2443.17  1280.84 2046.3 2282.19  
7463.13 11916.2 13427.6  5023.71 8019.91 8997.21  
22667.1 36253.2 40739.7  57.8566 106.35 163.14  
11344.3 18140.8 20344  5656.67 9075.63 10262.9  
21569.7 34359.8 38282.3  1097.01 1893.03 2461.84  
22667.1 36253.2 40739.7  57.8566 106.35 163.14  
20662.5 32971.6 36711.4  1864.61 3042.16 3693.15  
3169.51 5076.62 5710.76  2703.51 4342.14 4921.51  
7463.13 11916.2 13427.6  5008.95 8025.42 9045.76  
8583.74 13778.5 15501.3  5334.92 8555.19 9580.01  
22667.1 36253.2 40739.7  57.514 105.785 164.763  
8583.74 13778.5 15501.3  5362.52 8567.01 9605.05  
20662.5 32971.6 36711.4  1864.61 3042.16 3693.15  
3169.51 5076.62 5710.76  2698.58 4342.14 4918.52  
11344.3 18140.8 20344  5687.54 9076.07 10159.4  
11344.3 18140.8 20344  5676.01 9057.03 10200.8  
11344.3 18140.8 20344  5684.79 9088.88 10166.8  
21569.7 34359.8 38282.3  1094.66 1889.15 2441.77  
22667.1 36253.2 40739.7  57.514 105.785 164.763  
