3 150 2
8583.74 13778.5 15501.3  5362.52 8567.01 9605.05  
8583.74 13778.5 15501.3  5365.07 8555.17 9598.27  
8583.74 13778.5 15501.3  5290.13 8514.1 9581.09  
8583.74 13778.5 15501.3  5344.36 8537.34 9630.27  
8583.74 13778.5 15501.3  5358.19 8561.47 9540.45  
8583.74 13778.5 15501.3  5309.88 8531.51 9548.2  
8583.74 13778.5 15501.3  5334.92 8555.19 9580.01  
8583.74 13778.5 15501.3  5296.73 8507.38 9636.42  
8583.74 13778.5 15501.3  5296.73 8507.38 9636.42  
8583.74 13778.5 15501.3  5331.98 8548.99 9630.95  
8583.74 13778.5 15501.3  5309.88 8531.51 9548.2  
8583.74 13778.5 15501.3  5365.07 8555.17 9598.27  
8583.74 13778.5 15501.3  5279.8 8495.97 9618.14  
8583.74 13778.5 15501.3  5279.8 8495.97 9618.14  
8583.74 13778.5 15501.3  5290.13 8514.1 9581.09  
1356.82 2177.28 2443.17  1278.4 2046.3 2280.71  
1356.82 2177.28 2443.17  1275.1 2040.55 2302.17  
1356.82 2177.28 2443.17  1274.14 2043.42 2276.1  
1356.82 2177.28 2443.17  1278.4 2046.3 2280.71  
1356.82 2177.28 2443.17  1263.74 2033.39 2303.65  
1356.82 2177.28 2443.17  1263.74 2033.39 2303.65  
1356.82 2177.28 2443.17  1279.43 2047.63 2296.15  
1356.82 2177.28 2443.17  1275.1 2040.55 2302.17  
1356.82 2177.28 2443.17  1275.1 2040.55 2302.17  
1356.82 2177.28 2443.17  1274.14 2043.42 2276.1  
1356.82 2177.28 2443.17  1277.03 2047.63 2294.69  
1356.82 2177.28 2443.17  1262.16 2034.99 2290.43  
1356.82 2177.28 2443.17  1272.85 2044.8 2290.17  
1356.82 2177.28 2443.17  1274.14 2043.42 2276.1  
1356.82 2177.28 2443.17  1280.84 2046.3 2282.19  
19288.1 30859.5 34495.9  2918.46 4664.71 5387.36  
19288.1 30859.5 34495.9  2898.63 4657.98 5435.02  
19288.1 30859.5 34495.9  2917.17 4645.01 5372.18  
19288.1 30859.5 34495.9  2915.1 4642.13 5335.43  
19288.1 30859.5 34495.9  2913.98 4648.4 5405.44  
19288.1 30859.5 34495.9  2900.22 4661.33 5406.24  
19288.1 30859.5 34495.9  2909.77 4667.78 5416.93  
19288.1 30859.5 34495.9  2905.39 4651.63 5434.63  
19288.1 30859.5 34495.9  2904.01 4657.98 5438.39  
19288.1 30859.5 34495.9  2915.25 4667.77 5420.36  
19288.1 30859.5 34495.9  2898.63 4657.98 5435.02  
19288.1 30859.5 34495.9  2915.1 4642.13 5335.43  
19288.1 30859.5 34495.9  2916.65 4661.31 5416.53  
19288.1 30859.5 34495.9  2903.17 4658.17 5373  
19288.1 30859.5 34495.9  2918.46 4664.71 5387.36  
21569.7 34359.8 38282.3  1091.5 1872.83 2425.57  
21569.7 34359.8 38282.3  1094.79 1889.16 2471.81  
21569.7 34359.8 38282.3  1092.24 1881.28 2463.27  
21569.7 34359.8 38282.3  1097.01 1893.03 2461.84  
21569.7 34359.8 38282.3  1095.19 1886.42 2439.81  
21569.7 34359.8 38282.3  1095.81 1894.42 2477.02  
21569.7 34359.8 38282.3  1094.66 1889.15 2441.77  
21569.7 34359.8 38282.3  1096.48 1895.72 2463.77  
21569.7 34359.8 38282.3  1096.48 1895.72 2463.77  
21569.7 34359.8 38282.3  1094.41 1895.73 2462.32  
21569.7 34359.8 38282.3  1097.01 1893.03 2461.84  
21569.7 34359.8 38282.3  1089.29 1869.06 2405.44  
21569.7 34359.8 38282.3  1093.38 1879.66 2447.84  
21569.7 34359.8 38282.3  1089.29 1869.06 2405.44  
21569.7 34359.8 38282.3  1096.48 1895.72 2463.77  
11344.3 18140.8 20344  5676.01 9057.03 10200.8  
11344.3 18140.8 20344  5687.54 9076.07 10159.4  
11344.3 18140.8 20344  5684.79 9088.88 10166.8  
11344.3 18140.8 20344  5684.79 9088.88 10166.8  
11344.3 18140.8 20344  5676.01 9057.03 10200.8  
11344.3 18140.8 20344  5673.97 9088.89 10160.2  
11344.3 18140.8 20344  5667.91 9094.78 10222.5  
11344.3 18140.8 20344  5678.55 9094.77 10229  
11344.3 18140.8 20344  5662.83 9019.31 10166.1  
11344.3 18140.8 20344  5656.67 9075.63 10262.9  
11344.3 18140.8 20344  5682.21 9050.48 10138.1  
11344.3 18140.8 20344  5656.67 9075.63 10262.9  
11344.3 18140.8 20344  5673.97 9088.89 10160.2  
11344.3 18140.8 20344  5678.55 9094.77 10229  
11344.3 18140.8 20344  5687.54 9076.07 10159.4  
2713.05 4345.06 4828  2394.51 3833.05 4278.58  
2713.05 4345.06 4828  2399.08 3833.05 4281.36  
2713.05 4345.06 4828  2390.47 3819.99 4240.45  
2713.05 4345.06 4828  2399.08 3833.05 4281.36  
2713.05 4345.06 4828  2370.79 3803.53 4216.9  
2713.05 4345.06 4828  2375.16 3816.86 4255.42  
2713.05 4345.06 4828  2379.83 3796.37 4190.42  
2713.05 4345.06 4828  2391.96 3835.55 4304.82  
2713.05 4345.06 4828  2384.12 3830.25 4296.33  
2713.05 4345.06 4828  2386.54 3827.65 4269.94  
2713.05 4345.06 4828  2370.79 3803.53 4216.9  
2713.05 4345.06 4828  2371.59 3790.8 4181.48  
2713.05 4345.06 4828  2395.12 3819.99 4243.27  
2713.05 4345.06 4828  2384.12 3830.25 4296.33  
2713.05 4345.06 4828  2394.51 3833.05 4278.58  
3169.51 5076.62 5710.76  2726.97 4372.55 4899.41  
3169.51 5076.62 5710.76  2704.77 4336.3 4918.17  
3169.51 5076.62 5710.76  2707.75 4357.43 4906.24  
3169.51 5076.62 5710.76  2703.51 4342.14 4921.51  
3169.51 5076.62 5710.76  2698.58 4342.14 4918.52  
3169.51 5076.62 5710.76  2707.75 4357.43 4906.24  
3169.51 5076.62 5710.76  2732.09 4372.55 4902.51  
3169.51 5076.62 5710.76  2736.41 4363.56 4869.17  
3169.51 5076.62 5710.76  2726.97 4372.55 4899.41  
3169.51 5076.62 5710.76  2720.36 4345.54 4905.52  
3169.51 5076.62 5710.76  2704.77 4336.3 4918.17  
3169.51 5076.62 5710.76  2732.09 4372.55 4902.51  
3169.51 5076.62 5710.76  2726.97 4372.55 4899.41  
3169.51 5076.62 5710.76  2733.38 4366.51 4899.04  
3169.51 5076.62 5710.76  2720.36 4345.54 4905.52  
7463.13 11916.2 13427.6  4993.35 7941.98 8924.01  
7463.13 11916.2 13427.6  5023.71 8019.91 8997.21  
7463.13 11916.2 13427.6  4974.56 7926.98 8955.7  
7463.13 11916.2 13427.6  4993.35 7941.98 8924.01  
7463.13 11916.2 13427.6  5006.6 8036.38 9052.04  
7463.13 11916.2 13427.6  4975.7 7986.5 9050.91  
7463.13 11916.2 13427.6  5008.95 8025.42 9045.76  
7463.13 11916.2 13427.6  4993.35 7941.98 8924.01  
7463.13 11916.2 13427.6  4959.97 7932.79 9003.61  
7463.13 11916.2 13427.6  5023.71 8019.91 8997.21  
7463.13 11916.2 13427.6  4993.35 7941.98 8924.01  
7463.13 11916.2 13427.6  5028.35 8042.19 9015.7  
7463.13 11916.2 13427.6  5006.6 8036.38 9052.04  
7463.13 11916.2 13427.6  4993.35 7941.98 8924.01  
7463.13 11916.2 13427.6  5023.71 8019.91 8997.21  
20662.5 32971.6 36711.4  1865.22 3071.99 3763.86  
20662.5 32971.6 36711.4  1863.67 3046.62 3696.03  
20662.5 32971.6 36711.4  1871.93 3065.71 3740.16  
20662.5 32971.6 36711.4  1865.22 3071.99 3763.86  
20662.5 32971.6 36711.4  1864.61 3042.16 3693.15  
20662.5 32971.6 36711.4  1864.61 3042.16 3693.15  
20662.5 32971.6 36711.4  1874.2 3063.35 3763.05  
20662.5 32971.6 36711.4  1871.46 3076.32 3771.42  
20662.5 32971.6 36711.4  1873.88 3074.22 3794.22  
20662.5 32971.6 36711.4  1873.88 3074.22 3794.22  
20662.5 32971.6 36711.4  1874.2 3063.35 3763.05  
20662.5 32971.6 36711.4  1864.61 3042.16 3693.15  
20662.5 32971.6 36711.4  1874.2 3063.35 3763.05  
20662.5 32971.6 36711.4  1863.67 3046.62 3696.03  
20662.5 32971.6 36711.4  1864.61 3042.16 3693.15  
22667.1 36253.2 40739.7  57.0689 105.278 165.095  
22667.1 36253.2 40739.7  57.7204 105.842 163.75  
22667.1 36253.2 40739.7  57.4704 105.419 164.342  
22667.1 36253.2 40739.7  57.8566 106.35 163.14  
22667.1 36253.2 40739.7  57.1042 105.063 164.894  
22667.1 36253.2 40739.7  57.514 105.785 164.763  
22667.1 36253.2 40739.7  57.8566 106.35 163.14  
22667.1 36253.2 40739.7  57.7282 106.438 164.388  
22667.1 36253.2 40739.7  57.4704 105.419 164.342  
22667.1 36253.2 40739.7  57.514 105.785 164.763  
22667.1 36253.2 40739.7  57.0689 105.278 165.095  
22667.1 36253.2 40739.7  57.8194 106.578 163.352  
22667.1 36253.2 40739.7  57.8566 106.35 163.14  
22667.1 36253.2 40739.7  57.6106 106.513 164.377  
22667.1 36253.2 40739.7  57.1042 105.063 164.894  
