4 22 22 3
500 200
2200 1000 2200 1000 
1518.23 322.98 1
0.0690567 1 10
1039.59
1045.97
1040
1041.29
1040.48
1048.82
1041.81
1040.69
1043.33
1041.57
1043.11
1042.57
1041.56
1050.81
1050.12
1044.61
1040.09
1040.43
1039.47
1048.86
1046.66
1039.72
44.9398 -0.26351
46.37 1.19307
45.1343 0.99634
44.7495 -1.20767
45.4133 0.06295
46.7846 -0.22066
45.7543 0.11868
44.4559 1.72611
43.6144 -1.38918
43.3486 -0.03853
45.0277 -1.63833
45.4705 -1.10157
44.2781 1.99346
46.7738 -1.26102
46.5551 -1.58701
46.2079 0.98275
44.105 -0.61191
44.6127 1.61918
44.7216 1.07439
46.8224 0.43868
46.553 0.27757
44.8853 -0.42751
46.6861 -0.04236
44.119 -0.19375
43.7342 1.95383
44.214 -0.0302
