4 33 3
22754.2 12641.6 7633.96 12701.3  10013.3 5539.52 3347.55 5558.17  4522.74 2503.3 1479.47 2484.07  
19562.8 10807 6529.19 10880.8  10209 5706.84 3401.73 5682.88  5333.88 2957.28 1771.27 2951.47  
18236.5 10202.5 6125.55 10205.7  10081.8 5595.07 3378.06 5612.13  5601.93 3112.4 1839.8 3091.33  
40182.9 22478 13409.9 22435.2  708.173 243.367 219.22 284.533  13.4677 3.5788 5.72308 5.09075  
18236.5 10202.5 6125.55 10205.7  10113.3 5626.6 3370.62 5623.32  5613.25 3078.63 1861.55 3095.87  
19562.8 10807 6529.19 10880.8  10200.3 5695.1 3407.78 5681.22  5285.68 2965.75 1774.43 2946.88  
33097.7 18291.9 10985.9 18375.6  6311.98 3548.21 2115.35 3498.92  1206.33 708.499 430.836 686.383  
22754.2 12641.6 7633.96 12701.3  10088.2 5555.16 3345.92 5576.03  4476.29 2531.96 1483.07 2486.09  
19562.8 10807 6529.19 10880.8  10225 5674.46 3397.96 5673.77  5317.91 2989.66 1775.04 2960.58  
12121.7 6808.45 4057 6783.37  8605.29 4763.47 2865.77 4780.54  5886.18 3321.58 1985.65 3301.16  
22754.2 12641.6 7633.96 12701.3  10062.7 5574.7 3355.57 5582.93  4483.9 2492.65 1479.25 2473.36  
37086 20780.4 12525.8 20805.2  3479.9 1782.51 1019.69 1762.43  309.255 148.914 82.1298 144.523  
19562.8 10807 6529.19 10880.8  10200.3 5695.1 3407.78 5681.22  5285.68 2965.75 1774.43 2946.88  
17728.9 9978.51 5939.17 9930.86  10024.2 5593.38 3357.48 5589.21  5631.28 3118.13 1857.56 3109.83  
37086 20780.4 12525.8 20805.2  3490.37 1774.86 1019.96 1762.02  297.027 155.31 81.8234 144.242  
5293.82 2948.3 1768.61 2952.81  4585.77 2561.71 1541.47 2564.9  3996.66 2236.06 1334.49 2230.37  
15468.8 8593.29 5178.12 8627.54  9518.36 5305.45 3209.21 5319.98  6022.82 3339.01 1992.35 3333.11  
15468.8 8593.29 5178.12 8627.54  9647.58 5326.73 3201.52 5346.27  5976.06 3340.03 1985.41 3320.49  
19562.8 10807 6529.19 10880.8  10200.3 5695.1 3407.78 5681.22  5336.2 2943.88 1758.39 2940.25  
15468.8 8593.29 5178.12 8627.54  9627.71 5360.66 3194.91 5349.04  5937.17 3309.32 1998.84 3311.68  
15468.8 8593.29 5178.12 8627.54  9553.04 5331.88 3212.47 5336.53  6024.24 3316.96 1985.37 3322.46  
19562.8 10807 6529.19 10880.8  10165 5592.38 3376.75 5624.91  5330.27 3012.26 1789.07 2978.18  
33097.7 18291.9 10985.9 18375.6  6302.14 3582.11 2140.03 3521.58  1216.47 679.309 408.437 666.469  
12121.7 6808.45 4057 6783.37  8488.37 4762.14 2849.06 4748.34  6064.49 3340.48 2006.94 3352.97  
37086 20780.4 12525.8 20805.2  3455.17 1782.89 1015.15 1755.58  328.827 147.956 86.2282 150.135  
5293.82 2948.3 1768.61 2952.81  4620.76 2550.23 1536.83 2565.22  3994.2 2236.05 1339.41 2232.79  
33097.7 18291.9 10985.9 18375.6  6315 3545.95 2121.9 3502.61  1204.34 709.476 419.072 679.579  
37086 20780.4 12525.8 20805.2  3483.02 1786.29 1017.85 1762.97  300.36 144.165 83.3014 142.375  
15468.8 8593.29 5178.12 8627.54  9626.83 5308.55 3202.75 5337.51  5962.52 3298.45 1987.86 3306.71  
40182.9 22478 13409.9 22435.2  708.512 244.165 222.292 286.313  13.3322 2.79556 2.74875 3.37595  
18236.5 10202.5 6125.55 10205.7  10113.3 5626.6 3370.62 5623.32  5613.25 3078.63 1861.55 3095.87  
18236.5 10202.5 6125.55 10205.7  10081.8 5595.07 3378.06 5612.13  5601.93 3112.4 1839.8 3091.33  
5293.82 2948.3 1768.61 2952.81  4578.75 2566.88 1526.59 2556.4  4010.91 2231.72 1330.24 2229.21  
