4 100 3
15468.8 8593.29 5178.12 8627.54  9627.71 5360.66 3194.91 5349.04  5937.17 3309.32 1998.84 3311.68  
15468.8 8593.29 5178.12 8627.54  9553.04 5331.88 3212.47 5336.53  6024.24 3316.96 1985.37 3322.46  
15468.8 8593.29 5178.12 8627.54  9626.83 5308.55 3202.75 5337.51  5962.52 3298.45 1987.86 3306.71  
15468.8 8593.29 5178.12 8627.54  9574.53 5350.7 3211.21 5345.6  6001.58 3321.89 1991.6 3323.38  
15468.8 8593.29 5178.12 8627.54  9624.33 5346.09 3210.78 5353.29  5963.48 3284.42 1984.82 3300.76  
15468.8 8593.29 5178.12 8627.54  9603.21 5327.59 3212.03 5344.38  5977.57 3319.11 1992.06 3318.31  
15468.8 8593.29 5178.12 8627.54  9582.84 5361.92 3205.4 5347.18  6017.95 3312.36 1984.57 3319.37  
15468.8 8593.29 5178.12 8627.54  9647.58 5326.73 3201.52 5346.27  5976.06 3340.03 1985.41 3320.49  
15468.8 8593.29 5178.12 8627.54  9518.36 5305.45 3209.21 5319.98  6022.82 3339.01 1992.35 3333.11  
15468.8 8593.29 5178.12 8627.54  9518.36 5305.45 3209.21 5319.98  5991.64 3341.89 1992.62 3328.32  
33097.7 18291.9 10985.9 18375.6  6302.14 3582.11 2140.03 3521.58  1214.73 680.612 404.662 664.362  
33097.7 18291.9 10985.9 18375.6  6315 3545.95 2121.9 3502.61  1204.34 709.476 419.072 679.579  
33097.7 18291.9 10985.9 18375.6  6311.98 3548.21 2115.35 3498.92  1206.33 708.499 430.836 686.383  
33097.7 18291.9 10985.9 18375.6  6282.96 3562.4 2144.67 3514.7  1232.4 696.896 402.763 671.489  
33097.7 18291.9 10985.9 18375.6  6300.79 3545.65 2105.93 3490.57  1217.57 708.362 435.791 691.43  
33097.7 18291.9 10985.9 18375.6  6302.14 3582.11 2140.03 3521.58  1216.47 679.309 408.437 666.469  
33097.7 18291.9 10985.9 18375.6  6317.26 3568.96 2133.91 3516.93  1204.66 694.259 415.694 672.946  
33097.7 18291.9 10985.9 18375.6  6314.19 3571.27 2127.24 3513.18  1207.72 689.312 417.969 673.415  
33097.7 18291.9 10985.9 18375.6  6311.98 3548.21 2115.35 3498.92  1206.02 713.54 431.917 688.412  
33097.7 18291.9 10985.9 18375.6  6298.42 3549.6 2138.47 3510.18  1217.22 707.401 412.169 677.289  
5293.82 2948.3 1768.61 2952.81  4585.77 2561.71 1541.47 2564.9  4029.07 2224.41 1334.85 2233.09  
5293.82 2948.3 1768.61 2952.81  4599.51 2550.64 1541.87 2564.31  4027.28 2225.84 1334.8 2233.17  
5293.82 2948.3 1768.61 2952.81  4599.51 2550.64 1541.87 2564.31  4017.65 2233.99 1338.62 2236.11  
5293.82 2948.3 1768.61 2952.81  4624.59 2555.42 1534.14 2565.95  4024.03 2225.22 1335.8 2232.95  
5293.82 2948.3 1768.61 2952.81  4613.53 2564.78 1538.53 2569.33  4003.63 2219.86 1341.96 2231.09  
5293.82 2948.3 1768.61 2952.81  4620.76 2550.23 1536.83 2565.22  3994.2 2236.05 1339.41 2232.79  
5293.82 2948.3 1768.61 2952.81  4578.75 2566.88 1526.59 2556.4  3996.15 2229.22 1343.17 2233.28  
5293.82 2948.3 1768.61 2952.81  4613.53 2564.78 1538.53 2569.33  3993.09 2235.66 1334.87 2229.79  
5293.82 2948.3 1768.61 2952.81  4578.75 2566.88 1526.59 2556.4  4010.91 2231.72 1330.24 2229.21  
5293.82 2948.3 1768.61 2952.81  4585.77 2561.71 1541.47 2564.9  3996.66 2236.06 1334.49 2230.37  
22754.2 12641.6 7633.96 12701.3  10153.8 5612.53 3342.08 5603.57  4410 2473.56 1486.98 2458.12  
22754.2 12641.6 7633.96 12701.3  10062.7 5574.7 3355.57 5582.93  4483.9 2492.65 1479.25 2473.36  
22754.2 12641.6 7633.96 12701.3  10062.7 5574.7 3355.57 5582.93  4461.82 2476.91 1475.72 2462.39  
22754.2 12641.6 7633.96 12701.3  10153.8 5612.53 3342.08 5603.57  4469.91 2483.45 1483.42 2470.27  
22754.2 12641.6 7633.96 12701.3  10013.3 5539.52 3347.55 5558.17  4548.4 2524.03 1480.36 2495.64  
22754.2 12641.6 7633.96 12701.3  10062.7 5574.7 3355.57 5582.93  4476.38 2506.89 1480.94 2477.27  
22754.2 12641.6 7633.96 12701.3  10013.3 5539.52 3347.55 5558.17  4548.4 2524.03 1480.36 2495.64  
22754.2 12641.6 7633.96 12701.3  10088.2 5555.16 3345.92 5576.03  4476.29 2531.96 1483.07 2486.09  
22754.2 12641.6 7633.96 12701.3  10013.3 5539.52 3347.55 5558.17  4522.74 2503.3 1479.47 2484.07  
22754.2 12641.6 7633.96 12701.3  10062.7 5574.7 3355.57 5582.93  4483.9 2492.65 1479.25 2473.36  
19562.8 10807 6529.19 10880.8  10141.8 5647.71 3405.7 5654.49  5334.53 2942.25 1758.33 2939.52  
19562.8 10807 6529.19 10880.8  10209 5706.84 3401.73 5682.88  5322.39 2947.18 1771.95 2946.64  
19562.8 10807 6529.19 10880.8  10209 5706.84 3401.73 5682.88  5333.88 2957.28 1771.27 2951.47  
19562.8 10807 6529.19 10880.8  10225 5674.46 3397.96 5673.77  5313.38 2983.51 1778.2 2959.72  
19562.8 10807 6529.19 10880.8  10200.3 5695.1 3407.78 5681.22  5336.2 2943.88 1758.39 2940.25  
19562.8 10807 6529.19 10880.8  10165 5592.38 3376.75 5624.91  5330.27 3012.26 1789.07 2978.18  
19562.8 10807 6529.19 10880.8  10225 5674.46 3397.96 5673.77  5317.91 2989.66 1775.04 2960.58  
19562.8 10807 6529.19 10880.8  10200.3 5695.1 3407.78 5681.22  5307.98 2938.56 1767.31 2938.6  
19562.8 10807 6529.19 10880.8  10200.3 5695.1 3407.78 5681.22  5285.68 2965.75 1774.43 2946.88  
19562.8 10807 6529.19 10880.8  10141.8 5647.71 3405.7 5654.49  5357.68 3002.47 1771.33 2969.83  
12121.7 6808.45 4057 6783.37  8443.53 4748 2817.91 4717.23  6015.28 3337.98 1994.7 3335.86  
12121.7 6808.45 4057 6783.37  8560.91 4767.73 2866.06 4773.69  6042.82 3338.8 2001.87 3345.38  
12121.7 6808.45 4057 6783.37  8585.11 4763.11 2843.61 4763.6  5945.01 3334.5 1993.7 3320.93  
12121.7 6808.45 4057 6783.37  8488.37 4762.14 2849.06 4748.34  5908.47 3319.38 1980.94 3302.01  
12121.7 6808.45 4057 6783.37  8560.91 4767.73 2866.06 4773.69  6011.58 3341.82 2001.96 3340.52  
12121.7 6808.45 4057 6783.37  8605.29 4763.47 2865.77 4780.54  5886.18 3321.58 1985.65 3301.16  
12121.7 6808.45 4057 6783.37  8553.51 4757.76 2871.25 4772.28  5965.86 3338.64 1994.98 3326.88  
12121.7 6808.45 4057 6783.37  8488.37 4762.14 2849.06 4748.34  6064.49 3340.48 2006.94 3352.97  
12121.7 6808.45 4057 6783.37  8557.65 4752.95 2826.56 4745.28  5964.64 3340.09 2008.28 3334.92  
12121.7 6808.45 4057 6783.37  8556.54 4770.94 2856.82 4768.42  5964.97 3334.7 1999.28 3328.03  
17728.9 9978.51 5939.17 9930.86  10109.9 5599.96 3377.51 5619.06  5621.52 3126.71 1863.36 3113.95  
17728.9 9978.51 5939.17 9930.86  10157.3 5598.65 3366.46 5621.01  5539.69 3112.7 1857.42 3090.84  
17728.9 9978.51 5939.17 9930.86  9915.69 5567.63 3339.04 5550.12  5770.52 3153.67 1897.05 3170.01  
17728.9 9978.51 5939.17 9930.86  10104.8 5603.72 3366.62 5612.85  5581.25 3117.51 1869.24 3107.08  
17728.9 9978.51 5939.17 9930.86  10024.2 5593.38 3357.48 5589.21  5631.28 3118.13 1857.56 3109.83  
17728.9 9978.51 5939.17 9930.86  10104.8 5603.72 3366.62 5612.85  5623.73 3125.06 1868.06 3116.64  
17728.9 9978.51 5939.17 9930.86  10004.8 5589.12 3341.55 5574.9  5635.11 3126.3 1889.22 3131.7  
17728.9 9978.51 5939.17 9930.86  10104.8 5603.72 3366.62 5612.85  5562 3110.48 1857.35 3094.35  
17728.9 9978.51 5939.17 9930.86  9971.26 5576.77 3320.77 5552.59  5649.46 3131.7 1898.24 3141.38  
17728.9 9978.51 5939.17 9930.86  9915.69 5567.63 3339.04 5550.12  5784.42 3153.91 1912.09 3181.5  
18236.5 10202.5 6125.55 10205.7  10081.8 5595.07 3378.06 5612.13  5610.46 3106.11 1857.73 3101.59  
18236.5 10202.5 6125.55 10205.7  10113.3 5626.6 3370.62 5623.32  5613.25 3078.63 1861.55 3095.87  
18236.5 10202.5 6125.55 10205.7  10027.6 5619.99 3350.63 5593.46  5589.68 3089.06 1865.17 3096.93  
18236.5 10202.5 6125.55 10205.7  10027.6 5619.99 3350.63 5593.46  5589.68 3089.06 1865.17 3096.93  
18236.5 10202.5 6125.55 10205.7  10165.7 5621.57 3370.27 5631.39  5515.92 3077.3 1857.11 3074.64  
18236.5 10202.5 6125.55 10205.7  10134.8 5590.58 3377.58 5620.38  5591.72 3114.65 1854.59 3098.8  
18236.5 10202.5 6125.55 10205.7  10081.8 5595.07 3378.06 5612.13  5601.93 3112.4 1839.8 3091.33  
18236.5 10202.5 6125.55 10205.7  10027.6 5619.99 3350.63 5593.46  5594.65 3095.66 1861.74 3097.87  
18236.5 10202.5 6125.55 10205.7  10081.8 5595.07 3378.06 5612.13  5597.85 3095.17 1858.47 3096.33  
18236.5 10202.5 6125.55 10205.7  10108.1 5630.38 3359.75 5617.11  5615.57 3076.94 1866.44 3098.66  
40182.9 22478 13409.9 22435.2  702.758 243.728 221.705 285.111  19.0732 3.23636 3.3554 4.58618  
40182.9 22478 13409.9 22435.2  708.173 243.367 219.22 284.533  13.4677 3.5788 5.72308 5.09075  
40182.9 22478 13409.9 22435.2  711.765 243.437 222.664 286.67  10.0903 3.51573 2.38645 3.021  
40182.9 22478 13409.9 22435.2  711.884 244.084 221.559 286.389  10.0299 2.88512 3.51051 3.3215  
40182.9 22478 13409.9 22435.2  708.512 244.165 222.292 286.313  13.398 2.79565 2.79199 3.40151  
40182.9 22478 13409.9 22435.2  704.311 243.591 219.193 284.081  17.5411 3.37005 5.82826 5.60263  
40182.9 22478 13409.9 22435.2  708.512 244.165 222.292 286.313  13.3322 2.79556 2.74875 3.37595  
40182.9 22478 13409.9 22435.2  702.758 243.728 221.705 285.111  18.8113 3.23149 3.34652 4.55967  
40182.9 22478 13409.9 22435.2  702.758 243.728 221.705 285.111  18.7095 3.22258 3.30987 4.52887  
40182.9 22478 13409.9 22435.2  708.173 243.367 219.22 284.533  13.7378 3.58308 5.83075 5.16244  
37086 20780.4 12525.8 20805.2  3490.37 1774.86 1019.96 1762.02  297.027 155.31 81.8234 144.242  
37086 20780.4 12525.8 20805.2  3483.02 1786.29 1017.85 1762.97  300.36 144.165 83.3014 142.375  
37086 20780.4 12525.8 20805.2  3479.9 1782.51 1019.69 1762.43  309.255 148.914 82.1298 144.523  
37086 20780.4 12525.8 20805.2  3479.9 1782.51 1019.69 1762.43  302.406 147.054 81.6549 142.609  
37086 20780.4 12525.8 20805.2  3406.28 1764.14 1011.97 1739.66  368.913 164.298 88.6679 163.529  
37086 20780.4 12525.8 20805.2  3459.3 1767.35 1019.06 1753.95  328.712 161.794 82.8837 152.227  
37086 20780.4 12525.8 20805.2  3459.3 1767.35 1019.06 1753.95  321.547 161.395 82.2004 150.564  
37086 20780.4 12525.8 20805.2  3406.28 1764.14 1011.97 1739.66  368.913 164.298 88.6679 163.529  
37086 20780.4 12525.8 20805.2  3455.17 1782.89 1015.15 1755.58  328.827 147.956 86.2282 150.135  
37086 20780.4 12525.8 20805.2  3459.3 1767.35 1019.06 1753.95  325.757 161.098 82.8106 151.525  
