5 66 2
1054.29 1055.13 1312.44 922.142 2231.21  1022.11 1023.69 1271.95 894.692 2161.84  
1054.29 1055.13 1312.44 922.142 2231.21  1021.04 1022.32 1277.79 890.003 2167.21  
2814.16 2810.3 3504.59 2457.73 5964.25  2577.24 2582.09 3189.43 2265.76 5432.29  
12277.5 12306.4 15347.1 10716.1 26024.7  7988.05 8009.02 9965.75 6997.23 16920.6  
1054.29 1055.13 1312.44 922.142 2231.21  1019.93 1023.87 1272.62 892.24 2157.85  
701.303 702.934 877.391 611.729 1487.35  680.943 683.028 859.088 590.64 1450.89  
5617.48 5626.7 6980.16 4922.11 11869.7  4704.79 4722.83 5842.79 4132.02 9927.78  
7711.55 7733.36 9647.28 6728.76 16349.8  5998.04 6032.4 7459.05 5270.15 12654.9  
30705 30582.2 38634.2 26576.7 65573  3877.25 3965.15 4686.77 3586.7 8029.22  
12277.5 12306.4 15347.1 10716.1 26024.7  8011.05 7994.76 9941.5 7025.61 16959.8  
30705 30582.2 38634.2 26576.7 65573  3944.25 4037.43 4715.13 3680.58 8109.85  
30532.7 30596.4 38139.7 26659.2 64703.1  4028.42 3998.31 5061.83 3571.01 8677.98  
5617.48 5626.7 6980.16 4922.11 11869.7  4704.79 4722.83 5842.79 4132.02 9927.78  
1054.29 1055.13 1312.44 922.142 2231.21  1019.93 1023.87 1272.62 892.24 2157.85  
30705 30582.2 38634.2 26576.7 65573  3926.64 4008.89 4708.15 3650.7 8099.78  
12277.5 12306.4 15347.1 10716.1 26024.7  7996.76 7996.88 10006.2 6979.68 16994.1  
1054.29 1055.13 1312.44 922.142 2231.21  1016 1022.61 1263.93 892.016 2142.51  
2814.16 2810.3 3504.59 2457.73 5964.25  2582.44 2586.05 3232.44 2251.36 5481.94  
7711.55 7733.36 9647.28 6728.76 16349.8  6027.78 6030.7 7540.82 5258.25 12800.8  
2814.16 2810.3 3504.59 2457.73 5964.25  2587.05 2585.36 3211.53 2266.18 5470.88  
5617.48 5626.7 6980.16 4922.11 11869.7  4694.53 4723.69 5845.93 4120.51 9909.03  
2814.16 2810.3 3504.59 2457.73 5964.25  2588.03 2573.81 3214.33 2260.07 5489.4  
30705 30582.2 38634.2 26576.7 65573  3929.42 4002.72 4699.65 3655.31 8103.39  
4571.9 4563.54 5676.75 4000.27 9674.92  3968.7 3974.85 4970.97 3459.35 8427.95  
2814.16 2810.3 3504.59 2457.73 5964.25  2589.73 2581.51 3224.74 2260.36 5494.34  
2814.16 2810.3 3504.59 2457.73 5964.25  2587.05 2585.36 3211.53 2266.18 5470.88  
701.303 702.934 877.391 611.729 1487.35  686.583 685.634 861.649 596.334 1461.9  
30705 30582.2 38634.2 26576.7 65573  3905.32 4004.78 4706.7 3626.34 8060.88  
1054.29 1055.13 1312.44 922.142 2231.21  1022.11 1023.69 1271.95 894.692 2161.84  
2814.16 2810.3 3504.59 2457.73 5964.25  2573.44 2582.88 3229.73 2242.07 5464.61  
1054.29 1055.13 1312.44 922.142 2231.21  1022.11 1023.69 1271.95 894.692 2161.84  
2814.16 2810.3 3504.59 2457.73 5964.25  2589.73 2581.51 3224.74 2260.36 5494.34  
2814.16 2810.3 3504.59 2457.73 5964.25  2587.05 2585.36 3211.53 2266.18 5470.88  
4571.9 4563.54 5676.75 4000.27 9674.92  3968.7 3974.85 4970.97 3459.35 8427.95  
4571.9 4563.54 5676.75 4000.27 9674.92  3960.72 3968.77 4904.81 3481.48 8351.61  
5617.48 5626.7 6980.16 4922.11 11869.7  4695.95 4723.64 5881.08 4104.29 9947.74  
33714.5 33650.6 41739.2 29559.6 71223.2  1423.99 1483.97 2151.07 1190.18 3410.76  
30705 30582.2 38634.2 26576.7 65573  3905.32 4004.78 4706.7 3626.34 8060.88  
4571.9 4563.54 5676.75 4000.27 9674.92  3960.72 3968.77 4904.81 3481.48 8351.61  
4571.9 4563.54 5676.75 4000.27 9674.92  3977.29 3956.04 4943.11 3472.73 8439.42  
33714.5 33650.6 41739.2 29559.6 71223.2  1420.06 1472.76 2133.9 1188.15 3399.73  
4571.9 4563.54 5676.75 4000.27 9674.92  3975.78 3973.79 4938.81 3482.11 8410.94  
701.303 702.934 877.391 611.729 1487.35  685.334 687.731 859.817 597.027 1455  
12277.5 12306.4 15347.1 10716.1 26024.7  7928.48 7989.01 9889.02 6965.69 16744.7  
12277.5 12306.4 15347.1 10716.1 26024.7  7928.48 7989.01 9889.02 6965.69 16744.7  
4571.9 4563.54 5676.75 4000.27 9674.92  3972.87 3980.17 4948.26 3477.57 8407.05  
5617.48 5626.7 6980.16 4922.11 11869.7  4727.73 4721.53 5906.98 4122.34 10041.4  
1054.29 1055.13 1312.44 922.142 2231.21  1022.86 1022.05 1269.52 895.859 2162.84  
7711.55 7733.36 9647.28 6728.76 16349.8  5999.85 6032.33 7503.88 5249.41 12704.4  
33714.5 33650.6 41739.2 29559.6 71223.2  1424.46 1484.15 2164.23 1185.6 3424.15  
4571.9 4563.54 5676.75 4000.27 9674.92  3969.19 3938.63 4920.37 3467.38 8420.41  
1054.29 1055.13 1312.44 922.142 2231.21  1022.86 1022.05 1269.52 895.859 2162.84  
5617.48 5626.7 6980.16 4922.11 11869.7  4722.76 4728.68 5883.02 4132.87 9998.43  
1054.29 1055.13 1312.44 922.142 2231.21  1022.86 1022.05 1269.52 895.859 2162.84  
4571.9 4563.54 5676.75 4000.27 9674.92  3973.12 3961.75 4922.51 3481.66 8403.21  
33714.5 33650.6 41739.2 29559.6 71223.2  1424.46 1484.15 2164.23 1185.6 3424.15  
1054.29 1055.13 1312.44 922.142 2231.21  1022.11 1023.69 1271.95 894.692 2161.84  
12277.5 12306.4 15347.1 10716.1 26024.7  7920.13 7977.68 9934.89 6928.59 16787.8  
30705 30582.2 38634.2 26576.7 65573  3929.42 4002.72 4699.65 3655.31 8103.39  
1054.29 1055.13 1312.44 922.142 2231.21  1017.48 1021.06 1276.71 886.332 2160.36  
1054.29 1055.13 1312.44 922.142 2231.21  1017.48 1021.06 1276.71 886.332 2160.36  
2814.16 2810.3 3504.59 2457.73 5964.25  2588.03 2573.81 3214.33 2260.07 5489.4  
4571.9 4563.54 5676.75 4000.27 9674.92  3975.78 3973.79 4938.81 3482.11 8410.94  
30705 30582.2 38634.2 26576.7 65573  3877.25 3965.15 4686.77 3586.7 8029.22  
33714.5 33650.6 41739.2 29559.6 71223.2  1421.62 1470.75 2143.31 1185.13 3414.83  
30532.7 30596.4 38139.7 26659.2 64703.1  4058.77 3990.21 5074.9 3591.38 8764.15  
