5 200 2
12277.5 12306.4 15347.1 10716.1 26024.7  7929.99 7966.07 9975.91 6912.21 16863.5  
12277.5 12306.4 15347.1 10716.1 26024.7  7959.71 7999.05 9957.21 6967.94 16865.9  
12277.5 12306.4 15347.1 10716.1 26024.7  7928.48 7989.01 9889.02 6965.69 16744.7  
12277.5 12306.4 15347.1 10716.1 26024.7  7928.48 7989.01 9889.02 6965.69 16744.7  
12277.5 12306.4 15347.1 10716.1 26024.7  7996.76 7996.88 10006.2 6979.68 16994.1  
12277.5 12306.4 15347.1 10716.1 26024.7  8005.17 8007.59 9960.52 7016.45 16951.9  
12277.5 12306.4 15347.1 10716.1 26024.7  7928.48 7989.01 9889.02 6965.69 16744.7  
12277.5 12306.4 15347.1 10716.1 26024.7  8011.05 7994.76 9941.5 7025.61 16959.8  
12277.5 12306.4 15347.1 10716.1 26024.7  7928.48 7989.01 9889.02 6965.69 16744.7  
12277.5 12306.4 15347.1 10716.1 26024.7  7929.99 7966.07 9975.91 6912.21 16863.5  
12277.5 12306.4 15347.1 10716.1 26024.7  7974.71 7997.69 9892.38 7015.02 16832.1  
12277.5 12306.4 15347.1 10716.1 26024.7  7968.9 7987.08 9997.85 6950.89 16940.3  
12277.5 12306.4 15347.1 10716.1 26024.7  7956.05 7953.09 10010.9 6914.53 16967.8  
12277.5 12306.4 15347.1 10716.1 26024.7  8013.58 7995.47 10001.1 6998.58 17024.8  
12277.5 12306.4 15347.1 10716.1 26024.7  7996.76 7996.88 10006.2 6979.68 16994.1  
12277.5 12306.4 15347.1 10716.1 26024.7  8019.36 7982.86 9982.41 7007.58 17032.5  
12277.5 12306.4 15347.1 10716.1 26024.7  7928.48 7989.01 9889.02 6965.69 16744.7  
12277.5 12306.4 15347.1 10716.1 26024.7  7988.05 8009.02 9965.75 6997.23 16920.6  
12277.5 12306.4 15347.1 10716.1 26024.7  7928.48 7989.01 9889.02 6965.69 16744.7  
12277.5 12306.4 15347.1 10716.1 26024.7  7920.13 7977.68 9934.89 6928.59 16787.8  
2814.16 2810.3 3504.59 2457.73 5964.25  2587.87 2585.59 3230.78 2257.46 5491.86  
2814.16 2810.3 3504.59 2457.73 5964.25  2573.44 2582.88 3229.73 2242.07 5464.61  
2814.16 2810.3 3504.59 2457.73 5964.25  2587.05 2585.36 3211.53 2266.18 5470.88  
2814.16 2810.3 3504.59 2457.73 5964.25  2589.73 2581.51 3224.74 2260.36 5494.34  
2814.16 2810.3 3504.59 2457.73 5964.25  2575.32 2586.31 3195.68 2262.76 5429.72  
2814.16 2810.3 3504.59 2457.73 5964.25  2587.05 2585.36 3211.53 2266.18 5470.88  
2814.16 2810.3 3504.59 2457.73 5964.25  2582.44 2586.05 3232.44 2251.36 5481.94  
2814.16 2810.3 3504.59 2457.73 5964.25  2588.03 2573.81 3214.33 2260.07 5489.4  
2814.16 2810.3 3504.59 2457.73 5964.25  2578.13 2575 3236.62 2239.47 5490.49  
2814.16 2810.3 3504.59 2457.73 5964.25  2587.87 2585.59 3230.78 2257.46 5491.86  
2814.16 2810.3 3504.59 2457.73 5964.25  2585.31 2577.52 3200.94 2265.88 5465.86  
2814.16 2810.3 3504.59 2457.73 5964.25  2582.44 2586.05 3232.44 2251.36 5481.94  
2814.16 2810.3 3504.59 2457.73 5964.25  2588.03 2573.81 3214.33 2260.07 5489.4  
2814.16 2810.3 3504.59 2457.73 5964.25  2589.73 2581.51 3224.74 2260.36 5494.34  
2814.16 2810.3 3504.59 2457.73 5964.25  2577.24 2582.09 3189.43 2265.76 5432.29  
2814.16 2810.3 3504.59 2457.73 5964.25  2588.03 2573.81 3214.33 2260.07 5489.4  
2814.16 2810.3 3504.59 2457.73 5964.25  2579.63 2589.97 3219.37 2257.02 5458.27  
2814.16 2810.3 3504.59 2457.73 5964.25  2578.13 2575 3236.62 2239.47 5490.49  
2814.16 2810.3 3504.59 2457.73 5964.25  2585.15 2589.51 3217.68 2263.22 5468.35  
2814.16 2810.3 3504.59 2457.73 5964.25  2577.24 2582.09 3189.43 2265.76 5432.29  
30705 30582.2 38634.2 26576.7 65573  3886.78 3994.5 4696.75 3606.6 8025.59  
30705 30582.2 38634.2 26576.7 65573  3877.25 3965.15 4686.77 3586.7 8029.22  
30705 30582.2 38634.2 26576.7 65573  3922.53 4033.25 4713.65 3655.78 8070.23  
30705 30582.2 38634.2 26576.7 65573  3918.61 4009.58 4710.5 3641.05 8085.61  
30705 30582.2 38634.2 26576.7 65573  3905.32 4004.78 4706.7 3626.34 8060.88  
30705 30582.2 38634.2 26576.7 65573  3926.64 4008.89 4708.15 3650.7 8099.78  
30705 30582.2 38634.2 26576.7 65573  3922.53 4033.25 4713.65 3655.78 8070.23  
30705 30582.2 38634.2 26576.7 65573  3944.25 4037.43 4715.13 3680.58 8109.85  
30705 30582.2 38634.2 26576.7 65573  3859.05 3955.06 4677.01 3567.32 7994.6  
30705 30582.2 38634.2 26576.7 65573  3944.25 4037.43 4715.13 3680.58 8109.85  
30705 30582.2 38634.2 26576.7 65573  3936.06 4038.13 4717.52 3670.75 8095.42  
30705 30582.2 38634.2 26576.7 65573  3929.42 4002.72 4699.65 3655.31 8103.39  
30705 30582.2 38634.2 26576.7 65573  3922.53 4033.25 4713.65 3655.78 8070.23  
30705 30582.2 38634.2 26576.7 65573  3905.32 4004.78 4706.7 3626.34 8060.88  
30705 30582.2 38634.2 26576.7 65573  3877.25 3965.15 4686.77 3586.7 8029.22  
30705 30582.2 38634.2 26576.7 65573  3900.9 3963.12 4679.85 3615.13 8070.94  
30705 30582.2 38634.2 26576.7 65573  3947.08 4031.14 4706.47 3685.27 8113.53  
30705 30582.2 38634.2 26576.7 65573  3900.9 3963.12 4679.85 3615.13 8070.94  
30705 30582.2 38634.2 26576.7 65573  3929.42 4002.72 4699.65 3655.31 8103.39  
30705 30582.2 38634.2 26576.7 65573  3944.25 4037.43 4715.13 3680.58 8109.85  
1054.29 1055.13 1312.44 922.142 2231.21  1022.11 1023.69 1271.95 894.692 2161.84  
1054.29 1055.13 1312.44 922.142 2231.21  1022.86 1022.05 1269.52 895.859 2162.84  
1054.29 1055.13 1312.44 922.142 2231.21  1022.11 1023.69 1271.95 894.692 2161.84  
1054.29 1055.13 1312.44 922.142 2231.21  1021.04 1022.32 1277.79 890.003 2167.21  
1054.29 1055.13 1312.44 922.142 2231.21  1021.45 1017.77 1278.79 887.67 2174.44  
1054.29 1055.13 1312.44 922.142 2231.21  1019.93 1023.87 1272.62 892.24 2157.85  
1054.29 1055.13 1312.44 922.142 2231.21  1022.11 1023.69 1271.95 894.692 2161.84  
1054.29 1055.13 1312.44 922.142 2231.21  1017.48 1021.06 1276.71 886.332 2160.36  
1054.29 1055.13 1312.44 922.142 2231.21  1021.04 1022.32 1277.79 890.003 2167.21  
1054.29 1055.13 1312.44 922.142 2231.21  1022.86 1022.05 1269.52 895.859 2162.84  
1054.29 1055.13 1312.44 922.142 2231.21  1022.11 1023.69 1271.95 894.692 2161.84  
1054.29 1055.13 1312.44 922.142 2231.21  1018.22 1022.42 1263.25 894.508 2146.57  
1054.29 1055.13 1312.44 922.142 2231.21  1017.48 1021.06 1276.71 886.332 2160.36  
1054.29 1055.13 1312.44 922.142 2231.21  1019.93 1023.87 1272.62 892.24 2157.85  
1054.29 1055.13 1312.44 922.142 2231.21  1017.48 1021.06 1276.71 886.332 2160.36  
1054.29 1055.13 1312.44 922.142 2231.21  1021.04 1022.32 1277.79 890.003 2167.21  
1054.29 1055.13 1312.44 922.142 2231.21  1016 1022.61 1263.93 892.016 2142.51  
1054.29 1055.13 1312.44 922.142 2231.21  1016 1022.61 1263.93 892.016 2142.51  
1054.29 1055.13 1312.44 922.142 2231.21  1022.18 1018.95 1265.33 895.743 2160.85  
1054.29 1055.13 1312.44 922.142 2231.21  1016.31 1022.6 1271.53 888.506 2150.88  
30532.7 30596.4 38139.7 26659.2 64703.1  4013.35 3981.82 5071.47 3542.44 8676.82  
30532.7 30596.4 38139.7 26659.2 64703.1  4042.82 4003.3 5066.2 3586.04 8706.22  
30532.7 30596.4 38139.7 26659.2 64703.1  4058.77 3990.21 5074.9 3591.38 8764.15  
30532.7 30596.4 38139.7 26659.2 64703.1  4055.8 3996.52 5084.37 3586.75 8760.08  
30532.7 30596.4 38139.7 26659.2 64703.1  4036.1 3997.65 5028.77 3595.17 8660.6  
30532.7 30596.4 38139.7 26659.2 64703.1  4048.91 3979.44 5091.16 3567.69 8773.61  
30532.7 30596.4 38139.7 26659.2 64703.1  4055.8 3996.52 5084.37 3586.75 8760.08  
30532.7 30596.4 38139.7 26659.2 64703.1  4012.61 3993.31 5026.99 3569.86 8615.42  
30532.7 30596.4 38139.7 26659.2 64703.1  4033.09 3992.32 5082.66 3562.27 8716.41  
30532.7 30596.4 38139.7 26659.2 64703.1  4012.61 3993.31 5026.99 3569.86 8615.42  
30532.7 30596.4 38139.7 26659.2 64703.1  4058.77 3990.21 5074.9 3591.38 8764.15  
30532.7 30596.4 38139.7 26659.2 64703.1  4028.42 3998.31 5061.83 3571.01 8677.98  
30532.7 30596.4 38139.7 26659.2 64703.1  4048.91 3979.44 5091.16 3567.69 8773.61  
30532.7 30596.4 38139.7 26659.2 64703.1  4027.24 3998.37 5031.44 3585.14 8644.14  
30532.7 30596.4 38139.7 26659.2 64703.1  4028.42 3998.31 5061.83 3571.01 8677.98  
30532.7 30596.4 38139.7 26659.2 64703.1  4027.24 3998.37 5031.44 3585.14 8644.14  
30532.7 30596.4 38139.7 26659.2 64703.1  4054.55 3996.17 5053.94 3600.62 8726.55  
30532.7 30596.4 38139.7 26659.2 64703.1  4054.55 3996.17 5053.94 3600.62 8726.55  
30532.7 30596.4 38139.7 26659.2 64703.1  4048.91 3979.44 5091.16 3567.69 8773.61  
30532.7 30596.4 38139.7 26659.2 64703.1  4042.82 4003.3 5066.2 3586.04 8706.22  
701.303 702.934 877.391 611.729 1487.35  689.175 688.454 860.096 601.123 1462.26  
701.303 702.934 877.391 611.729 1487.35  685.334 687.731 859.817 597.027 1455  
701.303 702.934 877.391 611.729 1487.35  686.583 685.634 861.649 596.334 1461.9  
701.303 702.934 877.391 611.729 1487.35  689.672 687.368 858.488 601.896 1462.92  
701.303 702.934 877.391 611.729 1487.35  684.229 684.805 860.94 593.904 1457.36  
701.303 702.934 877.391 611.729 1487.35  689.175 688.454 860.096 601.123 1462.26  
701.303 702.934 877.391 611.729 1487.35  688.003 685.515 861.214 597.928 1464.49  
701.303 702.934 877.391 611.729 1487.35  680.943 683.028 859.088 590.64 1450.89  
701.303 702.934 877.391 611.729 1487.35  689.175 688.454 860.096 601.123 1462.26  
701.303 702.934 877.391 611.729 1487.35  684.229 684.805 860.94 593.904 1457.36  
701.303 702.934 877.391 611.729 1487.35  684.337 688.77 851.209 600.856 1442.98  
701.303 702.934 877.391 611.729 1487.35  684.337 688.77 851.209 600.856 1442.98  
701.303 702.934 877.391 611.729 1487.35  687.729 688.575 860.539 599.499 1459.62  
701.303 702.934 877.391 611.729 1487.35  684.229 684.805 860.94 593.904 1457.36  
701.303 702.934 877.391 611.729 1487.35  687.729 688.575 860.539 599.499 1459.62  
701.303 702.934 877.391 611.729 1487.35  689.672 687.368 858.488 601.896 1462.92  
701.303 702.934 877.391 611.729 1487.35  680.943 683.028 859.088 590.64 1450.89  
701.303 702.934 877.391 611.729 1487.35  686.583 685.634 861.649 596.334 1461.9  
701.303 702.934 877.391 611.729 1487.35  684.229 684.805 860.94 593.904 1457.36  
701.303 702.934 877.391 611.729 1487.35  686.981 689.62 857.059 601.007 1453.32  
33714.5 33650.6 41739.2 29559.6 71223.2  1423.02 1479.42 2143.97 1190.02 3407.6  
33714.5 33650.6 41739.2 29559.6 71223.2  1422.96 1486.39 2155.19 1188.63 3409.21  
33714.5 33650.6 41739.2 29559.6 71223.2  1424.46 1484.15 2164.23 1185.6 3424.15  
33714.5 33650.6 41739.2 29559.6 71223.2  1422.96 1486.39 2155.19 1188.63 3409.21  
33714.5 33650.6 41739.2 29559.6 71223.2  1424.53 1477.29 2153.21 1186.97 3422.57  
33714.5 33650.6 41739.2 29559.6 71223.2  1424.46 1484.15 2164.23 1185.6 3424.15  
33714.5 33650.6 41739.2 29559.6 71223.2  1425.48 1481.76 2160.19 1187.12 3425.67  
33714.5 33650.6 41739.2 29559.6 71223.2  1415.1 1463.99 2120.85 1184.59 3387.15  
33714.5 33650.6 41739.2 29559.6 71223.2  1422.96 1486.39 2155.19 1188.63 3409.21  
33714.5 33650.6 41739.2 29559.6 71223.2  1417.6 1477.46 2128.77 1189.8 3383.19  
33714.5 33650.6 41739.2 29559.6 71223.2  1422.96 1486.39 2155.19 1188.63 3409.21  
33714.5 33650.6 41739.2 29559.6 71223.2  1423.99 1483.97 2151.07 1190.18 3410.76  
33714.5 33650.6 41739.2 29559.6 71223.2  1423.02 1479.42 2143.97 1190.02 3407.6  
33714.5 33650.6 41739.2 29559.6 71223.2  1421.62 1470.75 2143.31 1185.13 3414.83  
33714.5 33650.6 41739.2 29559.6 71223.2  1421.62 1470.75 2143.31 1185.13 3414.83  
33714.5 33650.6 41739.2 29559.6 71223.2  1423.99 1483.97 2151.07 1190.18 3410.76  
33714.5 33650.6 41739.2 29559.6 71223.2  1420.06 1472.76 2133.9 1188.15 3399.73  
33714.5 33650.6 41739.2 29559.6 71223.2  1421.62 1470.75 2143.31 1185.13 3414.83  
33714.5 33650.6 41739.2 29559.6 71223.2  1424.46 1484.15 2164.23 1185.6 3424.15  
33714.5 33650.6 41739.2 29559.6 71223.2  1423.02 1479.42 2143.97 1190.02 3407.6  
4571.9 4563.54 5676.75 4000.27 9674.92  3973.12 3961.75 4922.51 3481.66 8403.21  
4571.9 4563.54 5676.75 4000.27 9674.92  3968.7 3974.85 4970.97 3459.35 8427.95  
4571.9 4563.54 5676.75 4000.27 9674.92  3960.72 3968.77 4904.81 3481.48 8351.61  
4571.9 4563.54 5676.75 4000.27 9674.92  3977.29 3956.04 4943.11 3472.73 8439.42  
4571.9 4563.54 5676.75 4000.27 9674.92  3957.75 3975.25 4914.42 3476.86 8347.66  
4571.9 4563.54 5676.75 4000.27 9674.92  3972.87 3980.17 4948.26 3477.57 8407.05  
4571.9 4563.54 5676.75 4000.27 9674.92  3973.12 3961.75 4922.51 3481.66 8403.21  
4571.9 4563.54 5676.75 4000.27 9674.92  3977.29 3956.04 4943.11 3472.73 8439.42  
4571.9 4563.54 5676.75 4000.27 9674.92  3960.72 3968.77 4904.81 3481.48 8351.61  
4571.9 4563.54 5676.75 4000.27 9674.92  3977.29 3956.04 4943.11 3472.73 8439.42  
4571.9 4563.54 5676.75 4000.27 9674.92  3968.7 3974.85 4970.97 3459.35 8427.95  
4571.9 4563.54 5676.75 4000.27 9674.92  3973.09 3951.03 4965.74 3454.67 8459.82  
4571.9 4563.54 5676.75 4000.27 9674.92  3975.78 3973.79 4938.81 3482.11 8410.94  
4571.9 4563.54 5676.75 4000.27 9674.92  3969.19 3938.63 4920.37 3467.38 8420.41  
4571.9 4563.54 5676.75 4000.27 9674.92  3964.88 3944.04 4899.38 3476.22 8383.87  
4571.9 4563.54 5676.75 4000.27 9674.92  3972.87 3980.17 4948.26 3477.57 8407.05  
4571.9 4563.54 5676.75 4000.27 9674.92  3973.12 3961.75 4922.51 3481.66 8403.21  
4571.9 4563.54 5676.75 4000.27 9674.92  3972.87 3980.17 4948.26 3477.57 8407.05  
4571.9 4563.54 5676.75 4000.27 9674.92  3973.09 3951.03 4965.74 3454.67 8459.82  
4571.9 4563.54 5676.75 4000.27 9674.92  3969.19 3938.63 4920.37 3467.38 8420.41  
5617.48 5626.7 6980.16 4922.11 11869.7  4712.67 4729.53 5886.12 4121.54 9979.99  
5617.48 5626.7 6980.16 4922.11 11869.7  4712.67 4729.53 5886.12 4121.54 9979.99  
5617.48 5626.7 6980.16 4922.11 11869.7  4695.95 4723.64 5881.08 4104.29 9947.74  
5617.48 5626.7 6980.16 4922.11 11869.7  4695.95 4723.64 5881.08 4104.29 9947.74  
5617.48 5626.7 6980.16 4922.11 11869.7  4673.82 4703.99 5786.28 4119.8 9829.47  
5617.48 5626.7 6980.16 4922.11 11869.7  4727.73 4721.53 5906.98 4122.34 10041.4  
5617.48 5626.7 6980.16 4922.11 11869.7  4723.06 4706.79 5852.42 4137.72 9993.87  
5617.48 5626.7 6980.16 4922.11 11869.7  4722.76 4728.68 5883.02 4132.87 9998.43  
5617.48 5626.7 6980.16 4922.11 11869.7  4717.8 4722.36 5910.03 4111.21 10023.3  
5617.48 5626.7 6980.16 4922.11 11869.7  4694.53 4723.69 5845.93 4120.51 9909.03  
5617.48 5626.7 6980.16 4922.11 11869.7  4728.02 4700.01 5876.9 4127.11 10036.9  
5617.48 5626.7 6980.16 4922.11 11869.7  4673.82 4703.99 5786.28 4119.8 9829.47  
5617.48 5626.7 6980.16 4922.11 11869.7  4704.79 4722.83 5842.79 4132.02 9927.78  
5617.48 5626.7 6980.16 4922.11 11869.7  4704.79 4722.83 5842.79 4132.02 9927.78  
5617.48 5626.7 6980.16 4922.11 11869.7  4723.06 4706.79 5852.42 4137.72 9993.87  
5617.48 5626.7 6980.16 4922.11 11869.7  4704.79 4722.83 5842.79 4132.02 9927.78  
5617.48 5626.7 6980.16 4922.11 11869.7  4728.02 4700.01 5876.9 4127.11 10036.9  
5617.48 5626.7 6980.16 4922.11 11869.7  4704.79 4722.83 5842.79 4132.02 9927.78  
5617.48 5626.7 6980.16 4922.11 11869.7  4695.95 4723.64 5881.08 4104.29 9947.74  
5617.48 5626.7 6980.16 4922.11 11869.7  4694.53 4723.69 5845.93 4120.51 9909.03  
7711.55 7733.36 9647.28 6728.76 16349.8  5998.04 6032.4 7459.05 5270.15 12654.9  
7711.55 7733.36 9647.28 6728.76 16349.8  5968.29 5982.11 7528.11 5180.54 12724.3  
7711.55 7733.36 9647.28 6728.76 16349.8  6027.78 6030.7 7540.82 5258.25 12800.8  
7711.55 7733.36 9647.28 6728.76 16349.8  6044.81 6020.12 7522.85 5279.27 12829.8  
7711.55 7733.36 9647.28 6728.76 16349.8  6040.46 6029.63 7536.94 5272.49 12824  
7711.55 7733.36 9647.28 6728.76 16349.8  6034.11 6038.77 7506.37 5285.96 12769.1  
7711.55 7733.36 9647.28 6728.76 16349.8  5999.85 6032.33 7503.88 5249.41 12704.4  
7711.55 7733.36 9647.28 6728.76 16349.8  5999.85 6032.33 7503.88 5249.41 12704.4  
7711.55 7733.36 9647.28 6728.76 16349.8  5976.31 6024.76 7452.5 5247.72 12613  
7711.55 7733.36 9647.28 6728.76 16349.8  5970.02 6016.22 7487.06 5219.77 12645.5  
7711.55 7733.36 9647.28 6728.76 16349.8  5999.85 6032.33 7503.88 5249.41 12704.4  
7711.55 7733.36 9647.28 6728.76 16349.8  6027.78 6030.7 7540.82 5258.25 12800.8  
7711.55 7733.36 9647.28 6728.76 16349.8  5998.04 6032.4 7459.05 5270.15 12654.9  
7711.55 7733.36 9647.28 6728.76 16349.8  6034.11 6038.77 7506.37 5285.96 12769.1  
7711.55 7733.36 9647.28 6728.76 16349.8  5968.29 5982.11 7528.11 5180.54 12724.3  
7711.55 7733.36 9647.28 6728.76 16349.8  5998.04 6032.4 7459.05 5270.15 12654.9  
7711.55 7733.36 9647.28 6728.76 16349.8  5977.45 6007.46 7517.97 5207.42 12702.5  
7711.55 7733.36 9647.28 6728.76 16349.8  5999.85 6032.33 7503.88 5249.41 12704.4  
7711.55 7733.36 9647.28 6728.76 16349.8  5998.04 6032.4 7459.05 5270.15 12654.9  
7711.55 7733.36 9647.28 6728.76 16349.8  6044.81 6020.12 7522.85 5279.27 12829.8  
