1 18 4
37775.3  23514.4  14482.4  9153.15  
37775.3  23474.1  14497.4  9124.24  
37775.3  23394.1  14610.8  9169.17  
37775.3  23538.1  14478.6  9145.71  
37775.3  23563.2  14649  8985.41  
37775.3  23522.1  14484.5  9174.92  
17914  14678.8  11966  9825.95  
17914  14627  12088.3  9860.68  
17914  14694.2  11988.9  9834.67  
17914  14549.2  11970  9973.97  
17914  14549.2  11989  9946.27  
17914  14669.1  12093  9923.49  
13931.6  11950.7  10291.1  8886.24  
13931.6  11996.1  10217.3  8905.81  
13931.6  11983.4  10286.6  8838.97  
13931.6  11996.1  10217.3  8865.86  
13931.6  12008.3  10264  8906.6  
13931.6  11983.4  10314.7  8878.39  
