1 22 22 3
500 200
2200 
1518.23 322.98 1
0.0690567 1 10
2097.07
2096.48
2098.96
2101.07
2102.36
2100.61
2104.45
2096.33
2099.48
2096.53
2101.24
2098.42
2099.39
2099.69
2099.12
2096.89
2095.97
2095.87
2095.7
2095.49
2097.67
2098.77
45.8276 -0.26413
44.0109 1.69051
46.6352 0.28899
43.7928 -1.16231
46.8005 -0.93437
43.3944 -0.422
46.7775 -1.57447
43.9939 1.26475
46.7454 2.0171
45.5757 -0.23304
43.4508 -0.76297
43.4569 1.27299
44.0335 -0.90008
44.0388 -1.00255
43.8474 -0.59425
46.1849 0.54379
44.1171 1.22493
45.0126 -0.10197
45.1525 0.00118
44.3122 1.14641
44.1868 -0.42867
45.5558 -1.08882
44.5241 1.53281
