3 33 4
180.18 453.311 362.346  179.424 448.949 359.1  176.793 442.327 355.456  175.036 440.444 350.724  
10663.6 26647.6 21405.8  4399.55 11014.7 8799.93  1828.37 4546.55 3617.31  753.993 1908.9 1490.78  
12150.9 30381.2 24290.2  4032.08 10033.8 8013.78  1324.88 3361.87 2708.2  446.787 1113.07 900.653  
13718.5 34389.8 27573.4  3381.8 8344.21 6657.96  810.373 2040.2 1610.05  202.04 510.272 392.472  
6171.84 15343.4 12248.5  4080.02 10183.4 8151.96  2683.6 6715.91 5351.17  1775.22 4452.01 3556.9  
6171.84 15343.4 12248.5  4055.71 10182.7 8095.5  2692.8 6754.57 5403.13  1773.14 4422.39 3536.04  
904.468 2268.82 1812.72  860.256 2152.84 1713.96  816.782 2043.23 1638.66  769.913 1936.64 1553.18  
13718.5 34389.8 27573.4  3380.78 8389.75 6648.32  811.145 2006.09 1617.34  202.225 501.656 394.237  
11771 29203.1 23518.1  4141.85 10449.7 8315.55  1469.74 3740.27 2933.2  513.279 1302.65 1020.5  
6880.59 17240.1 13779.4  4254.87 10694.5 8501.1  2666 6636.65 5308.64  1658.96 4126.07 3318.19  
11771 29203.1 23518.1  4154.86 10482.9 8322.12  1451 3650.76 2895.37  520.636 1363.31 1052.59  
14456.7 36314.8 28939  2976.61 7270.42 5903.55  587.946 1486.47 1201.45  126.604 302.05 251.642  
13718.5 34389.8 27573.4  3355.78 8279.77 6638.08  838.119 2097.47 1627.96  199.855 513.41 393.134  
12150.9 30381.2 24290.2  3999.82 10061.3 8058.92  1346.26 3343.45 2677.96  456.293 1112.79 889.078  
10663.6 26647.6 21405.8  4398.38 11074 8787.42  1829.06 4512.06 3624.71  754.469 1884.1 1495.89  
10663.6 26647.6 21405.8  4391.12 11055.2 8792.63  1812.13 4521.26 3612.31  768.625 1889.78 1500.12  
180.18 453.311 362.346  179.424 448.949 359.1  176.793 442.327 355.456  175.036 440.444 350.724  
6880.59 17240.1 13779.4  4238.65 10650.4 8544.56  2672.15 6653.38 5292.27  1662.78 4136.46 3307.95  
11771 29203.1 23518.1  4141.85 10449.7 8315.55  1471.51 3724.1 2919.79  515.783 1337.44 1041.03  
10663.6 26647.6 21405.8  4398.38 11074 8787.42  1829.06 4512.06 3624.71  754.469 1884.1 1495.89  
6880.59 17240.1 13779.4  4280.08 10695.5 8559.72  2660.33 6606.92 5312.06  1635.15 4118 3295.45  
13718.5 34389.8 27573.4  3321.16 8333.34 6620.62  859.762 2057.72 1641.83  211.026 500.922 396.001  
6880.59 17240.1 13779.4  4290.88 10664.5 8532.59  2642.11 6658.04 5306.36  1658.12 4115.83 3303.2  
6880.59 17240.1 13779.4  4258.62 10701.1 8546.02  2672.99 6616.55 5314.02  1633.31 4122.65 3286.04  
6880.59 17240.1 13779.4  4258.62 10701.1 8546.02  2672.99 6616.55 5314.02  1633.31 4122.65 3286.04  
10663.6 26647.6 21405.8  4423.02 11012.3 8796.67  1810.64 4563.43 3623.44  754.835 1889.69 1490.62  
12150.9 30381.2 24290.2  4032.08 10033.8 8013.78  1324.88 3361.87 2708.2  446.787 1113.07 900.653  
180.18 453.311 362.346  178.57 449.345 357.827  176.462 443.941 355.172  175.003 440.264 351.425  
10725.1 27148.5 21529.3  4340.03 10851.5 8675.39  1839.08 4452.13 3661.78  750.692 1786.35 1468.79  
6171.84 15343.4 12248.5  4048.23 10110.2 8033.69  2692.86 6699.33 5368.48  1788.24 4468.65 3613.73  
180.18 453.311 362.346  178.23 448.418 358.738  176.804 442.332 355.46  173.637 439.306 349.88  
12150.9 30381.2 24290.2  4006.43 10078.5 8054.14  1341.88 3332.01 2681.16  452.404 1109.15 890.453  
12150.9 30381.2 24290.2  4035.73 10040.1 8057.65  1323.47 3361.38 2663.22  444.436 1113.3 900.648  
