3 100 4
6880.59 17240.1 13779.4  4259.71 10704.9 8529.36  2666.55 6636.82 5326.45  1653.73 4113.39 3309.32  
6880.59 17240.1 13779.4  4254.87 10694.5 8501.1  2666 6636.65 5308.64  1658.96 4126.07 3318.19  
6880.59 17240.1 13779.4  4238.65 10650.4 8544.56  2672.15 6653.38 5292.27  1662.78 4136.46 3307.95  
6880.59 17240.1 13779.4  4290.88 10664.5 8532.59  2642.11 6658.04 5306.36  1658.12 4115.83 3303.2  
6880.59 17240.1 13779.4  4280.08 10695.5 8559.72  2646.21 6608.35 5314.02  1648.59 4138.58 3288.82  
6880.59 17240.1 13779.4  4258.62 10701.1 8546.02  2672.99 6616.55 5314.02  1633.31 4122.65 3286.04  
6880.59 17240.1 13779.4  4276.27 10688.9 8514  2644.6 6642.33 5295.74  1658.53 4124.54 3324.78  
6880.59 17240.1 13779.4  4280.08 10695.5 8559.72  2641.14 6632.56 5309.58  1650.5 4129.39 3290.48  
6880.59 17240.1 13779.4  4280.08 10695.5 8559.72  2664.84 6618.62 5308.8  1641.15 4133.18 3297.24  
6880.59 17240.1 13779.4  4280.08 10695.5 8559.72  2660.33 6606.92 5312.06  1635.15 4118 3295.45  
10725.1 27148.5 21529.3  4354.64 10882.4 8760.13  1830.92 4435.24 3604.43  752.774 1781.98 1458.96  
10725.1 27148.5 21529.3  4340.03 10851.5 8675.39  1839.08 4452.13 3661.78  750.692 1786.35 1468.79  
10725.1 27148.5 21529.3  4340.03 10851.5 8675.39  1806.3 4401.42 3578.83  778.889 1826.63 1536.48  
10725.1 27148.5 21529.3  4355.72 10886.2 8743.47  1808.69 4406.48 3576.72  767.248 1801.04 1492.19  
10725.1 27148.5 21529.3  4386.72 10905.7 8737.1  1798.34 4391.14 3568.13  755.655 1799.69 1509.05  
10725.1 27148.5 21529.3  4386.72 10905.7 8737.1  1819.55 4416.77 3605.07  743.035 1784.33 1487  
10725.1 27148.5 21529.3  4401.6 10937.1 8823.45  1815.34 4408.2 3570.76  723.111 1757.75 1439.01  
10725.1 27148.5 21529.3  4323.26 10813 8623.99  1849.85 4455.72 3649.6  748.039 1802.17 1502.43  
10725.1 27148.5 21529.3  4386.72 10905.7 8737.1  1786.15 4385.06 3564.22  757.115 1799.85 1501.75  
10725.1 27148.5 21529.3  4323.26 10813 8623.99  1842.7 4462.18 3656.2  752.209 1798.31 1498.5  
14456.7 36314.8 28939  2966.43 7287.05 5890.56  595.269 1471.77 1207.68  128.194 300.565 257.107  
14456.7 36314.8 28939  2944.08 7274.1 5853.93  618.377 1486.8 1246.02  128.567 297.887 255.372  
14456.7 36314.8 28939  2944.08 7274.1 5853.93  616.097 1481.9 1236.04  128.386 302.13 262.514  
14456.7 36314.8 28939  2976.61 7270.42 5903.55  587.946 1486.47 1201.45  124.947 301.431 250.62  
14456.7 36314.8 28939  2949.32 7282.97 5916.17  617.339 1478.94 1198.49  124.893 297.925 244.433  
14456.7 36314.8 28939  2976.61 7270.42 5903.55  587.282 1485.06 1197.51  126.891 302.542 255.442  
14456.7 36314.8 28939  2954.93 7298.02 5901.1  611.69 1463.85 1213.64  124.328 298.229 243.496  
14456.7 36314.8 28939  2951.56 7290.93 5881.52  607.645 1470.05 1218.72  129.152 298.162 254.355  
14456.7 36314.8 28939  2976.61 7270.42 5903.55  587.946 1486.47 1201.45  126.604 302.05 251.642  
14456.7 36314.8 28939  2951.56 7290.93 5881.52  607.496 1469.52 1221.08  129.843 298.377 251.097  
180.18 453.311 362.346  176.841 447.429 357.171  177.662 444.485 355.537  173.413 436.271 350.621  
180.18 453.311 362.346  177.175 448.338 356.276  175.155 440.658 354.163  175.958 440.242 351.316  
180.18 453.311 362.346  178.57 449.345 357.827  177.348 443.697 355.745  172.822 437.237 349.827  
180.18 453.311 362.346  178.23 448.418 358.738  176.804 442.332 355.46  173.637 439.306 349.88  
180.18 453.311 362.346  178.57 449.345 357.827  176.462 443.941 355.172  175.003 440.264 351.425  
180.18 453.311 362.346  179.471 449.115 358.389  176.792 442.325 355.463  173.395 436.275 350.61  
180.18 453.311 362.346  178.57 449.345 357.827  174.559 441.636 353.354  172.849 437.257 349.851  
180.18 453.311 362.346  179.125 448.172 359.317  174.554 441.647 353.339  173.367 438.581 350.1  
180.18 453.311 362.346  179.424 448.949 359.1  176.793 442.327 355.456  175.036 440.444 350.724  
180.18 453.311 362.346  178.573 446.785 359.038  176.801 442.349 355.457  175.882 440.078 351.973  
12150.9 30381.2 24290.2  3999.82 10061.3 8058.92  1346.26 3343.45 2677.96  456.293 1112.79 889.078  
12150.9 30381.2 24290.2  4028.9 10022.3 8062.6  1333.65 3367.53 2679.85  446.192 1118.6 886.074  
12150.9 30381.2 24290.2  4026.63 10073.1 8067  1336.2 3337.42 2660.98  442.032 1107.21 895.898  
12150.9 30381.2 24290.2  4006.43 10078.5 8054.14  1341.88 3332.01 2681.16  452.404 1109.15 890.453  
12150.9 30381.2 24290.2  4036.79 10043.9 8041.37  1332.41 3345.81 2674.57  437.809 1121.15 903.967  
12150.9 30381.2 24290.2  4035.73 10040.1 8057.65  1323.47 3361.38 2663.22  444.436 1113.3 900.648  
12150.9 30381.2 24290.2  4007.45 10082.2 8038.42  1348.98 3331.42 2679.98  450.398 1103.27 900.329  
12150.9 30381.2 24290.2  4032.08 10033.8 8013.78  1324.88 3361.87 2708.2  446.787 1113.07 900.653  
12150.9 30381.2 24290.2  4027.67 10076.9 8051.01  1338.5 3323.89 2668.24  440.661 1109.64 902.485  
12150.9 30381.2 24290.2  4007.45 10082.2 8038.42  1343.75 3336.45 2684.8  452.87 1103.55 898.187  
10663.6 26647.6 21405.8  4399.55 11014.7 8799.93  1828.37 4546.55 3617.31  753.993 1908.9 1490.78  
10663.6 26647.6 21405.8  4399.55 11014.7 8799.93  1830.02 4576.24 3624.33  753.22 1881.23 1488.75  
10663.6 26647.6 21405.8  4388.99 10927.3 8770.41  1821.49 4616.12 3633.14  768.48 1908.62 1500.39  
10663.6 26647.6 21405.8  4398.38 11074 8787.42  1829.06 4512.06 3624.71  754.469 1884.1 1495.89  
10663.6 26647.6 21405.8  4358.25 10973.1 8767.27  1829.25 4539.1 3620.01  775.975 1912.01 1505.47  
10663.6 26647.6 21405.8  4353.64 10901.1 8749.85  1842.89 4607.82 3643.11  772.559 1929.26 1507.17  
10663.6 26647.6 21405.8  4423.02 11012.3 8796.67  1810.64 4563.43 3623.44  754.835 1889.69 1490.62  
10663.6 26647.6 21405.8  4413.16 11049 8806.77  1829.21 4549.03 3613.93  737.948 1857.72 1482.37  
10663.6 26647.6 21405.8  4377.74 11021.5 8785.91  1819.88 4540.87 3616.25  771.71 1908.24 1499.59  
10663.6 26647.6 21405.8  4391.12 11055.2 8792.63  1812.13 4521.26 3612.31  768.625 1889.78 1500.12  
13718.5 34389.8 27573.4  3381.8 8344.21 6657.96  810.373 2040.2 1610.05  202.04 510.272 392.472  
13718.5 34389.8 27573.4  3331.21 8358.39 6625.61  850.545 2046.31 1636.58  210.499 496.491 397.137  
13718.5 34389.8 27573.4  3380.78 8389.75 6648.32  811.145 2006.09 1617.34  202.225 501.656 394.237  
13718.5 34389.8 27573.4  3363.84 8346.06 6660.35  833.426 2051.2 1610.15  199.158 502.979 390.655  
13718.5 34389.8 27573.4  3321.16 8333.34 6620.62  859.762 2057.72 1641.83  211.026 500.922 396.001  
13718.5 34389.8 27573.4  3357.39 8376.76 6654.74  830.849 2032.39 1614.56  203.398 490.562 389.73  
13718.5 34389.8 27573.4  3355.78 8279.77 6638.08  838.119 2097.47 1627.96  199.855 513.41 393.134  
13718.5 34389.8 27573.4  3363.8 8394.16 6637.84  833.455 2014.96 1627.23  198.743 487.394 394.002  
13718.5 34389.8 27573.4  3331.21 8358.39 6625.61  847.953 2040.07 1635.32  214.002 499.272 398.346  
13718.5 34389.8 27573.4  3381.8 8344.21 6657.96  819.788 2052.54 1611.9  194.98 500.96 391.084  
11771 29203.1 23518.1  4154.86 10482.9 8322.12  1451 3650.76 2895.37  520.636 1363.31 1052.59  
11771 29203.1 23518.1  4141.85 10449.7 8315.55  1469.74 3740.27 2933.2  513.279 1302.65 1020.5  
11771 29203.1 23518.1  4132.82 10485.3 8325.41  1474.82 3694.58 2915.37  517.859 1329.27 1036.72  
11771 29203.1 23518.1  4139.02 10325.7 8233.82  1468.3 3833.07 2989.7  515.685 1336.69 1045.58  
11771 29203.1 23518.1  4141.85 10449.7 8315.55  1457.45 3687.89 2912.74  523.724 1365.41 1046.89  
11771 29203.1 23518.1  4141.85 10449.7 8315.55  1471.51 3724.1 2919.79  515.783 1337.44 1041.03  
11771 29203.1 23518.1  4154.86 10482.9 8322.12  1461.31 3718.87 2928.93  513.958 1319.42 1030.87  
11771 29203.1 23518.1  4145.61 10517.9 8331.86  1461.72 3640.81 2891.66  516.02 1322.36 1036.61  
11771 29203.1 23518.1  4139.02 10325.7 8233.82  1466.96 3808.01 2983.71  519.404 1367.91 1053.87  
11771 29203.1 23518.1  4122.88 10401.9 8297.3  1484.56 3777.8 2943.22  516.858 1333.99 1038.15  
904.468 2268.82 1812.72  860.256 2152.84 1713.96  816.782 2043.23 1638.66  769.913 1936.64 1553.18  
904.468 2268.82 1812.72  856.705 2155.29 1720.4  814.22 2047.71 1634.73  777.945 1945.22 1552.73  
904.468 2268.82 1812.72  863.195 2147.94 1717.7  810.083 2038.39 1634.58  770.098 1937.13 1553.2  
904.468 2268.82 1812.72  848.628 2146.88 1713.9  819.186 2036.77 1636.79  776.6 1942.1 1556.97  
904.468 2268.82 1812.72  859.586 2150.45 1724.2  806.402 2039.96 1628.36  770.458 1936.92 1553.18  
904.468 2268.82 1812.72  856.935 2143.79 1722.86  818.313 2047.23 1637.23  779.489 1939.46 1550.63  
904.468 2268.82 1812.72  860.256 2152.84 1713.96  818.606 2036.47 1636.78  769.823 1936.98 1553.27  
904.468 2268.82 1812.72  861.246 2154.97 1719.75  807.638 2043.15 1627.63  770.315 1936.54 1553.44  
904.468 2268.82 1812.72  856.925 2156.07 1717.05  818.772 2036.32 1636.63  777.941 1935.24 1555.04  
904.468 2268.82 1812.72  850.23 2151.24 1709.61  806.861 2039.92 1629.08  777.739 1943.88 1548.32  
6171.84 15343.4 12248.5  4048.23 10110.2 8033.69  2694.36 6740.61 5390.81  1789.09 4483.66 3613.14  
6171.84 15343.4 12248.5  4066.13 10206.7 8134.25  2689.28 6746.44 5390.06  1783.38 4420.46 3572.62  
6171.84 15343.4 12248.5  4070.81 10216.8 8161.74  2683.56 6620.67 5315.75  1782.08 4456.34 3568.37  
6171.84 15343.4 12248.5  4062.39 10086.6 8051.14  2697.69 6728.03 5419.44  1780.15 4463.99 3570.65  
6171.84 15343.4 12248.5  4055.71 10182.7 8095.5  2692.8 6754.57 5403.13  1773.14 4422.39 3536.04  
6171.84 15343.4 12248.5  4048.23 10110.2 8033.69  2692.86 6699.33 5368.48  1788.24 4468.65 3613.73  
6171.84 15343.4 12248.5  4059.86 10021.6 8035.94  2697.44 6786.68 5416.3  1782.73 4469 3596.8  
6171.84 15343.4 12248.5  4055.71 10182.7 8095.5  2688.66 6632.05 5337.81  1788.01 4494.11 3617.46  
6171.84 15343.4 12248.5  4080.02 10183.4 8151.96  2683.6 6715.91 5351.17  1775.22 4452.01 3556.9  
6171.84 15343.4 12248.5  4066.13 10206.7 8134.25  2698.47 6731.03 5401.79  1775.54 4464.48 3567.71  
