5 33 5
30823.2 30763.2 38683.2 26760.6 65649.5  3826.11 3845.9 4656.87 3496.08 8036.39  484.394 518.032 578.111 476.611 978.234  57.947 63.919 71.813 58.0211 118.682  7.286 7.81771 8.81954 7.49384 15.069  
19685.7 19649.8 24588.3 17151.4 41806.1  8645.28 8653.76 10860.4 7549.13 18421.6  3814.58 3833.26 4780.31 3359.9 8110.9  1705.71 1696.72 2098.17 1521.07 3612.45  748.983 759.539 935.114 671.213 1585.69  
33914.7 33623.5 42470.7 29379.8 72406.4  1235.18 1495.1 1464.85 1352.61 2309.79  48.3934 78.426 62.4291 64.7157 81.0245  1.67248 2.7963 1.90503 2.69855 2.64932  0.0653925 0.146828 0.0816964 0.128195 0.0931633  
20362.7 20203 25364.7 17715.6 43318.4  8548.72 8568.17 10757.8 7463.94 18222.9  3617.61 3650.85 4492.51 3217.67 7633.28  1536.48 1577.53 1930.43 1375.56 3238.63  657.218 694.717 841.375 593.168 1380.62  
16119.6 16179.4 20140.1 14085.2 34133.1  8673.69 8723.54 10822.8 7619.18 18348.7  4730.7 4722.6 5913.39 4146.09 10069.6  2598.11 2548.24 3273.86 2248.76 5617.54  1408.86 1383.36 1769.28 1227.07 3041.18  
19685.7 19649.8 24588.3 17151.4 41806.1  8668.82 8702.53 10796.8 7629.2 18347.3  3820.97 3827.13 4813.56 3347.05 8164.89  1690.08 1678.05 2121.78 1483.94 3626.99  745.136 746.992 939.178 659.083 1596.7  
29170.7 29070 36444.7 25387.3 62014.6  4979.69 5056.05 6265.09 4437.22 10580.3  865.291 888.49 1067.63 800.598 1816.14  152.921 153.332 183.92 144.702 322.111  25.9779 26.5901 32.0454 24.8719 55.2417  
29170.7 29070 36444.7 25387.3 62014.6  4993.27 5084.59 6228.4 4484.29 10537.6  857.094 865.945 1098.87 765.127 1857.17  147.784 148.001 189.113 133.852 323.255  25.82 26.0343 32.0422 24.4125 55.5578  
3163.8 3164.78 3940.72 2765.36 6699.69  2870.75 2881.83 3582.79 2511.59 6074.94  2619.26 2609.98 3243.67 2295.56 5540.71  2385.63 2383.54 2965 2089.36 5050.4  2169.65 2172.99 2705.63 1898.94 4596.7  
16119.6 16179.4 20140.1 14085.2 34133.1  8705.24 8734.61 10832.3 7651.76 18409.6  4765.54 4720.92 5940.57 4166.8 10171.3  2567.74 2543.94 3257 2224.56 5542.98  1390.86 1387.1 1737.81 1226.48 2967.49  
3163.8 3164.78 3940.72 2765.36 6699.69  2868.1 2873.05 3549.46 2521.31 6046.03  2616.59 2619.4 3278.59 2279.97 5559.61  2384.5 2369.83 2981.04 2073.42 5080.65  2163.59 2167.93 2680.31 1903.03 4564.59  
33914.7 33623.5 42470.7 29379.8 72406.4  1228.58 1493.36 1472.39 1338.26 2306.52  54.2188 78.7095 54.7348 77.1756 83.8524  2.42673 4.24114 2.07424 4.54012 3.0878  0.0796187 0.155255 0.0654015 0.178588 0.0962452  
34756.8 34830.6 43340.7 30385.9 73576.2  435.155 365.076 647.464 406.273 1196.15  7.96818 4.26381 11.6678 7.65012 27.2579  0.110063 0.0509405 0.153132 0.131082 0.41735  0.00173096 0.000837783 0.00166846 0.00298609 0.00562905  
3163.8 3164.78 3940.72 2765.36 6699.69  2881.99 2872.41 3588.76 2515.3 6115.09  2615.34 2619.46 3275.06 2280.51 5553.43  2381.68 2373.57 2983.3 2071.27 5072.74  2164.71 2174.27 2702.08 1896.37 4581.52  
29170.7 29070 36444.7 25387.3 62014.6  4957.62 5020.35 6255.94 4401.32 10567.7  889.106 917.531 1073.54 836.843 1836.57  151.317 159.078 185.824 144.789 314.322  25.7592 26.9126 32.9577 24.2817 55.3465  
29170.7 29070 36444.7 25387.3 62014.6  4993.27 5084.59 6228.4 4484.29 10537.6  857.094 865.945 1098.87 765.127 1857.17  147.784 148.001 189.113 133.852 323.255  25.82 26.0343 32.0422 24.4125 55.5578  
33914.7 33623.5 42470.7 29379.8 72406.4  1244.03 1516.77 1478.43 1365.94 2319.94  39.377 56.5605 48.974 50.9557 70.8196  1.8186 2.9796 1.79771 3.07387 2.69638  0.0803799 0.156915 0.067114 0.177419 0.0985177  
30823.2 30763.2 38683.2 26760.6 65649.5  3847.07 3895.92 4666.05 3539.06 8030.46  462.248 472.417 571.687 433.07 979.642  58.8768 59.7975 69.4858 58.2023 122.822  7.50205 7.57055 8.44633 7.82333 15.4045  
34756.8 34830.6 43340.7 30385.9 73576.2  437.508 363.332 651.801 405.93 1210.05  5.66065 5.98526 7.3423 8.04151 13.5454  0.0646744 0.0736961 0.141322 0.0841274 0.227356  0.0011913 0.000848507 0.00259743 0.00157946 0.00527219  
34756.8 34830.6 43340.7 30385.9 73576.2  436.55 363.399 652.086 404.829 1207.8  6.58253 5.9125 7.01058 9.12952 15.6506  0.10073 0.0788247 0.188313 0.0967727 0.380879  0.00154513 0.00128528 0.00206107 0.002166 0.00508453  
20362.7 20203 25364.7 17715.6 43318.4  8548.72 8568.17 10757.8 7463.94 18222.9  3613.74 3646.44 4513.18 3200.92 7651.35  1543.92 1589.19 1929.99 1389.22 3239.74  653.842 684.328 821.627 594.725 1365.8  
11929.2 11919.6 14943 10377.8 25362.8  7902.92 7898.25 9852.38 6913.14 16762.8  5222.8 5210.4 6499.55 4578.84 11084  3417.16 3412.53 4309.41 2974.62 7310.12  2261.01 2284.73 2839.56 1991.14 4796.15  
33914.7 33623.5 42470.7 29379.8 72406.4  1226.22 1480.34 1458.67 1337.75 2300.5  57.1509 92.1991 68.023 79.2496 90.1061  1.86426 3.72962 2.46866 3.00855 2.84781  0.0726949 0.19437 0.106067 0.141521 0.100514  
20362.7 20203 25364.7 17715.6 43318.4  8548.72 8568.17 10757.8 7463.94 18222.9  3617.61 3650.85 4492.51 3217.67 7633.28  1536.48 1577.53 1930.43 1375.56 3238.63  657.218 694.717 841.375 593.168 1380.62  
20362.7 20203 25364.7 17715.6 43318.4  8564.32 8566.09 10690.5 7512.71 18189  3628.11 3689.21 4578.33 3203.98 7697.01  1522.87 1561.77 1937.31 1350.47 3236.13  646.01 672.101 822.435 580.196 1364.56  
33914.7 33623.5 42470.7 29379.8 72406.4  1235.18 1495.1 1464.85 1352.61 2309.79  48.3934 78.426 62.4291 64.7157 81.0245  1.67248 2.7963 1.90503 2.69855 2.64932  0.0653925 0.146828 0.0816964 0.128195 0.0931633  
16835.6 16730.1 21058.1 14616.3 35871.9  8687.13 8659.98 10934 7546.84 18565.7  4580.91 4592.48 5712.63 4032.59 9715.39  2443.44 2498.93 3013.51 2200.37 5096.67  1270.68 1294.45 1570.08 1144.16 2662.12  
16119.6 16179.4 20140.1 14085.2 34133.1  8673.69 8723.54 10822.8 7619.18 18348.7  4749.34 4728.54 5954.25 4147.43 10142.6  2591.06 2560.32 3237.59 2265.77 5551.15  1404.36 1383.12 1757.66 1228.28 3020.22  
19685.7 19649.8 24588.3 17151.4 41806.1  8684.19 8675.63 10820.5 7619.55 18434.5  3819.21 3841.13 4769.25 3374.48 8099.9  1681.28 1687.84 2137.18 1472.19 3612.93  742.499 745.345 937.369 656.487 1591.43  
34756.8 34830.6 43340.7 30385.9 73576.2  436.068 365.013 643.061 409.056 1193.71  7.09191 4.31854 15.9805 4.93622 29.7373  0.0737315 0.0593013 0.238324 0.064701 0.372125  0.00113753 0.000811506 0.00666136 0.000694545 0.00937544  
11929.2 11919.6 14943 10377.8 25362.8  7820.48 7869.21 9827.58 6827.82 16604.1  5241.82 5198.06 6516.65 4583.21 11154.8  3445.54 3425.82 4309.87 3009.54 7352.71  2283.93 2300.27 2848.25 2017.76 4833.3  
19685.7 19649.8 24588.3 17151.4 41806.1  8663.72 8613.32 10800.7 7577.99 18446.3  3810.52 3872.23 4807.42 3361.6 8084.17  1697.67 1697.52 2116.3 1504.1 3613.61  749.63 757.263 938.782 668.993 1593.3  
30823.2 30763.2 38683.2 26760.6 65649.5  3823.39 3851.83 4665.28 3491.67 8032.8  480.586 509.588 571.136 471.478 973.239  63.6545 65.3375 70.4359 65.9662 126.902  7.95639 8.74975 8.75178 8.82504 15.3192  
