5 100 5
11929.2 11919.6 14943 10377.8 25362.8  7895.07 7852.29 9847.1 6885.14 16795.8  5184.21 5206.48 6519.92 4527.4 11030.7  3432.8 3429.26 4304.27 3001.08 7316.96  2278.82 2292.18 2846.14 2009.53 4830.32  
11929.2 11919.6 14943 10377.8 25362.8  7877.74 7911.64 9817.59 6911.81 16660.3  5216.6 5215.02 6526.86 4561.06 11093.7  3442.98 3430.7 4318.24 3005.3 7350.35  2273.97 2278.49 2845.32 1998.39 4835.72  
11929.2 11919.6 14943 10377.8 25362.8  7886.33 7899.65 9857.46 6894.47 16732.6  5219.48 5187.79 6506.52 4560.74 11111.1  3454.59 3452.66 4295.78 3039.32 7325.09  2262.53 2274.62 2850.06 1982.47 4821.81  
11929.2 11919.6 14943 10377.8 25362.8  7895.07 7852.29 9847.1 6885.14 16795.8  5167.24 5214.99 6497.13 4525.88 10963  3466.87 3464.96 4310.52 3050.37 7350.52  2273.05 2277.27 2851.75 1993.55 4841.87  
11929.2 11919.6 14943 10377.8 25362.8  7858.85 7889.96 9849.19 6866.03 16679.6  5214.29 5200.06 6524.57 4552.34 11104.4  3463.19 3457.24 4300.51 3047.88 7341.97  2278.46 2274.95 2847.47 2000.08 4851.3  
11929.2 11919.6 14943 10377.8 25362.8  7838.29 7810.41 9855.76 6802.58 16738.6  5208.73 5189.15 6509.56 4548.66 11090.5  3468.42 3493.22 4285.96 3078.45 7295.4  2289.34 2303.2 2851.6 2023.04 4844.28  
11929.2 11919.6 14943 10377.8 25362.8  7877.74 7911.64 9817.59 6911.81 16660.3  5227.58 5214.1 6523.5 4573.41 11113.7  3431.02 3406.22 4310.96 2984.76 7347.57  2274.3 2287.1 2848.94 2001.15 4829.9  
11929.2 11919.6 14943 10377.8 25362.8  7820.48 7869.21 9827.58 6827.82 16604.1  5241.82 5198.06 6516.65 4583.21 11154.8  3445.54 3425.82 4309.87 3009.54 7352.71  2283.93 2300.27 2848.25 2017.76 4833.3  
11929.2 11919.6 14943 10377.8 25362.8  7902.92 7898.25 9852.38 6913.14 16762.8  5186.92 5159.7 6510.74 4511.74 11082.3  3432.69 3449.73 4308.36 3009.1 7296.75  2267.84 2289.29 2836.13 2002.04 4801.21  
11929.2 11919.6 14943 10377.8 25362.8  7902.92 7898.25 9852.38 6913.14 16762.8  5222.8 5210.4 6499.55 4578.84 11084  3417.16 3412.53 4309.41 2974.62 7310.12  2261.01 2284.73 2839.56 1991.14 4796.15  
16835.6 16730.1 21058.1 14616.3 35871.9  8751.07 8707.56 10926.3 7639.27 18632  4547.5 4577.21 5726.51 3984.46 9679.66  2428.95 2472.12 2995.18 2181.72 5079.77  1256.54 1278.98 1568.71 1122.61 2649.98  
16835.6 16730.1 21058.1 14616.3 35871.9  8789.74 8808.62 10996.3 7693.07 18663  4562.56 4554.74 5689.21 4007.87 9699.42  2400.65 2431.56 2993.24 2133.62 5067.68  1252.06 1281.19 1562.04 1122.65 2631.87  
16835.6 16730.1 21058.1 14616.3 35871.9  8687.13 8659.98 10934 7546.84 18565.7  4580.91 4592.48 5712.63 4032.59 9715.39  2443.44 2498.93 3013.51 2200.37 5096.67  1270.68 1294.45 1570.08 1144.16 2662.12  
16835.6 16730.1 21058.1 14616.3 35871.9  8751.07 8707.56 10926.3 7639.27 18632  4612.39 4668.38 5740.98 4088.62 9720.01  2367.29 2384.7 2985.1 2080.44 5046.15  1262.78 1291.68 1566.62 1136.5 2645.97  
16835.6 16730.1 21058.1 14616.3 35871.9  8751.07 8707.56 10926.3 7639.27 18632  4583.9 4615.81 5740.38 4033.76 9722.64  2413.08 2461.07 2998.26 2158.41 5063.75  1246.76 1266 1560.65 1110.34 2637.08  
16835.6 16730.1 21058.1 14616.3 35871.9  8693.13 8646.76 10914.6 7556.26 18573.7  4574.9 4605.71 5732.07 4023.17 9707.41  2439.28 2488.24 3017.37 2188.67 5104.39  1269.14 1301.79 1571.92 1145.2 2652.53  
16835.6 16730.1 21058.1 14616.3 35871.9  8795.97 8794.9 10976.1 7702.84 18671.3  4580.01 4593.38 5706.65 4036.06 9707.31  2387.75 2412.56 2985.06 2115.29 5055.45  1240.08 1261.95 1564.17 1099.74 2631.89  
16835.6 16730.1 21058.1 14616.3 35871.9  8795.97 8794.9 10976.1 7702.84 18671.3  4580.01 4593.38 5706.65 4036.06 9707.31  2361.36 2378.92 2977.75 2075.29 5033.48  1257.47 1283.12 1564.93 1127.65 2643.35  
16835.6 16730.1 21058.1 14616.3 35871.9  8772.66 8730.9 10892 7690.15 18613.6  4540.42 4559.29 5732.7 3965.68 9692.63  2406.93 2452.81 3023.47 2134.89 5086.09  1265.69 1300.46 1578.73 1137.52 2653.99  
16835.6 16730.1 21058.1 14616.3 35871.9  8693.13 8646.76 10914.6 7556.26 18573.7  4629.23 4663.7 5735.97 4105.81 9754.05  2408.3 2461.02 3017.04 2143.65 5073.05  1252.57 1266.64 1552.47 1120.78 2639.74  
33914.7 33623.5 42470.7 29379.8 72406.4  1237.58 1508.37 1478.84 1353.13 2315.92  45.9507 65.1537 48.7607 63.8669 75.1115  1.69771 2.79283 1.60491 2.98703 2.4338  0.0743935 0.154466 0.0639187 0.170159 0.0884038  
33914.7 33623.5 42470.7 29379.8 72406.4  1237.58 1508.37 1478.84 1353.13 2315.92  46.1917 65.5196 48.7524 64.4726 75.248  1.46631 2.43977 1.60805 2.4153 2.30053  0.0655898 0.142531 0.0685786 0.139542 0.0855197  
33914.7 33623.5 42470.7 29379.8 72406.4  1228.58 1493.36 1472.39 1338.26 2306.52  54.2188 78.7095 54.7348 77.1756 83.8524  2.42673 4.24114 2.07424 4.54012 3.0878  0.0796187 0.155255 0.0654015 0.178588 0.0962452  
33914.7 33623.5 42470.7 29379.8 72406.4  1243.21 1512.26 1473.68 1365.77 2317.86  40.1583 60.8276 53.5473 51.1211 72.8254  1.86812 3.23108 1.97186 3.12135 2.783  0.068617 0.146636 0.0693696 0.144933 0.0896873  
33914.7 33623.5 42470.7 29379.8 72406.4  1244.03 1516.77 1478.43 1365.94 2319.94  39.377 56.5605 48.974 50.9557 70.8196  1.8186 2.9796 1.79771 3.07387 2.69638  0.0803799 0.156915 0.067114 0.177419 0.0985177  
33914.7 33623.5 42470.7 29379.8 72406.4  1235.18 1495.1 1464.85 1352.61 2309.79  48.3934 78.426 62.4291 64.7157 81.0245  1.67248 2.7963 1.90503 2.69855 2.64932  0.0653925 0.146828 0.0816964 0.128195 0.0931633  
33914.7 33623.5 42470.7 29379.8 72406.4  1237.64 1501.58 1471.45 1354.65 2314.86  45.5976 70.8116 55.5505 61.8021 75.8601  1.98544 3.84321 2.1754 3.49338 2.73871  0.0880631 0.221646 0.0935477 0.198102 0.102278  
33914.7 33623.5 42470.7 29379.8 72406.4  1229.42 1491.05 1469.71 1339.93 2307.48  53.4546 80.7745 57.2045 75.6979 82.9625  2.35753 4.47453 2.27164 4.36264 3.02292  0.0747896 0.166606 0.0748192 0.16328 0.0923013  
33914.7 33623.5 42470.7 29379.8 72406.4  1226.22 1480.34 1458.67 1337.75 2300.5  57.1509 92.1991 68.023 79.2496 90.1061  1.86426 3.72962 2.46866 3.00855 2.84781  0.0726949 0.19437 0.106067 0.141521 0.100514  
33914.7 33623.5 42470.7 29379.8 72406.4  1240.71 1505.66 1466.96 1363.69 2312.7  43.1371 67.9177 60.0358 54.3091 78.2959  1.40985 2.77259 2.19713 2.06271 2.481  0.0519828 0.119376 0.0724327 0.0963411 0.0801015  
30823.2 30763.2 38683.2 26760.6 65649.5  3819.37 3875.22 4670.6 3496.52 8003.38  486.933 487.524 567.046 469.235 1007.02  61.4479 64.2987 69.5184 63.4587 122.798  7.94016 8.5183 8.48388 8.85753 15.2479  
30823.2 30763.2 38683.2 26760.6 65649.5  3847.07 3895.92 4666.05 3539.06 8030.46  462.248 472.417 571.687 433.07 979.642  58.8768 59.7975 69.4858 58.2023 122.822  7.50205 7.57055 8.44633 7.82333 15.4045  
30823.2 30763.2 38683.2 26760.6 65649.5  3832.55 3879.91 4674.45 3510.84 8028.37  477.901 486.136 563.455 461.186 986.758  57.362 61.1999 69.0911 57.503 117.776  7.83554 8.34269 8.64512 8.51322 15.4223  
30823.2 30763.2 38683.2 26760.6 65649.5  3823.39 3851.83 4665.28 3491.67 8032.8  480.586 509.588 571.136 471.478 973.239  63.6545 65.3375 70.4359 65.9662 126.902  7.95639 8.74975 8.75178 8.82504 15.3192  
30823.2 30763.2 38683.2 26760.6 65649.5  3826.11 3845.9 4656.87 3496.08 8036.39  484.394 518.032 578.111 476.611 978.234  57.947 63.919 71.813 58.0211 118.682  7.286 7.81771 8.81954 7.49384 15.069  
30823.2 30763.2 38683.2 26760.6 65649.5  3832.55 3879.91 4674.45 3510.84 8028.37  472.828 482.952 563.485 453.805 980.33  62.0411 64.1165 69.2085 64.1547 123.903  8.20811 8.58651 8.52216 9.18225 15.7347  
30823.2 30763.2 38683.2 26760.6 65649.5  3832.55 3879.91 4674.45 3510.84 8028.37  476.555 486.979 564.772 459.365 984.53  59.1278 60.6885 68.1038 59.7816 120.824  7.51685 8.04953 8.34277 8.18364 14.786  
30823.2 30763.2 38683.2 26760.6 65649.5  3843.29 3873.2 4663.53 3524.74 8046.35  467.95 494.977 573.643 449.671 967.273  57.269 59.5744 69.9032 56.1532 120.192  7.27138 7.94927 8.57101 7.69693 14.6497  
30823.2 30763.2 38683.2 26760.6 65649.5  3832.55 3879.91 4674.45 3510.84 8028.37  472.619 485.126 563.089 454.97 977.07  62.4957 62.6756 69.6583 63.6666 126.895  8.00623 7.9802 8.46403 8.6394 15.9444  
30823.2 30763.2 38683.2 26760.6 65649.5  3847.07 3895.92 4666.05 3539.06 8030.46  462.994 474.445 570.93 435.348 978.043  58.6951 58.246 69.9495 56.9898 124.704  7.01755 7.11147 8.69432 6.89181 15.2148  
20362.7 20203 25364.7 17715.6 43318.4  8587.1 8628.9 10773.2 7525.11 18245.4  3614.94 3653.2 4530.74 3196.85 7664.36  1518.31 1551.04 1923.16 1347.63 3225.2  645.769 667.511 806.692 585.773 1353.67  
20362.7 20203 25364.7 17715.6 43318.4  8549.29 8551.61 10610.8 7530.47 18094.8  3643.01 3713.16 4617.85 3210.87 7739.71  1523.93 1560.94 1966.63 1336.57 3268.82  648.341 674.943 834.053 578.103 1377.78  
20362.7 20203 25364.7 17715.6 43318.4  8535.47 8516.77 10627.7 7490.76 18124.5  3621.33 3675.58 4587.69 3185.64 7708.05  1543.31 1604.78 1977.79 1371.9 3268.47  654.724 686.525 834.001 590.285 1377.36  
20362.7 20203 25364.7 17715.6 43318.4  8581.03 8642.38 10793 7515.57 18237.4  3604.62 3630.51 4527.23 3176.7 7666.33  1537.26 1574.04 1913.95 1383.12 3227.86  641.599 658.039 810.337 574.845 1359.73  
20362.7 20203 25364.7 17715.6 43318.4  8595.66 8679.45 10779 7555.72 18209.6  3616.16 3639.55 4521.07 3196.28 7673.34  1518.4 1543.23 1931.69 1339.7 3243.32  637.879 647.033 799.187 571.318 1353.79  
20362.7 20203 25364.7 17715.6 43318.4  8548.72 8568.17 10757.8 7463.94 18222.9  3613.74 3646.44 4513.18 3200.92 7651.35  1543.92 1589.19 1929.99 1389.22 3239.74  653.842 684.328 821.627 594.725 1365.8  
20362.7 20203 25364.7 17715.6 43318.4  8564.32 8566.09 10690.5 7512.71 18189  3628.11 3689.21 4578.33 3203.98 7697.01  1522.87 1561.77 1937.31 1350.47 3236.13  646.01 672.101 822.435 580.196 1364.56  
20362.7 20203 25364.7 17715.6 43318.4  8548.72 8568.17 10757.8 7463.94 18222.9  3617.61 3650.85 4492.51 3217.67 7633.28  1536.48 1577.53 1930.43 1375.56 3238.63  657.218 694.717 841.375 593.168 1380.62  
20362.7 20203 25364.7 17715.6 43318.4  8595.66 8679.45 10779 7555.72 18209.6  3596.45 3602.37 4473.32 3181.92 7628.39  1524.04 1551.21 1952.96 1338.69 3266.77  649.526 670.531 822.956 582.782 1374.19  
20362.7 20203 25364.7 17715.6 43318.4  8581.03 8642.38 10793 7515.57 18237.4  3618.46 3645.48 4519.33 3202.34 7669.05  1510.77 1527.85 1892.84 1343.84 3206.13  645.472 666.17 814.637 580.714 1362.36  
34756.8 34830.6 43340.7 30385.9 73576.2  437.508 363.332 651.801 405.93 1210.05  5.63919 5.9603 7.4045 7.94559 13.5957  0.085252 0.098098 0.0801287 0.177199 0.177359  0.00206246 0.00140055 0.00160137 0.00441961 0.00499034  
34756.8 34830.6 43340.7 30385.9 73576.2  435.679 364.522 650.383 405.28 1201.71  7.46051 4.81782 8.74359 8.67279 21.731  0.0927686 0.0509513 0.15713 0.102224 0.382951  0.0022634 0.000731206 0.00344299 0.00252958 0.0109804  
34756.8 34830.6 43340.7 30385.9 73576.2  436.55 363.399 652.086 404.829 1207.8  6.58253 5.9125 7.01058 9.12952 15.6506  0.10073 0.0788247 0.188313 0.0967727 0.380879  0.00154513 0.00128528 0.00206107 0.002166 0.00508453  
34756.8 34830.6 43340.7 30385.9 73576.2  435.679 364.522 650.383 405.28 1201.71  7.46892 4.81014 8.78576 8.6507 21.8322  0.0856797 0.0586457 0.116098 0.125562 0.287896  0.000985551 0.000717595 0.00233705 0.00131539 0.00498142  
34756.8 34830.6 43340.7 30385.9 73576.2  436.068 365.013 643.061 409.056 1193.71  7.09191 4.31854 15.9805 4.93622 29.7373  0.0737315 0.0593013 0.238324 0.064701 0.372125  0.00113753 0.000811506 0.00666136 0.000694545 0.00937544  
34756.8 34830.6 43340.7 30385.9 73576.2  438.132 364.868 646.578 409.693 1203.17  5.04546 4.46889 12.5396 4.30134 20.3905  0.0569212 0.0546992 0.167205 0.0617988 0.26907  0.000783419 0.000658044 0.0021797 0.00106963 0.00413315  
34756.8 34830.6 43340.7 30385.9 73576.2  437.508 363.332 651.801 405.93 1210.05  5.66065 5.98526 7.3423 8.04151 13.5454  0.0646744 0.0736961 0.141322 0.0841274 0.227356  0.0011913 0.000848507 0.00259743 0.00157946 0.00527219  
34756.8 34830.6 43340.7 30385.9 73576.2  435.155 365.076 647.464 406.273 1196.15  7.96818 4.26381 11.6678 7.65012 27.2579  0.110063 0.0509405 0.153132 0.131082 0.41735  0.00173096 0.000837783 0.00166846 0.00298609 0.00562905  
34756.8 34830.6 43340.7 30385.9 73576.2  433.425 364.626 642.753 406.141 1187.27  9.57487 4.69748 16.1808 7.72131 35.5392  0.231512 0.0677981 0.349462 0.191288 1.01352  0.00303971 0.00109879 0.00384624 0.00381033 0.0114476  
34756.8 34830.6 43340.7 30385.9 73576.2  433.425 364.626 642.753 406.141 1187.27  9.65804 4.70233 16.0777 7.83138 35.663  0.149848 0.0631894 0.449559 0.0839632 0.889895  0.00155324 0.000863249 0.00680527 0.00109566 0.0112679  
19685.7 19649.8 24588.3 17151.4 41806.1  8645.28 8653.76 10860.4 7549.13 18421.6  3814.58 3833.26 4780.31 3359.9 8110.9  1705.71 1696.72 2098.17 1521.07 3612.45  748.983 759.539 935.114 671.213 1585.69  
19685.7 19649.8 24588.3 17151.4 41806.1  8684.19 8675.63 10820.5 7619.55 18434.5  3819.21 3841.13 4769.25 3374.48 8099.9  1681.28 1687.84 2137.18 1472.19 3612.93  742.499 745.345 937.369 656.487 1591.43  
19685.7 19649.8 24588.3 17151.4 41806.1  8629.54 8680.24 10837.3 7557.9 18334.7  3838.69 3845.42 4771.54 3395.2 8136.54  1701.04 1675.33 2115.93 1496.61 3646.7  749.933 755.236 938.73 668.315 1596.25  
19685.7 19649.8 24588.3 17151.4 41806.1  8663.72 8613.32 10800.7 7577.99 18446.3  3810.52 3872.23 4807.42 3361.6 8084.17  1697.67 1697.52 2116.3 1504.1 3613.61  749.63 757.263 938.782 668.993 1593.3  
19685.7 19649.8 24588.3 17151.4 41806.1  8684.19 8675.63 10820.5 7619.55 18434.5  3820.67 3823.95 4773.42 3365.39 8127.36  1680.57 1689.75 2124.17 1478.92 3595.99  738.726 751.868 945.643 651.71 1584.3  
19685.7 19649.8 24588.3 17151.4 41806.1  8668.82 8702.53 10796.8 7629.2 18347.3  3820.97 3827.13 4813.56 3347.05 8164.89  1690.08 1678.05 2121.78 1483.94 3626.99  745.136 746.992 939.178 659.083 1596.7  
19685.7 19649.8 24588.3 17151.4 41806.1  8668.82 8702.53 10796.8 7629.2 18347.3  3801.51 3806.17 4815.85 3315.8 8152.29  1699.73 1692.33 2124.39 1499.38 3632.41  747.682 753.14 934.903 666.837 1590.32  
19685.7 19649.8 24588.3 17151.4 41806.1  8615.63 8643.3 10851.5 7518.37 18364.5  3835.02 3815.94 4779.88 3372.14 8172.54  1711.84 1729.85 2102.64 1541.7 3590.55  751.898 759.805 936.618 673.575 1592.79  
19685.7 19649.8 24588.3 17151.4 41806.1  8675.19 8688.58 10776.2 7639.16 18355.8  3801.92 3790.94 4821.96 3305.71 8177.44  1700.07 1713.18 2125.74 1509.41 3609.72  747.166 754.163 942.064 663.204 1595.3  
19685.7 19649.8 24588.3 17151.4 41806.1  8675.19 8688.58 10776.2 7639.16 18355.8  3824.24 3833.9 4793.83 3363.5 8143.66  1683.49 1684.67 2148.23 1467.4 3632.49  743.913 751.655 941.85 658.774 1591.43  
3163.8 3164.78 3940.72 2765.36 6699.69  2881.99 2872.41 3588.76 2515.3 6115.09  2615.34 2619.46 3275.06 2280.51 5553.43  2381.68 2373.57 2983.3 2071.27 5072.74  2164.71 2174.27 2702.08 1896.37 4581.52  
3163.8 3164.78 3940.72 2765.36 6699.69  2860.56 2878.24 3579.72 2501.08 6055.31  2612 2614.92 3232.27 2296.38 5508.43  2374.65 2381.13 2983.11 2068 5049.24  2170.79 2160.53 2719.87 1886.81 4628.28  
3163.8 3164.78 3940.72 2765.36 6699.69  2876.9 2881.31 3580.9 2518.49 6086.17  2618.7 2602.96 3272.33 2277.14 5577.03  2383.38 2388.05 2968.29 2087.67 5043.82  2159.53 2167.7 2713.08 1882.37 4589.9  
3163.8 3164.78 3940.72 2765.36 6699.69  2870.75 2881.83 3582.79 2511.59 6074.94  2619.26 2609.98 3243.67 2295.56 5540.71  2385.63 2383.54 2965 2089.36 5050.4  2169.65 2172.99 2705.63 1898.94 4596.7  
3163.8 3164.78 3940.72 2765.36 6699.69  2868.1 2873.05 3549.46 2521.31 6046.03  2616.59 2619.4 3278.59 2279.97 5559.61  2384.5 2369.83 2981.04 2073.42 5080.65  2163.59 2167.93 2680.31 1903.03 4564.59  
3163.8 3164.78 3940.72 2765.36 6699.69  2875.02 2864.67 3600.16 2498.72 6121.65  2615.97 2620.15 3274.04 2281.99 5552.84  2388.02 2380.62 2972.93 2086.37 5066.78  2161.1 2171.19 2682.19 1901.19 4557.56  
3163.8 3164.78 3940.72 2765.36 6699.69  2869.09 2865.17 3601.98 2492.06 6110.81  2611.24 2616.09 3230.31 2297.19 5503.51  2378.28 2374.94 2987.65 2066.33 5068.63  2172.78 2171.22 2697.93 1905.1 4597.32  
3163.8 3164.78 3940.72 2765.36 6699.69  2868.1 2873.05 3549.46 2521.31 6046.03  2619.49 2603.7 3275.15 2276.89 5580.64  2384.1 2388.72 2970.84 2087.44 5047.08  2165.37 2174.27 2706.7 1894.71 4587.54  
3163.8 3164.78 3940.72 2765.36 6699.69  2881.99 2872.41 3588.76 2515.3 6115.09  2620.01 2618.76 3253.87 2295.52 5542.22  2385.31 2383.81 2981.33 2080.99 5066.03  2161.97 2166.79 2679 1901.49 4561.3  
3163.8 3164.78 3940.72 2765.36 6699.69  2879.01 2876.69 3574.06 2521.78 6088.98  2615.61 2619.07 3276.38 2279.93 5555.77  2381.92 2373.23 2984.5 2070.75 5074.88  2162.94 2167.33 2678.03 1903.24 4561.63  
16119.6 16179.4 20140.1 14085.2 34133.1  8705.24 8734.61 10832.3 7651.76 18409.6  4765.54 4720.92 5940.57 4166.8 10171.3  2577.44 2554.4 3251.07 2242.43 5544.31  1388.75 1384.25 1753.42 1215.19 2982.5  
16119.6 16179.4 20140.1 14085.2 34133.1  8673.69 8723.54 10822.8 7619.18 18348.7  4730.7 4722.6 5913.39 4146.09 10069.6  2598.11 2548.24 3273.86 2248.76 5617.54  1408.86 1383.36 1769.28 1227.07 3041.18  
16119.6 16179.4 20140.1 14085.2 34133.1  8724.28 8733.03 10826.5 7673.14 18444.5  4756.79 4721.65 5943.23 4156.97 10155.3  2574.57 2550.76 3246.45 2240.02 5538.15  1386.86 1384.22 1764.16 1207.97 2989.64  
16119.6 16179.4 20140.1 14085.2 34133.1  8673.69 8723.54 10822.8 7619.18 18348.7  4749.34 4728.54 5954.25 4147.43 10142.6  2591.06 2560.32 3237.59 2265.77 5551.15  1404.36 1383.12 1757.66 1228.28 3020.22  
16119.6 16179.4 20140.1 14085.2 34133.1  8733.82 8694.85 10965.3 7594.17 18651.1  4720.51 4741.78 5854.07 4175.27 9966.38  2575.25 2552.58 3235.6 2246.87 5526.2  1402.77 1389.23 1742.18 1237.48 2993.83  
16119.6 16179.4 20140.1 14085.2 34133.1  8717.91 8721.44 10941.9 7602.99 18563.1  4764.66 4719.94 5914.91 4178.47 10144.6  2562.33 2550.41 3218.39 2241.41 5484.84  1378.42 1387.15 1724.64 1220.54 2928.66  
16119.6 16179.4 20140.1 14085.2 34133.1  8675.35 8698.5 10917.9 7560.68 18479  4762.76 4718.51 5947.75 4159.06 10176  2574.22 2573.27 3175.29 2286.66 5437.63  1409.24 1390.81 1741.41 1245.22 3004.35  
16119.6 16179.4 20140.1 14085.2 34133.1  8707.86 8734.51 10897.4 7621.64 18481.6  4765.83 4721.4 5946.37 4164.55 10177.3  2573.39 2558.1 3205.43 2263.01 5484.93  1384.32 1380.66 1740.36 1215.47 2964.39  
16119.6 16179.4 20140.1 14085.2 34133.1  8705.24 8734.61 10832.3 7651.76 18409.6  4765.54 4720.92 5940.57 4166.8 10171.3  2567.74 2543.94 3257 2224.56 5542.98  1390.86 1387.1 1737.81 1226.48 2967.49  
16119.6 16179.4 20140.1 14085.2 34133.1  8748.41 8732.14 10951.1 7634.48 18622  4715.26 4724.59 5895.71 4140.46 10018.5  2563.32 2554.99 3202.96 2252.48 5465.41  1396.13 1381.48 1728.74 1233.68 2975.64  
29170.7 29070 36444.7 25387.3 62014.6  4970.62 5071.56 6251.76 4442.37 10530.4  877.406 876.506 1072.54 804.938 1859.41  150.134 149.772 191.13 136.115 328.128  25.7718 26.4957 33.0685 24.0593 55.9621  
29170.7 29070 36444.7 25387.3 62014.6  4957.62 5020.35 6255.94 4401.32 10567.7  887.013 910.923 1071.55 832.279 1837.74  152.946 163.598 188.482 147.403 315.183  26.2562 28.9473 32.6161 26.0553 53.757  
29170.7 29070 36444.7 25387.3 62014.6  4971.23 5011.72 6241.54 4418.53 10590.7  872.382 914.214 1085.29 811.559 1817.92  152.991 167.059 189.091 148.877 311.937  27.0491 30.6283 32.6341 27.797 53.5553  
29170.7 29070 36444.7 25387.3 62014.6  4957.62 5020.35 6255.94 4401.32 10567.7  883.054 904.527 1070.06 825.513 1835.48  156.494 169.588 189.466 153.792 316.581  26.4933 29.3784 32.9809 26.3259 54.1169  
29170.7 29070 36444.7 25387.3 62014.6  4990.33 5032.39 6230.61 4454.19 10594.5  861.965 907.566 1094.45 793.095 1814.33  145.847 154.89 189.627 135.013 311.682  25.8487 29.0453 33.5727 25.1536 53.7568  
29170.7 29070 36444.7 25387.3 62014.6  4957.62 5020.35 6255.94 4401.32 10567.7  889.106 917.531 1073.54 836.843 1836.57  151.317 159.078 185.824 144.789 314.322  25.7592 26.9126 32.9577 24.2817 55.3465  
29170.7 29070 36444.7 25387.3 62014.6  4979.69 5056.05 6265.09 4437.22 10580.3  865.291 888.49 1067.63 800.598 1816.14  152.921 153.332 183.92 144.702 322.111  25.9779 26.5901 32.0454 24.8719 55.2417  
29170.7 29070 36444.7 25387.3 62014.6  4998.85 5053.69 6221.9 4478.05 10578.2  847.301 881.447 1104.11 760.004 1824.34  151.268 160.697 190.152 143.167 316.8  26.2903 27.9085 32.3499 25.6938 54.6946  
29170.7 29070 36444.7 25387.3 62014.6  4993.27 5084.59 6228.4 4484.29 10537.6  857.094 865.945 1098.87 765.127 1857.17  147.784 148.001 189.113 133.852 323.255  25.82 26.0343 32.0422 24.4125 55.5578  
29170.7 29070 36444.7 25387.3 62014.6  4993.27 5084.59 6228.4 4484.29 10537.6  853.687 852.185 1092.83 757.792 1860.41  151.124 159.992 192.615 141.536 319.439  25.7424 27.148 34.2748 23.7388 56.3014  
