4 66 3
8704.54 2759 5494.16 5972.15  6725.56 2120.95 4233.9 4586.45  5181.53 1634.16 3265.24 3536.13  
14326.1 4554.26 9036.33 9873.13  8927.84 2826.83 5647.88 6123.57  5489.32 1739.58 3453.21 3780.46  
36028.6 11369.7 22659.3 24578.8  1857.47 593.367 1250.5 1336.49  107.66 34.7215 84.54 79.5129  
3786.07 1199.45 2391.77 2595.29  3408.42 1075.98 2159.15 2323.61  3057.19 970.054 1939.16 2100  
8704.54 2759 5494.16 5972.15  6703.83 2121.04 4215.16 4594.83  5176.39 1631.41 3284.31 3524.03  
36028.6 11369.7 22659.3 24578.8  1870.26 595.759 1269.06 1338.06  95.6299 32.3818 67.2825 77.708  
8704.54 2759 5494.16 5972.15  6659.7 2118.08 4194.07 4598.01  5148.71 1630.46 3236.3 3536.65  
33602.1 10655.8 21125.3 23089.6  3903.64 1190.65 2536.07 2571.21  434.951 136.034 296.301 300.779  
7949.93 2502.77 5032.74 5396.85  6224.42 1967.34 3965.89 4247.5  4957.43 1564.22 3142.49 3380.59  
13602.6 4296.58 8631.88 9274.81  8681.54 2750.78 5514.66 5954.7  5646.86 1776.43 3541.81 3848.82  
8704.54 2759 5494.16 5972.15  6659.7 2118.08 4194.07 4598.01  5186.5 1632.09 3289.16 3523.3  
36028.6 11369.7 22659.3 24578.8  1869.25 596.521 1271.73 1340.19  96.225 31.7537 64.361 76.1995  
13640.2 4309.46 8573.89 9322.17  8720.13 2766.44 5511.64 5998.48  5598.53 1771.3 3542.35 3841.02  
7949.93 2502.77 5032.74 5396.85  6266.3 1983.94 3977.79 4290.22  4926.43 1556.37 3134.16 3363.03  
3786.07 1199.45 2391.77 2595.29  3402.13 1079.21 2144.58 2338.31  3057.81 969.732 1940.62 2098.54  
7172.57 2276.68 4516.2 4933.88  5831.96 1845.65 3693.11 3992.13  4722.38 1495.59 2977.67 3241.07  
24272.7 7627.46 15301.6 16447.7  8773.44 2784.69 5546.83 6059.05  3166.11 1011.23 2009.71 2215.78  
3786.07 1199.45 2391.77 2595.29  3415.1 1077.78 2149.43 2330.33  3064.29 970.268 1927.05 2102.14  
8704.54 2759 5494.16 5972.15  6646.35 2117.81 4197.47 4598.78  5196.8 1636.95 3280.54 3538.86  
8704.54 2759 5494.16 5972.15  6725.09 2117.66 4249.81 4572.49  5177.49 1630.57 3250.23 3528.79  
3786.07 1199.45 2391.77 2595.29  3408.42 1075.98 2159.15 2323.61  3057.19 970.054 1939.16 2100  
7949.93 2502.77 5032.74 5396.85  6224.42 1967.34 3965.89 4247.5  4982.47 1566.7 3141.89 3384.17  
3786.07 1199.45 2391.77 2595.29  3408.42 1075.98 2159.15 2323.61  3057.19 970.054 1939.16 2100  
13602.6 4296.58 8631.88 9274.81  8716.45 2766.38 5516.19 5997.89  5621.56 1760.95 3537.26 3805.03  
13602.6 4296.58 8631.88 9274.81  8762.02 2770.89 5515.09 6004.4  5621.06 1767.01 3534.26 3825.14  
7949.93 2502.77 5032.74 5396.85  6224.42 1967.34 3965.89 4247.5  4982.47 1566.7 3141.89 3384.17  
36028.6 11369.7 22659.3 24578.8  1870.26 595.759 1269.06 1338.06  95.6299 32.3818 67.2825 77.708  
3786.07 1199.45 2391.77 2595.29  3402.13 1079.21 2144.58 2338.31  3039.29 968.649 1919.44 2103.15  
3786.07 1199.45 2391.77 2595.29  3416.73 1074.76 2153.01 2319.64  3058.14 967.467 1942.92 2090.75  
8704.54 2759 5494.16 5972.15  6703.83 2121.04 4215.16 4594.83  5125.4 1631.72 3241.38 3543.72  
13602.6 4296.58 8631.88 9274.81  8716.45 2766.38 5516.19 5997.89  5605.55 1767.99 3541.94 3829.28  
36028.6 11369.7 22659.3 24578.8  1870.26 595.759 1269.06 1338.06  95.6299 32.3818 67.2825 77.708  
13640.2 4309.46 8573.89 9322.17  8727.46 2744.22 5478.12 5933.96  5560.82 1767.29 3508.15 3842.58  
24272.7 7627.46 15301.6 16447.7  8766.54 2777.38 5527.85 6041.23  3163.26 1010.22 2019.57 2210.64  
36028.6 11369.7 22659.3 24578.8  1868.78 594.182 1264.7 1334.07  97.0247 34.2326 72.0565 82.5715  
7172.57 2276.68 4516.2 4933.88  5822.77 1838.63 3653.04 3980.43  4654.18 1484.77 2934.16 3228.51  
7949.93 2502.77 5032.74 5396.85  6252.55 1959.46 3957.06 4219.38  4975.42 1562.35 3126.74 3374.96  
3786.07 1199.45 2391.77 2595.29  3404.07 1077.82 2139.92 2334.59  3065.38 970.264 1928 2101.72  
36028.6 11369.7 22659.3 24578.8  1870.26 595.759 1269.06 1338.06  95.9085 32.6012 67.8409 78.2868  
33602.1 10655.8 21125.3 23089.6  3835.74 1184.13 2489.74 2571.69  496.407 142.361 340.271 301.195  
33602.1 10655.8 21125.3 23089.6  3835.74 1184.13 2489.74 2571.69  496.407 142.361 340.271 301.195  
33602.1 10655.8 21125.3 23089.6  3903.64 1190.65 2536.07 2571.21  434.951 136.034 296.301 300.779  
7172.57 2276.68 4516.2 4933.88  5777.57 1840.81 3650.71 3995.93  4748.06 1496.41 2998.8 3234.35  
3786.07 1199.45 2391.77 2595.29  3408.42 1075.98 2159.15 2323.61  3046.95 970.091 1930.68 2103.85  
33602.1 10655.8 21125.3 23089.6  3867.94 1192.22 2520.78 2585.46  464.819 133.702 306.949 285.946  
13602.6 4296.58 8631.88 9274.81  8629.9 2739.12 5496.89 5930.77  5606.94 1777.56 3536.31 3860.72  
8704.54 2759 5494.16 5972.15  6703.83 2121.04 4215.16 4594.83  5173.66 1636.01 3279.03 3540.34  
3786.07 1199.45 2391.77 2595.29  3404.07 1077.82 2139.92 2334.59  3065.38 970.264 1928 2101.72  
8704.54 2759 5494.16 5972.15  6720.18 2115.31 4219.14 4572.79  5166.01 1635.52 3254.14 3545.73  
33602.1 10655.8 21125.3 23089.6  3906.79 1193.83 2544.93 2578.94  431.071 133.382 289.422 294.48  
36028.6 11369.7 22659.3 24578.8  1869.25 596.521 1271.73 1340.19  96.4589 32.018 65.0593 76.9053  
8704.54 2759 5494.16 5972.15  6698.35 2115.31 4200.14 4580.94  5170.99 1635.52 3258.47 3543.86  
13640.2 4309.46 8573.89 9322.17  8672.71 2755.39 5459.95 5983.35  5636.61 1770.15 3582.31 3821.66  
13602.6 4296.58 8631.88 9274.81  8766.26 2763.09 5524.04 5976.73  5593.28 1761.92 3537.07 3813.13  
3786.07 1199.45 2391.77 2595.29  3404.07 1077.82 2139.92 2334.59  3057.62 969.87 1941.08 2098.91  
14326.1 4554.26 9036.33 9873.13  8897.89 2822.5 5644.56 6115.84  5489.17 1740.99 3457.31 3784.02  
24272.7 7627.46 15301.6 16447.7  8704.58 2749.35 5530.51 5961.88  3183.99 1016.74 2003.38 2231.02  
36028.6 11369.7 22659.3 24578.8  1863.11 597.477 1261.27 1346.67  102.574 31.107 75.2455 70.619  
7172.57 2276.68 4516.2 4933.88  5827.54 1843.61 3666.1 3992.5  4738.59 1495.88 2995.88 3235  
36028.6 11369.7 22659.3 24578.8  1868.23 598.216 1269.63 1346.38  97.4994 30.16 66.6252 70.2488  
7172.57 2276.68 4516.2 4933.88  5831.96 1845.65 3693.11 3992.13  4722.38 1495.59 2977.67 3241.07  
3786.07 1199.45 2391.77 2595.29  3397.43 1074.38 2157.93 2320.76  3058.28 970.214 1939.29 2100.28  
36028.6 11369.7 22659.3 24578.8  1863.71 593.4 1256.33 1334.22  102.078 34.8758 80.055 82.0384  
7172.57 2276.68 4516.2 4933.88  5824.22 1845.99 3674.09 3998.87  4694.21 1485.45 2942.52 3221.67  
13640.2 4309.46 8573.89 9322.17  8672.71 2755.39 5459.95 5983.35  5618.67 1772.98 3553.07 3840.32  
14326.1 4554.26 9036.33 9873.13  8794.81 2803.87 5551.48 6095.72  5622.08 1762.54 3549.68 3808.32  
