4 200 3
14326.1 4554.26 9036.33 9873.13  8927.85 2822.39 5669.38 6104.64  5571.9 1755.51 3505.25 3804.94  
14326.1 4554.26 9036.33 9873.13  8897.89 2822.5 5644.56 6115.84  5581.81 1748.47 3494.48 3783.17  
14326.1 4554.26 9036.33 9873.13  8943.14 2815.9 5611.1 6094.33  5569.26 1755.7 3519.56 3802.77  
14326.1 4554.26 9036.33 9873.13  8873.68 2819.24 5607.5 6118.06  5581.35 1756.49 3531.36 3800.46  
14326.1 4554.26 9036.33 9873.13  8873.68 2819.24 5607.5 6118.06  5581.4 1753.73 3544.81 3788.72  
14326.1 4554.26 9036.33 9873.13  8794.81 2803.87 5551.48 6095.72  5622.08 1762.54 3549.68 3808.32  
14326.1 4554.26 9036.33 9873.13  8812.92 2804.23 5546.87 6094.68  5570.17 1757.45 3528.79 3805.92  
14326.1 4554.26 9036.33 9873.13  8943.14 2815.9 5611.1 6094.33  5521.45 1753.03 3504.76 3806.05  
14326.1 4554.26 9036.33 9873.13  8897.89 2822.5 5644.56 6115.84  5489.17 1740.99 3457.31 3784.02  
14326.1 4554.26 9036.33 9873.13  8812.92 2804.23 5546.87 6094.68  5585.44 1759.48 3552.13 3804.54  
14326.1 4554.26 9036.33 9873.13  8843.23 2814.83 5604.11 6110.2  5539.79 1750.69 3505.23 3795.14  
14326.1 4554.26 9036.33 9873.13  8843.23 2814.83 5604.11 6110.2  5603.82 1758.38 3529.84 3802.82  
14326.1 4554.26 9036.33 9873.13  8873.68 2819.24 5607.5 6118.06  5610.57 1756.59 3544.12 3792.82  
14326.1 4554.26 9036.33 9873.13  8896.69 2815.89 5590.48 6107.13  5489.54 1743.48 3477.36 3787.31  
14326.1 4554.26 9036.33 9873.13  8950.47 2823.54 5631.15 6112.81  5533.8 1752.17 3520.37 3797.67  
14326.1 4554.26 9036.33 9873.13  8943.14 2815.9 5611.1 6094.33  5584.25 1757.85 3542.76 3801.81  
14326.1 4554.26 9036.33 9873.13  8979.52 2823.42 5656.2 6101.66  5518.93 1750.41 3485.05 3802.63  
14326.1 4554.26 9036.33 9873.13  8927.84 2826.83 5647.88 6123.57  5489.32 1739.58 3453.21 3780.46  
14326.1 4554.26 9036.33 9873.13  8891.5 2819.59 5602.95 6117.04  5491.47 1742.08 3472.73 3783.57  
14326.1 4554.26 9036.33 9873.13  8943.14 2815.9 5611.1 6094.33  5573.54 1757.64 3545.5 3802.43  
3786.07 1199.45 2391.77 2595.29  3408.42 1075.98 2159.15 2323.61  3057.19 970.054 1939.16 2100  
3786.07 1199.45 2391.77 2595.29  3416.73 1074.76 2153.01 2319.64  3058.14 967.467 1942.92 2090.75  
3786.07 1199.45 2391.77 2595.29  3415.1 1077.78 2149.43 2330.33  3064.29 970.268 1927.05 2102.14  
3786.07 1199.45 2391.77 2595.29  3395.47 1079.08 2146.28 2338.7  3060.26 967.038 1943.59 2088.86  
3786.07 1199.45 2391.77 2595.29  3416.73 1074.76 2153.01 2319.64  3066.44 971.641 1940.89 2103.01  
3786.07 1199.45 2391.77 2595.29  3415.1 1077.78 2149.43 2330.33  3046.29 969.911 1931.64 2103.18  
3786.07 1199.45 2391.77 2595.29  3395.45 1077.39 2154.44 2331.47  3064.5 971.56 1930.76 2105.38  
3786.07 1199.45 2391.77 2595.29  3415.1 1077.78 2149.43 2330.33  3064.29 970.268 1927.05 2102.14  
3786.07 1199.45 2391.77 2595.29  3397.43 1074.38 2157.93 2320.76  3075.76 969.06 1942.05 2092.87  
3786.07 1199.45 2391.77 2595.29  3395.47 1079.08 2146.28 2338.7  3064.49 971.39 1931.56 2104.66  
3786.07 1199.45 2391.77 2595.29  3404.07 1077.82 2139.92 2334.59  3065.38 970.264 1928 2101.72  
3786.07 1199.45 2391.77 2595.29  3406.64 1079.01 2155.68 2334.37  3069.05 968.484 1943.75 2091.85  
3786.07 1199.45 2391.77 2595.29  3413.2 1079.14 2154.01 2333.99  3058.5 967.032 1942.82 2089.33  
3786.07 1199.45 2391.77 2595.29  3414.86 1076.11 2157.51 2323.24  3072.53 971.624 1938.94 2102.31  
3786.07 1199.45 2391.77 2595.29  3384.07 1077.43 2145.02 2335.75  3067.37 970.304 1927.49 2101.6  
3786.07 1199.45 2391.77 2595.29  3402.13 1079.21 2144.58 2338.31  3057.81 969.732 1940.62 2098.54  
3786.07 1199.45 2391.77 2595.29  3408.42 1075.98 2159.15 2323.61  3046.95 970.091 1930.68 2103.85  
3786.07 1199.45 2391.77 2595.29  3402.13 1079.21 2144.58 2338.31  3039.29 968.649 1919.44 2103.15  
3786.07 1199.45 2391.77 2595.29  3397.43 1074.38 2157.93 2320.76  3058.28 970.214 1939.29 2100.28  
3786.07 1199.45 2391.77 2595.29  3404.07 1077.82 2139.92 2334.59  3057.62 969.87 1941.08 2098.91  
13602.6 4296.58 8631.88 9274.81  8663.19 2735.58 5508.58 5910.88  5640.59 1771.94 3539.97 3835.88  
13602.6 4296.58 8631.88 9274.81  8629.9 2739.12 5496.89 5930.77  5606.94 1777.56 3536.31 3860.72  
13602.6 4296.58 8631.88 9274.81  8762.02 2770.89 5515.09 6004.4  5621.06 1767.01 3534.26 3825.14  
13602.6 4296.58 8631.88 9274.81  8766.26 2763.09 5524.04 5976.73  5529.05 1756.64 3521.05 3811.41  
13602.6 4296.58 8631.88 9274.81  8716.45 2766.38 5516.19 5997.89  5621.56 1760.95 3537.26 3805.03  
13602.6 4296.58 8631.88 9274.81  8681.54 2750.78 5514.66 5954.7  5646.86 1776.43 3541.81 3848.82  
13602.6 4296.58 8631.88 9274.81  8745.19 2770.56 5519.37 6005.36  5613.4 1769.13 3542.8 3831.32  
13602.6 4296.58 8631.88 9274.81  8746.37 2747.67 5517.78 5932.52  5594.84 1774.7 3541.37 3852.61  
13602.6 4296.58 8631.88 9274.81  8762.02 2770.89 5515.09 6004.4  5607.37 1769.01 3544.34 3831.67  
13602.6 4296.58 8631.88 9274.81  8721.49 2758.66 5525.11 5970.33  5629.8 1778.61 3532.32 3861.03  
13602.6 4296.58 8631.88 9274.81  8771.08 2759.64 5512.51 5967.49  5612 1778.26 3536.84 3862.04  
13602.6 4296.58 8631.88 9274.81  8745.19 2770.56 5519.37 6005.36  5592.04 1771.44 3535.07 3844.27  
13602.6 4296.58 8631.88 9274.81  8716.45 2766.38 5516.19 5997.89  5605.55 1767.99 3541.94 3829.28  
13602.6 4296.58 8631.88 9274.81  8766.26 2763.09 5524.04 5976.73  5558.47 1768.98 3526.59 3844.32  
13602.6 4296.58 8631.88 9274.81  8766.26 2763.09 5524.04 5976.73  5593.28 1761.92 3537.07 3813.13  
13602.6 4296.58 8631.88 9274.81  8766.26 2763.09 5524.04 5976.73  5529.05 1756.64 3521.05 3811.41  
13602.6 4296.58 8631.88 9274.81  8749.73 2762.76 5528.24 5977.68  5581.4 1759.45 3533.59 3808.15  
13602.6 4296.58 8631.88 9274.81  8702.41 2743.32 5518.84 5926.24  5581.16 1776.06 3528.46 3862.36  
13602.6 4296.58 8631.88 9274.81  8749.73 2762.76 5528.24 5977.68  5608.86 1776.92 3533.93 3859.01  
13602.6 4296.58 8631.88 9274.81  8762.02 2770.89 5515.09 6004.4  5594.82 1759.14 3540.29 3803.32  
8704.54 2759 5494.16 5972.15  6686.86 2120.18 4243.77 4588.69  5143.24 1633.8 3256.27 3543.83  
8704.54 2759 5494.16 5972.15  6659.7 2118.08 4194.07 4598.01  5186.5 1632.09 3289.16 3523.3  
8704.54 2759 5494.16 5972.15  6686.88 2123.52 4227.69 4602.92  5129.24 1631.15 3238.53 3541.86  
8704.54 2759 5494.16 5972.15  6721.81 2123.64 4242.93 4593.65  5182.03 1631.01 3275.44 3523.73  
8704.54 2759 5494.16 5972.15  6708.9 2123.38 4246.21 4594.4  5165.64 1635.78 3255.05 3546.42  
8704.54 2759 5494.16 5972.15  6698.35 2115.31 4200.14 4580.94  5140.62 1634.92 3266.23 3545.62  
8704.54 2759 5494.16 5972.15  6698.35 2115.31 4200.14 4580.94  5170.99 1635.52 3258.47 3543.86  
8704.54 2759 5494.16 5972.15  6725.09 2117.66 4249.81 4572.49  5177.49 1630.57 3250.23 3528.79  
8704.54 2759 5494.16 5972.15  6720.18 2115.31 4219.14 4572.79  5166.01 1635.52 3254.14 3545.73  
8704.54 2759 5494.16 5972.15  6712.42 2117.41 4253.05 4573.22  5154.7 1634.38 3268.46 3540.89  
8704.54 2759 5494.16 5972.15  6703.83 2121.04 4215.16 4594.83  5173.66 1636.01 3279.03 3540.34  
8704.54 2759 5494.16 5972.15  6646.35 2117.81 4197.47 4598.78  5196.8 1636.95 3280.54 3538.86  
8704.54 2759 5494.16 5972.15  6659.7 2118.08 4194.07 4598.01  5148.71 1630.46 3236.3 3536.65  
8704.54 2759 5494.16 5972.15  6703.83 2121.04 4215.16 4594.83  5125.4 1631.72 3241.38 3543.72  
8704.54 2759 5494.16 5972.15  6712.42 2117.41 4253.05 4573.22  5184.55 1634.97 3260.86 3539.17  
8704.54 2759 5494.16 5972.15  6703.83 2121.04 4215.16 4594.83  5176.39 1631.41 3284.31 3524.03  
8704.54 2759 5494.16 5972.15  6725.56 2120.95 4233.9 4586.45  5181.53 1634.16 3265.24 3536.13  
8704.54 2759 5494.16 5972.15  6646.35 2117.81 4197.47 4598.78  5179.93 1637.06 3266.17 3545.41  
8704.54 2759 5494.16 5972.15  6728.78 2115.02 4240.95 4565.41  5180.42 1632.98 3275.89 3530.17  
8704.54 2759 5494.16 5972.15  6728.78 2115.02 4240.95 4565.41  5180.42 1632.98 3275.89 3530.17  
24272.7 7627.46 15301.6 16447.7  8704.58 2749.35 5530.51 5961.88  3183.99 1016.74 2003.38 2231.02  
24272.7 7627.46 15301.6 16447.7  8752.08 2787.85 5562.68 6069.44  3179.75 1009.22 1999.61 2209.2  
24272.7 7627.46 15301.6 16447.7  8769.34 2792.5 5537.64 6086.98  3168.74 1006.25 2015.57 2198.07  
24272.7 7627.46 15301.6 16447.7  8702.58 2738.95 5501.04 5935.64  3185.27 1023.25 2022 2247.31  
24272.7 7627.46 15301.6 16447.7  8766.54 2777.38 5527.85 6041.23  3145.6 1002.98 2015.85 2191.37  
24272.7 7627.46 15301.6 16447.7  8773.44 2784.69 5546.83 6059.05  3140.5 994.612 1993.11 2170.64  
24272.7 7627.46 15301.6 16447.7  8762.32 2785.07 5518.32 6068.84  3150.05 996.927 2017.84 2170.83  
24272.7 7627.46 15301.6 16447.7  8773.44 2784.69 5546.83 6059.05  3166.11 1011.23 2009.71 2215.78  
24272.7 7627.46 15301.6 16447.7  8766.54 2777.38 5527.85 6041.23  3163.26 1010.22 2019.57 2210.64  
24272.7 7627.46 15301.6 16447.7  8752.08 2787.85 5562.68 6069.44  3177.26 1006.57 1992.77 2202.7  
24272.7 7627.46 15301.6 16447.7  8728.36 2751.1 5496.23 5971.06  3194.91 1032.61 2041.96 2271.58  
24272.7 7627.46 15301.6 16447.7  8766.54 2777.38 5527.85 6041.23  3162.8 1017.04 2027.59 2230.92  
24272.7 7627.46 15301.6 16447.7  8752.08 2787.85 5562.68 6069.44  3178 1010.48 2003.79 2212.62  
24272.7 7627.46 15301.6 16447.7  8753.4 2769.18 5540.72 6014.33  3153.84 1008.14 2007.65 2208.15  
24272.7 7627.46 15301.6 16447.7  8773.44 2784.69 5546.83 6059.05  3156.42 1002.99 2000.74 2193.02  
24272.7 7627.46 15301.6 16447.7  8709.23 2745.99 5519.33 5952.82  3204.6 1033.15 2020.29 2276.44  
24272.7 7627.46 15301.6 16447.7  8768.62 2788.18 5558.44 6068.46  3165.94 1013.13 2003.26 2223.5  
24272.7 7627.46 15301.6 16447.7  8762.32 2785.07 5518.32 6068.84  3165.51 1012.14 2033.69 2213.38  
24272.7 7627.46 15301.6 16447.7  8709.23 2745.99 5519.33 5952.82  3181.05 1018.84 2010.45 2236.64  
24272.7 7627.46 15301.6 16447.7  8753.4 2769.18 5540.72 6014.33  3153.13 1004.32 1996.94 2198.42  
36028.6 11369.7 22659.3 24578.8  1869.25 596.521 1271.73 1340.19  96.4589 32.018 65.0593 76.9053  
36028.6 11369.7 22659.3 24578.8  1868.78 594.182 1264.7 1334.07  96.9754 33.954 71.2372 81.794  
36028.6 11369.7 22659.3 24578.8  1864.81 591.789 1258.67 1328.23  101.084 36.3517 77.6757 87.5373  
36028.6 11369.7 22659.3 24578.8  1869.25 596.521 1271.73 1340.19  96.225 31.7537 64.361 76.1995  
36028.6 11369.7 22659.3 24578.8  1870.26 595.759 1269.06 1338.06  95.9085 32.6012 67.8409 78.2868  
36028.6 11369.7 22659.3 24578.8  1870.26 595.759 1269.06 1338.06  95.8085 32.7375 67.8742 78.7762  
36028.6 11369.7 22659.3 24578.8  1869.26 597.441 1266.91 1344.22  96.5678 31.1395 69.959 72.9578  
36028.6 11369.7 22659.3 24578.8  1868.23 598.216 1269.63 1346.38  97.4994 30.16 66.6252 70.2488  
36028.6 11369.7 22659.3 24578.8  1867.76 595.835 1262.48 1340.16  97.9046 32.6241 73.6097 76.7941  
36028.6 11369.7 22659.3 24578.8  1857.47 593.367 1250.5 1336.49  107.66 34.7215 84.54 79.5129  
36028.6 11369.7 22659.3 24578.8  1862.06 598.266 1264.03 1348.87  103.188 30.2381 71.8864 68.3364  
36028.6 11369.7 22659.3 24578.8  1864.81 591.789 1258.67 1328.23  100.786 36.5034 77.7804 88.1102  
36028.6 11369.7 22659.3 24578.8  1868.78 594.182 1264.7 1334.07  97.0247 34.2326 72.0565 82.5715  
36028.6 11369.7 22659.3 24578.8  1863.71 593.4 1256.33 1334.22  102.078 34.8758 80.055 82.0384  
36028.6 11369.7 22659.3 24578.8  1862.06 598.266 1264.03 1348.87  103.572 30.3588 72.6276 68.5342  
36028.6 11369.7 22659.3 24578.8  1870.26 595.759 1269.06 1338.06  95.6299 32.3818 67.2825 77.708  
36028.6 11369.7 22659.3 24578.8  1861.58 595.844 1256.76 1342.55  103.723 32.6159 78.9868 74.5369  
36028.6 11369.7 22659.3 24578.8  1867.76 595.835 1262.48 1340.16  98.1537 32.5324 73.6805 76.4194  
36028.6 11369.7 22659.3 24578.8  1863.11 597.477 1261.27 1346.67  102.574 31.107 75.2455 70.619  
36028.6 11369.7 22659.3 24578.8  1862.06 598.266 1264.03 1348.87  103.188 30.2381 71.8864 68.3364  
13640.2 4309.46 8573.89 9322.17  8727.46 2744.22 5478.12 5933.96  5560.82 1767.29 3508.15 3842.58  
13640.2 4309.46 8573.89 9322.17  8752.8 2758.47 5544.88 5959.81  5556.51 1767.07 3497.39 3845.2  
13640.2 4309.46 8573.89 9322.17  8746.38 2755.4 5504.85 5960.19  5578.2 1775.05 3547.6 3855.43  
13640.2 4309.46 8573.89 9322.17  8748.51 2766.26 5535.89 5987.39  5574.67 1757.01 3496.01 3810.16  
13640.2 4309.46 8573.89 9322.17  8672.71 2755.39 5459.95 5983.35  5618.67 1772.98 3553.07 3840.32  
13640.2 4309.46 8573.89 9322.17  8672.71 2755.39 5459.95 5983.35  5636.61 1770.15 3582.31 3821.66  
13640.2 4309.46 8573.89 9322.17  8757.6 2755.02 5533.31 5950.58  5592.58 1775.07 3552.93 3851.74  
13640.2 4309.46 8573.89 9322.17  8720.13 2766.44 5511.64 5998.48  5598.53 1771.3 3542.35 3841.02  
13640.2 4309.46 8573.89 9322.17  8672.71 2755.39 5459.95 5983.35  5584.89 1768.18 3527.4 3836.75  
13640.2 4309.46 8573.89 9322.17  8753.4 2762.75 5524.11 5977.99  5594.08 1772.29 3556.23 3841.9  
13640.2 4309.46 8573.89 9322.17  8750.71 2747.8 5514.39 5933.08  5604.44 1770.9 3537.02 3839.85  
13640.2 4309.46 8573.89 9322.17  8753.4 2762.75 5524.11 5977.99  5551.6 1760.67 3491.93 3826.85  
13640.2 4309.46 8573.89 9322.17  8746.38 2755.4 5504.85 5960.19  5587.76 1768.18 3524.48 3836.99  
13640.2 4309.46 8573.89 9322.17  8698.71 2744.02 5452.86 5944.13  5575.67 1772.25 3529.93 3850.81  
13640.2 4309.46 8573.89 9322.17  8720.13 2766.44 5511.64 5998.48  5601.72 1769.01 3534.65 3834.89  
13640.2 4309.46 8573.89 9322.17  8757.6 2755.02 5533.31 5950.58  5609.15 1768.07 3548.52 3827.43  
13640.2 4309.46 8573.89 9322.17  8720.13 2766.44 5511.64 5998.48  5618.21 1759.36 3544.14 3799.14  
13640.2 4309.46 8573.89 9322.17  8698.71 2744.02 5452.86 5944.13  5571 1767.36 3517.04 3838.94  
13640.2 4309.46 8573.89 9322.17  8672.71 2755.39 5459.95 5983.35  5618.67 1772.98 3553.07 3840.32  
13640.2 4309.46 8573.89 9322.17  8748.51 2766.26 5535.89 5987.39  5553.34 1759.42 3487.78 3823.5  
33602.1 10655.8 21125.3 23089.6  3890.66 1190.65 2524.54 2575.78  444.932 135.083 303.694 294.44  
33602.1 10655.8 21125.3 23089.6  3890.66 1190.65 2524.54 2575.78  448.715 136.032 307.516 296.094  
33602.1 10655.8 21125.3 23089.6  3867.94 1192.22 2520.78 2585.46  468.909 135.18 312.602 288.894  
33602.1 10655.8 21125.3 23089.6  3866.92 1187.36 2505.99 2573.23  465.969 139.116 323.562 299.55  
33602.1 10655.8 21125.3 23089.6  3884.06 1195.29 2541.09 2588.27  453.559 131.379 291.538 283.786  
33602.1 10655.8 21125.3 23089.6  3884.06 1195.29 2541.09 2588.27  448.092 131.201 288.92 284.609  
33602.1 10655.8 21125.3 23089.6  3884.06 1195.29 2541.09 2588.27  456.106 131.924 294.339 284.556  
33602.1 10655.8 21125.3 23089.6  3890.66 1190.65 2524.54 2575.78  450.244 136.031 308.93 295.572  
33602.1 10655.8 21125.3 23089.6  3882.05 1185.72 2512.01 2564.23  453.638 140.582 318.039 307.479  
33602.1 10655.8 21125.3 23089.6  3870.18 1190.65 2515.17 2581.22  460.115 135.288 311.353 290.824  
33602.1 10655.8 21125.3 23089.6  3860.21 1192.08 2522.82 2585.93  475.751 135.306 310.796 288.469  
33602.1 10655.8 21125.3 23089.6  3835.74 1184.13 2489.74 2571.69  496.407 142.361 340.271 301.195  
33602.1 10655.8 21125.3 23089.6  3906.79 1193.83 2544.93 2578.94  431.071 133.382 289.422 294.48  
33602.1 10655.8 21125.3 23089.6  3891.66 1195.43 2539.08 2587.8  445.448 131.799 293.644 286.076  
33602.1 10655.8 21125.3 23089.6  3903.64 1190.65 2536.07 2571.21  434.951 136.034 296.301 300.779  
33602.1 10655.8 21125.3 23089.6  3903.64 1190.65 2536.07 2571.21  434.951 136.034 296.301 300.779  
33602.1 10655.8 21125.3 23089.6  3882.05 1185.72 2512.01 2564.23  453.508 140.003 316.167 306.001  
33602.1 10655.8 21125.3 23089.6  3884.06 1195.29 2541.09 2588.27  454.936 132.282 294.033 285.931  
33602.1 10655.8 21125.3 23089.6  3893.86 1193.88 2533.56 2583.64  443.133 132.801 297.382 288.861  
33602.1 10655.8 21125.3 23089.6  3867.94 1192.22 2520.78 2585.46  464.819 133.702 306.949 285.946  
7949.93 2502.77 5032.74 5396.85  6221.56 1956.39 3957.81 4214.96  4973.81 1568.79 3145.93 3391.44  
7949.93 2502.77 5032.74 5396.85  6266.3 1983.94 3977.79 4290.22  4948.73 1560.77 3140 3371.77  
7949.93 2502.77 5032.74 5396.85  6284.17 1976.03 3972.51 4263.04  4935.91 1551.59 3130.59 3346.86  
7949.93 2502.77 5032.74 5396.85  6266.3 1983.94 3977.79 4290.22  4926.43 1556.37 3134.16 3363.03  
7949.93 2502.77 5032.74 5396.85  6298.46 1987.12 3977.01 4294.8  4968.92 1571.17 3145.51 3400.08  
7949.93 2502.77 5032.74 5396.85  6252.59 1972.9 3973.27 4258.53  4975.93 1578.58 3141.25 3423.42  
7949.93 2502.77 5032.74 5396.85  6283.31 1992.49 3973.65 4315.38  4945.21 1558.99 3140.87 3366.57  
7949.93 2502.77 5032.74 5396.85  6272.51 1975.8 3975.48 4263.71  4986.47 1571.76 3136.88 3400.75  
7949.93 2502.77 5032.74 5396.85  6286.58 1986.89 3980.04 4295.49  4955.35 1568.88 3143.1 3395.76  
7949.93 2502.77 5032.74 5396.85  6298.46 1987.12 3977.01 4294.8  4919.78 1555.71 3134.33 3362.09  
7949.93 2502.77 5032.74 5396.85  6283.31 1992.49 3973.65 4315.38  4945.18 1548.37 3128.06 3335.62  
7949.93 2502.77 5032.74 5396.85  6286.58 1986.89 3980.04 4295.49  4960.27 1562.45 3141.27 3374.78  
7949.93 2502.77 5032.74 5396.85  6224.42 1967.34 3965.89 4247.5  4957.43 1564.22 3142.49 3380.59  
7949.93 2502.77 5032.74 5396.85  6255.88 1957.07 3949.07 4212.98  4926.29 1553.24 3133.76 3353.07  
7949.93 2502.77 5032.74 5396.85  6282.7 1968.49 3951.04 4244.13  4920.76 1550.89 3133.36 3346.7  
7949.93 2502.77 5032.74 5396.85  6283.31 1992.49 3973.65 4315.38  4972.09 1570.04 3146.22 3395.79  
7949.93 2502.77 5032.74 5396.85  6286.58 1986.89 3980.04 4295.49  4980.79 1571.4 3142.49 3399.39  
7949.93 2502.77 5032.74 5396.85  6224.42 1967.34 3965.89 4247.5  4982.47 1566.7 3141.89 3384.17  
7949.93 2502.77 5032.74 5396.85  6282.7 1968.49 3951.04 4244.13  4936.22 1553.14 3135.07 3350.74  
7949.93 2502.77 5032.74 5396.85  6252.55 1959.46 3957.06 4219.38  4975.42 1562.35 3126.74 3374.96  
7172.57 2276.68 4516.2 4933.88  5846.44 1843.53 3682.4 3985.22  4737.66 1494 2986.43 3231.31  
7172.57 2276.68 4516.2 4933.88  5777.57 1840.81 3650.71 3995.93  4707.53 1494.03 2986.26 3236.79  
7172.57 2276.68 4516.2 4933.88  5841.75 1838.63 3669.57 3973.35  4738.54 1494.93 2988.86 3233.55  
7172.57 2276.68 4516.2 4933.88  5843.17 1845.87 3690.25 3991.48  4738.28 1493.56 2984.95 3230.12  
7172.57 2276.68 4516.2 4933.88  5841.75 1838.63 3669.57 3973.35  4695.48 1494.45 2982.72 3241.07  
7172.57 2276.68 4516.2 4933.88  5824.22 1845.99 3674.09 3998.87  4694.21 1485.45 2942.52 3221.67  
7172.57 2276.68 4516.2 4933.88  5841.75 1838.63 3669.57 3973.35  4738.54 1494.93 2988.86 3233.55  
7172.57 2276.68 4516.2 4933.88  5822.77 1838.63 3653.04 3980.43  4742.14 1494.93 2991.98 3232.21  
7172.57 2276.68 4516.2 4933.88  5777.57 1840.81 3650.71 3995.93  4746.9 1490.55 2981.99 3219.67  
7172.57 2276.68 4516.2 4933.88  5831.96 1845.65 3693.11 3992.13  4722.38 1495.59 2977.67 3241.07  
7172.57 2276.68 4516.2 4933.88  5777.57 1840.81 3650.71 3995.93  4748.06 1496.41 2998.8 3234.35  
7172.57 2276.68 4516.2 4933.88  5738.03 1831.01 3611.25 3980.66  4730.82 1498.19 2995.47 3243.78  
7172.57 2276.68 4516.2 4933.88  5787.7 1833.55 3626.35 3976.52  4729.55 1491.91 2973.12 3229.06  
7172.57 2276.68 4516.2 4933.88  5789.17 1841.04 3647.75 3995.26  4733.15 1494.54 2979.73 3235.31  
7172.57 2276.68 4516.2 4933.88  5822.77 1838.63 3653.04 3980.43  4686.26 1492.72 2966.23 3240.91  
7172.57 2276.68 4516.2 4933.88  5789.17 1841.04 3647.75 3995.26  4729.27 1490.5 2969.11 3225.53  
7172.57 2276.68 4516.2 4933.88  5822.77 1838.63 3653.04 3980.43  4654.18 1484.77 2934.16 3228.51  
7172.57 2276.68 4516.2 4933.88  5827.54 1843.61 3666.1 3992.5  4738.59 1495.88 2995.88 3235  
7172.57 2276.68 4516.2 4933.88  5792.55 1838.62 3639.63 3988.79  4691.91 1492.72 2968.73 3239.32  
7172.57 2276.68 4516.2 4933.88  5822.77 1838.63 3653.04 3980.43  4730.4 1496.65 3000.68 3237.82  
