5 18 4
12221.5 12167.8 15367 10581.3 26095.2  8019.48 8009.55 10007.2 7008.13 17026.2  5186.8 5188.23 6503.44 4529.84 11041.3  3373 3357.1 4205.25 2955.38 7179.86  
12221.5 12167.8 15367 10581.3 26095.2  7983.72 7953.05 9992.6 6951.25 17005.2  5236.87 5235.66 6502.82 4604.56 11086.4  3392.67 3393.72 4228.23 2982.08 7200.2  
12221.5 12167.8 15367 10581.3 26095.2  8019.48 8009.55 10007.2 7008.13 17026.2  5224.38 5216.05 6497.75 4584.82 11079.1  3378.72 3406.76 4237.4 2969.7 7166.11  
12221.5 12167.8 15367 10581.3 26095.2  7983.72 7953.05 9992.6 6951.25 17005.2  5233.16 5243.83 6514.78 4598.71 11081.5  3406.78 3420.27 4237.88 3004.72 7207.64  
12221.5 12167.8 15367 10581.3 26095.2  7931.34 7862.39 9932.82 6883.51 16944.7  5228.02 5238.13 6526.12 4584.68 11089  3419.78 3454.37 4256.96 3024.98 7213.38  
12221.5 12167.8 15367 10581.3 26095.2  8025.17 7997.08 9988.81 7017.04 17033.7  5190.06 5223.12 6514.04 4545.11 11017.6  3400.32 3412.76 4241.61 2992.5 7207.2  
20731.6 20672.9 25915 18042.2 44072.5  8517.51 8565.44 10597.8 7513.32 18002.4  3500.98 3494.77 4411.09 3064.35 7498.75  1441.4 1439.58 1803.23 1275.33 3078.49  
20731.6 20672.9 25915 18042.2 44072.5  8523.77 8551.71 10577.6 7523.13 18010.7  3505.79 3512.29 4408.97 3078.92 7485.78  1428.4 1433.69 1822.83 1249.4 3078.79  
20731.6 20672.9 25915 18042.2 44072.5  8508.56 8553.98 10646.5 7473.94 18047.1  3492.61 3512.82 4375.29 3082.7 7423.89  1443.51 1440.73 1804.13 1277.49 3082.43  
20731.6 20672.9 25915 18042.2 44072.5  8456.73 8457.33 10644.6 7374.32 18053.6  3522.99 3569.65 4376.42 3140.81 7420.14  1458.41 1470.31 1802.19 1308.42 3075.83  
20731.6 20672.9 25915 18042.2 44072.5  8456.73 8457.33 10644.6 7374.32 18053.6  3535.32 3574.03 4380.09 3153.83 7443.7  1460.4 1466.96 1797.26 1311.45 3078.76  
20731.6 20672.9 25915 18042.2 44072.5  8517.51 8565.44 10597.8 7513.32 18002.4  3487.82 3464.77 4396.79 3043.31 7492.87  1446.05 1463.93 1821.63 1282.73 3077.82  
31956.8 31992.5 39919.2 27887.1 67758.4  2927.03 2913.91 3664.63 2637.89 6305.49  286.393 267.065 376.246 249.07 663.811  26.9292 24.1492 36.0993 23.4589 65.203  
31956.8 31992.5 39919.2 27887.1 67758.4  2938.36 2917.49 3689.98 2638.55 6350.81  276.138 263.809 353.347 248.47 622.959  26.0412 23.8124 33.8032 23.4982 61.3207  
31956.8 31992.5 39919.2 27887.1 67758.4  2942.8 2900.08 3708.23 2625.05 6400.07  272.999 279.161 338.11 260.754 582.181  24.8828 25.638 31.2219 24.5419 53.8887  
31956.8 31992.5 39919.2 27887.1 67758.4  2942.8 2900.08 3708.23 2625.05 6400.07  272.534 277.963 338.562 259.367 583.083  25.1077 26.781 30.5497 25.7544 52.3409  
31956.8 31992.5 39919.2 27887.1 67758.4  2927.88 2913.86 3686.79 2627.49 6330.19  286.551 266.659 357.542 258.54 645.569  25.9554 24.4967 33.0865 24.1367 59.4558  
31956.8 31992.5 39919.2 27887.1 67758.4  2926.56 2897.08 3707 2607.35 6368.74  285.665 280.384 339.567 273.456 608.534  28.1307 27.2497 31.0215 29.076 58.416  
