4 18 3
6062.58 6814.21 10595.7 14310  3766.42 4245.07 6603.99 8955.08  2332.08 2630.94 4086.25 5531.54  
6062.58 6814.21 10595.7 14310  3730.2 4229.86 6554.9 8812.23  2345.04 2629.34 4094.88 5574.25  
6062.58 6814.21 10595.7 14310  3751.52 4185.75 6521.94 8859.96  2337.71 2653.41 4117.23 5567.23  
6062.58 6814.21 10595.7 14310  3754.3 4228.24 6569.04 8876.06  2332.11 2619.18 4074.31 5531.96  
6062.58 6814.21 10595.7 14310  3769.15 4226.55 6580.54 8932.15  2338.37 2610.06 4072.5 5564.86  
6062.58 6814.21 10595.7 14310  3751.61 4246.42 6592.06 8898.58  2342.3 2611.11 4072.58 5558.27  
2877.87 3211.34 5013.08 6827.44  2357.57 2646.9 4116.99 5567.43  1932.6 2182.67 3391.65 4584.82  
2877.87 3211.34 5013.08 6827.44  2349.08 2635.44 4111.45 5601.35  1924.96 2146.58 3354.96 4589.5  
2877.87 3211.34 5013.08 6827.44  2352.9 2650.91 4126.76 5597.05  1927.87 2163.03 3373.33 4595.62  
2877.87 3211.34 5013.08 6827.44  2344.7 2612.07 4085.76 5594.82  1934.12 2169.47 3381.46 4599.73  
2877.87 3211.34 5013.08 6827.44  2352.61 2611.42 4081.13 5571.76  1935.76 2182.33 3394.87 4600.3  
2877.87 3211.34 5013.08 6827.44  2349.08 2635.44 4111.45 5601.35  1924.96 2146.58 3354.96 4589.5  
4312.01 4836.98 7540.19 10244.3  3138.51 3518.61 5489.17 7481.05  2306.78 2581.08 4017.82 5450.64  
4312.01 4836.98 7540.19 10244.3  3140.05 3550.14 5514.87 7448.99  2287.84 2589.79 4022.08 5438.05  
4312.01 4836.98 7540.19 10244.3  3131.63 3535.28 5500.86 7458.93  2301.33 2588.69 4028.27 5466.42  
4312.01 4836.98 7540.19 10244.3  3150.84 3543.98 5510.02 7450.42  2296.16 2586.36 4025.82 5468.72  
4312.01 4836.98 7540.19 10244.3  3131.63 3535.28 5500.86 7458.93  2292.55 2585.78 4021.87 5454.44  
4312.01 4836.98 7540.19 10244.3  3140.05 3550.14 5514.87 7448.99  2290.3 2581.79 4018.12 5457.11  
