3 33 4
26841.9 11989.1 35906.8  6805.39 2998.14 9033.95  1748.3 757.042 2285.33  444.875 191.469 574.719  
13560 6072.45 18144.5  8480.28 3747.76 11271.9  5180.1 2338.4 6955.11  3298.94 1454.38 4381.24  
25238.6 11354.5 33879  7531.18 3280.07 9953.93  2265.35 967.939 2936.37  681.334 281.493 871.95  
35588 15728.7 47383.6  406.422 263.586 604.24  5.51797 7.53429 11.9556  0.0693204 0.141193 0.180233  
15741.4 7010.47 21001.2  8878.45 3902.11 11778.7  4963.68 2237.65 6672.03  2798.65 1253.44 3747.19  
15817.9 6965.79 21030.7  8822.87 3878.25 11694.8  4980.66 2227.26 6656.61  2792.73 1278.96 3779.32  
34497.4 15172.5 45862.6  1434.03 773.849 2024.04  65.534 51.0955 108.444  2.94191 2.37242 4.67593  
26841.9 11989.1 35906.8  6854.92 2992.53 9046.7  1716.55 763.03 2277.51  438.654 190.911 575.819  
35588 15728.7 47383.6  406.881 266.184 607.157  5.04758 5.01394 9.087  0.0806971 0.0664202 0.134065  
14007 6207.32 18662.6  8523.71 3815.33 11404.8  5237.11 2323.75 6982.14  3199.42 1398.93 4229.93  
35494.3 15809.8 47428.8  494.101 188.072 562.215  11.3448 2.08942 8.85208  0.222853 0.0279154 0.124835  
26841.9 11989.1 35906.8  6851.08 2983.8 9044.22  1698.08 769.013 2264.1  452.518 192.935 586.354  
34497.4 15172.5 45862.6  1434.03 773.849 2024.04  65.534 51.0955 108.444  2.94191 2.37242 4.67593  
25238.6 11354.5 33879  7617.4 3287.82 10009.3  2211.7 960.727 2907.72  656.167 281.728 851.664  
14007 6207.32 18662.6  8530.14 3794.13 11367.8  5229.71 2307.91 6948.68  3202.75 1427.67 4285.97  
14007 6207.32 18662.6  8543.33 3767.69 11344.6  5237.37 2326.01 6991.03  3196.93 1423.16 4265.09  
13560 6072.45 18144.5  8453.03 3771.09 11303.1  5268.78 2338.6 7023.81  3295.68 1446.35 4362.69  
13560 6072.45 18144.5  8501.36 3760.48 11326.3  5198.13 2339.43 6971.21  3243.34 1448.36 4325.7  
35494.3 15809.8 47428.8  499.337 186.639 562.625  6.26208 3.47845 8.45186  0.0711487 0.0708756 0.115464  
15817.9 6965.79 21030.7  8863.81 3921.5 11795.7  4970.18 2237.87 6659.3  2779.4 1255.44 3733.87  
14007 6207.32 18662.6  8502.73 3817.75 11399.3  5247.77 2311.33 6975.99  3206.36 1417.22 4263.06  
26841.9 11989.1 35906.8  6782.44 3004.7 9019.33  1778.2 750.738 2299.52  442.479 191.39 577.545  
26841.9 11989.1 35906.8  6782.44 3004.7 9019.33  1778.2 750.738 2299.52  442.479 191.39 577.545  
14007 6207.32 18662.6  8502.73 3817.75 11399.3  5250.78 2318.09 6977.96  3196.73 1421.8 4256.75  
35588 15728.7 47383.6  406.334 263.722 605.409  5.5883 7.40982 10.8123  0.0869656 0.130922 0.155624  
10419.6 4580.48 13850.1  7381.78 3286.83 9870.67  5269.5 2334.66 7014.68  3738.09 1676.08 4998.42  
15817.9 6965.79 21030.7  8859.79 3940.72 11809.2  4949.68 2186.55 6573.9  2798.38 1272.39 3768.25  
34497.4 15172.5 45862.6  1439.28 787.468 2042.06  60.3896 37.8253 90.8713  2.8461 2.08382 4.29838  
14007 6207.32 18662.6  8515.59 3775.35 11325.4  5218.32 2319.84 6953.22  3216.15 1427.45 4296.88  
14007 6207.32 18662.6  8523.71 3815.33 11404.8  5237.11 2323.75 6982.14  3199.42 1398.93 4229.93  
34497.4 15172.5 45862.6  1434.03 773.849 2024.04  65.534 51.0955 108.444  2.94191 2.37242 4.67593  
35588 15728.7 47383.6  405.876 266.508 608.118  6.04001 4.67324 8.14184  0.0929217 0.0824707 0.118102  
25238.6 11354.5 33879  7531.18 3280.07 9953.93  2265.35 967.939 2936.37  681.334 281.493 871.95  
