3 100 4
13560 6072.45 18144.5  8422.99 3766.57 11259.6  5227.28 2337.12 6996.23  3277.84 1450.55 4364.03  
13560 6072.45 18144.5  8401.77 3769 11254.1  5305.1 2324.93 7022.86  3269.66 1455.44 4364.46  
13560 6072.45 18144.5  8473.89 3768.71 11308.6  5273.9 2338.03 7025.12  3241.52 1449.4 4334.8  
13560 6072.45 18144.5  8480.28 3747.76 11271.9  5180.1 2338.4 6955.11  3298.94 1454.38 4381.24  
13560 6072.45 18144.5  8510.29 3752.83 11316.1  5247.23 2345.54 7018.92  3270.61 1454.56 4361.59  
13560 6072.45 18144.5  8501.36 3760.48 11326.3  5198.13 2339.43 6971.21  3243.34 1448.36 4325.7  
13560 6072.45 18144.5  8453.03 3771.09 11303.1  5268.78 2338.6 7023.81  3295.68 1446.35 4362.69  
13560 6072.45 18144.5  8510.29 3752.83 11316.1  5247.23 2345.54 7018.92  3292.78 1447.51 4366.59  
13560 6072.45 18144.5  8368.58 3765.94 11232.5  5318.06 2335.43 7061.71  3284.57 1452.26 4368.8  
13560 6072.45 18144.5  8348.65 3754.07 11179.5  5326.83 2338.75 7067.4  3281.39 1455.86 4375.76  
15741.4 7010.47 21001.2  8836.24 3953.95 11835.5  5010.59 2208.61 6660.78  2803.5 1242.62 3729.01  
15741.4 7010.47 21001.2  8878.45 3902.11 11778.7  4963.68 2237.65 6672.03  2798.65 1253.44 3747.19  
15741.4 7010.47 21001.2  8804.82 3949.21 11789.9  4995.75 2216.94 6667.08  2806.68 1240.35 3729.94  
15741.4 7010.47 21001.2  8864.71 3929.49 11802.8  4987.23 2219.61 6658.47  2801.24 1248.55 3744.35  
15741.4 7010.47 21001.2  8836.24 3953.95 11835.5  4982.07 2214.85 6647.13  2813.26 1226.89 3708.96  
15741.4 7010.47 21001.2  8804.82 3949.21 11789.9  5028.06 2198.59 6659.5  2802.67 1249.91 3747.76  
15741.4 7010.47 21001.2  8804.82 3949.21 11789.9  4995.75 2216.94 6667.08  2820.98 1228.04 3720.07  
15741.4 7010.47 21001.2  8867.53 3943.29 11830.3  4975.89 2194.88 6606.2  2814.1 1250.61 3761.18  
15741.4 7010.47 21001.2  8867.53 3943.29 11830.3  4986 2213.55 6646.44  2786.72 1241.82 3717.82  
15741.4 7010.47 21001.2  8896.1 3934.81 11849.1  4988.01 2204.87 6633.63  2767.72 1238.62 3692.3  
35494.3 15809.8 47428.8  492.838 188.12 560.702  12.6083 2.04659 10.3431  0.222088 0.0223622 0.146702  
35494.3 15809.8 47428.8  499.501 187.289 563.937  6.00936 2.86862 7.12113  0.157917 0.0311018 0.133828  
35494.3 15809.8 47428.8  496.004 188.217 563.246  9.54863 1.93644 7.84858  0.117364 0.0351686 0.0982359  
35494.3 15809.8 47428.8  499.337 186.639 562.625  6.22508 3.51125 8.45013  0.107886 0.0386294 0.117317  
35494.3 15809.8 47428.8  494.101 188.072 562.215  11.3448 2.08942 8.85208  0.222853 0.0279154 0.124835  
35494.3 15809.8 47428.8  496.004 188.217 563.246  9.50617 1.9396 7.81014  0.159092 0.0322336 0.136346  
35494.3 15809.8 47428.8  499.887 186.361 563.379  5.71248 3.75667 7.69787  0.0711487 0.0708756 0.115464  
35494.3 15809.8 47428.8  494.604 187.595 560.392  10.9341 2.54732 10.6725  0.131299 0.0462021 0.127053  
35494.3 15809.8 47428.8  497.217 188.094 563.488  8.25516 2.07259 7.58271  0.196546 0.0228436 0.121516  
35494.3 15809.8 47428.8  499.337 186.639 562.625  6.26208 3.47845 8.45186  0.0711487 0.0708756 0.115464  
26841.9 11989.1 35906.8  6847.73 2998.63 9054.89  1727.52 756.804 2274.98  433.334 191.548 570.408  
26841.9 11989.1 35906.8  6831.22 3000.5 9050.64  1719.43 757.121 2263.63  454.216 189.372 583.256  
26841.9 11989.1 35906.8  6831.22 3000.5 9050.64  1740.73 751.668 2275.46  437.241 193.568 574.125  
26841.9 11989.1 35906.8  6782.44 3004.7 9019.33  1755.42 753.972 2286.87  458.286 189.013 585.494  
26841.9 11989.1 35906.8  6854.92 2992.53 9046.7  1716.55 763.03 2277.51  438.654 190.911 575.819  
26841.9 11989.1 35906.8  6832.83 2998.99 9032.3  1718.16 758.252 2277.16  452.869 189.775 586.593  
26841.9 11989.1 35906.8  6851.08 2983.8 9044.22  1698.08 769.013 2264.1  452.518 192.935 586.354  
26841.9 11989.1 35906.8  6830.66 2988.49 9011.31  1724.09 765.624 2293.85  450.131 192.016 588.552  
26841.9 11989.1 35906.8  6805.39 2998.14 9033.95  1748.3 757.042 2285.33  444.875 191.469 574.719  
26841.9 11989.1 35906.8  6782.44 3004.7 9019.33  1778.2 750.738 2299.52  442.479 191.39 577.545  
35588 15728.7 47383.6  405.54 266.758 606.194  6.39732 4.41513 10.0475  0.0724299 0.0890578 0.135452  
35588 15728.7 47383.6  407.019 267.116 608.563  4.93397 4.06444 7.70819  0.0569283 0.0821692 0.106878  
35588 15728.7 47383.6  406.881 266.184 607.157  5.04758 5.01394 9.087  0.0806971 0.0664202 0.134065  
35588 15728.7 47383.6  406.422 263.586 604.24  5.51797 7.53429 11.9556  0.0693204 0.141193 0.180233  
35588 15728.7 47383.6  406.334 263.722 605.409  5.5883 7.40982 10.8123  0.0869656 0.130922 0.155624  
35588 15728.7 47383.6  406.422 263.586 604.24  5.49733 7.59448 11.9783  0.0896893 0.082758 0.158046  
35588 15728.7 47383.6  405.257 268.271 608.203  6.66239 2.90881 8.01589  0.0898503 0.083169 0.158656  
35588 15728.7 47383.6  405.68 267.707 607.624  6.24609 3.4471 8.58679  0.0831667 0.107899 0.165124  
35588 15728.7 47383.6  405.876 266.508 608.118  6.04001 4.67324 8.14184  0.0929217 0.0824707 0.118102  
35588 15728.7 47383.6  406.201 262.823 604.054  5.72897 8.2421 12.0995  0.0793033 0.194828 0.221983  
25238.6 11354.5 33879  7531.18 3280.07 9953.93  2265.35 967.939 2936.37  681.334 281.493 871.95  
25238.6 11354.5 33879  7546.94 3293.15 9950.21  2261.27 956.964 2949.58  670.852 280.621 863.843  
25238.6 11354.5 33879  7457.73 3285.13 9892.92  2325.07 965.509 2990.76  682.444 279.399 870.714  
25238.6 11354.5 33879  7546.94 3293.15 9950.21  2269.84 957.715 2955  658.142 279.705 854.607  
25238.6 11354.5 33879  7617.4 3287.82 10009.3  2211.7 960.727 2907.72  656.167 281.728 851.664  
25238.6 11354.5 33879  7504.94 3287.13 9937.19  2297.54 963.48 2960.91  674.571 279.432 864.825  
25238.6 11354.5 33879  7592.66 3295.01 9993.53  2195.88 955.012 2891.58  674.144 279.659 865.809  
25238.6 11354.5 33879  7457.73 3285.13 9892.92  2303.88 962.586 2975.34  703.634 282.322 886.142  
25238.6 11354.5 33879  7527.93 3295.26 9945.34  2241.54 954.611 2919.7  691.729 279.938 883.842  
25238.6 11354.5 33879  7460.9 3284.37 9874.39  2287.07 962.539 2974.96  709.243 281.434 896.435  
10419.6 4580.48 13850.1  7399.31 3284.81 9875.27  5246.96 2321.82 6991.82  3743.99 1663.02 4982.1  
10419.6 4580.48 13850.1  7389.88 3252.91 9827.67  5263.18 2347.86 7019.41  3733.42 1651.91 4968.38  
10419.6 4580.48 13850.1  7387.67 3241.95 9805.97  5262.36 2352.26 7039.6  3738.45 1683.97 5009.94  
10419.6 4580.48 13850.1  7381.78 3286.83 9870.67  5261.62 2350.98 7029.31  3717.29 1624.08 4920  
10419.6 4580.48 13850.1  7352.43 3218.51 9761.6  5275.66 2365.91 7054.54  3743.1 1661.34 4978.8  
10419.6 4580.48 13850.1  7406.95 3278.22 9866.52  5259.87 2348.69 7024.18  3737.52 1671.11 4992.37  
10419.6 4580.48 13850.1  7365.17 3261.37 9831.74  5252.07 2305.02 6957.99  3749.66 1683.64 5020.05  
10419.6 4580.48 13850.1  7381.78 3286.83 9870.67  5269.5 2334.66 7014.68  3738.09 1676.08 4998.42  
10419.6 4580.48 13850.1  7381.78 3286.83 9870.67  5229.15 2284.47 6924.91  3749.76 1690.59 5024.41  
10419.6 4580.48 13850.1  7382.38 3259.39 9836.26  5267.72 2334.56 7008.89  3736.74 1658.63 4970.47  
14007 6207.32 18662.6  8515.59 3775.35 11325.4  5246.57 2315.14 6982.81  3192.36 1434.39 4273.59  
14007 6207.32 18662.6  8543.33 3767.69 11344.6  5237.37 2326.01 6991.03  3196.93 1423.16 4265.09  
14007 6207.32 18662.6  8560.3 3799.26 11412.3  5211.61 2330.28 6961.86  3198.05 1417.04 4263.52  
14007 6207.32 18662.6  8561.56 3767.7 11373.4  5228.66 2318.08 6964.18  3179.13 1444.25 4276.14  
14007 6207.32 18662.6  8530.14 3794.13 11367.8  5229.71 2307.91 6948.68  3202.75 1427.67 4285.97  
14007 6207.32 18662.6  8523.71 3815.33 11404.8  5237.11 2323.75 6982.14  3199.42 1398.93 4229.93  
14007 6207.32 18662.6  8502.73 3817.75 11399.3  5247.77 2311.33 6975.99  3206.36 1417.22 4263.06  
14007 6207.32 18662.6  8502.73 3817.75 11399.3  5250.78 2318.09 6977.96  3196.73 1421.8 4256.75  
14007 6207.32 18662.6  8515.59 3775.35 11325.4  5218.32 2319.84 6953.22  3216.15 1427.45 4296.88  
14007 6207.32 18662.6  8530.68 3809.38 11417.3  5204.66 2332.63 6963.03  3192.47 1423.24 4257.47  
15817.9 6965.79 21030.7  8863.81 3921.5 11795.7  4970.18 2237.87 6659.3  2779.4 1255.44 3733.87  
15817.9 6965.79 21030.7  8843.44 3891.37 11749.7  4969.27 2232.35 6639.94  2794.03 1276.54 3768.81  
15817.9 6965.79 21030.7  8822.87 3878.25 11694.8  4980.66 2227.26 6656.61  2792.73 1278.96 3779.32  
15817.9 6965.79 21030.7  8859.79 3940.72 11809.2  4949.68 2186.55 6573.9  2798.38 1272.39 3768.25  
15817.9 6965.79 21030.7  8836.39 3945.25 11827.2  4984.44 2216.52 6637.63  2793.41 1257.29 3732.41  
15817.9 6965.79 21030.7  8836.39 3945.25 11827.2  4976.99 2232.02 6651.48  2797.92 1244.35 3721.91  
15817.9 6965.79 21030.7  8859.79 3940.72 11809.2  4957.29 2224.33 6648.38  2790.86 1239.42 3709.4  
15817.9 6965.79 21030.7  8836.39 3945.25 11827.2  4959.92 2184.61 6566.13  2791.61 1246.78 3718.81  
15817.9 6965.79 21030.7  8862.54 3954.36 11836.2  4967.84 2217.01 6639.63  2789.61 1242.67 3714.84  
15817.9 6965.79 21030.7  8857.37 3942.82 11832.7  4970.09 2222.04 6641.1  2785.28 1240.11 3709.33  
34497.4 15172.5 45862.6  1436.76 780.204 2035.64  62.6401 44.0973 96.1998  3.10438 2.98817 5.30002  
34497.4 15172.5 45862.6  1436.76 780.204 2035.64  62.8623 44.2073 96.3483  2.89264 2.88477 5.16037  
34497.4 15172.5 45862.6  1436.76 780.204 2035.64  63.1271 44.7667 97.1007  2.63192 2.37372 4.45694  
34497.4 15172.5 45862.6  1440.22 786.295 2043.97  59.8136 39.3297 89.4822  2.50183 1.77753 3.8041  
34497.4 15172.5 45862.6  1438.19 791.823 2048.45  61.4236 33.7085 84.7599  2.89416 1.85847 4.02641  
34497.4 15172.5 45862.6  1439.28 787.468 2042.06  60.3896 37.8253 90.8713  2.8461 2.08382 4.29838  
34497.4 15172.5 45862.6  1439.72 790.203 2046.66  60.1554 35.0268 86.2483  2.65479 2.144 4.3159  
34497.4 15172.5 45862.6  1437.44 779.824 2032.15  62.2818 45.4042 100.698  2.79205 2.12925 4.35333  
34497.4 15172.5 45862.6  1434.03 773.849 2024.04  65.534 51.0955 108.444  2.94191 2.37242 4.67593  
34497.4 15172.5 45862.6  1436.76 780.204 2035.64  63.1356 45.1455 97.4626  2.63092 2.03165 4.13119  
