1 33 2
66567.8  22243.4  
996.414  986.762  
80361.1  15698.5  
37748.7  23415.1  
92404.4  6934.47  
77519  17444.6  
66567.8  22118.1  
59772.9  24014.8  
80361.1  15718.2  
92404.4  7004.77  
59772.9  23932  
37748.7  23481.4  
66567.8  22314.4  
37748.7  23481.4  
37748.7  23524.2  
32799.9  22031.1  
92404.4  6977.31  
80361.1  15718.2  
80361.1  15698.5  
59772.9  24056.6  
80361.1  15718.2  
77519  17338.5  
996.414  985.054  
77519  17444.6  
28858.7  20563.8  
32799.9  22031.1  
28858.7  20563.8  
59772.9  23867  
80361.1  15698.5  
80361.1  15718.2  
32799.9  22031.1  
59772.9  24012.4  
59772.9  23880.5  
