1 100 2
37748.7  23524.2  
37748.7  23415.1  
37748.7  23524.2  
37748.7  23588.3  
37748.7  23284.4  
37748.7  23481.4  
37748.7  23578.5  
37748.7  23536.4  
37748.7  23578.5  
37748.7  23481.4  
996.414  986.36  
996.414  985.054  
996.414  978.483  
996.414  985.054  
996.414  985.054  
996.414  981.941  
996.414  986.815  
996.414  981.486  
996.414  984.63  
996.414  986.762  
32799.9  21890  
32799.9  21887.8  
32799.9  22102.5  
32799.9  22031.1  
32799.9  21820.2  
32799.9  22102.5  
32799.9  22103.8  
32799.9  21916.8  
32799.9  21786.5  
32799.9  22031.1  
66567.8  22314.4  
66567.8  22262.4  
66567.8  22118.1  
66567.8  22252.2  
66567.8  22231.5  
66567.8  22314.4  
66567.8  22252.6  
66567.8  22048.5  
66567.8  22243.4  
66567.8  22303.8  
34668.6  22376.6  
34668.6  22469.1  
34668.6  22748.6  
34668.6  22376.6  
34668.6  22376.6  
34668.6  22641.7  
34668.6  22586.6  
34668.6  22468.7  
34668.6  22641.7  
34668.6  22672.4  
28858.7  20496.3  
28858.7  20563.8  
28858.7  20572.4  
28858.7  20452.6  
28858.7  20572.4  
28858.7  20563.8  
28858.7  20572.4  
28858.7  20527.1  
28858.7  20369.1  
28858.7  20563.8  
92404.4  6946.12  
92404.4  7039.13  
92404.4  6968.97  
92404.4  7040.48  
92404.4  7015  
92404.4  6934.47  
92404.4  7004.77  
92404.4  6977.31  
92404.4  6946.12  
92404.4  6977.31  
77519  17355.8  
77519  17485.2  
77519  17338.5  
77519  17444.6  
77519  17477.9  
77519  17444.6  
77519  17258.8  
77519  17338.5  
77519  17446.7  
77519  17315.9  
59772.9  23867  
59772.9  24012.4  
59772.9  23880.5  
59772.9  24014.8  
59772.9  23880.5  
59772.9  23867  
59772.9  24056.6  
59772.9  23932  
59772.9  24044.6  
59772.9  24014.8  
80361.1  15769.1  
80361.1  15718.2  
80361.1  15698.5  
80361.1  15846.8  
80361.1  15718.2  
80361.1  15698.5  
80361.1  15794.5  
80361.1  15623.6  
80361.1  15671.4  
80361.1  15818.6  
