1 16 4
996.414  983.185  976.045  967.687  
37748.7  23481.4  14658.3  9065.48  
34668.6  22779.1  14741.8  9683.56  
37748.7  23524.2  14566.6  9129.86  
66567.8  22324.8  7416.95  2456.12  
66567.8  22252.2  7462.11  2482.54  
996.414  987.224  973.772  967.217  
34668.6  22349.2  14757.8  9690.19  
34668.6  22748.6  14752.2  9608.19  
66567.8  21970.3  7650.36  2527.46  
34668.6  22555.9  14788.1  9675.39  
37748.7  23536.4  14556.2  9036.09  
996.414  986.281  976.984  965.52  
37748.7  23578.5  14621.6  9109.66  
37748.7  23524.2  14566.6  9129.86  
996.414  981.486  977.437  967.69  
