1 50 4
37748.7  23524.2  14566.6  9129.86  
37748.7  23588.3  14461.5  9128.74  
37748.7  23578.5  14621.6  9109.66  
37748.7  23481.4  14658.3  9094.85  
37748.7  23536.4  14556.2  9036.09  
37748.7  23578.5  14621.6  9113.49  
37748.7  23405.7  14685.6  9083.36  
37748.7  23284.4  14725  9072.06  
37748.7  23361.4  14621.3  9106.95  
37748.7  23481.4  14658.3  9065.48  
996.414  983.58  973.417  967.71  
996.414  985.836  976.988  963.693  
996.414  987.224  971.784  964.117  
996.414  987.224  976.975  967.638  
996.414  981.486  977.437  967.69  
996.414  986.281  973.391  959.115  
996.414  987.224  973.772  967.217  
996.414  986.281  976.984  965.52  
996.414  983.58  968.762  959.187  
996.414  983.185  976.045  967.687  
32799.9  22103.8  14620.3  9970.6  
32799.9  21820.2  14845.2  9989.66  
32799.9  22064.3  14819.7  9828.42  
32799.9  21852.6  14882.5  9923.12  
32799.9  21786.5  14882  9988.68  
32799.9  21916.8  14724.9  10033.3  
32799.9  22054.7  14704.1  9868.61  
32799.9  22102.5  14778.8  9950.24  
32799.9  21986.1  14745.8  9924.22  
32799.9  22093.5  14710.9  9900.67  
66567.8  22243.4  7396.36  2531.25  
66567.8  22252.6  7395.81  2510.01  
66567.8  22324.8  7416.95  2456.12  
66567.8  21970.3  7650.36  2527.46  
66567.8  22048.5  7601.16  2517.42  
66567.8  22314.4  7355.34  2503.96  
66567.8  22252.2  7458.26  2454.04  
66567.8  22252.2  7462.11  2482.54  
66567.8  22171.5  7494.83  2513.45  
66567.8  22324.8  7385.83  2483.96  
34668.6  22748.6  14752.2  9681  
34668.6  22349.2  14757.8  9690.19  
34668.6  22349.2  14757.8  9654.22  
34668.6  22555.9  14788.1  9675.39  
34668.6  22468.7  14818.2  9764.95  
34668.6  22748.6  14752.2  9608.19  
34668.6  22779.1  14741.8  9683.56  
34668.6  22633.4  14741.2  9614.53  
34668.6  22779.1  14836.7  9601.73  
34668.6  22779.1  14634.4  9671.56  
