5 50 3
11920.9 11963.4 14863.4 10431 25213.2  7821.76 7877.05 9768.61 6862.73 16536.9  5247.74 5210.54 6527.91 4589.68 11163.4  
15046.7 15125.3 18764.5 13176.5 31798.5  8538.06 8583.09 10606.1 7518.87 18015.8  4987.19 4930.29 6235.9 4342.69 10673.5  
15046.7 15125.3 18764.5 13176.5 31798.5  8563.94 8606.53 10700.2 7509.48 18136.7  4924.74 4916.68 6162.98 4309.63 10487  
11920.9 11963.4 14863.4 10431 25213.2  7850.2 7887.04 9777.2 6892.07 16591.8  5243.52 5199.4 6551.91 4567.96 11192.7  
8758.6 8680.84 10936.4 7602.26 18669.9  6591.87 6557.61 8212.79 5749.94 14009.5  4921.95 4886.31 6108.83 4305.53 10452.4  
15046.7 15125.3 18764.5 13176.5 31798.5  8628.3 8628.1 10783.3 7543.48 18327.3  4950.01 4911.42 6197.42 4315.44 10580.9  
30451.5 30590.6 38074.5 26607.1 64478.2  4077.99 3992.6 5106.54 3595.43 8829.92  578.66 535.693 707.303 515.22 1282.07  
15046.7 15125.3 18764.5 13176.5 31798.5  8563.94 8606.53 10700.2 7509.48 18136.7  4899.72 4903.31 6148.82 4284.88 10437.2  
22012.1 21913.8 27664.1 19063.8 46988  8193.59 8163.69 10200.4 7192.13 17416.7  3125.62 3178.86 3847.14 2815.63 6535.9  
11920.9 11963.4 14863.4 10431 25213.2  7905.72 7883.43 9879.35 6895.13 16813.5  5165.44 5204.63 6456.34 4539.61 10929.6  
13336.9 13231.9 16627 11595.9 28386.8  8253.07 8223.1 10353 7177.38 17601.8  5157.35 5166.2 6426.02 4531.16 10930.3  
22012.1 21913.8 27664.1 19063.8 46988  8230.88 8259.28 10266.9 7243.72 17448.4  3079.78 3088.73 3789.49 2753.07 6489.94  
12579.8 12449 15723.6 10901.5 26854.1  8104.2 8066 10068.4 7091.52 17194.1  5140.2 5119.33 6448.49 4477.48 10971.5  
30451.5 30590.6 38074.5 26607.1 64478.2  4117.6 4002.23 5143.54 3621.99 8938.89  548.218 527.098 678.444 494.502 1199.81  
8758.6 8680.84 10936.4 7602.26 18669.9  6596.14 6576.99 8238.89 5750.66 14021.8  4947.14 4953.54 6197.27 4319.6 10514.4  
19997.2 20052 24964 17474.4 42345.7  8640.84 8578.99 10835 7522.16 18476.6  3717.86 3737.33 4611.08 3301.22 7855.52  
22012.1 21913.8 27664.1 19063.8 46988  8248.22 8221.12 10211.4 7271.14 17471.4  3089.28 3148.08 3847.21 2763.2 6498.69  
22012.1 21913.8 27664.1 19063.8 46988  8253.47 8245.14 10243.3 7272.04 17486.5  3065.74 3097.41 3804.21 2735.71 6466.06  
16795.6 16705.8 21074.1 14556 35835.6  8706.01 8671.39 10926.4 7574.98 18583  4621.19 4651.59 5743.07 4087.46 9759.19  
22012.1 21913.8 27664.1 19063.8 46988  8230.88 8259.28 10266.9 7243.72 17448.4  3079.78 3088.73 3789.49 2753.07 6489.94  
12579.8 12449 15723.6 10901.5 26854.1  8089.43 8067.94 10131.8 7045.48 17226.1  5145.44 5118.66 6426.04 4493.58 10960.1  
22012.1 21913.8 27664.1 19063.8 46988  8193.59 8163.69 10200.4 7192.13 17416.7  3139.66 3201.41 3852.7 2838.71 6544.06  
16795.6 16705.8 21074.1 14556 35835.6  8808.85 8820.22 10988.6 7721.75 18680.4  4572.48 4560.74 5685.24 4022.82 9708.46  
15046.7 15125.3 18764.5 13176.5 31798.5  8554.91 8594.33 10749.8 7469.48 18183.4  4895.45 4902.16 6082.43 4313.29 10362.1  
1756.57 1746.67 2192.86 1527.72 3737.11  1670.34 1661.45 2074.03 1458.9 3541.88  1577.05 1568.26 1980.92 1366.05 3367.84  
15046.7 15125.3 18764.5 13176.5 31798.5  8646.79 8626.56 10777.6 7564.21 18361.2  4926.31 4920.4 6177.87 4305.73 10501.7  
1756.57 1746.67 2192.86 1527.72 3737.11  1661.12 1647.67 2080.56 1439.51 3546.05  1577.51 1568.94 1980.59 1367 3367.63  
1756.57 1746.67 2192.86 1527.72 3737.11  1661.12 1647.67 2080.56 1439.51 3546.05  1577.51 1568.94 1980.59 1367 3367.63  
12579.8 12449 15723.6 10901.5 26854.1  8025.67 7965.2 10058.3 6967.19 17142.6  5178.13 5176.5 6480.34 4527.72 11013.4  
13336.9 13231.9 16627 11595.9 28386.8  8298.87 8291.88 10320.5 7274.04 17581.1  5089.98 5053.48 6363.98 4438.61 10863.1  
12579.8 12449 15723.6 10901.5 26854.1  8068.28 8009.88 10055.4 7033.99 17173.7  5204.04 5227.45 6528.76 4554.95 11055.8  
30451.5 30590.6 38074.5 26607.1 64478.2  4061.55 3987.4 5071.07 3593.92 8765.22  596.286 540.801 738.194 520.136 1344.57  
22012.1 21913.8 27664.1 19063.8 46988  8230.88 8259.28 10266.9 7243.72 17448.4  3079.78 3088.73 3789.49 2753.07 6489.94  
19997.2 20052 24964 17474.4 42345.7  8640.84 8578.99 10835 7522.16 18476.6  3717.86 3737.33 4611.08 3301.22 7855.52  
13336.9 13231.9 16627 11595.9 28386.8  8268.14 8221.11 10288.2 7224.27 17569.1  5163.82 5204.33 6462.36 4538.25 10935.8  
16795.6 16705.8 21074.1 14556 35835.6  8688.47 8672.87 10931.7 7555.13 18551.1  4599.17 4597.84 5706.11 4056.9 9739.65  
13336.9 13231.9 16627 11595.9 28386.8  8253.07 8223.1 10353 7177.38 17601.8  5134.04 5152.94 6448.89 4489.24 10921.7  
22012.1 21913.8 27664.1 19063.8 46988  8248.22 8221.12 10211.4 7271.14 17471.4  3060.71 3117.47 3832.84 2725.69 6461.65  
22012.1 21913.8 27664.1 19063.8 46988  8187.91 8176.17 10218.5 7183.15 17409.2  3104.31 3144.58 3826.44 2786.7 6511.65  
8758.6 8680.84 10936.4 7602.26 18669.9  6549.49 6483.72 8165.14 5694.61 13962  4962.28 4968.95 6204.27 4338.98 10534  
30451.5 30590.6 38074.5 26607.1 64478.2  4077.99 3992.6 5106.54 3595.43 8829.92  578.66 535.693 707.303 515.22 1282.07  
12579.8 12449 15723.6 10901.5 26854.1  8083.79 8080.39 10150.1 7036.63 17218.5  5221.84 5239.33 6504.13 4591.34 11053.4  
11920.9 11963.4 14863.4 10431 25213.2  7903.22 7882.72 9820.47 6921.76 16749.3  5186.63 5211.41 6520.74 4532.1 11030.4  
22012.1 21913.8 27664.1 19063.8 46988  8248.22 8221.12 10211.4 7271.14 17471.4  3069 3112.16 3824.13 2736.27 6475.53  
30451.5 30590.6 38074.5 26607.1 64478.2  4126.33 4001.54 5140.95 3631.82 8955.2  534.962 525.757 678.957 479.979 1174.36  
1756.57 1746.67 2192.86 1527.72 3737.11  1670.34 1661.45 2074.03 1458.9 3541.88  1577.05 1568.26 1980.92 1366.05 3367.84  
15046.7 15125.3 18764.5 13176.5 31798.5  8620.35 8601.83 10682.9 7572.7 18240.1  4875.92 4905.33 6156.17 4258.11 10393.9  
13336.9 13231.9 16627 11595.9 28386.8  8253.07 8223.1 10353 7177.38 17601.8  5137.62 5144.99 6437.25 4494.89 10926.5  
16795.6 16705.8 21074.1 14556 35835.6  8688.47 8672.87 10931.7 7555.13 18551.1  4599.17 4597.84 5706.11 4056.9 9739.65  
15046.7 15125.3 18764.5 13176.5 31798.5  8563.94 8606.53 10700.2 7509.48 18136.7  4953.48 4922.03 6165.11 4340.16 10541.8  
