5 150 3
12579.8 12449 15723.6 10901.5 26854.1  8068.28 8009.88 10055.4 7033.99 17173.7  5204.04 5227.45 6528.76 4554.95 11055.8  
12579.8 12449 15723.6 10901.5 26854.1  8025.2 8000.48 10107.3 6959.37 17149.9  5188.51 5163.58 6423.74 4560.67 10992.3  
12579.8 12449 15723.6 10901.5 26854.1  8030.74 7988.26 10089.3 6968.06 17157.3  5203.82 5197.44 6467.44 4570.82 11028.1  
12579.8 12449 15723.6 10901.5 26854.1  8009.98 7931.28 10014.4 6956.78 17105.9  5224.89 5255.31 6543.43 4582.29 11080.2  
12579.8 12449 15723.6 10901.5 26854.1  8083.79 8080.39 10150.1 7036.63 17218.5  5221.84 5239.33 6504.13 4591.34 11053.4  
12579.8 12449 15723.6 10901.5 26854.1  8089.43 8067.94 10131.8 7045.48 17226.1  5145.44 5118.66 6426.04 4493.58 10960.1  
12579.8 12449 15723.6 10901.5 26854.1  8041.48 7964.29 9997.3 7013.64 17113.9  5223.13 5242.34 6508.62 4591.96 11056.8  
12579.8 12449 15723.6 10901.5 26854.1  8009.98 7931.28 10014.4 6956.78 17105.9  5221.54 5240 6523.03 4581.71 11070.6  
12579.8 12449 15723.6 10901.5 26854.1  8104.2 8066 10068.4 7091.52 17194.1  5140.2 5119.33 6448.49 4477.48 10971.5  
12579.8 12449 15723.6 10901.5 26854.1  8125.75 8125.11 10146.2 7103.23 17247.4  5206.77 5223.36 6505.52 4567.57 11043.1  
12579.8 12449 15723.6 10901.5 26854.1  8030.74 7988.26 10089.3 6968.06 17157.3  5179.61 5183.4 6489.26 4527.98 11017.5  
12579.8 12449 15723.6 10901.5 26854.1  8025.67 7965.2 10058.3 6967.19 17142.6  5242.72 5280.46 6537.04 4616.13 11080.8  
12579.8 12449 15723.6 10901.5 26854.1  8084.26 8044.44 10100.2 7044.6 17211.1  5184.73 5177.66 6463.59 4543.77 11008.8  
12579.8 12449 15723.6 10901.5 26854.1  8025.67 7965.2 10058.3 6967.19 17142.6  5178.13 5176.5 6480.34 4527.72 11013.4  
12579.8 12449 15723.6 10901.5 26854.1  8025.67 7965.2 10058.3 6967.19 17142.6  5239.32 5264.9 6516.31 4615.54 11071  
13336.9 13231.9 16627 11595.9 28386.8  8253.07 8223.1 10353 7177.38 17601.8  5137.62 5144.99 6437.25 4494.89 10926.5  
13336.9 13231.9 16627 11595.9 28386.8  8284.75 8256.98 10334.9 7235.28 17608.1  5153.81 5198.97 6456.8 4528.25 10916.2  
13336.9 13231.9 16627 11595.9 28386.8  8247.79 8199.14 10320.7 7176.48 17586.5  5148.99 5152.71 6409.13 4524.6 10912  
13336.9 13231.9 16627 11595.9 28386.8  8253.07 8223.1 10353 7177.38 17601.8  5134.04 5152.94 6448.89 4489.24 10921.7  
13336.9 13231.9 16627 11595.9 28386.8  8298.87 8291.88 10320.5 7274.04 17581.1  5089.98 5053.48 6363.98 4438.61 10863.1  
13336.9 13231.9 16627 11595.9 28386.8  8284.25 8294.29 10386.8 7227.02 17615.8  5145.53 5139.45 6413.26 4512.46 10925.1  
13336.9 13231.9 16627 11595.9 28386.8  8304.34 8316.71 10353.9 7274.97 17596.9  5115 5095.08 6416.88 4457.86 10918.9  
13336.9 13231.9 16627 11595.9 28386.8  8298.37 8329.86 10373.3 7265.63 17589  5129.89 5103.82 6389.39 4491.07 10911.1  
13336.9 13231.9 16627 11595.9 28386.8  8247.79 8199.14 10320.7 7176.48 17586.5  5126.17 5116.86 6400.81 4487.89 10899  
13336.9 13231.9 16627 11595.9 28386.8  8231.48 8163.92 10274.9 7165.67 17548.3  5174.33 5210.37 6446.51 4559.86 10933.9  
13336.9 13231.9 16627 11595.9 28386.8  8253.07 8223.1 10353 7177.38 17601.8  5157.35 5166.2 6426.02 4531.16 10930.3  
13336.9 13231.9 16627 11595.9 28386.8  8253.07 8223.1 10353 7177.38 17601.8  5134.04 5152.94 6448.89 4489.24 10921.7  
13336.9 13231.9 16627 11595.9 28386.8  8247.79 8199.14 10320.7 7176.48 17586.5  5131.65 5123.05 6371.48 4511.38 10873.3  
13336.9 13231.9 16627 11595.9 28386.8  8268.14 8221.11 10288.2 7224.27 17569.1  5163.82 5204.33 6462.36 4538.25 10935.8  
13336.9 13231.9 16627 11595.9 28386.8  8268.14 8221.11 10288.2 7224.27 17569.1  5163.82 5204.33 6462.36 4538.25 10935.8  
22012.1 21913.8 27664.1 19063.8 46988  8248.22 8221.12 10211.4 7271.14 17471.4  3069 3112.16 3824.13 2736.27 6475.53  
22012.1 21913.8 27664.1 19063.8 46988  8248.22 8221.12 10211.4 7271.14 17471.4  3060.71 3117.47 3832.84 2725.69 6461.65  
22012.1 21913.8 27664.1 19063.8 46988  8253.47 8245.14 10243.3 7272.04 17486.5  3065.74 3097.41 3804.21 2735.71 6466.06  
22012.1 21913.8 27664.1 19063.8 46988  8171.41 8177.57 10223.5 7164.32 17379.3  3139.5 3170.26 3832.63 2832.86 6559.42  
22012.1 21913.8 27664.1 19063.8 46988  8230.88 8259.28 10266.9 7243.72 17448.4  3079.78 3088.73 3789.49 2753.07 6489.94  
22012.1 21913.8 27664.1 19063.8 46988  8230.88 8259.28 10266.9 7243.72 17448.4  3079.78 3088.73 3789.49 2753.07 6489.94  
22012.1 21913.8 27664.1 19063.8 46988  8193.59 8163.69 10200.4 7192.13 17416.7  3100.79 3152.26 3837.8 2781.21 6506.94  
22012.1 21913.8 27664.1 19063.8 46988  8193.59 8163.69 10200.4 7192.13 17416.7  3139.66 3201.41 3852.7 2838.71 6544.06  
22012.1 21913.8 27664.1 19063.8 46988  8164.16 8228.23 10236.9 7175.22 17319.2  3138.55 3162.74 3835.59 2826.47 6570.24  
22012.1 21913.8 27664.1 19063.8 46988  8248.22 8221.12 10211.4 7271.14 17471.4  3089.28 3148.08 3847.21 2763.2 6498.69  
22012.1 21913.8 27664.1 19063.8 46988  8290.53 8303.59 10258 7331.64 17508.2  3034.49 3066.73 3803.76 2688.76 6438.68  
22012.1 21913.8 27664.1 19063.8 46988  8290.53 8303.59 10258 7331.64 17508.2  3042.72 3061.51 3795.12 2699.19 6452.52  
22012.1 21913.8 27664.1 19063.8 46988  8187.91 8176.17 10218.5 7183.15 17409.2  3104.31 3144.58 3826.44 2786.7 6511.65  
22012.1 21913.8 27664.1 19063.8 46988  8290.53 8303.59 10258 7331.64 17508.2  3062.82 3096.84 3817.99 2725.75 6475.57  
22012.1 21913.8 27664.1 19063.8 46988  8193.59 8163.69 10200.4 7192.13 17416.7  3125.62 3178.86 3847.14 2815.63 6535.9  
11920.9 11963.4 14863.4 10431 25213.2  7821.76 7877.05 9768.61 6862.73 16536.9  5238.37 5211.92 6570.45 4559.66 11186  
11920.9 11963.4 14863.4 10431 25213.2  7889.13 7884.81 9884.44 6876.51 16783.2  5165.55 5196.78 6484.58 4521.67 10967.9  
11920.9 11963.4 14863.4 10431 25213.2  7821.76 7877.05 9768.61 6862.73 16536.9  5220.1 5205.53 6564.93 4540.85 11150.6  
11920.9 11963.4 14863.4 10431 25213.2  7903.22 7882.72 9820.47 6921.76 16749.3  5200.3 5202.01 6465.59 4568.78 11013.4  
11920.9 11963.4 14863.4 10431 25213.2  7873.27 7872.74 9752.84 6920.5 16631.1  5210.43 5205.39 6488.2 4569.21 11053  
11920.9 11963.4 14863.4 10431 25213.2  7897.42 7895.37 9839.26 6912.74 16741.5  5187.01 5207.17 6475.43 4553.06 10990  
11920.9 11963.4 14863.4 10431 25213.2  7905.72 7883.43 9879.35 6895.13 16813.5  5165.44 5204.63 6456.34 4539.61 10929.6  
11920.9 11963.4 14863.4 10431 25213.2  7903.22 7882.72 9820.47 6921.76 16749.3  5186.63 5211.41 6520.74 4532.1 11030.4  
11920.9 11963.4 14863.4 10431 25213.2  7821.76 7877.05 9768.61 6862.73 16536.9  5247.74 5210.54 6527.91 4589.68 11163.4  
11920.9 11963.4 14863.4 10431 25213.2  7861.64 7875.15 9876.14 6848.14 16730.1  5206.64 5206.17 6528.51 4545.76 11085.5  
11920.9 11963.4 14863.4 10431 25213.2  7873.27 7872.74 9752.84 6920.5 16631.1  5226.41 5220.36 6545.72 4564.09 11126.5  
11920.9 11963.4 14863.4 10431 25213.2  7911.42 7870.99 9860.89 6904 16821.2  5183.86 5215.39 6507.12 4538.09 11006.2  
11920.9 11963.4 14863.4 10431 25213.2  7850.2 7887.04 9777.2 6892.07 16591.8  5243.52 5199.4 6551.91 4567.96 11192.7  
11920.9 11963.4 14863.4 10431 25213.2  7850.2 7887.04 9777.2 6892.07 16591.8  5184.07 5203.4 6490.5 4540.64 11003.5  
11920.9 11963.4 14863.4 10431 25213.2  7911.42 7870.99 9860.89 6904 16821.2  5183.86 5215.39 6507.12 4538.09 11006.2  
1756.57 1746.67 2192.86 1527.72 3737.11  1664.15 1647.28 2067.55 1448.92 3539.47  1574.34 1555.27 1962.76 1366.02 3359.2  
1756.57 1746.67 2192.86 1527.72 3737.11  1670.24 1669.06 2084.65 1457.21 3543.46  1578.16 1565.47 1976.82 1367.85 3369.23  
1756.57 1746.67 2192.86 1527.72 3737.11  1656.78 1635.82 2064.88 1437.16 3535.28  1581.52 1580.94 1985.26 1374.62 3366.35  
1756.57 1746.67 2192.86 1527.72 3737.11  1668.58 1659.35 2083.53 1451.31 3550.44  1584.21 1579.5 1983.33 1377.6 3371.56  
1756.57 1746.67 2192.86 1527.72 3737.11  1667.4 1661.94 2087.35 1449.46 3548.87  1584.26 1579.37 1983.14 1377.69 3371.64  
1756.57 1746.67 2192.86 1527.72 3737.11  1661.12 1647.67 2080.56 1439.51 3546.05  1577.51 1568.94 1980.59 1367 3367.63  
1756.57 1746.67 2192.86 1527.72 3737.11  1670.34 1661.45 2074.03 1458.9 3541.88  1574.03 1554.58 1962.44 1365.53 3359.08  
1756.57 1746.67 2192.86 1527.72 3737.11  1661.12 1647.67 2080.56 1439.51 3546.05  1587.28 1586.85 1980.9 1385.55 3366.65  
1756.57 1746.67 2192.86 1527.72 3737.11  1659.96 1650.21 2084.32 1437.7 3544.51  1584 1587.01 1981.74 1381.9 3360.65  
1756.57 1746.67 2192.86 1527.72 3737.11  1668.58 1659.35 2083.53 1451.31 3550.44  1578.24 1565.95 1976.87 1368.14 3368.88  
1756.57 1746.67 2192.86 1527.72 3737.11  1659.96 1650.21 2084.32 1437.7 3544.51  1588.48 1584.22 1977.01 1387.42 3368.25  
1756.57 1746.67 2192.86 1527.72 3737.11  1670.34 1661.45 2074.03 1458.9 3541.88  1577.05 1568.26 1980.92 1366.05 3367.84  
1756.57 1746.67 2192.86 1527.72 3737.11  1671.44 1666.43 2080.75 1459.08 3545.07  1585.18 1576.69 1979.83 1378.97 3373.32  
1756.57 1746.67 2192.86 1527.72 3737.11  1659.96 1650.21 2084.32 1437.7 3544.51  1584.73 1572.85 1973.38 1379.85 3370.38  
1756.57 1746.67 2192.86 1527.72 3737.11  1670.34 1661.45 2074.03 1458.9 3541.88  1581.04 1565.46 1964.98 1376.7 3363.06  
19997.2 20052 24964 17474.4 42345.7  8640.84 8578.99 10835 7522.16 18476.6  3710.84 3737.96 4641.32 3279.06 7871.28  
19997.2 20052 24964 17474.4 42345.7  8627.96 8630.37 10782.5 7560.88 18335.4  3736.95 3691.24 4697.77 3254.12 8038  
19997.2 20052 24964 17474.4 42345.7  8565.22 8584.08 10793.5 7469 18273.6  3757.89 3729.46 4683.78 3300.98 8020.74  
19997.2 20052 24964 17474.4 42345.7  8655.55 8615.77 10820.8 7562.34 18448.4  3719.77 3716.02 4672.23 3261.84 7947.11  
19997.2 20052 24964 17474.4 42345.7  8565.22 8584.08 10793.5 7469 18273.6  3764.78 3718.09 4693.84 3297.16 8058.86  
19997.2 20052 24964 17474.4 42345.7  8622.97 8580.48 10840.4 7502.09 18443.9  3727.97 3736.49 4608 3312.63 7873.91  
19997.2 20052 24964 17474.4 42345.7  8652.82 8615 10756.3 7591.56 18377.9  3717.27 3722.11 4689.79 3253.47 7952.53  
19997.2 20052 24964 17474.4 42345.7  8652.82 8615 10756.3 7591.56 18377.9  3711.07 3716.84 4655.2 3261.74 7910.87  
19997.2 20052 24964 17474.4 42345.7  8622.97 8580.48 10840.4 7502.09 18443.9  3742.21 3741.1 4639.77 3313.31 7929.97  
19997.2 20052 24964 17474.4 42345.7  8554.56 8596.6 10749.1 7486.71 18191.5  3781.1 3731.93 4691.38 3322.06 8072.71  
19997.2 20052 24964 17474.4 42345.7  8640.84 8578.99 10835 7522.16 18476.6  3717.86 3737.33 4611.08 3301.22 7855.52  
19997.2 20052 24964 17474.4 42345.7  8607.26 8606.72 10817.3 7510.8 18356.8  3757.82 3714.64 4663.12 3304.18 8017.24  
19997.2 20052 24964 17474.4 42345.7  8652.82 8615 10756.3 7591.56 18377.9  3727.99 3715.47 4678.39 3266.67 7970.95  
19997.2 20052 24964 17474.4 42345.7  8594.74 8619.73 10708.8 7558.98 18205  3748.05 3697.92 4742.09 3246.51 8097.86  
19997.2 20052 24964 17474.4 42345.7  8563.59 8608.8 10699.4 7526.8 18144.7  3771.99 3719.99 4741.22 3281.95 8119.34  
30451.5 30590.6 38074.5 26607.1 64478.2  4097.25 4003.37 5087.3 3630.18 8836.55  562.717 525.558 726.937 484.076 1282.1  
30451.5 30590.6 38074.5 26607.1 64478.2  4126.33 4001.54 5140.95 3631.82 8955.2  536.822 527.947 673.563 485.769 1169.92  
30451.5 30590.6 38074.5 26607.1 64478.2  4096.6 3980.3 5146.12 3588.16 8925.15  560.503 544.114 674.483 517.318 1200.15  
30451.5 30590.6 38074.5 26607.1 64478.2  4083.09 3986.79 5127.85 3586.93 8869.96  572 540.066 684.164 522.383 1238.67  
30451.5 30590.6 38074.5 26607.1 64478.2  4077.99 3992.6 5106.54 3595.43 8829.92  578.66 535.693 707.303 515.22 1282.07  
30451.5 30590.6 38074.5 26607.1 64478.2  4077.99 3992.6 5106.54 3595.43 8829.92  573.431 533.559 700.756 512.087 1266.69  
30451.5 30590.6 38074.5 26607.1 64478.2  4096.6 3980.3 5146.12 3588.16 8925.15  562.367 543.226 676.893 517.499 1207.64  
30451.5 30590.6 38074.5 26607.1 64478.2  4113.1 4008.31 5122.51 3631.09 8900.05  546.223 521.398 688.716 484.317 1213  
30451.5 30590.6 38074.5 26607.1 64478.2  4126.33 4001.54 5140.95 3631.82 8955.2  534.962 525.757 678.957 479.979 1174.36  
30451.5 30590.6 38074.5 26607.1 64478.2  4096.6 3980.3 5146.12 3588.16 8925.15  557.543 544.209 667.01 518.327 1185.97  
30451.5 30590.6 38074.5 26607.1 64478.2  4061.55 3987.4 5071.07 3593.92 8765.22  596.286 540.801 738.194 520.136 1344.57  
30451.5 30590.6 38074.5 26607.1 64478.2  4103.19 3997.31 5139.17 3607.02 8910.48  560.738 531.369 682.232 507.462 1224.46  
30451.5 30590.6 38074.5 26607.1 64478.2  4082.34 3998.28 5082.79 3614.7 8807.15  572.759 528.568 729.226 494.61 1301.49  
30451.5 30590.6 38074.5 26607.1 64478.2  4082.34 3998.28 5082.79 3614.7 8807.15  576.986 531.423 728.435 500.707 1305.9  
30451.5 30590.6 38074.5 26607.1 64478.2  4117.6 4002.23 5143.54 3621.99 8938.89  548.218 527.098 678.444 494.502 1199.81  
8758.6 8680.84 10936.4 7602.26 18669.9  6591.87 6557.61 8212.79 5749.94 14009.5  4951.71 4950.63 6192.4 4325.27 10522.1  
8758.6 8680.84 10936.4 7602.26 18669.9  6514.9 6447.55 8167.57 5640.54 13936.7  4919.36 4879.38 6112.6 4297.5 10458.7  
8758.6 8680.84 10936.4 7602.26 18669.9  6596.14 6576.99 8238.89 5750.66 14021.8  4947.14 4953.54 6197.27 4319.6 10514.4  
8758.6 8680.84 10936.4 7602.26 18669.9  6603.11 6585.33 8201.34 5780.74 13988  4897.59 4845.9 6104.35 4263.18 10446  
8758.6 8680.84 10936.4 7602.26 18669.9  6566.66 6530.71 8227.16 5703.92 14004.5  4932.69 4908.08 6160.74 4300.89 10501.2  
8758.6 8680.84 10936.4 7602.26 18669.9  6549.49 6483.72 8165.14 5694.61 13962  4967.52 4975.26 6176 4361.67 10508.6  
8758.6 8680.84 10936.4 7602.26 18669.9  6591.87 6557.61 8212.79 5749.94 14009.5  4921.95 4886.31 6108.83 4305.53 10452.4  
8758.6 8680.84 10936.4 7602.26 18669.9  6549.49 6483.72 8165.14 5694.61 13962  4962.28 4968.95 6204.27 4338.98 10534  
8758.6 8680.84 10936.4 7602.26 18669.9  6562.47 6511.69 8201.53 5703.21 13992.4  4901.06 4878.44 6160.46 4254.33 10471.4  
8758.6 8680.84 10936.4 7602.26 18669.9  6603.11 6585.33 8201.34 5780.74 13988  4926.79 4908.97 6186.44 4282.54 10514.5  
8758.6 8680.84 10936.4 7602.26 18669.9  6514.9 6447.55 8167.57 5640.54 13936.7  4976.16 4984.24 6175.4 4375.15 10514.9  
8758.6 8680.84 10936.4 7602.26 18669.9  6566.66 6530.71 8227.16 5703.92 14004.5  4928.21 4892.9 6105.29 4316.88 10453.7  
8758.6 8680.84 10936.4 7602.26 18669.9  6596.14 6576.99 8238.89 5750.66 14021.8  4947.14 4953.54 6197.27 4319.6 10514.4  
8758.6 8680.84 10936.4 7602.26 18669.9  6591.47 6587.25 8254.03 5743.37 14015.6  4916.8 4873.18 6126.78 4284.72 10475.7  
8758.6 8680.84 10936.4 7602.26 18669.9  6519.02 6466.22 8192.72 5641.24 13948.6  4899.08 4854.64 6116.84 4262.48 10450.9  
16795.6 16705.8 21074.1 14556 35835.6  8815.09 8806.49 10968.5 7731.57 18688.7  4580.21 4621.04 5734.23 4035.69 9703.4  
16795.6 16705.8 21074.1 14556 35835.6  8815.09 8806.49 10968.5 7731.57 18688.7  4589.97 4599.44 5702.67 4051.11 9716.35  
16795.6 16705.8 21074.1 14556 35835.6  8712.03 8658.15 10907 7584.44 18591  4646.93 4711.1 5753.38 4138.41 9752.61  
16795.6 16705.8 21074.1 14556 35835.6  8770.1 8719.04 10918.7 7667.76 18649.4  4601.71 4662.74 5758.09 4065.94 9722.22  
16795.6 16705.8 21074.1 14556 35835.6  8769.56 8758 10972.6 7659.08 18657.4  4611.48 4643.35 5729.33 4080.94 9735.6  
16795.6 16705.8 21074.1 14556 35835.6  8790.65 8821.76 10994.2 7701.15 18647.3  4609.22 4632.74 5711.59 4082.63 9725.62  
16795.6 16705.8 21074.1 14556 35835.6  8688.47 8672.87 10931.7 7555.13 18551.1  4599.17 4597.84 5706.11 4056.9 9739.65  
16795.6 16705.8 21074.1 14556 35835.6  8760.51 8811.1 10985.1 7669.77 18589.4  4598.45 4578.39 5704.69 4047.86 9760.43  
16795.6 16705.8 21074.1 14556 35835.6  8769.56 8758 10972.6 7659.08 18657.4  4619.34 4663.27 5721.93 4102.74 9720.82  
16795.6 16705.8 21074.1 14556 35835.6  8706.01 8671.39 10926.4 7574.98 18583  4621.19 4651.59 5743.07 4087.46 9759.19  
16795.6 16705.8 21074.1 14556 35835.6  8808.85 8820.22 10988.6 7721.75 18680.4  4572.48 4560.74 5685.24 4022.82 9708.46  
16795.6 16705.8 21074.1 14556 35835.6  8751.7 8759.51 10978.1 7638.85 18624.9  4594.66 4637.82 5724.9 4063.01 9703.68  
16795.6 16705.8 21074.1 14556 35835.6  8815.09 8806.49 10968.5 7731.57 18688.7  4597.51 4640.05 5723.91 4068.1 9705.83  
16795.6 16705.8 21074.1 14556 35835.6  8706.01 8671.39 10926.4 7574.98 18583  4624.42 4644.42 5732.7 4092.61 9763.46  
16795.6 16705.8 21074.1 14556 35835.6  8775.7 8744.51 10952.8 7668.72 18665.5  4578.64 4617.77 5733.29 4032.59 9702.79  
15046.7 15125.3 18764.5 13176.5 31798.5  8554.91 8594.33 10749.8 7469.48 18183.4  4895.45 4902.16 6082.43 4313.29 10362.1  
15046.7 15125.3 18764.5 13176.5 31798.5  8646.79 8626.56 10777.6 7564.21 18361.2  4926.31 4920.4 6177.87 4305.73 10501.7  
15046.7 15125.3 18764.5 13176.5 31798.5  8628.3 8628.1 10783.3 7543.48 18327.3  4950.01 4911.42 6197.42 4315.44 10580.9  
15046.7 15125.3 18764.5 13176.5 31798.5  8607.6 8604.46 10818 7493.52 18348.6  4938.54 4914.9 6103.28 4352.79 10457  
15046.7 15125.3 18764.5 13176.5 31798.5  8538.06 8583.09 10606.1 7518.87 18015.8  4964.55 4932.09 6204.97 4336.13 10593  
15046.7 15125.3 18764.5 13176.5 31798.5  8563.94 8606.53 10700.2 7509.48 18136.7  4899.72 4903.31 6148.82 4284.88 10437.2  
15046.7 15125.3 18764.5 13176.5 31798.5  8563.94 8606.53 10700.2 7509.48 18136.7  4924.74 4916.68 6162.98 4309.63 10487  
15046.7 15125.3 18764.5 13176.5 31798.5  8506.41 8571.99 10596.5 7486.24 17954.5  4943.96 4924.5 6235.74 4296.52 10591  
15046.7 15125.3 18764.5 13176.5 31798.5  8563.94 8606.53 10700.2 7509.48 18136.7  4953.48 4922.03 6165.11 4340.16 10541.8  
15046.7 15125.3 18764.5 13176.5 31798.5  8655.88 8613.51 10821.6 7544.94 18440.2  4880.55 4906.74 6140.04 4271.66 10385.8  
15046.7 15125.3 18764.5 13176.5 31798.5  8563.94 8606.53 10700.2 7509.48 18136.7  4967.18 4921.54 6236.22 4318.3 10643.3  
15046.7 15125.3 18764.5 13176.5 31798.5  8538.06 8583.09 10606.1 7518.87 18015.8  4902.57 4906.95 6142.67 4292.31 10432  
15046.7 15125.3 18764.5 13176.5 31798.5  8563.94 8606.53 10700.2 7509.48 18136.7  4944.14 4922.87 6205.56 4311.03 10563  
15046.7 15125.3 18764.5 13176.5 31798.5  8538.06 8583.09 10606.1 7518.87 18015.8  4987.19 4930.29 6235.9 4342.69 10673.5  
15046.7 15125.3 18764.5 13176.5 31798.5  8620.35 8601.83 10682.9 7572.7 18240.1  4875.92 4905.33 6156.17 4258.11 10393.9  
