2 16 5
22893.4 15921.6  13987.6 9715.84  8625.76 5935.01  5277.81 3630.16  3183.27 2212.72  
27674.8 19003  14651.3 10053.8  7805.24 5519.96  4191.76 2964.49  2221.56 1552.55  
22393.6 15469.9  13917.1 9549.55  8618.58 6016.05  5338.93 3704.33  3320.2 2336.1  
22893.4 15921.6  13987.6 9715.84  8625.76 5935.01  5277.81 3630.16  3183.27 2212.72  
22893.4 15921.6  13883 9695.66  8649.74 5930.79  5242.53 3633.68  3268.82 2224.55  
27674.8 19003  14736.7 10226.4  7805.96 5469.6  4129.94 2891.37  2200.37 1522.7  
27674.8 19003  14595.2 10122.7  7843.27 5406.86  4209.21 2975.26  2214.51 1554.03  
49746.2 34664  7868.1 5290.54  1242.24 803.375  192.942 124.294  29.9766 19.2407  
49746.2 34664  7787.94 5265.8  1293.17 822.663  218.274 129.298  32.8448 19.5809  
27674.8 19003  14595.2 10122.7  7843.27 5406.86  4209.21 2975.26  2214.51 1554.03  
22393.6 15469.9  13855.7 9611.81  8612.63 5938.97  5390.73 3708.21  3342.59 2326.2  
27421 19160.9  14492.1 10125.6  7998.05 5445.13  4276.26 2895.44  2259.49 1529.81  
49746.2 34664  7888.1 5275.16  1227.92 818.092  186.521 124.442  30.2913 19.6946  
22393.6 15469.9  13878 9522.38  8591.02 6029.63  5351.94 3721.39  3356.99 2320.79  
22393.6 15469.9  13878 9522.38  8591.02 6029.63  5351.94 3721.39  3356.99 2320.79  
49746.2 34664  7868.1 5290.54  1238.74 805.553  195.347 122.792  30.6344 18.6104  
