2 50 5
22393.6 15469.9  13855.7 9611.81  8593.22 5958.16  5398.09 3701.03  3354.7 2314.26  
22393.6 15469.9  13855.7 9611.81  8612.63 5938.97  5390.73 3708.21  3342.59 2326.2  
22393.6 15469.9  13817.2 9637.87  8676.87 5963.68  5385.47 3712.28  3337.34 2319.98  
22393.6 15469.9  13925.8 9608.04  8628.5 5937.76  5349.96 3745.19  3306.66 2313.53  
22393.6 15469.9  13918.1 9602.07  8624.96 6000.75  5362.44 3688.72  3311.23 2329.74  
22393.6 15469.9  13906.6 9542.45  8593.45 5965.02  5386.17 3750.08  3320.9 2318.57  
22393.6 15469.9  13838.5 9546.73  8599.65 5982.63  5406.28 3719.06  3331.56 2344.24  
22393.6 15469.9  13915.1 9600.81  8621.27 5997.46  5360.96 3728.18  3327.98 2313.43  
22393.6 15469.9  13878 9522.38  8591.02 6029.63  5351.94 3721.39  3356.99 2320.79  
22393.6 15469.9  13917.1 9549.55  8618.58 6016.05  5338.93 3704.33  3320.2 2336.1  
22893.4 15921.6  14056.5 9710.57  8582.54 5925.03  5242.04 3638.12  3211.86 2220.47  
22893.4 15921.6  13987.6 9715.84  8562.8 5924.36  5299.31 3632.04  3240.63 2220.13  
22893.4 15921.6  13883 9695.66  8649.74 5930.79  5242.53 3633.68  3268.82 2224.55  
22893.4 15921.6  13990.7 9717.14  8516.14 5924.6  5277.43 3624.95  3224.22 2218.26  
22893.4 15921.6  14059.6 9711.84  8494.77 5930.56  5271.72 3633.13  3208.19 2214.85  
22893.4 15921.6  13957.1 9694.52  8660.91 5927.35  5262.97 3631.78  3220.89 2222.23  
22893.4 15921.6  13891.2 9702.01  8663.16 5940.38  5270.57 3632.65  3227.95 2215.67  
22893.4 15921.6  13957.1 9694.52  8593.3 5945.68  5286.79 3623.63  3244.76 2223.06  
22893.4 15921.6  13987.6 9715.84  8566.68 5926.02  5234.28 3627.69  3240.56 2217.2  
22893.4 15921.6  13987.6 9715.84  8625.76 5935.01  5277.81 3630.16  3183.27 2212.72  
27674.8 19003  14736.7 10226.4  7805.96 5469.6  4129.94 2891.37  2200.37 1522.7  
27674.8 19003  14677 10239.5  7819.42 5363.97  4158.58 2907.23  2219.6 1574.78  
27674.8 19003  14709 10205.9  7756.91 5373.24  4172.76 2918.37  2217.04 1573.26  
27674.8 19003  14595.2 10122.7  7843.27 5406.86  4209.21 2975.26  2214.51 1554.03  
27674.8 19003  14705.2 10260.3  7762.18 5380.46  4178.63 2927.1  2212.68 1531.59  
27674.8 19003  14629 10204.3  7827.55 5369.51  4177.14 2920.85  2219.36 1574.58  
27674.8 19003  14700.4 10144  7820.36 5445.55  4153.99 2903.11  2221.56 1583.06  
27674.8 19003  14700.4 10144  7834.84 5456.4  4154.93 2952.03  2193.17 1547.98  
27674.8 19003  14595.2 10122.7  7856.98 5506.84  4181.33 2912.75  2218.43 1543.31  
27674.8 19003  14651.3 10053.8  7805.24 5519.96  4191.76 2964.49  2221.56 1552.55  
27421 19160.9  14634.4 10168.1  7977.16 5426.45  4217.23 2882.44  2264.96 1531.5  
27421 19160.9  14748 10190.7  7742.08 5380.07  4198.62 2874.68  2317.78 1546.16  
27421 19160.9  14492.1 10125.6  7998.05 5445.13  4276.26 2895.44  2259.49 1529.81  
27421 19160.9  14751.3 10192  7735.84 5375.87  4219.13 2872.18  2309.15 1548.49  
27421 19160.9  14832.4 10192.9  7884.44 5414.79  4138.57 2871.8  2200.79 1520.21  
27421 19160.9  14748 10190.7  7742.08 5380.07  4217.84 2870.91  2320.22 1547.09  
27421 19160.9  14748 10190.7  7923.93 5415.86  4159.29 2872.34  2233.55 1526.87  
27421 19160.9  14824 10186.5  7783.08 5404.69  4145.14 2865.23  2287.74 1540.81  
27421 19160.9  14634.4 10168.1  7977.16 5426.45  4183.79 2875.64  2268.14 1534.55  
27421 19160.9  14832.4 10192.9  7703.52 5379.08  4219.69 2886.59  2299.25 1540.13  
49746.2 34664  7888.1 5275.16  1212.81 816.942  201.336 126.107  30.3428 19.1348  
49746.2 34664  7848.92 5277.76  1237.75 809.535  212.323 130.225  33.593 19.8156  
49746.2 34664  7888.1 5275.16  1227.92 818.092  186.521 124.442  30.2913 19.6946  
49746.2 34664  7868.1 5290.54  1242.24 803.375  192.942 124.294  29.9766 19.2407  
49746.2 34664  7868.1 5290.54  1238.74 805.553  195.347 122.792  30.6344 18.6104  
49746.2 34664  7905.05 5286.72  1208.61 809.423  188.141 122.475  31.1198 18.8264  
49746.2 34664  7866.16 5289.52  1243.82 804.162  191.38 124.653  31.6703 19.1713  
49746.2 34664  7787.94 5265.8  1293.17 822.663  218.274 129.298  32.8448 19.5809  
49746.2 34664  7811.97 5282.09  1285.99 812.684  203.995 123.948  30.6978 18.7751  
49746.2 34664  7872.55 5293.78  1234.98 802.78  194.764 122.389  30.3025 18.5074  
