4 66 4
5666.67 7577.94 15234.7 13159.3  3329.96 4448.03 8858.57 7803.76  1940.53 2578.37 5143.72 4529.87  1106.64 1467.87 2955.89 2563.51  
2697.26 3611.98 7259.24 6272.6  2146.58 2876.6 5792.77 4989.51  1723.7 2318.46 4646.64 4038.3  1387.35 1856.06 3720.18 3237.69  
2998.2 3983.83 7953.28 6967.41  2337.91 3105.91 6209.99 5429.28  1822.47 2436.17 4859.36 4266.12  1419.27 1899.24 3808.06 3313.07  
11235.3 15064.4 30146.3 26253.2  1954.91 2560.35 5140.65 4524.99  365.552 458.623 889.671 850.545  65.726 79.954 151.433 154.072  
11235.3 15064.4 30146.3 26253.2  1969.94 2577.1 5152.06 4572.63  350.098 442.505 878.283 804.737  65.4677 79.2708 152.003 151.3  
2991.47 3988.44 7929.65 6996.17  2339.91 3113.26 6223.88 5441.39  1813.38 2422.57 4812.51 4257.41  1422.57 1895.32 3779.72 3323.9  
2998.2 3983.83 7953.28 6967.41  2338.43 3114.27 6218.7 5447.69  1815.28 2415.44 4852.83 4206.87  1424.36 1897.68 3771.95 3337.52  
11235.3 15064.4 30146.3 26253.2  1957.35 2573.47 5130.45 4573.41  363.036 448.828 893.915 817.164  65.7874 77.2066 156.363 141.637  
9053.31 12158.8 24323.2 21190.2  3064.21 4028.1 8025.2 7108.75  1003.06 1330.79 2681.31 2335.29  337.894 439.953 888.447 777.161  
1896.75 2539.51 5050.47 4450.36  1623.2 2170.72 4300.39 3818.87  1392.99 1875.96 3744.04 3277.31  1212.12 1613.37 3208.5 2833.84  
9949.69 13201.2 26353.2 23094.5  2676.83 3630.59 7293.34 6340.27  735.989 978.275 1958.99 1731.49  197.928 269.779 549.866 471.664  
2991.47 3988.44 7929.65 6996.17  2338.42 3107.52 6186.17 5452.07  1803.51 2424.95 4830.05 4247.43  1427.78 1902.12 3812.35 3321.66  
9949.69 13201.2 26353.2 23094.5  2687.77 3614.35 7258.57 6322.62  724.567 994.982 2002.99 1743.38  198.453 268.326 542.325 473.209  
11235.3 15064.4 30146.3 26253.2  1976.93 2583.1 5142.13 4601.08  344.007 438.201 886.523 783.338  63.9255 77.5801 152.855 144.747  
5163.95 6899.91 13744.3 12079.3  3207.08 4266.33 8488.53 7493.92  1991.91 2661.18 5334.85 4648.89  1233.55 1649.24 3311.21 2881.78  
5666.67 7577.94 15234.7 13159.3  3297.9 4375.96 8787.2 7630.79  1953.94 2608.56 5173.62 4602.06  1117.71 1493.63 2986.15 2621.39  
1896.75 2539.51 5050.47 4450.36  1623.2 2170.72 4300.39 3818.87  1392.99 1875.96 3744.04 3277.31  1212.12 1613.37 3208.5 2833.84  
5163.95 6899.91 13744.3 12079.3  3216.71 4274.24 8551.66 7473.81  1988.88 2655.71 5335.7 4630.99  1240.53 1643.13 3280.33 2889.62  
2998.2 3983.83 7953.28 6967.41  2328.4 3119.77 6239.57 5444.42  1826.94 2415.79 4816.54 4239.67  1423.07 1881.37 3759.61 3297.95  
9949.69 13201.2 26353.2 23094.5  2676.83 3630.59 7293.34 6340.27  735.203 979.575 1959.06 1734.99  198.541 264.293 540.11 462.872  
9053.31 12158.8 24323.2 21190.2  3039.59 4014.85 8056.2 7036.25  1025.52 1342.76 2659.15 2396.39  342.321 443.063 884.479 791.177  
9053.31 12158.8 24323.2 21190.2  3064.21 4028.1 8025.2 7108.75  1003.06 1330.79 2681.31 2335.29  337.894 439.953 888.447 777.161  
5666.67 7577.94 15234.7 13159.3  3280.96 4415.12 8844.18 7697.6  1947.14 2589.65 5152.8 4558.92  1127.48 1485.27 2971.12 2611.73  
1896.75 2539.51 5050.47 4450.36  1611.72 2168.68 4302.47 3806.84  1410.63 1884.01 3774.99 3284.79  1204.46 1613.28 3210.16 2829.38  
2697.26 3611.98 7259.24 6272.6  2166.07 2899.65 5814.03 5049.43  1721.48 2304.03 4635.43 4003.13  1404.23 1863.19 3718.94 3266.45  
5666.67 7577.94 15234.7 13159.3  3327.7 4411.64 8820.77 7723.17  1910.78 2577.95 5151.36 4510.89  1119.78 1482.98 2968.4 2603.86  
2998.2 3983.83 7953.28 6967.41  2335.41 3083.9 6155.35 5404.17  1825.79 2430.02 4841.52 4262.6  1416.54 1892.39 3807.75 3291.96  
2998.2 3983.83 7953.28 6967.41  2335.41 3083.9 6155.35 5404.17  1815.94 2422.05 4866.67 4216.31  1418.7 1894.13 3802.25 3301.99  
9053.31 12158.8 24323.2 21190.2  3028.5 4020.38 8045.21 7056.83  1036.27 1338.49 2657.71 2388.98  339.533 439.962 890.849 776.001  
2998.2 3983.83 7953.28 6967.41  2336.94 3108.52 6181.02 5458.38  1825.46 2424.65 4835.94 4250.72  1423.35 1900.42 3806.89 3319.03  
4864.32 6534.9 13042 11411.4  3116.64 4168.94 8285.23 7322.42  2013.17 2682.24 5406.24 4664.79  1289.32 1716.82 3431.38 3012.32  
2998.2 3983.83 7953.28 6967.41  2334.33 3093.36 6192.73 5403.69  1823.26 2438.92 4863.14 4271.74  1424.1 1895.52 3793.04 3315.16  
9053.31 12158.8 24323.2 21190.2  3035.3 4024.22 8018.65 7091.02  1013.11 1326.57 2679.7 2327.78  350.276 445.324 893.888 793.767  
5666.67 7577.94 15234.7 13159.3  3329.96 4448.03 8858.57 7803.76  1912.08 2559.14 5135.36 4467.78  1131.71 1492.15 2979.14 2627.94  
5666.67 7577.94 15234.7 13159.3  3307.75 4400.66 8825.11 7679.45  1911.76 2545.77 5104.27 4450.72  1149.75 1527.41 3013.08 2714.49  
2991.47 3988.44 7929.65 6996.17  2331.75 3117.41 6215.68 5456.62  1820.92 2432.62 4856.75 4256.94  1417.37 1899.06 3807.48 3312.25  
5163.95 6899.91 13744.3 12079.3  3205.49 4279.93 8540.38 7494.74  1999.49 2652.49 5322.29 4635.59  1240.23 1647.41 3309.76 2880.12  
9053.31 12158.8 24323.2 21190.2  3016.71 4014.74 8022.6 7052.57  1034.45 1339.69 2683.01 2372.58  353.962 446.038 886.354 803.237  
4864.32 6534.9 13042 11411.4  3122.88 4177.95 8385.87 7276  2018.08 2685.24 5359.7 4710.41  1301.61 1717.29 3440.51 3011.62  
2697.26 3611.98 7259.24 6272.6  2165.57 2891.57 5805.63 5031.61  1718.74 2295.75 4623.56 3986.38  1384.26 1852.31 3716.74 3227.89  
5163.95 6899.91 13744.3 12079.3  3207.08 4266.33 8488.53 7493.92  1991.91 2661.18 5334.85 4648.89  1233.55 1649.24 3311.21 2881.78  
9053.31 12158.8 24323.2 21190.2  3064.21 4028.1 8025.2 7108.75  1003.06 1330.79 2681.31 2335.29  337.894 439.953 888.447 777.161  
11235.3 15064.4 30146.3 26253.2  1969.94 2577.1 5152.06 4572.63  350.098 442.505 878.283 804.737  65.4677 79.2708 152.003 151.3  
2991.47 3988.44 7929.65 6996.17  2332.91 3107.5 6177.94 5456.02  1813.88 2431.51 4851.76 4254.62  1423.99 1894.63 3781.17 3321.29  
9053.31 12158.8 24323.2 21190.2  3001.68 3999.91 8027.38 6998.9  1048.21 1347.74 2683.51 2401.19  353.656 450.752 885.749 817.834  
2991.47 3988.44 7929.65 6996.17  2329.87 3118.76 6244.76 5438.12  1814.55 2429.04 4837.2 4258.55  1429.41 1890.23 3774.74 3315.25  
1896.75 2539.51 5050.47 4450.36  1636.46 2186.35 4356.01 3828.58  1391.17 1873.78 3736.34 3275.95  1203.73 1612.24 3208.11 2827.58  
1896.75 2539.51 5050.47 4450.36  1624.92 2184.27 4358.34 3816.23  1392.75 1874.07 3736.01 3277.67  1200.95 1613.06 3218.11 2821.45  
4864.32 6534.9 13042 11411.4  3102.91 4172.06 8350.7 7277.22  2030.2 2687.38 5379.67 4706.42  1286.91 1714.54 3433.52 3003.07  
1896.75 2539.51 5050.47 4450.36  1636.46 2186.35 4356.01 3828.58  1391.17 1873.78 3736.34 3275.95  1203.73 1612.24 3208.11 2827.58  
2998.2 3983.83 7953.28 6967.41  2326.81 3094.24 6212.96 5388.21  1827.29 2421.35 4822.3 4251.95  1423.34 1885.7 3764.11 3307.5  
9053.31 12158.8 24323.2 21190.2  3035.3 4024.22 8018.65 7091.02  1024.74 1333.38 2689.41 2345.25  347.758 444.102 888.862 793.085  
2991.47 3988.44 7929.65 6996.17  2339.91 3113.26 6223.88 5441.39  1813.38 2422.57 4812.51 4257.41  1422.57 1895.32 3779.72 3323.9  
1896.75 2539.51 5050.47 4450.36  1640.4 2186.36 4361.88 3825.75  1408.47 1874.74 3726.39 3292.96  1212.01 1613.51 3211.09 2832.29  
9949.69 13201.2 26353.2 23094.5  2676.83 3630.59 7293.34 6340.27  732.667 966.599 1942.82 1707.52  200.851 275.904 557.368 485.422  
4864.32 6534.9 13042 11411.4  3086.5 4160.38 8315.31 7262.83  2030.13 2686.78 5352.65 4724.89  1305.06 1722.31 3442.92 3026.01  
2991.47 3988.44 7929.65 6996.17  2338.42 3107.52 6186.17 5452.07  1803.51 2424.95 4830.05 4247.43  1419.85 1893.54 3773.92 3321.86  
2991.47 3988.44 7929.65 6996.17  2327.64 3089.01 6123.02 5440.42  1826.2 2438.87 4883.58 4257.36  1425.16 1903.13 3814.45 3322.03  
2998.2 3983.83 7953.28 6967.41  2336.94 3108.52 6181.02 5458.38  1825.46 2424.65 4835.94 4250.72  1423.35 1900.42 3806.89 3319.03  
5666.67 7577.94 15234.7 13159.3  3297.9 4375.96 8787.2 7630.79  1953.94 2608.56 5173.62 4602.06  1117.71 1493.63 2986.15 2621.39  
2998.2 3983.83 7953.28 6967.41  2334.33 3093.36 6192.73 5403.69  1826.03 2427.96 4833.39 4262.71  1424.42 1897.01 3781.71 3328.19  
2697.26 3611.98 7259.24 6272.6  2162.09 2879.45 5789 5006.84  1737.49 2320.04 4650.71 4045.3  1381.6 1855.19 3720.13 3232.92  
5163.95 6899.91 13744.3 12079.3  3207.08 4266.33 8488.53 7493.92  1991.91 2661.18 5334.85 4648.89  1233.55 1649.24 3311.21 2881.78  
2991.47 3988.44 7929.65 6996.17  2324.15 3118.74 6236.24 5442.22  1809.74 2430.02 4854.86 4246.36  1430.19 1892.51 3772.86 3323.73  
2697.26 3611.98 7259.24 6272.6  2165.57 2891.57 5805.63 5031.61  1718.74 2295.75 4623.56 3986.38  1384.26 1852.31 3716.74 3227.89  
4864.32 6534.9 13042 11411.4  3122.88 4177.95 8385.87 7276  2018.08 2685.24 5359.7 4710.41  1301.61 1717.29 3440.51 3011.62  
