4 200 4
5163.95 6899.91 13744.3 12079.3  3205.49 4279.93 8540.38 7494.74  1999.49 2652.49 5322.29 4635.59  1240.23 1647.41 3309.76 2880.12  
5163.95 6899.91 13744.3 12079.3  3195.05 4281.76 8568.63 7474.96  1996.46 2655.33 5304.6 4656.09  1232.25 1646.28 3303.19 2878.59  
5163.95 6899.91 13744.3 12079.3  3195.05 4281.76 8568.63 7474.96  1989.03 2651.75 5290.16 4653.4  1244.19 1647.67 3322.27 2873.09  
5163.95 6899.91 13744.3 12079.3  3207.08 4266.33 8488.53 7493.92  1991.91 2661.18 5334.85 4648.89  1233.55 1649.24 3311.21 2881.78  
5163.95 6899.91 13744.3 12079.3  3177.4 4262.63 8482.15 7476.23  1996.62 2663.73 5354.9 4643.31  1248 1650.38 3330.51 2876.42  
5163.95 6899.91 13744.3 12079.3  3206.47 4275.96 8580.1 7453.65  1985.65 2658.67 5317.81 4651.86  1245.1 1646.58 3296.45 2889.52  
5163.95 6899.91 13744.3 12079.3  3195.36 4260.65 8465.7 7489.67  1988.91 2659.74 5328.92 4647.82  1248.09 1651.97 3335.51 2877.41  
5163.95 6899.91 13744.3 12079.3  3206.47 4275.96 8580.1 7453.65  1985.65 2658.67 5317.81 4651.86  1245.1 1646.58 3296.45 2889.52  
5163.95 6899.91 13744.3 12079.3  3216.71 4274.24 8551.66 7473.81  1988.27 2658.18 5311.01 4656.52  1236.51 1644.36 3285.33 2887.87  
5163.95 6899.91 13744.3 12079.3  3216.71 4274.24 8551.66 7473.81  1993.96 2649.74 5285.78 4652.63  1229.85 1645.36 3285.95 2887.71  
5163.95 6899.91 13744.3 12079.3  3195.05 4281.76 8568.63 7474.96  2001.27 2655.35 5311.76 4652.65  1230.44 1646.27 3300.49 2879.89  
5163.95 6899.91 13744.3 12079.3  3206.47 4275.96 8580.1 7453.65  1985.85 2645.56 5253.93 4661.03  1245.03 1651.54 3320.6 2886.05  
5163.95 6899.91 13744.3 12079.3  3182.9 4275.87 8544.96 7470.56  2008.07 2654.03 5320.57 4644.75  1244.75 1645.32 3288.64 2891.48  
5163.95 6899.91 13744.3 12079.3  3213.21 4279.96 8551.89 7489.21  1990.21 2653.55 5335.62 4625.18  1236.49 1649.19 3296.03 2894.24  
5163.95 6899.91 13744.3 12079.3  3202.91 4281.78 8580.34 7469.32  1976.03 2644.59 5264.04 4646.72  1249.32 1646.67 3296.59 2891.2  
5163.95 6899.91 13744.3 12079.3  3195.36 4260.65 8465.7 7489.67  2001.15 2663.35 5350.67 4647.07  1235.19 1645.35 3293.83 2883.8  
5163.95 6899.91 13744.3 12079.3  3177.4 4262.63 8482.15 7476.23  2007.97 2662.61 5344.46 4652.17  1243.7 1650.8 3334.47 2873.08  
5163.95 6899.91 13744.3 12079.3  3216.71 4274.24 8551.66 7473.81  1988.88 2655.71 5335.7 4630.99  1240.53 1643.13 3280.33 2889.62  
5163.95 6899.91 13744.3 12079.3  3177.4 4262.63 8482.15 7476.23  1989.03 2660.06 5340.1 4640.58  1254.86 1651.11 3325.08 2885.25  
5163.95 6899.91 13744.3 12079.3  3218.1 4260.73 8499.6 7473.37  1973.73 2660.79 5333.55 4641.67  1241.25 1652.2 3331.98 2878.12  
9949.69 13201.2 26353.2 23094.5  2683.65 3599.72 7238.33 6292.8  730.696 1003.83 2010.91 1766.11  196.861 269.018 542.326 474.595  
9949.69 13201.2 26353.2 23094.5  2679.2 3615.68 7282.62 6305.12  733.939 992.224 1978.76 1757.15  198.196 268.162 539.136 474.977  
9949.69 13201.2 26353.2 23094.5  2676 3580.21 7208.12 6254.63  736.273 1018.02 2032.84 1793.88  198.919 274.293 550.527 484.948  
9949.69 13201.2 26353.2 23094.5  2676.83 3630.59 7293.34 6340.27  732.667 966.599 1942.82 1707.52  200.851 275.904 557.368 485.422  
9949.69 13201.2 26353.2 23094.5  2686.65 3617.42 7224.78 6356.54  728.039 989.122 2008.53 1723.13  197.066 269.148 559.445 462.426  
9949.69 13201.2 26353.2 23094.5  2682.72 3581.74 7150.25 6305.17  728.006 1004.54 2057.46 1732.34  200.084 286.111 580.43 497.894  
9949.69 13201.2 26353.2 23094.5  2675 3600.79 7262.03 6274.77  735.705 996.29 1985.3 1764.84  200.404 276.976 548.253 495.308  
9949.69 13201.2 26353.2 23094.5  2676.83 3630.59 7293.34 6340.27  735.203 979.575 1959.06 1734.99  198.541 264.293 540.11 462.872  
9949.69 13201.2 26353.2 23094.5  2687.77 3614.35 7258.57 6322.62  724.567 994.982 2002.99 1743.38  198.453 268.326 542.325 473.209  
9949.69 13201.2 26353.2 23094.5  2689.53 3612.62 7224.51 6343.69  725.469 984.681 2000.26 1715.27  196.518 277.053 569.076 478.303  
9949.69 13201.2 26353.2 23094.5  2682.72 3581.74 7150.25 6305.17  730.086 1010.03 2066.11 1742.92  198.785 281.723 574.106 489.172  
9949.69 13201.2 26353.2 23094.5  2676.83 3630.59 7293.34 6340.27  735.989 978.275 1958.99 1731.49  197.928 269.779 549.866 471.664  
9949.69 13201.2 26353.2 23094.5  2686.65 3617.42 7224.78 6356.54  727.709 992.3 2020.86 1723.3  197.653 268.669 552.859 466.071  
9949.69 13201.2 26353.2 23094.5  2687.77 3614.35 7258.57 6322.62  727.847 987.387 1981.25 1738.53  196.697 273.725 556.279 478.044  
9949.69 13201.2 26353.2 23094.5  2679.2 3615.68 7282.62 6305.12  734.257 989.072 1966.69 1757.05  198.269 271.541 549.404 477.299  
9949.69 13201.2 26353.2 23094.5  2686.65 3617.42 7224.78 6356.54  726.02 988.656 2024.62 1709.2  198.841 270.586 549.345 474.718  
9949.69 13201.2 26353.2 23094.5  2688.94 3603.04 7214.44 6322.63  727.148 998.218 2015.88 1744.31  196.14 272.112 558.181 471.647  
9949.69 13201.2 26353.2 23094.5  2677.39 3569.52 7164.9 6255.89  734.459 1027.2 2064.34 1796.67  199.229 275.387 558.954 482.026  
9949.69 13201.2 26353.2 23094.5  2688.94 3603.04 7214.44 6322.63  724.52 1001.85 2035.05 1739.71  197.894 268.988 541.061 475.86  
9949.69 13201.2 26353.2 23094.5  2689.53 3612.62 7224.51 6343.69  725.469 984.681 2000.26 1715.27  196.777 274.423 558.695 478.301  
2998.2 3983.83 7953.28 6967.41  2326.81 3094.24 6212.96 5388.21  1827.29 2421.35 4822.3 4251.95  1423.34 1885.7 3764.11 3307.5  
2998.2 3983.83 7953.28 6967.41  2328.4 3119.77 6239.57 5444.42  1826.94 2415.79 4816.54 4239.67  1423.07 1881.37 3759.61 3297.95  
2998.2 3983.83 7953.28 6967.41  2326.81 3094.24 6212.96 5388.21  1825.73 2430.97 4829.13 4274.73  1426.14 1896.16 3778.24 3328.95  
2998.2 3983.83 7953.28 6967.41  2339.44 3104.43 6180.85 5447.37  1815.06 2417.58 4861.1 4206.94  1418.98 1906.24 3814.19 3329.04  
2998.2 3983.83 7953.28 6967.41  2338.43 3114.27 6218.7 5447.69  1815.28 2415.44 4852.83 4206.87  1424.36 1897.68 3771.95 3337.52  
2998.2 3983.83 7953.28 6967.41  2335.41 3083.9 6155.35 5404.17  1815.94 2422.05 4866.67 4216.31  1418.7 1894.13 3802.25 3301.99  
2998.2 3983.83 7953.28 6967.41  2334.33 3093.36 6192.73 5403.69  1826.03 2427.96 4833.39 4262.71  1424.42 1897.01 3781.71 3328.19  
2998.2 3983.83 7953.28 6967.41  2335.88 3118.44 6218.88 5458.91  1825.29 2416.08 4821.02 4236.5  1423.31 1895.03 3796.53 3310.8  
2998.2 3983.83 7953.28 6967.41  2336.94 3108.52 6181.02 5458.38  1824.67 2432.33 4865.57 4250.97  1418.68 1894.32 3807.63 3298.6  
2998.2 3983.83 7953.28 6967.41  2337.91 3105.91 6209.99 5429.28  1815.39 2417.26 4854.73 4210.86  1420.38 1905.16 3791.46 3343.48  
2998.2 3983.83 7953.28 6967.41  2339.44 3104.43 6180.85 5447.37  1816.29 2437.53 4881.94 4250.84  1425.13 1887.49 3768.52 3310.2  
2998.2 3983.83 7953.28 6967.41  2337.91 3105.91 6209.99 5429.28  1822.1 2409.18 4809.7 4223.34  1424.49 1898.37 3783.11 3331.21  
2998.2 3983.83 7953.28 6967.41  2336.94 3108.52 6181.02 5458.38  1825.46 2424.65 4835.94 4250.72  1423.35 1900.42 3806.89 3319.03  
2998.2 3983.83 7953.28 6967.41  2328.4 3119.77 6239.57 5444.42  1817.47 2414.25 4848.27 4207.58  1427.3 1889.23 3763.07 3320.29  
2998.2 3983.83 7953.28 6967.41  2339.44 3104.43 6180.85 5447.37  1820.92 2416.89 4845.27 4219.03  1421.3 1890.24 3788.97 3301.5  
2998.2 3983.83 7953.28 6967.41  2337.91 3105.91 6209.99 5429.28  1822.47 2436.17 4859.36 4266.12  1419.27 1899.24 3808.06 3313.07  
2998.2 3983.83 7953.28 6967.41  2338.93 3096.22 6172.29 5429.29  1817.87 2438.28 4861.08 4269.27  1422.09 1887.37 3787.41 3294.51  
2998.2 3983.83 7953.28 6967.41  2328.4 3119.77 6239.57 5444.42  1820.18 2433.11 4846.37 4265.95  1426.7 1885.12 3763.5 3307.54  
2998.2 3983.83 7953.28 6967.41  2334.33 3093.36 6192.73 5403.69  1823.26 2438.92 4863.14 4271.74  1424.1 1895.52 3793.04 3315.16  
2998.2 3983.83 7953.28 6967.41  2335.41 3083.9 6155.35 5404.17  1825.79 2430.02 4841.52 4262.6  1416.54 1892.39 3807.75 3291.96  
5666.67 7577.94 15234.7 13159.3  3329.96 4448.03 8858.57 7803.76  1912.08 2559.14 5135.36 4467.78  1131.71 1492.15 2979.14 2627.94  
5666.67 7577.94 15234.7 13159.3  3327.7 4411.64 8820.77 7723.17  1910.78 2577.95 5151.36 4510.89  1119.78 1482.98 2968.4 2603.86  
5666.67 7577.94 15234.7 13159.3  3332.92 4429.85 8845.71 7760.52  1937.14 2589.51 5149.26 4557.49  1126.84 1490.79 2977.22 2623.69  
5666.67 7577.94 15234.7 13159.3  3329.96 4448.03 8858.57 7803.76  1911.62 2551.86 5127.79 4451.61  1121.93 1487.29 2975.53 2612.21  
5666.67 7577.94 15234.7 13159.3  3307.75 4400.66 8825.11 7679.45  1918.99 2582.51 5149.53 4528.91  1146.72 1512.07 2994.16 2681.97  
5666.67 7577.94 15234.7 13159.3  3332.92 4429.85 8845.71 7760.52  1935.82 2568.31 5127.25 4510.42  1110.76 1488 2981.09 2605.86  
5666.67 7577.94 15234.7 13159.3  3313.83 4431.53 8863.3 7744.78  1909.26 2533.11 5088.46 4424.24  1141.67 1520.39 3009.72 2692.85  
5666.67 7577.94 15234.7 13159.3  3280.96 4415.12 8844.18 7697.6  1947.14 2589.65 5152.8 4558.92  1127.48 1485.27 2971.12 2611.73  
5666.67 7577.94 15234.7 13159.3  3268.59 4352.34 8766.54 7564.73  1950.91 2594.1 5162.84 4565.44  1141.86 1530.13 3019.21 2714.81  
5666.67 7577.94 15234.7 13159.3  3313.06 4419.19 8850.48 7717.44  1926.7 2551.94 5105.76 4474.06  1133.45 1519.79 3007.94 2689.3  
5666.67 7577.94 15234.7 13159.3  3307.75 4400.66 8825.11 7679.45  1911.76 2545.77 5104.27 4450.72  1149.75 1527.41 3013.08 2714.49  
5666.67 7577.94 15234.7 13159.3  3297.9 4375.96 8787.2 7630.79  1953.94 2608.56 5173.62 4602.06  1117.71 1493.63 2986.15 2621.39  
5666.67 7577.94 15234.7 13159.3  3327.7 4411.64 8820.77 7723.17  1909.41 2555.94 5128.53 4462.01  1130.38 1500.1 2984.85 2646.6  
5666.67 7577.94 15234.7 13159.3  3333.67 4441.98 8858.31 7787.38  1910.09 2554.37 5127.89 4458.32  1132.81 1502.94 2990.93 2651.63  
5666.67 7577.94 15234.7 13159.3  3332.92 4429.85 8845.71 7760.52  1918.48 2547.54 5107.74 4456.46  1124.47 1496.05 2983.12 2633.6  
5666.67 7577.94 15234.7 13159.3  3284.8 4408.85 8843.91 7680.65  1930.7 2575.43 5141.49 4518.43  1142.73 1501.65 2982.71 2657.75  
5666.67 7577.94 15234.7 13159.3  3329.96 4448.03 8858.57 7803.76  1940.53 2578.37 5143.72 4529.87  1106.64 1467.87 2955.89 2563.51  
5666.67 7577.94 15234.7 13159.3  3313.06 4419.19 8850.48 7717.44  1909.58 2538.17 5093.76 4435.32  1131.58 1511.32 3001.84 2667.54  
5666.67 7577.94 15234.7 13159.3  3268.59 4352.34 8766.54 7564.73  1954.05 2605.02 5177.7 4588.03  1130.53 1517.8 3006.4 2683.14  
5666.67 7577.94 15234.7 13159.3  3284.8 4408.85 8843.91 7680.65  1930.24 2568.1 5133.91 4502.08  1139.52 1496.25 2973.03 2647.6  
1896.75 2539.51 5050.47 4450.36  1635.14 2187.29 4376.38 3815.6  1407.36 1881.4 3764.66 3283.57  1202.47 1606.03 3182.21 2828.15  
1896.75 2539.51 5050.47 4450.36  1630.36 2183.39 4344.15 3826.37  1413.2 1875.17 3733.81 3290.48  1208.2 1619.7 3242.83 2825.39  
1896.75 2539.51 5050.47 4450.36  1616.53 2178.28 4340.18 3808.85  1405.84 1879.31 3741.95 3293.78  1218.58 1614.01 3216.22 2832.49  
1896.75 2539.51 5050.47 4450.36  1622.12 2177.5 4326.3 3819.12  1389 1866.75 3707.96 3275.54  1219.6 1621.02 3242.59 2833.87  
1896.75 2539.51 5050.47 4450.36  1623.2 2170.72 4300.39 3818.87  1392.99 1875.96 3744.04 3277.31  1212.12 1613.37 3208.5 2833.84  
1896.75 2539.51 5050.47 4450.36  1631.13 2187.28 4370.41 3818.48  1409.76 1874.62 3725.21 3293.98  1208.69 1611.25 3201.44 2831.56  
1896.75 2539.51 5050.47 4450.36  1611.72 2168.68 4302.47 3806.84  1410.63 1884.01 3774.99 3284.79  1204.46 1613.28 3210.16 2829.38  
1896.75 2539.51 5050.47 4450.36  1630.36 2183.39 4344.15 3826.37  1413.2 1875.17 3733.81 3290.48  1202.32 1607.44 3190.87 2825.68  
1896.75 2539.51 5050.47 4450.36  1611.72 2168.68 4302.47 3806.84  1410.63 1884.01 3774.99 3284.79  1211.27 1612.54 3203.94 2834.47  
1896.75 2539.51 5050.47 4450.36  1640.4 2186.36 4361.88 3825.75  1408.47 1874.74 3726.39 3292.96  1212.01 1613.51 3211.09 2832.29  
1896.75 2539.51 5050.47 4450.36  1611.72 2168.68 4302.47 3806.84  1394.57 1876.24 3743.75 3278.98  1206.68 1614.36 3214.47 2830.2  
1896.75 2539.51 5050.47 4450.36  1636.46 2186.35 4356.01 3828.58  1391.17 1873.78 3736.34 3275.95  1203.73 1612.24 3208.11 2827.58  
1896.75 2539.51 5050.47 4450.36  1637.27 2179.4 4329.56 3828.16  1386.92 1866.49 3707.52 3274.29  1210.89 1621.47 3248.53 2827.4  
1896.75 2539.51 5050.47 4450.36  1623.2 2170.72 4300.39 3818.87  1409.03 1883.72 3775.28 3283.11  1212.75 1620.29 3247.58 2825.33  
1896.75 2539.51 5050.47 4450.36  1631.13 2187.28 4370.41 3818.48  1397.64 1867.15 3700.11 3285.99  1204.37 1608.01 3191.89 2827.41  
1896.75 2539.51 5050.47 4450.36  1611.72 2168.68 4302.47 3806.84  1410.63 1884.01 3774.99 3284.79  1215.71 1614.69 3212.59 2836.08  
1896.75 2539.51 5050.47 4450.36  1631.13 2187.28 4370.41 3818.48  1396.71 1872.99 3722.4 3286.2  1199.55 1612.8 3218.33 2819.96  
1896.75 2539.51 5050.47 4450.36  1611.72 2168.68 4302.47 3806.84  1401.81 1881.4 3759.42 3285.33  1201.52 1614.21 3222.61 2821.7  
1896.75 2539.51 5050.47 4450.36  1635.14 2187.29 4376.38 3815.6  1387.21 1865.39 3701.08 3276.03  1218.58 1614.7 3216.87 2834.02  
1896.75 2539.51 5050.47 4450.36  1624.92 2184.27 4358.34 3816.23  1392.75 1874.07 3736.01 3277.67  1200.95 1613.06 3218.11 2821.45  
4864.32 6534.9 13042 11411.4  3144.19 4185.88 8342.13 7340.56  2021.89 2681.27 5364.91 4696.19  1292.21 1717.45 3438.36 3010.12  
4864.32 6534.9 13042 11411.4  3145.16 4182 8380.94 7300.31  1997.99 2677.54 5364.37 4676.27  1291.27 1718.55 3426.5 3021.97  
4864.32 6534.9 13042 11411.4  3115.04 4177.91 8374.22 7281.61  2020.88 2685.25 5363.87 4708.39  1291.61 1711.93 3403.86 3019.46  
4864.32 6534.9 13042 11411.4  3145.16 4182 8380.94 7300.31  2002.47 2680.1 5346.67 4698.92  1286.78 1716 3444.2 2999.33  
4864.32 6534.9 13042 11411.4  3102.91 4172.06 8350.7 7277.22  2030.2 2687.38 5379.67 4706.42  1286.91 1714.54 3433.52 3003.07  
4864.32 6534.9 13042 11411.4  3132.48 4180.22 8319.41 7336.32  2021.23 2683.28 5365.81 4701.18  1287.85 1715.51 3464.24 2983.38  
4864.32 6534.9 13042 11411.4  3116.64 4168.94 8285.23 7322.42  2013.17 2682.24 5406.24 4664.79  1289.32 1716.82 3431.38 3012.32  
4864.32 6534.9 13042 11411.4  3116.64 4168.94 8285.23 7322.42  2027.53 2684.84 5403.07 4680.38  1282.99 1716.57 3448.6 2996.25  
4864.32 6534.9 13042 11411.4  3086.5 4160.38 8315.31 7262.83  2030.13 2686.78 5352.65 4724.89  1305.06 1722.31 3442.92 3026.01  
4864.32 6534.9 13042 11411.4  3122.88 4177.95 8385.87 7276  2018.08 2685.24 5359.7 4710.41  1301.61 1717.29 3440.51 3011.62  
4864.32 6534.9 13042 11411.4  3132.48 4180.22 8319.41 7336.32  2013.7 2679.65 5351.19 4698.47  1287.29 1716.8 3464.67 2986.64  
4864.32 6534.9 13042 11411.4  3105.91 4170.42 8311.8 7302.72  2024.14 2687.94 5386.27 4700.82  1300.87 1721.34 3452.94 3014.08  
4864.32 6534.9 13042 11411.4  3132.48 4180.22 8319.41 7336.32  2006.99 2680.73 5368.67 4686.01  1302.15 1718.09 3461.18 2998.78  
4864.32 6534.9 13042 11411.4  3086.5 4160.38 8315.31 7262.83  2038.34 2687.92 5392.27 4701.7  1298.13 1720.96 3456.19 3009.38  
4864.32 6534.9 13042 11411.4  3132.48 4180.22 8319.41 7336.32  2007.53 2678.2 5393.95 4659.84  1290.15 1713.63 3412.65 3017.25  
4864.32 6534.9 13042 11411.4  3144.19 4185.88 8342.13 7340.56  1980.03 2664.92 5340.46 4649.89  1310.36 1723.35 3451.76 3024.54  
4864.32 6534.9 13042 11411.4  3086.5 4160.38 8315.31 7262.83  2036.07 2691.58 5392.39 4711.58  1306.75 1723.66 3454.21 3022.25  
4864.32 6534.9 13042 11411.4  3144.19 4185.88 8342.13 7340.56  1980.03 2664.92 5340.46 4649.89  1283.23 1712.82 3435.99 2994.71  
4864.32 6534.9 13042 11411.4  3105.91 4170.42 8311.8 7302.72  2012.97 2675.93 5331.89 4701.62  1296.99 1721.64 3474.32 2997.51  
4864.32 6534.9 13042 11411.4  3151.76 4185.91 8353.38 7335.14  2014.32 2681.23 5353.66 4701.61  1268.5 1707 3427.31 2978.24  
2697.26 3611.98 7259.24 6272.6  2176.61 2910.44 5810.92 5087.87  1716.58 2292.04 4622.52 3975.45  1393.49 1866.72 3729.64 3264.71  
2697.26 3611.98 7259.24 6272.6  2166.07 2899.65 5814.03 5049.43  1747.11 2321.61 4643.22 4059.44  1388.56 1847.44 3708.73 3221.3  
2697.26 3611.98 7259.24 6272.6  2143.05 2864.27 5775.86 4964.31  1724.39 2320.9 4650.02 4043.25  1399.85 1862.38 3725.66 3257.19  
2697.26 3611.98 7259.24 6272.6  2143.05 2864.27 5775.86 4964.31  1741.26 2323.05 4653.34 4053.67  1396.51 1861.95 3724.99 3255.13  
2697.26 3611.98 7259.24 6272.6  2162.09 2879.45 5789 5006.84  1747.9 2325.63 4648.2 4067.87  1391.75 1863.62 3728.78 3255.45  
2697.26 3611.98 7259.24 6272.6  2179.04 2906.48 5810.76 5077.2  1718.93 2302.68 4636.08 3997.71  1391.57 1849.83 3710.81 3227.95  
2697.26 3611.98 7259.24 6272.6  2166.07 2899.65 5814.03 5049.43  1744.38 2312.07 4630.14 4039.91  1398.43 1869.23 3725.4 3277.33  
2697.26 3611.98 7259.24 6272.6  2179.04 2906.48 5810.76 5077.2  1717.33 2312.54 4643.06 4021.08  1379.63 1838.14 3701.01 3195.99  
2697.26 3611.98 7259.24 6272.6  2163.6 2903.68 5814.2 5060.29  1737.6 2321.69 4652.41 4049.06  1401.51 1858.87 3715.53 3255.21  
2697.26 3611.98 7259.24 6272.6  2179.04 2906.48 5810.76 5077.2  1718.93 2302.68 4636.08 3997.71  1381.91 1853.27 3718.7 3228.46  
2697.26 3611.98 7259.24 6272.6  2146.58 2876.6 5792.77 4989.51  1749.44 2335.75 4654.21 4093.99  1382.3 1852.64 3718.68 3226.78  
2697.26 3611.98 7259.24 6272.6  2143.05 2864.27 5775.86 4964.31  1751.7 2328.65 4650.83 4076.3  1394.44 1860.84 3725.49 3250.68  
2697.26 3611.98 7259.24 6272.6  2165.57 2891.57 5805.63 5031.61  1718.74 2295.75 4623.56 3986.38  1384.26 1852.31 3716.74 3227.89  
2697.26 3611.98 7259.24 6272.6  2166.07 2899.65 5814.03 5049.43  1721.48 2304.03 4635.43 4003.13  1381.35 1841.15 3701.87 3204.87  
2697.26 3611.98 7259.24 6272.6  2166.07 2899.65 5814.03 5049.43  1721.48 2304.03 4635.43 4003.13  1404.23 1863.19 3718.94 3266.45  
2697.26 3611.98 7259.24 6272.6  2162.09 2879.45 5789 5006.84  1737.49 2320.04 4650.71 4045.3  1381.6 1855.19 3720.13 3232.92  
2697.26 3611.98 7259.24 6272.6  2165.57 2891.57 5805.63 5031.61  1721.99 2312.21 4643.94 4021.16  1404.55 1868.27 3724.22 3277.72  
2697.26 3611.98 7259.24 6272.6  2175.13 2886.64 5786.15 5035.34  1720.11 2313.19 4647.83 4020.43  1402.7 1863.95 3722.03 3265.82  
2697.26 3611.98 7259.24 6272.6  2146.58 2876.6 5792.77 4989.51  1723.7 2318.46 4646.64 4038.3  1387.35 1856.06 3720.18 3237.69  
2697.26 3611.98 7259.24 6272.6  2165.57 2891.57 5805.63 5031.61  1736.8 2317.63 4647.4 4040.42  1379.44 1855.89 3717.58 3236.15  
11235.3 15064.4 30146.3 26253.2  1981.79 2583.12 5149.16 4597.61  344.284 441.456 880.933 797.642  60.6551 75.4484 151.917 137.79  
11235.3 15064.4 30146.3 26253.2  1954.91 2560.35 5140.65 4524.99  365.466 457.349 888.388 847.541  64.7061 80.8456 152.451 155.63  
11235.3 15064.4 30146.3 26253.2  1988.17 2582.03 5132.1 4609.89  339.866 442.361 896.28 786.89  59.2537 75.4977 153.546 136.132  
11235.3 15064.4 30146.3 26253.2  1976.93 2583.1 5142.13 4601.08  344.007 438.201 886.523 783.338  63.9255 77.5801 152.855 144.747  
11235.3 15064.4 30146.3 26253.2  1965 2577.08 5144.9 4576.17  358.12 446.458 884.452 815.37  63.0928 76.3062 152.531 140.859  
11235.3 15064.4 30146.3 26253.2  1954.91 2560.35 5140.65 4524.99  365.552 458.623 889.671 850.545  65.726 79.954 151.433 154.072  
11235.3 15064.4 30146.3 26253.2  1983.39 2582.01 5125.18 4613.3  342.966 442.377 900.776 784.663  60.7661 75.5736 155.04 135.804  
11235.3 15064.4 30146.3 26253.2  1957.35 2573.47 5130.45 4573.41  363.036 448.828 893.915 817.164  65.7874 77.2066 156.363 141.637  
11235.3 15064.4 30146.3 26253.2  1969.94 2577.1 5152.06 4572.63  355.229 444.627 878.475 813.143  61.6185 77.7014 151.756 145.207  
11235.3 15064.4 30146.3 26253.2  1969.41 2579.55 5127.92 4598.37  350.971 442.75 896.445 792.207  65.558 77.3061 156.147 142.032  
11235.3 15064.4 30146.3 26253.2  1983.55 2572.57 5141.72 4572.13  343.681 450.205 888.302 818.098  60.0456 76.9095 151.677 142.218  
11235.3 15064.4 30146.3 26253.2  1969.94 2577.1 5152.06 4572.63  356.445 445.669 876.807 818.185  60.6129 76.8388 153.139 141.049  
11235.3 15064.4 30146.3 26253.2  1947.59 2563.96 5133.51 4538.57  370.209 456.257 894.349 841.863  66.8034 78.7597 153.411 149.132  
11235.3 15064.4 30146.3 26253.2  1988.17 2582.03 5132.1 4609.89  339.032 442.361 895.059 787.485  59.5025 75.4976 153.924 135.95  
11235.3 15064.4 30146.3 26253.2  1969.41 2579.55 5127.92 4598.37  355.354 444.422 899.747 796.409  61.5709 75.4594 154.006 136.543  
11235.3 15064.4 30146.3 26253.2  1983.55 2572.57 5141.72 4572.13  345.163 449.404 885.312 818.601  58.1322 77.43 154.541 140.762  
11235.3 15064.4 30146.3 26253.2  1969.94 2577.1 5152.06 4572.63  350.098 442.505 878.283 804.737  65.4677 79.2708 152.003 151.3  
11235.3 15064.4 30146.3 26253.2  1954.91 2560.35 5140.65 4524.99  365.136 459.257 889.693 852.377  65.3933 79.3801 152.006 151.626  
11235.3 15064.4 30146.3 26253.2  1971.73 2566.37 5144.49 4546.71  348.236 451.974 884.579 827.649  65.5152 80.093 152.835 153.225  
11235.3 15064.4 30146.3 26253.2  1983.55 2572.57 5141.72 4572.13  341.625 449.162 888.812 813.648  61.6045 77.4887 151.539 144.705  
9053.31 12158.8 24323.2 21190.2  3056.85 4028.06 8014.38 7114.01  1011.61 1328.98 2692.21 2325.01  343.246 444.288 886.893 793.371  
9053.31 12158.8 24323.2 21190.2  3054.38 4029.8 8051.88 7089.85  1000.61 1322.88 2657.57 2328.55  350.262 447.389 886.711 805.61  
9053.31 12158.8 24323.2 21190.2  3035.3 4024.22 8018.65 7091.02  1013.11 1326.57 2679.7 2327.78  350.276 445.324 893.888 793.767  
9053.31 12158.8 24323.2 21190.2  3064.21 4028.1 8025.2 7108.75  1014.88 1333.33 2674.62 2352.48  335.328 441.347 890.202 779.079  
9053.31 12158.8 24323.2 21190.2  3046.89 4029.76 8040.87 7095.2  1024 1332.21 2660.59 2363.3  338.876 439.535 893.757 772.372  
9053.31 12158.8 24323.2 21190.2  3064.21 4028.1 8025.2 7108.75  1003.06 1330.79 2681.31 2335.29  337.894 439.953 888.447 777.161  
9053.31 12158.8 24323.2 21190.2  3028.5 4020.38 8045.21 7056.83  1028.97 1337.2 2659.1 2381.25  346.512 443.067 890.62 788.181  
9053.31 12158.8 24323.2 21190.2  3009.43 3999.95 8038.77 6993.36  1049.31 1350.91 2674.39 2418.11  343.49 445.285 884.004 798.586  
9053.31 12158.8 24323.2 21190.2  3001.68 3999.91 8027.38 6998.9  1048.21 1347.74 2683.51 2401.19  353.656 450.752 885.749 817.834  
9053.31 12158.8 24323.2 21190.2  3039.59 4014.85 8056.2 7036.25  1025.52 1342.76 2659.15 2396.39  342.321 443.063 884.479 791.177  
9053.31 12158.8 24323.2 21190.2  3036.13 4020.42 8056.41 7051.38  1021.62 1335.91 2660.44 2373.37  349.677 444.356 882.971 799.085  
9053.31 12158.8 24323.2 21190.2  3028.5 4020.38 8045.21 7056.83  1026.66 1335.92 2667.91 2369.75  352.141 444.788 882.552 801.688  
9053.31 12158.8 24323.2 21190.2  3028.5 4020.38 8045.21 7056.83  1036.27 1338.49 2657.71 2388.98  339.533 439.962 890.849 776.001  
9053.31 12158.8 24323.2 21190.2  3064.21 4028.1 8025.2 7108.75  1006.73 1328.95 2684.96 2328.48  339.659 444.466 886.242 793.039  
9053.31 12158.8 24323.2 21190.2  3036.13 4020.42 8056.41 7051.38  1027.82 1339.03 2659.01 2386.29  345.537 442.267 883.924 790.485  
9053.31 12158.8 24323.2 21190.2  3009.43 3999.95 8038.77 6993.36  1045.57 1352.72 2670.78 2425.02  348.921 446.776 884.185 805.144  
9053.31 12158.8 24323.2 21190.2  3016.71 4014.74 8022.6 7052.57  1034.45 1339.69 2683.01 2372.58  353.962 446.038 886.354 803.237  
9053.31 12158.8 24323.2 21190.2  3028.5 4020.38 8045.21 7056.83  1030.42 1334.1 2671.58 2362.84  346.423 445.15 883.518 799.783  
9053.31 12158.8 24323.2 21190.2  3064.21 4028.1 8025.2 7108.75  999.152 1328.93 2673.78 2333.89  343.386 443.867 891.229 788.963  
9053.31 12158.8 24323.2 21190.2  3035.3 4024.22 8018.65 7091.02  1024.74 1333.38 2689.41 2345.25  347.758 444.102 888.862 793.085  
2991.47 3988.44 7929.65 6996.17  2327.64 3089.01 6123.02 5440.42  1826.2 2438.87 4883.58 4257.36  1425.16 1903.13 3814.45 3322.03  
2991.47 3988.44 7929.65 6996.17  2311.32 3104.8 6173.3 5443.15  1812.53 2433.08 4868.62 4246.16  1432.4 1894.9 3783.56 3323.57  
2991.47 3988.44 7929.65 6996.17  2332.91 3107.5 6177.94 5456.02  1814.91 2423.83 4822.46 4254.19  1415.44 1882.55 3743.87 3310.04  
2991.47 3988.44 7929.65 6996.17  2339.91 3113.26 6223.88 5441.39  1813.38 2422.57 4812.51 4257.41  1422.57 1895.32 3779.72 3323.9  
2991.47 3988.44 7929.65 6996.17  2332.91 3107.5 6177.94 5456.02  1813.88 2431.51 4851.76 4254.62  1423.99 1894.63 3781.17 3321.29  
2991.47 3988.44 7929.65 6996.17  2332.91 3107.5 6177.94 5456.02  1807.83 2432.49 4867.62 4243.34  1425.32 1894.42 3777.73 3323.77  
2991.47 3988.44 7929.65 6996.17  2324.38 3103.37 6161.33 5452.93  1823.44 2427.96 4839.08 4257.28  1420.55 1885.03 3753.86 3311.89  
2991.47 3988.44 7929.65 6996.17  2311.32 3104.8 6173.3 5443.15  1815.63 2410.04 4780.71 4244.88  1423.12 1897.4 3787.4 3324.38  
2991.47 3988.44 7929.65 6996.17  2338.42 3107.52 6186.17 5452.07  1803.51 2424.95 4830.05 4247.43  1419.85 1893.54 3773.92 3321.86  
2991.47 3988.44 7929.65 6996.17  2329.87 3118.76 6244.76 5438.12  1825.71 2432.34 4856.93 4257.86  1421.36 1898.02 3788.53 3324.88  
2991.47 3988.44 7929.65 6996.17  2339.91 3113.26 6223.88 5441.39  1825.5 2430.29 4861.36 4248.39  1423.27 1893.64 3774.11 3323.47  
2991.47 3988.44 7929.65 6996.17  2324.38 3103.37 6161.33 5452.93  1827.75 2427.97 4845.52 4254.2  1422.91 1885.03 3757.42 3310.2  
2991.47 3988.44 7929.65 6996.17  2338.42 3107.52 6186.17 5452.07  1803.51 2424.95 4830.05 4247.43  1427.78 1902.12 3812.35 3321.66  
2991.47 3988.44 7929.65 6996.17  2324.15 3118.74 6236.24 5442.22  1809.74 2430.02 4854.86 4246.36  1430.19 1892.51 3772.86 3323.73  
2991.47 3988.44 7929.65 6996.17  2324.15 3118.74 6236.24 5442.22  1816.64 2433.36 4868.31 4248.86  1430.2 1889.29 3769.83 3316.48  
2991.47 3988.44 7929.65 6996.17  2324.15 3118.74 6236.24 5442.22  1823.6 2410.19 4786.23 4244.43  1417.77 1900.32 3795.5 3325.01  
2991.47 3988.44 7929.65 6996.17  2329.87 3118.76 6244.76 5438.12  1806.57 2414.93 4788.47 4250.21  1421.05 1893.27 3770.24 3324.31  
2991.47 3988.44 7929.65 6996.17  2329.87 3118.76 6244.76 5438.12  1814.55 2429.04 4837.2 4258.55  1429.41 1890.23 3774.74 3315.25  
2991.47 3988.44 7929.65 6996.17  2340.92 3103.42 6186 5441.06  1819.81 2427.94 4833.71 4259.89  1423.65 1902.36 3811.58 3321.33  
2991.47 3988.44 7929.65 6996.17  2331.75 3117.41 6215.68 5456.62  1820.92 2432.62 4856.75 4256.94  1417.37 1899.06 3807.48 3312.25  
