5 18 5
11916.5 11957.2 14893.9 10408.3 25242.6  7868.85 7887.69 9761.73 6919.05 16613.4  5198.12 5211.86 6491.18 4558.63 11023  3472.09 3435.83 4349.96 3021.39 7436.15  2273.99 2263.54 2886.03 1970.77 4894.95  
11916.5 11957.2 14893.9 10408.3 25242.6  7882.02 7898.87 9834.14 6901.51 16700.8  5219.44 5206.6 6537.89 4554.26 11120.6  3433.57 3440.83 4273.03 3023.58 7272.81  2280.68 2272.52 2837.61 2006.11 4848.47  
11916.5 11957.2 14893.9 10408.3 25242.6  7904.71 7884.8 9810.21 6929.5 16739.4  5211.76 5211.37 6546.02 4544.82 11107.6  3416.1 3439.63 4274.59 3004.46 7240.21  2290.24 2278.9 2862 2006.71 4885.39  
11916.5 11957.2 14893.9 10408.3 25242.6  7823.24 7879.13 9758.41 6870.4 16527.1  5212.68 5184.75 6566.68 4522.15 11162.1  3469.02 3459.21 4318.29 3045.73 7369.45  2301.3 2279.56 2852.32 2023.1 4897.31  
11916.5 11957.2 14893.9 10408.3 25242.6  7854.05 7889.03 9825.71 6872.62 16646.8  5228.91 5209.93 6540.75 4564.01 11138.9  3464.15 3441.46 4319.62 3031.4 7382.17  2279.09 2264.57 2860.15 1989.26 4877.88  
11916.5 11957.2 14893.9 10408.3 25242.6  7814.99 7867.96 9803.68 6833.81 16569.7  5191.88 5204.55 6501.47 4543.61 11029.4  3452.88 3447.64 4291.65 3037.1 7322.77  2301.07 2281.81 2855.29 2022.45 4896.91  
26132.3 26046.7 32918.5 22608.9 55823.8  6688.58 6706.83 8256.09 5952.58 14116.4  1753.29 1803.66 2107.75 1629.2 3602.57  464.963 475.71 536.941 447.677 938.911  119.841 123.468 134.905 119.209 238.229  
26132.3 26046.7 32918.5 22608.9 55823.8  6781.29 6820.86 8299.18 6083.88 14214.9  1689.91 1708.72 2071.9 1535.35 3548  438.501 456.466 528.845 413.894 899.798  117.62 123.767 135.786 116.359 234.515  
26132.3 26046.7 32918.5 22608.9 55823.8  6666.19 6698.87 8249.51 5928.74 14073.9  1771.37 1798.36 2109.84 1644.05 3646.65  469.126 485.431 540.026 455.487 939.356  119.158 126.709 136.073 119.431 234.67  
26132.3 26046.7 32918.5 22608.9 55823.8  6688.58 6706.83 8256.09 5952.58 14116.4  1760.9 1816.42 2110.81 1642.33 3606.49  460.585 465.47 533.435 439.746 938.063  117.348 121.788 135.489 115.226 235.823  
26132.3 26046.7 32918.5 22608.9 55823.8  6688.58 6706.83 8256.09 5952.58 14116.4  1758.42 1792.23 2103.9 1631.01 3621.31  464.176 487.532 540.365 451.195 927.713  115.889 123.241 135.432 114.364 231.364  
26132.3 26046.7 32918.5 22608.9 55823.8  6682.6 6748.39 8266.92 5961.63 14067.5  1745.13 1755.51 2090.87 1604.93 3624.71  472.028 475.816 539.163 453.827 955.053  124.886 129.23 138.176 125.912 245.141  
2455.65 2442.62 3073.18 2132.29 5231.18  2285.56 2278.31 2860.76 1987.34 4863.95  2131.18 2125.58 2652.38 1861.84 4519.05  1980.76 1971.44 2459.59 1731.7 4199.65  1827.08 1822.27 2301.27 1583.27 3902.7  
2455.65 2442.62 3073.18 2132.29 5231.18  2287.18 2274.76 2855.52 1989.86 4866.11  2112.12 2105.5 2658.62 1829.54 4510.31  1969.66 1959.73 2471.73 1708.58 4203.22  1820.77 1803.59 2285.45 1575.6 3895.8  
2455.65 2442.62 3073.18 2132.29 5231.18  2291.1 2284.46 2851.71 2000.53 4858.75  2125.64 2119.42 2661.43 1848.66 4524.25  1977.39 1963.14 2463.03 1722.47 4206.09  1835.67 1819.28 2281.38 1600.49 3903.5  
2455.65 2442.62 3073.18 2132.29 5231.18  2285.56 2278.31 2860.76 1987.34 4863.95  2125.18 2129.31 2658.71 1854.43 4508.85  1955.95 1935.53 2456.58 1690.41 4188.53  1819.67 1806.14 2290.21 1573.35 3895.41  
2455.65 2442.62 3073.18 2132.29 5231.18  2289.59 2277.64 2842.5 2000.27 4854.38  2116.27 2104.94 2658.21 1833.67 4519  1970.58 1956.55 2468.21 1709.73 4205.27  1836.9 1821.2 2281.89 1602.43 3904.23  
2455.65 2442.62 3073.18 2132.29 5231.18  2284.65 2288.48 2858.52 1992.56 4847.79  2131.24 2124.87 2652.53 1861.48 4520.17  1968.51 1957.45 2471.95 1706.2 4203.81  1840.04 1826.96 2291.25 1603.72 3913.36  
