1 16 5
17914  14603.4  11960.5  9948.43  8171.81  
92567.3  6884.65  496.217  38.7498  2.89441  
2973.61  2889.89  2781.87  2726.5  2645.12  
37775.3  23563.2  14613.3  9069.69  5647.61  
13931.6  11996  10265.7  8842.75  7665.59  
2973.61  2889.89  2776.45  2699.81  2634.14  
37775.3  23579.5  14458.2  9050.55  5718.85  
37775.3  23431.7  14513.3  9156.89  5655.27  
17914  14572.2  12072.6  9862.62  8149.6  
2973.61  2884.68  2791.4  2688.9  2614.94  
17914  14678.8  12053.5  9891.36  8123.49  
37775.3  23514.4  14482.4  9153.15  5683.91  
37775.3  23282.2  14653  9129.36  5701.83  
2973.61  2884.68  2791.4  2688.9  2614.94  
92567.3  6884.65  492.814  41.8618  3.14745  
37775.3  23514.4  14601.9  9021.15  5643.94  
