1 50 5
37775.3  23514.4  14482.4  9153.15  5683.91  
37775.3  23282.2  14653  9129.36  5701.83  
37775.3  23563.2  14623.3  8994.93  5681.85  
37775.3  23563.2  14649  8985.41  5677.55  
37775.3  23290.3  14752.4  9104.19  5674.79  
37775.3  23282.2  14639.2  9181.63  5675.96  
37775.3  23431.7  14513.3  9156.89  5655.27  
37775.3  23579.5  14458.2  9050.55  5718.85  
37775.3  23514.4  14601.9  9021.15  5643.94  
37775.3  23563.2  14613.3  9069.69  5647.61  
17914  14572.2  12072.6  9862.62  8149.6  
17914  14694.2  11963.3  9876.22  8085.68  
17914  14720.1  11997.2  9928.42  8091.88  
17914  14709.8  11960.5  9919.33  8152.07  
17914  14709.8  12085.7  9924.35  8106.31  
17914  14549.2  12034.1  9938.21  8087.86  
17914  14678.8  12053.5  9891.36  8123.49  
17914  14724.7  11996.4  9859.58  8103.39  
17914  14627  12088.3  9931.88  8150.06  
17914  14603.4  11960.5  9948.43  8171.81  
13931.6  11983.4  10286.6  8807.17  7669.38  
13931.6  11928.5  10350.9  8880.99  7623.49  
13931.6  11983.4  10267.5  8900.63  7666.78  
13931.6  11928.5  10322.3  8884.96  7610.46  
13931.6  11928.5  10340.5  8807.28  7664.13  
13931.6  11872.3  10319.2  8902.58  7632.59  
13931.6  11996  10265.7  8842.75  7665.59  
13931.6  11970.7  10327.4  8868.99  7651.46  
13931.6  11950.7  10298.5  8860.89  7664.76  
13931.6  11928.5  10226.6  8857.49  7680.83  
92567.3  6807.45  568.286  43.4575  3.28451  
92567.3  6830.7  549.069  39.7932  2.9212  
92567.3  6832.89  544.594  41.6325  3.34186  
92567.3  6884.65  496.217  38.7498  2.89441  
92567.3  6865.04  513.07  41.1872  3.1765  
92567.3  6830.7  548.339  39.993  3.42071  
92567.3  6807.45  568.286  43.5561  3.19718  
92567.3  6872.16  509.466  38.0877  2.80044  
92567.3  6845.76  530.905  42.5997  3.21444  
92567.3  6884.65  492.814  41.8618  3.14745  
2973.61  2846.53  2815.74  2726.78  2645.39  
2973.61  2856.01  2762.72  2695.95  2602.54  
2973.61  2861.7  2782.7  2715.02  2609.9  
2973.61  2897.76  2770.7  2680.2  2634.66  
2973.61  2889.89  2776.45  2699.81  2634.14  
2973.61  2889.89  2781.87  2726.5  2645.12  
2973.61  2884.68  2791.4  2688.9  2614.94  
2973.61  2889.89  2761.73  2716.63  2609.65  
2973.61  2900.85  2781.55  2713.89  2646.97  
2973.61  2876.95  2811.83  2708.25  2619.11  
