2 50 3
10035 10900.2  7955.16 8568.67  6282.13 6812.29  
10543.8 11390.5  8222.28 8869.61  6394.57 6973.97  
31535.9 34268.2  10831.8 11670  3695.09 3990.08  
31535.9 34268.2  10764.1 11675  3702.33 3983.62  
10035 10900.2  7917.81 8620.92  6296.07 6771.34  
31535.9 34268.2  10803.9 11688.2  3676.53 3974.97  
29179 31570.5  11457.8 12425.6  4477.29 4868.59  
0 0  0 0  0 0  
29179 31570.5  11469.2 12370.7  4454.88 4838.72  
31535.9 34268.2  10831.8 11670  3695.09 3990.08  
0 0  0 0  0 0  
28290.3 30484.1  11559.4 12660.3  4781.09 5218.22  
10543.8 11390.5  8208.58 8870.13  6414.13 6963  
10035 10900.2  7866.82 8588.35  6243.37 6811.34  
10035 10900.2  7947.44 8606.66  6267.62 6795.83  
18215.8 19561.7  11250.4 12131.1  7009.75 7570.97  
10035 10900.2  7934.42 8557.72  6300.05 6783.81  
18032.4 19722.3  11351.6 12231  6898.63 7543.33  
29179 31570.5  11435.2 12282.8  4462.99 4957.63  
10035 10900.2  7866.82 8588.35  6236.68 6793.68  
24648.9 26940.4  12014.6 12907.2  5832.73 6259.12  
0 0  0 0  0 0  
31535.9 34268.2  10844.5 11668.8  3663.51 3992.18  
31535.9 34268.2  10814.1 11603.6  3707.56 4039.52  
0 0  0 0  0 0  
18032.4 19722.3  11235.7 12237.8  7077.33 7584.21  
10543.8 11390.5  8193.09 8922.82  6419.21 6889.95  
10035 10900.2  7955.16 8568.67  6282.13 6812.29  
24648.9 26940.4  12070 12996  5825.72 6265.8  
24648.9 26940.4  11868.5 12951.5  5832.12 6231.87  
29179 31570.5  11372.9 12432.2  4512.01 4872.68  
10543.8 11390.5  8178.06 8885.59  6404.23 6970.46  
29179 31570.5  11455.6 12371.9  4483.02 4879.52  
28290.3 30484.1  11559.4 12660.3  4781.09 5218.22  
0 0  0 0  0 0  
18215.8 19561.7  11286.6 12148.1  7020.31 7642.34  
8151.43 8793.9  6767.41 7291.27  5590.27 6089.13  
24648.9 26940.4  11881.9 12950.2  5890.92 6282.03  
29179 31570.5  11457.8 12425.6  4477.29 4868.59  
31535.9 34268.2  10764.1 11675  3711.65 3988.46  
18215.8 19561.7  11286.6 12148.1  7020.31 7642.34  
18215.8 19561.7  11293.2 12237.5  7012.54 7653.84  
10543.8 11390.5  8191.22 8910.12  6417.93 6954.23  
24648.9 26940.4  11825.8 12846.8  5913.06 6336.34  
18215.8 19561.7  11286.6 12148.1  7001.14 7599.33  
10543.8 11390.5  8222.28 8869.61  6394.57 6973.97  
24648.9 26940.4  11991.3 12982.1  5806.92 6214.67  
24648.9 26940.4  11825.8 12846.8  5913.06 6336.34  
31535.9 34268.2  10721.1 11676.6  3739.83 3976.68  
31535.9 34268.2  10842 11651.9  3674.62 3986.01  
