2 150 3
18215.8 19561.7  11250.4 12131.1  7009.75 7570.97  
18215.8 19561.7  11286.6 12148.1  7001.96 7654.98  
18215.8 19561.7  11250.4 12131.1  7023.34 7604.91  
18215.8 19561.7  11286.6 12148.1  7001.14 7599.33  
18215.8 19561.7  11283.9 12129.6  6997.09 7571.51  
18215.8 19561.7  11293.2 12237.5  7012.54 7653.84  
18215.8 19561.7  11293.2 12237.5  7012.54 7653.84  
18215.8 19561.7  11274.3 12238.2  7012.57 7553.29  
18215.8 19561.7  11286.6 12148.1  7020.31 7642.34  
18215.8 19561.7  11274.3 12238.2  7006.59 7620.96  
18215.8 19561.7  11283.9 12129.6  7002.98 7661.94  
18215.8 19561.7  11285.2 12183  7013.94 7663.32  
18215.8 19561.7  11250.4 12131.1  7027.43 7660.96  
18215.8 19561.7  11286.6 12148.1  7021.97 7653.71  
18215.8 19561.7  11303.9 12218.1  7006.85 7650.06  
10543.8 11390.5  8214.3 8908.93  6396.31 6965.33  
10543.8 11390.5  8191.22 8910.12  6417.93 6954.23  
10543.8 11390.5  8222.28 8869.61  6394.57 6973.97  
10543.8 11390.5  8208.58 8870.13  6390.2 6903.73  
10543.8 11390.5  8183.68 8923.71  6395.64 6962.77  
10543.8 11390.5  8193.09 8922.82  6423.75 6920.76  
10543.8 11390.5  8178.06 8885.59  6404.23 6970.46  
10543.8 11390.5  8230.09 8855.54  6423.24 6934.71  
10543.8 11390.5  8191.22 8910.12  6425.41 6953.52  
10543.8 11390.5  8208.58 8870.13  6420.36 6932.26  
10543.8 11390.5  8208.58 8870.13  6414.13 6963  
10543.8 11390.5  8183.69 8833.13  6391.24 6952.83  
10543.8 11390.5  8222.28 8869.61  6417.11 6952.29  
10543.8 11390.5  8230.09 8855.54  6415.64 6935.43  
10543.8 11390.5  8193.09 8922.82  6419.21 6889.95  
31535.9 34268.2  10801.4 11671.6  3701.14 3973.12  
31535.9 34268.2  10831.8 11670  3695.09 3990.08  
31535.9 34268.2  10842 11651.9  3674.62 3986.01  
31535.9 34268.2  10764.1 11675  3702.33 3983.62  
31535.9 34268.2  10842.4 11618.5  3664.92 4025.36  
31535.9 34268.2  10694.3 11662.5  3771.04 3979.03  
31535.9 34268.2  10842.4 11618.5  3664.92 4025.36  
31535.9 34268.2  10721.1 11676.6  3739.83 3976.68  
31535.9 34268.2  10721.8 11645.2  3729.72 4003.23  
31535.9 34268.2  10814.1 11603.6  3707.56 4039.52  
31535.9 34268.2  10844.5 11668.8  3663.51 3992.18  
31535.9 34268.2  10764.1 11675  3711.65 3988.46  
31535.9 34268.2  10814.1 11603.6  3703.26 4039.9  
31535.9 34268.2  10803.9 11688.2  3676.53 3974.97  
31535.9 34268.2  10721.8 11645.2  3781.43 3999.69  
10035 10900.2  7866.82 8588.35  6243.37 6811.34  
10035 10900.2  7927.05 8595.89  6230.88 6809.76  
10035 10900.2  7875.23 8610.65  6259.49 6806.43  
10035 10900.2  7866.28 8611.48  6261.35 6806.25  
10035 10900.2  7926.93 8620.08  6248.74 6804.46  
10035 10900.2  7866.82 8588.35  6236.68 6793.68  
10035 10900.2  7964.6 8567.8  6216.46 6798  
10035 10900.2  7964.6 8567.8  6263.95 6823.11  
10035 10900.2  7926.93 8620.08  6271.91 6793.03  
10035 10900.2  7866.82 8588.35  6290.29 6769.46  
10035 10900.2  7934.42 8557.72  6300.05 6783.81  
10035 10900.2  7947.44 8606.66  6267.62 6795.83  
10035 10900.2  7955.16 8568.67  6282.13 6812.29  
10035 10900.2  7917.81 8620.92  6296.07 6771.34  
10035 10900.2  7895.54 8573.5  6278.36 6821.91  
8151.43 8793.9  6733.87 7325.32  5613.91 6011.46  
8151.43 8793.9  6767.41 7291.27  5590.27 6089.13  
8151.43 8793.9  6747.35 7239.52  5593.66 6097.91  
8151.43 8793.9  6759.15 7312.98  5619.52 6057.16  
8151.43 8793.9  6735.41 7335.77  5622.22 6044.34  
8151.43 8793.9  6759.4 7292.02  5608.24 6007.88  
8151.43 8793.9  6767.41 7291.27  5618.11 6060.81  
8151.43 8793.9  6759.15 7312.98  5607.42 6084.64  
8151.43 8793.9  6747.35 7239.52  5609.41 6097.08  
8151.43 8793.9  6735.51 7315.19  5596.93 6093.76  
8151.43 8793.9  6759.4 7292.02  5613.91 6087.58  
8151.43 8793.9  6767.41 7291.27  5618.11 6060.81  
8151.43 8793.9  6767.41 7291.27  5618.11 6060.81  
8151.43 8793.9  6755.5 7238.75  5614.58 6096.6  
8151.43 8793.9  6755.5 7238.75  5610.24 6025.94  
0 0  0 0  0 0  
0 0  0 0  0 0  
0 0  0 0  0 0  
0 0  0 0  0 0  
0 0  0 0  0 0  
0 0  0 0  0 0  
0 0  0 0  0 0  
0 0  0 0  0 0  
0 0  0 0  0 0  
0 0  0 0  0 0  
0 0  0 0  0 0  
0 0  0 0  0 0  
0 0  0 0  0 0  
0 0  0 0  0 0  
0 0  0 0  0 0  
29179 31570.5  11435.2 12282.8  4462.99 4957.63  
29179 31570.5  11372.9 12432.2  4512.01 4872.68  
29179 31570.5  11404.7 12266.6  4513.95 4943.22  
29179 31570.5  11369.6 12378.9  4535.31 4875.32  
29179 31570.5  11415 12411.2  4475.09 4879.42  
29179 31570.5  11457.8 12425.6  4473.68 4812.1  
29179 31570.5  11415 12411.2  4491.7 4884.98  
29179 31570.5  11457.8 12425.6  4461.77 4805.79  
29179 31570.5  11457.8 12425.6  4477.29 4868.59  
29179 31570.5  11455.6 12371.9  4483.02 4879.52  
29179 31570.5  11455.2 12407.6  4475.27 4822.93  
29179 31570.5  11469.2 12370.7  4454.88 4838.72  
29179 31570.5  11455.2 12407.6  4467.39 4873.45  
29179 31570.5  11372.9 12432.2  4482.86 4854.21  
29179 31570.5  11414.9 12446.3  4495.99 4828.38  
28290.3 30484.1  11595 12546.4  4759.12 5277.72  
28290.3 30484.1  11559.4 12660.3  4790.11 5187.32  
28290.3 30484.1  11559.3 12492.9  4802.75 5276.51  
28290.3 30484.1  11603.2 12602.6  4755.39 5252.19  
28290.3 30484.1  11559.4 12660.3  4781.09 5218.22  
28290.3 30484.1  11614.2 12582.6  4763.11 5194.15  
28290.3 30484.1  11559.4 12660.3  4786.14 5126.11  
28290.3 30484.1  11548.7 12550.7  4799.8 5274.51  
28290.3 30484.1  11583.9 12603.3  4761.2 5198.79  
28290.3 30484.1  11592 12658.6  4775.6 5164.89  
28290.3 30484.1  11548.7 12550.7  4792.33 5189.38  
28290.3 30484.1  11583.9 12603.3  4761.2 5198.79  
28290.3 30484.1  11617 12601.3  4760.34 5175.37  
28290.3 30484.1  11574.2 12454.6  4777.39 5244.9  
28290.3 30484.1  11559.4 12660.3  4775.58 5165.65  
24648.9 26940.4  11881.9 12950.2  5890.92 6282.03  
24648.9 26940.4  11825.8 12846.8  5836.6 6260.75  
24648.9 26940.4  12059 13015.9  5739.3 6224.53  
24648.9 26940.4  11868.5 12951.5  5929.71 6288.93  
24648.9 26940.4  11972.3 12946.9  5833.89 6257.91  
24648.9 26940.4  11991.3 12982.1  5862.29 6246.19  
24648.9 26940.4  12014.6 12907.2  5832.73 6259.12  
24648.9 26940.4  11868.5 12951.5  5832.12 6231.87  
24648.9 26940.4  11879.2 12932.3  5885.61 6291.92  
24648.9 26940.4  11994 13000.3  5832.02 6247.3  
24648.9 26940.4  12070 12996  5825.72 6265.8  
24648.9 26940.4  11991.3 12982.1  5806.92 6214.67  
24648.9 26940.4  11825.8 12846.8  5913.06 6336.34  
24648.9 26940.4  11980.4 13001.6  5758.42 6181.54  
24648.9 26940.4  11860.5 12897.9  5845.36 6276.16  
18032.4 19722.3  11207.5 12223  7033.57 7603.53  
18032.4 19722.3  11060.5 12146.1  7143.39 7640.39  
18032.4 19722.3  11322.5 12215.7  7062.68 7602.08  
18032.4 19722.3  11105.4 12145.7  7054.13 7623.6  
18032.4 19722.3  11309.3 12251.3  7041.31 7601.19  
18032.4 19722.3  11322.3 12250.1  6998.55 7592.58  
18032.4 19722.3  11248.5 12236.6  7090.72 7594.17  
18032.4 19722.3  11130.8 12190.7  7070.41 7615.07  
18032.4 19722.3  11164.1 12192.3  7050.29 7594.68  
18032.4 19722.3  11143.3 12189.5  7065.7 7615.51  
18032.4 19722.3  11130.8 12190.7  7090.65 7614.82  
18032.4 19722.3  11322.3 12250.1  6909.5 7536.17  
18032.4 19722.3  11235.7 12237.8  7077.33 7584.21  
18032.4 19722.3  11130.8 12190.7  7116.86 7623.45  
18032.4 19722.3  11351.6 12231  6898.63 7543.33  
