3 150 4
13560 6072.45 18144.5  8422.99 3766.57 11259.6  5227.28 2337.12 6996.23  3277.84 1450.55 4364.03  
13560 6072.45 18144.5  8401.77 3769 11254.1  5305.1 2324.93 7022.86  3269.66 1455.44 4364.46  
13560 6072.45 18144.5  8473.89 3768.71 11308.6  5273.9 2338.03 7025.12  3241.52 1449.4 4334.8  
13560 6072.45 18144.5  8480.28 3747.76 11271.9  5180.1 2338.4 6955.11  3298.94 1454.38 4381.24  
13560 6072.45 18144.5  8510.29 3752.83 11316.1  5247.23 2345.54 7018.92  3270.61 1454.56 4361.59  
13560 6072.45 18144.5  8501.36 3760.48 11326.3  5198.13 2339.43 6971.21  3243.34 1448.36 4325.7  
13560 6072.45 18144.5  8453.03 3771.09 11303.1  5268.78 2338.6 7023.81  3295.68 1446.35 4362.69  
13560 6072.45 18144.5  8510.29 3752.83 11316.1  5247.23 2345.54 7018.92  3292.78 1447.51 4366.59  
13560 6072.45 18144.5  8368.58 3765.94 11232.5  5318.06 2335.43 7061.71  3284.57 1452.26 4368.8  
13560 6072.45 18144.5  8348.65 3754.07 11179.5  5326.83 2338.75 7067.4  3281.39 1455.86 4375.76  
13560 6072.45 18144.5  8480.86 3762.83 11321  5179.97 2332.7 6936.88  3295.2 1453.89 4373.82  
13560 6072.45 18144.5  8327.09 3756.53 11173.9  5333.74 2338.99 7083.94  3257.65 1450.02 4340.5  
13560 6072.45 18144.5  8401.77 3769 11254.1  5235.2 2336.2 6998.31  3327.72 1448.05 4390.86  
13560 6072.45 18144.5  8480.86 3762.83 11321  5275.64 2336.61 7028.15  3262.96 1449.36 4335.43  
13560 6072.45 18144.5  8420.39 3768.09 11281.9  5299.78 2333.44 7028.76  3264.71 1452.55 4351.82  
15741.4 7010.47 21001.2  8867.53 3943.29 11830.3  4992.17 2190.43 6617.49  2790.98 1256.1 3748.5  
15741.4 7010.47 21001.2  8836.24 3953.95 11835.5  4964.32 2212.19 6621.49  2816.75 1241.84 3744.43  
15741.4 7010.47 21001.2  8804.82 3949.21 11789.9  5011.82 2203.22 6648.57  2819.67 1244.51 3750.82  
15741.4 7010.47 21001.2  8858.04 3951.45 11841.2  4972.56 2215.95 6644.64  2803.66 1241.29 3731.81  
15741.4 7010.47 21001.2  8849.57 3910.04 11758.7  4958.5 2231.48 6654.96  2831.67 1242.3 3759.14  
15741.4 7010.47 21001.2  8836.24 3953.95 11835.5  4964.32 2212.19 6621.49  2816.75 1241.84 3744.43  
15741.4 7010.47 21001.2  8849.57 3910.04 11758.7  4993.85 2228.14 6677.77  2802.25 1240.2 3728.98  
15741.4 7010.47 21001.2  8886.77 3942.82 11859.8  4977.62 2213.76 6633.55  2798.81 1242.68 3726.84  
15741.4 7010.47 21001.2  8814.47 3940.92 11778.8  5025.39 2209.83 6679.61  2817.73 1238.28 3739.54  
15741.4 7010.47 21001.2  8796.2 3907.1 11706  5031.82 2216.95 6696.2  2823.81 1254.24 3772.76  
15741.4 7010.47 21001.2  8796.2 3907.1 11706  5023.4 2206.14 6671.63  2795.64 1250.11 3737.66  
15741.4 7010.47 21001.2  8858.04 3951.45 11841.2  4972.56 2215.95 6644.64  2810.58 1240.5 3733.59  
15741.4 7010.47 21001.2  8858.04 3951.45 11841.2  4958.65 2200.77 6597.04  2825.83 1244.45 3760.4  
15741.4 7010.47 21001.2  8896.1 3934.81 11849.1  4955.99 2223.27 6641.2  2803.3 1237.68 3719.53  
15741.4 7010.47 21001.2  8886.77 3942.82 11859.8  4977.62 2213.76 6633.55  2797.91 1238.33 3718.17  
35494.3 15809.8 47428.8  497.217 188.094 563.488  8.25516 2.07259 7.58271  0.196546 0.0228436 0.121516  
35494.3 15809.8 47428.8  499.337 186.639 562.625  6.26208 3.47845 8.45186  0.0711487 0.0708756 0.115464  
35494.3 15809.8 47428.8  498.987 187.675 564.474  6.59478 2.48057 6.63991  0.0877982 0.0331086 0.0788225  
35494.3 15809.8 47428.8  497.795 187.797 564.236  7.75984 2.35032 6.86328  0.11509 0.0414927 0.0930463  
35494.3 15809.8 47428.8  499.887 186.361 563.379  5.64054 3.78736 7.6756  0.142209 0.0409183 0.137643  
35494.3 15809.8 47428.8  497.795 187.797 564.236  7.77836 2.34882 6.86679  0.0968449 0.0431334 0.0898199  
35494.3 15809.8 47428.8  494.101 188.072 562.215  11.2677 2.09474 8.80974  0.294509 0.02278 0.165413  
35494.3 15809.8 47428.8  499.501 187.289 563.937  6.07989 2.849 7.16226  0.0890784 0.0503843 0.0935402  
35494.3 15809.8 47428.8  497.74 187.701 562.941  7.8172 2.44495 8.15012  0.110972 0.0431484 0.10056  
35494.3 15809.8 47428.8  497.795 187.797 564.236  7.77836 2.34882 6.86679  0.0965159 0.0432352 0.0897355  
35494.3 15809.8 47428.8  495.924 187.654 563.223  9.59087 2.49373 7.84115  0.152462 0.0413372 0.127018  
35494.3 15809.8 47428.8  495.924 187.654 563.223  9.55698 2.5015 7.85573  0.185765 0.0336685 0.113058  
35494.3 15809.8 47428.8  499.501 187.289 563.937  6.00936 2.86862 7.12113  0.156788 0.0310856 0.133113  
35494.3 15809.8 47428.8  497.573 187.039 561.606  8.00718 3.08643 9.45934  0.0898405 0.062869 0.126359  
35494.3 15809.8 47428.8  499.887 186.361 563.379  5.67289 3.77761 7.70366  0.109403 0.0505184 0.109309  
26841.9 11989.1 35906.8  6767.35 3005.42 8997.07  1783.64 751.816 2312.39  448.574 190.086 583.053  
26841.9 11989.1 35906.8  6782.44 3004.7 9019.33  1748.48 753.36 2282.48  467.837 189.161 592.312  
26841.9 11989.1 35906.8  6805.39 2998.14 9033.95  1742.4 758.699 2281.66  453.75 190.488 581.063  
26841.9 11989.1 35906.8  6740.62 3002.99 8979.8  1797.23 755.673 2326.37  463.783 188.593 589.323  
26841.9 11989.1 35906.8  6791.87 2997.18 8992.99  1748.36 759.604 2306.33  459.158 189.966 593.105  
26841.9 11989.1 35906.8  6854.92 2992.53 9046.7  1723.01 757.595 2278.44  432.422 195.401 574.227  
26841.9 11989.1 35906.8  6784.43 3003.49 9001.47  1757.85 754.699 2305.86  459.436 188.971 586.96  
26841.9 11989.1 35906.8  6808.72 3007.09 9036.31  1735.99 752.178 2274.22  457.554 188.254 585.791  
26841.9 11989.1 35906.8  6767.35 3005.42 8997.07  1783.07 749.184 2307  450.125 191.934 587.334  
26841.9 11989.1 35906.8  6784.43 3003.49 9001.47  1770.56 753.644 2313.92  446.758 190.044 578.948  
26841.9 11989.1 35906.8  6832.83 2998.99 9032.3  1734.82 756.625 2286.09  438.785 190.843 578.848  
26841.9 11989.1 35906.8  6851.08 2983.8 9044.22  1715.22 770.06 2278.31  442.521 192.183 577.07  
26841.9 11989.1 35906.8  6832.83 2998.99 9032.3  1734.26 753.974 2280.76  437.789 193.166 580.65  
26841.9 11989.1 35906.8  6831.22 3000.5 9050.64  1712.63 756.508 2259.28  459.778 189.445 585.984  
26841.9 11989.1 35906.8  6847.73 2998.63 9054.89  1716.84 756.684 2269.71  442.842 191.121 574.097  
35588 15728.7 47383.6  405.876 266.508 608.118  6.0505 4.62199 8.09802  0.0825352 0.132204 0.161007  
35588 15728.7 47383.6  406.19 264.875 604.914  5.74867 6.29179 11.3172  0.0709853 0.0976315 0.146179  
35588 15728.7 47383.6  405.68 267.707 607.624  6.25119 3.50367 8.64152  0.0778549 0.0542399 0.112165  
35588 15728.7 47383.6  405.68 267.707 607.624  6.24846 3.49125 8.61961  0.0805486 0.0661308 0.1332  
35588 15728.7 47383.6  405.54 266.758 606.194  6.38753 4.38078 10.0145  0.0819524 0.123768 0.168553  
35588 15728.7 47383.6  407.101 264.872 606.443  4.83934 6.21377 9.75449  0.0689614 0.176631 0.179466  
35588 15728.7 47383.6  406.19 264.875 604.914  5.72251 6.31957 11.3089  0.097285 0.0695 0.15449  
35588 15728.7 47383.6  405.54 266.758 606.194  6.3829 4.37797 9.98315  0.0866091 0.125084 0.198133  
35588 15728.7 47383.6  406.881 266.184 607.157  5.06374 4.98495 9.08116  0.0648388 0.0939427 0.138751  
35588 15728.7 47383.6  406.422 263.586 604.24  5.51728 7.53893 11.9804  0.0699933 0.137384 0.156256  
35588 15728.7 47383.6  406.19 264.875 604.914  5.75115 6.23836 11.2796  0.0687962 0.147858 0.182579  
35588 15728.7 47383.6  406.881 266.184 607.157  5.05867 4.92162 9.03973  0.0698419 0.154525 0.179165  
35588 15728.7 47383.6  406.828 266.333 608.382  5.11962 4.85592 7.89602  0.0616013 0.0750138 0.0999596  
35588 15728.7 47383.6  405.876 266.508 608.118  6.05357 4.69399 8.1634  0.0793391 0.0614461 0.0962696  
35588 15728.7 47383.6  407.019 267.116 608.563  4.90759 4.10298 7.71129  0.0829874 0.0447014 0.103688  
25238.6 11354.5 33879  7430.67 3281.65 9854.98  2344.07 967.977 3017.56  681.158 279.645 871.194  
25238.6 11354.5 33879  7573.97 3297.1 9988.74  2209.72 953.317 2889.47  674.976 279.089 867.226  
25238.6 11354.5 33879  7430.67 3281.65 9854.98  2335.03 967.204 3011.92  690.197 280.423 876.858  
25238.6 11354.5 33879  7599.03 3289.87 10004.6  2238.47 959.433 2917.8  652.414 280.575 849.2  
25238.6 11354.5 33879  7498.19 3292.59 9926.24  2282.56 959.676 2954.23  685.91 278.934 873.631  
25238.6 11354.5 33879  7498.19 3292.59 9926.24  2262.17 956.501 2933.09  706.223 281.165 892.844  
25238.6 11354.5 33879  7592.66 3295.01 9993.53  2209.82 955.594 2904.57  678.769 279.478 866.829  
25238.6 11354.5 33879  7546.94 3293.15 9950.21  2275.32 957.118 2956.36  662.59 280.334 859.443  
25238.6 11354.5 33879  7546.94 3293.15 9950.21  2241.68 956.917 2935.06  686.312 280.477 874.52  
25238.6 11354.5 33879  7592.66 3295.01 9993.53  2216.53 957.958 2906.88  674.015 277.805 865.196  
25238.6 11354.5 33879  7546.94 3293.15 9950.21  2262.28 959.818 2950.22  664.027 277.753 858.94  
25238.6 11354.5 33879  7460.9 3284.37 9874.39  2309.81 961.062 2993.56  692.965 283.785 882.482  
25238.6 11354.5 33879  7457.73 3285.13 9892.92  2310.87 964.97 2977.72  692.336 279.78 879.893  
25238.6 11354.5 33879  7599.03 3289.87 10004.6  2225.7 962.141 2911.82  655.213 279.115 848.38  
25238.6 11354.5 33879  7617.4 3287.82 10009.3  2211.7 960.727 2907.72  652.174 281.572 847.973  
10419.6 4580.48 13850.1  7395.86 3301.13 9887.07  5255.19 2311.43 6969.08  3731.04 1671.39 4998.57  
10419.6 4580.48 13850.1  7401.33 3283.06 9855.67  5261.48 2347.29 7027.31  3727.65 1666.27 4990.83  
10419.6 4580.48 13850.1  7403.63 3294.42 9878.17  5245.3 2338.61 7015.49  3738.76 1672.74 4996.01  
10419.6 4580.48 13850.1  7406.95 3278.22 9866.52  5232.52 2325.12 6991.14  3744.28 1672.12 4990.56  
10419.6 4580.48 13850.1  7404.69 3267.05 9844.42  5252.63 2321.13 6981.32  3729.22 1678.41 5007.35  
10419.6 4580.48 13850.1  7403.63 3294.42 9878.17  5257.76 2337.17 7018.76  3739.62 1655.88 4973.51  
10419.6 4580.48 13850.1  7365.17 3261.37 9831.74  5272.7 2333.99 7010.19  3743.69 1675.3 5004.97  
10419.6 4580.48 13850.1  7389.88 3252.91 9827.67  5254.99 2326.29 6999.39  3735.75 1658.03 4974.08  
10419.6 4580.48 13850.1  7389.88 3252.91 9827.67  5244.94 2307.4 6959.16  3738.66 1663.39 4985.64  
10419.6 4580.48 13850.1  7350.26 3207.75 9740.31  5266.42 2339.16 7024.51  3752.55 1680.11 5011.57  
10419.6 4580.48 13850.1  7350.26 3207.75 9740.31  5248.8 2345.24 7027.4  3758.79 1684.1 5021.97  
10419.6 4580.48 13850.1  7350.26 3207.75 9740.31  5248.8 2345.24 7027.4  3757.15 1692.43 5027.96  
10419.6 4580.48 13850.1  7395.86 3301.13 9887.07  5257.54 2346.85 7024.56  3721.97 1648.33 4962.88  
10419.6 4580.48 13850.1  7350.26 3207.75 9740.31  5274.65 2360.84 7044.63  3730.14 1671 4999.3  
10419.6 4580.48 13850.1  7399.31 3284.81 9875.27  5224.12 2285.04 6923.61  3741.95 1660.68 4982.17  
14007 6207.32 18662.6  8543.33 3767.69 11344.6  5231.98 2330.69 6997.26  3187.29 1431.33 4260.6  
14007 6207.32 18662.6  8561.56 3767.7 11373.4  5205.57 2347.4 6983.44  3196.96 1408.12 4241.55  
14007 6207.32 18662.6  8561.56 3767.7 11373.4  5209.82 2343.73 6991.06  3200.09 1428.21 4268.5  
14007 6207.32 18662.6  8557.63 3786.16 11386.3  5212.64 2335.37 6971.95  3178.97 1431.22 4266.01  
14007 6207.32 18662.6  8560.3 3799.26 11412.3  5209.95 2322.12 6945.69  3190.23 1427.42 4264.2  
14007 6207.32 18662.6  8547.5 3749.56 11332.4  5233.37 2344.54 7003.98  3185.13 1432.99 4262.71  
14007 6207.32 18662.6  8532.85 3807.46 11394.3  5216.64 2331.9 6975.26  3198.27 1420.43 4259.72  
14007 6207.32 18662.6  8555.35 3788.18 11409.1  5213.57 2334.59 6963.18  3196.27 1405.18 4235.6  
14007 6207.32 18662.6  8515.59 3775.35 11325.4  5227.64 2340.76 7009.76  3189.42 1433.34 4274.99  
14007 6207.32 18662.6  8532.85 3807.46 11394.3  5222.23 2327.09 6968.83  3195.08 1417.32 4252.29  
14007 6207.32 18662.6  8547.5 3749.56 11332.4  5215.27 2350.79 7007.01  3200.08 1435.43 4282.1  
14007 6207.32 18662.6  8547.5 3749.56 11332.4  5198.18 2355.96 6996  3193.3 1421.5 4249.87  
14007 6207.32 18662.6  8561.56 3767.7 11373.4  5230.26 2326 6979.83  3185.81 1423.16 4247.53  
14007 6207.32 18662.6  8561.56 3767.7 11373.4  5192.75 2348.88 6980.08  3208.19 1419.19 4267.76  
14007 6207.32 18662.6  8523.71 3815.33 11404.8  5243.41 2299.76 6952.04  3203.2 1419.77 4266.46  
15817.9 6965.79 21030.7  8859.79 3940.72 11809.2  4971.93 2229.46 6653.38  2780.4 1250.72 3730.58  
15817.9 6965.79 21030.7  8843.44 3891.37 11749.7  4964.78 2227.12 6651.09  2800.17 1269.95 3756.04  
15817.9 6965.79 21030.7  8857.37 3942.82 11832.7  4971.47 2220.86 6627.96  2789.01 1252.12 3725.72  
15817.9 6965.79 21030.7  8829.15 3872.82 11708  4974.6 2223.18 6648.8  2800.91 1286.07 3779.84  
15817.9 6965.79 21030.7  8862.54 3954.36 11836.2  4961.52 2195.47 6607.62  2785.94 1242.4 3714.24  
15817.9 6965.79 21030.7  8843.44 3891.37 11749.7  4977.59 2243.3 6664.33  2787.78 1258.6 3732.44  
15817.9 6965.79 21030.7  8859.79 3940.72 11809.2  4970.38 2221.77 6638.21  2784.15 1241.13 3720.96  
15817.9 6965.79 21030.7  8844.98 3921.5 11766  4959.7 2191.72 6600.1  2792.23 1275.59 3772.88  
15817.9 6965.79 21030.7  8837.11 3912.3 11786  4978.97 2235.36 6661.57  2787.21 1260.55 3737.08  
15817.9 6965.79 21030.7  8836.39 3945.25 11827.2  4984.44 2216.52 6637.63  2789.21 1240.83 3706.24  
15817.9 6965.79 21030.7  8849.26 3902.62 11753.3  4965.82 2210.35 6629.11  2787.66 1275.7 3765.7  
15817.9 6965.79 21030.7  8863.81 3921.5 11795.7  4968.63 2230.15 6644.13  2777.8 1235.69 3702.79  
15817.9 6965.79 21030.7  8836.39 3945.25 11827.2  4982.23 2227.48 6645.51  2788.84 1242.08 3706.84  
15817.9 6965.79 21030.7  8844.98 3921.5 11766  4969.23 2209.67 6638.3  2795.44 1266.29 3750.41  
15817.9 6965.79 21030.7  8844.98 3921.5 11766  4969.23 2209.67 6638.3  2790.77 1260.12 3736.68  
34497.4 15172.5 45862.6  1438.72 787.886 2045.73  60.9992 37.0256 86.8112  2.80445 2.43376 4.65951  
34497.4 15172.5 45862.6  1429.33 771.931 2021.67  70.2553 53.0453 110.841  2.93353 2.3927 4.70115  
34497.4 15172.5 45862.6  1439.28 787.468 2042.06  60.6415 38.2883 91.3916  2.60405 1.6513 3.80665  
34497.4 15172.5 45862.6  1439.28 787.468 2042.06  60.2825 37.3242 90.215  2.94592 2.53445 4.89436  
34497.4 15172.5 45862.6  1435.29 788.381 2044.71  64.4618 37.4152 88.8451  2.76724 1.60457 3.69115  
34497.4 15172.5 45862.6  1434.03 773.849 2024.04  65.5899 50.5622 107.95  2.88805 2.87089 5.14257  
34497.4 15172.5 45862.6  1440.22 786.295 2043.97  59.7498 39.4108 89.5582  2.5595 1.66911 3.69911  
34497.4 15172.5 45862.6  1437.44 779.824 2032.15  62.4087 45.6024 100.883  2.67791 1.95737 4.19642  
34497.4 15172.5 45862.6  1429.33 771.931 2021.67  70.2368 52.8612 110.602  2.92785 2.5087 4.86605  
34497.4 15172.5 45862.6  1438.72 787.886 2045.73  61.0543 37.7229 87.6959  2.75223 1.78873 3.83023  
34497.4 15172.5 45862.6  1438.72 787.886 2045.73  61.2333 37.6795 87.6094  2.58043 1.83012 3.91268  
34497.4 15172.5 45862.6  1440.22 786.295 2043.97  59.4798 38.9329 89.007  2.81644 2.11796 4.22074  
34497.4 15172.5 45862.6  1439.79 783.607 2039.45  60.2389 41.6874 93.6825  2.49504 2.04514 4.06419  
34497.4 15172.5 45862.6  1436.34 777.565 2031.2  63.5458 47.4282 101.56  2.64506 2.36976 4.46269  
34497.4 15172.5 45862.6  1438.19 791.823 2048.45  61.7581 33.7667 84.8895  2.577 1.77814 3.87799  
