2 22 22 4
500 200
2200 1000 
1518.23 322.98 1
0.0690567 1 10
743.271
745.834
741.969
741.267
741.023
743.71
742.745
743.134
748.246
744.031
741.036
741.131
742.607
742.063
742.882
745.566
742.078
746.005
741.222
742.941
745.741
742.765
46.0229 -0.26389
46.5102 1.85913
45.7077 1.27469
45.4022 0.25289
44.8493 0.69898
43.9745 -0.16624
44.0757 0.86114
44.8813 -0.88727
46.9755 -0.35489
43.838 0.02012
45.2964 0.5151
45.1132 0.18934
44.8381 1.99282
44.9029 1.76395
46.1238 0.6391
46.5493 1.60631
45.5352 1.59954
43.6154 -0.52065
45.344 0.23096
44.0235 0.8768
43.6654 -0.51774
45.6561 1.84901
46.6958 -1.42972
44.1931 2.0071
