2 50 4
10851.5 28993.1  6549.79 17398.9  3941.74 10492.7  2367.33 6310.92  
14142.7 37749.9  6816.28 18118  3276.65 8733.1  1563.32 4205.48  
11430.8 30467.7  6601.51 17657.4  3866.93 10313.6  2247.99 5990.14  
26863 71848.7  399.536 860.934  7.31 10.2816  0.11204 0.130435  
14142.7 37749.9  6803.46 18155.7  3283.62 8711.49  1569.56 4187.35  
12433.3 33373.8  6802.12 18070.7  3633.31 9722.19  2008.42 5302.54  
11113.2 29745.6  6512.18 17503.3  3905.37 10383.4  2325.3 6130.96  
11113.2 29745.6  6561.19 17563.8  3902.48 10397.5  2306.63 6100.67  
12433.3 33373.8  6802.12 18070.7  3633.31 9722.19  2008.42 5302.54  
18384.9 49276.7  5993.65 15905.4  1947.93 5105.64  635.624 1647.42  
18384.9 49276.7  5993.65 15905.4  1947.93 5105.64  635.624 1647.42  
23148.3 61536.8  3491.85 9490.59  532.952 1434.07  82.0011 219.175  
12433.3 33373.8  6793.59 18041.3  3669.97 9780.62  1978.11 5262.15  
23148.3 61536.8  3498.02 9472.67  528.752 1446.19  80.4511 224.342  
14149.6 37747.5  6804.33 18090.2  3274.61 8738.93  1577.31 4212.28  
18384.9 49276.7  5993.65 15905.4  1942.71 5089.93  642.94 1662.43  
10851.5 28993.1  6515.13 17451.4  3914.27 10437  2383.07 6283.44  
11430.8 30467.7  6632.72 17665.5  3860.73 10291.1  2227.15 5992.24  
18384.9 49276.7  5974.53 15772.4  1955.51 5179.69  644.232 1690.17  
23148.3 61536.8  3482.22 9354.08  540.943 1550.72  83.6611 235.749  
11113.2 29745.6  6601.57 17596  3895.26 10332.2  2302.13 6155.12  
11113.2 29745.6  6512.18 17503.3  3931.71 10370  2334.24 6183.15  
11113.2 29745.6  6570.92 17584.2  3865.06 10309.2  2317.82 6128.22  
18384.9 49276.7  6021.14 15920.3  1917.56 5086.63  632.795 1644.53  
11430.8 30467.7  6636.37 17599.6  3859.58 10316.2  2231.35 5979.01  
18384.9 49276.7  5993.65 15905.4  1947.93 5105.64  635.624 1647.42  
11430.8 30467.7  6629.68 17722.3  3857.66 10248.5  2230.58 5968.29  
18384.9 49276.7  5941.17 15823.9  1985.66 5170.77  643.819 1653.4  
12433.3 33373.8  6791.62 18054.6  3670.89 9774.53  1978.63 5258.92  
14142.7 37749.9  6815.63 18122.3  3255.64 8743.34  1576.33 4205.89  
26863 71848.7  397.959 854.474  8.79307 16.5296  0.203821 0.339849  
26863 71848.7  397.728 857.488  9.05947 13.6936  0.169502 0.163717  
26863 71848.7  397.959 854.474  8.79307 16.5296  0.203821 0.339849  
11113.2 29745.6  6601.57 17596  3895.26 10332.2  2302.13 6155.12  
10851.5 28993.1  6494.4 17305.5  3922.44 10494.9  2389.61 6350.14  
10334.9 27512.8  6420.38 17032.9  3980.34 10605.9  2474.83 6665.4  
11113.2 29745.6  6542.38 17518.7  3930.18 10389.5  2311.99 6163.29  
11113.2 29745.6  6601.57 17596  3906 10357.9  2308.46 6148.67  
12433.3 33373.8  6801.46 18075.1  3662.06 9746.5  1986.77 5271.01  
23148.3 61536.8  3494.93 9426.43  530.97 1491.15  81.2495 224.537  
10851.5 28993.1  6494.4 17305.5  3922.44 10494.9  2389.61 6350.14  
10334.9 27512.8  6398.59 17058.2  3988.57 10596.4  2473.97 6622.98  
11430.8 30467.7  6601.51 17657.4  3866.93 10313.6  2247.99 5990.14  
12433.3 33373.8  6791.62 18054.6  3670.89 9774.53  1978.63 5258.92  
10334.9 27512.8  6426 17115.9  3987.67 10635.6  2452.15 6529.96  
26863 71848.7  397.959 854.474  8.83305 16.6012  0.163534 0.266295  
11430.8 30467.7  6636.37 17599.6  3859.58 10316.2  2231.35 5979.01  
14149.6 37747.5  6757.63 18128.3  3277.09 8731.33  1591.76 4209.23  
18384.9 49276.7  5998.37 15842.4  1947.12 5158.29  636.758 1658.83  
11430.8 30467.7  6622.05 17689.2  3856.48 10220.1  2244.8 5996.66  
