2 150 4
10334.9 27512.8  6393.46 16976.4  3992.11 10713.3  2462.66 6552.97  
10334.9 27512.8  6426 17115.9  3970.66 10599.8  2476.1 6637.86  
10334.9 27512.8  6413.95 17151.6  3967.42 10607.9  2484.64 6573.81  
10334.9 27512.8  6393.46 16976.4  3982.91 10652.3  2486.52 6622.98  
10334.9 27512.8  6413.95 17151.6  3988.76 10570.6  2456.27 6540.9  
10334.9 27512.8  6425.37 17120  3954.66 10557.3  2484.88 6606.22  
10334.9 27512.8  6386.04 17092.9  3982.54 10557.4  2487.01 6661.05  
10334.9 27512.8  6416.23 17100.7  3958.08 10564.5  2487.05 6610.74  
10334.9 27512.8  6367.8 16911.8  3996.01 10725.5  2484.92 6659.95  
10334.9 27512.8  6404 17136.2  3992.13 10578.9  2460.51 6574.77  
10334.9 27512.8  6426 17115.9  3987.67 10635.6  2452.15 6529.96  
10334.9 27512.8  6420.38 17032.9  3980.34 10605.9  2474.83 6665.4  
10334.9 27512.8  6372.45 16992.5  3987.63 10595  2489.96 6686.47  
10334.9 27512.8  6398.59 17058.2  3988.57 10596.4  2473.97 6622.98  
10334.9 27512.8  6425.37 17120  3963.1 10619.8  2461.58 6534.29  
23148.3 61536.8  3491.85 9490.59  533.622 1436.39  81.5448 215.541  
23148.3 61536.8  3480.59 9392.71  543.548 1513.77  82.4191 232.314  
23148.3 61536.8  3495.29 9424.31  529.231 1470.93  82.3722 244.339  
23148.3 61536.8  3480.59 9392.71  543.323 1514.67  82.6007 231.538  
23148.3 61536.8  3482.57 9351.99  540.845 1551.52  83.4509 236.854  
23148.3 61536.8  3482.22 9354.08  540.943 1550.72  83.6611 235.749  
23148.3 61536.8  3491.48 9492.79  532.483 1413.83  82.602 231.233  
23148.3 61536.8  3498.38 9470.51  527.275 1452.07  81.3598 219.366  
23148.3 61536.8  3480.59 9392.71  542.313 1517.96  83.8206 229.59  
23148.3 61536.8  3498.02 9472.67  528.921 1441.36  80.1904 228.17  
23148.3 61536.8  3491.85 9490.59  532.952 1434.07  82.0011 219.175  
23148.3 61536.8  3498.02 9472.67  528.921 1441.36  80.0978 225  
23148.3 61536.8  3494.93 9426.43  530.97 1491.15  81.2495 224.537  
23148.3 61536.8  3486.4 9481.88  538.187 1444.11  82.31 218.25  
23148.3 61536.8  3498.02 9472.67  528.752 1446.19  80.4511 224.342  
14149.6 37747.5  6791.38 18127.5  3281.34 8719.7  1582.33 4210.68  
14149.6 37747.5  6791.38 18127.5  3264.87 8739.71  1587.88 4209.15  
14149.6 37747.5  6804.33 18090.2  3274.61 8738.93  1577.31 4212.28  
14149.6 37747.5  6812.03 18123.5  3249.11 8733.81  1587.12 4184.04  
14149.6 37747.5  6757.63 18128.3  3277.09 8731.33  1591.76 4209.23  
14149.6 37747.5  6791.38 18127.5  3285.99 8729.47  1578.55 4185.21  
14149.6 37747.5  6806.74 18031.4  3256.67 8791.78  1576.97 4228.14  
14149.6 37747.5  6783.66 18058.2  3285.28 8755.35  1571.64 4229.24  
14149.6 37747.5  6768.34 18144.8  3293.28 8710.76  1586.72 4185.93  
14149.6 37747.5  6799.89 18157  3260.17 8726.58  1589.06 4190.87  
14149.6 37747.5  6768.34 18144.8  3294.21 8704.46  1577.91 4203.02  
14149.6 37747.5  6770.34 18094.9  3286.93 8748.27  1590.35 4212.75  
14149.6 37747.5  6799.21 18161.4  3277.25 8702.08  1570.25 4207.26  
14149.6 37747.5  6767.65 18149.3  3278.11 8704.41  1589.67 4192.12  
14149.6 37747.5  6812.03 18123.5  3271.57 8715.42  1576.68 4214.94  
10851.5 28993.1  6489.44 17369  3957.99 10529.1  2377.45 6311.21  
10851.5 28993.1  6494.4 17305.5  3922.44 10494.9  2389.61 6350.14  
10851.5 28993.1  6463.12 17291  3961.27 10487.6  2380.36 6339.64  
10851.5 28993.1  6549.79 17398.9  3903.58 10419.6  2364.29 6283.67  
10851.5 28993.1  6507.64 17272  3953.69 10526.4  2370.37 6319.1  
10851.5 28993.1  6549.79 17398.9  3900.6 10457.9  2367.98 6335.31  
10851.5 28993.1  6463.12 17291  3937.78 10462.2  2384.73 6364.42  
10851.5 28993.1  6545.51 17463.1  3935.65 10491.5  2367.01 6298.94  
10851.5 28993.1  6515.13 17451.4  3914.27 10437  2383.07 6283.44  
10851.5 28993.1  6537.31 17434.7  3938.92 10502.8  2368.75 6307.3  
10851.5 28993.1  6489.44 17369  3908.45 10422.6  2369.86 6301.13  
10851.5 28993.1  6557.85 17426.8  3930.73 10506  2343.8 6273.68  
10851.5 28993.1  6549.79 17398.9  3941.74 10492.7  2367.33 6310.92  
10851.5 28993.1  6515.13 17451.4  3929.4 10489.1  2370.3 6301.89  
10851.5 28993.1  6515.13 17451.4  3914.27 10437  2383.07 6283.44  
18384.9 49276.7  5993.65 15905.4  1947.93 5105.64  635.624 1647.42  
18384.9 49276.7  5993.65 15905.4  1942.71 5089.93  642.94 1662.43  
18384.9 49276.7  5941.17 15823.9  1985.66 5170.77  643.819 1653.4  
18384.9 49276.7  5948.48 15854.9  1965.03 5100.99  652.756 1679.57  
18384.9 49276.7  6014.09 15890.3  1943.29 5119.55  620.311 1642.53  
18384.9 49276.7  5998.37 15842.4  1947.12 5158.29  636.758 1658.83  
18384.9 49276.7  5985.93 15879  1939.94 5084.74  647.044 1682.26  
18384.9 49276.7  5969.94 15830.2  1958.59 5140.63  640.029 1661.92  
18384.9 49276.7  5974.53 15772.4  1955.51 5179.69  644.232 1690.17  
18384.9 49276.7  6021.68 15916.3  1933.09 5086.56  627.523 1656.21  
18384.9 49276.7  5974.53 15772.4  1970.04 5199.43  631.907 1668.83  
18384.9 49276.7  6021.14 15920.3  1917.56 5086.63  632.795 1644.53  
18384.9 49276.7  5993.11 15909.5  1948.32 5102.93  636.515 1649.71  
18384.9 49276.7  5998.37 15842.4  1956.4 5160.49  628.056 1649.19  
18384.9 49276.7  5993.11 15909.5  1948.32 5102.93  636.565 1649.28  
11113.2 29745.6  6570.92 17584.2  3865.06 10309.2  2317.82 6128.22  
11113.2 29745.6  6542.38 17518.7  3930.18 10389.5  2311.99 6163.29  
11113.2 29745.6  6512.18 17503.3  3905.37 10383.4  2325.3 6130.96  
11113.2 29745.6  6512.18 17503.3  3931.71 10370  2334.24 6183.15  
11113.2 29745.6  6570.92 17584.2  3883.83 10317.5  2319.23 6165.93  
11113.2 29745.6  6601.57 17596  3906 10357.9  2308.46 6148.67  
11113.2 29745.6  6601.57 17596  3886.47 10381.8  2320.58 6127.63  
11113.2 29745.6  6561.19 17563.8  3902.48 10397.5  2306.63 6100.67  
11113.2 29745.6  6570.92 17584.2  3881.59 10350.4  2309.8 6131.01  
11113.2 29745.6  6592 17575.9  3915.47 10377.8  2294.15 6139.04  
11113.2 29745.6  6601.57 17596  3895.26 10332.2  2298.47 6149.46  
11113.2 29745.6  6514.52 17448.9  3887.77 10364  2345.83 6172.55  
11113.2 29745.6  6512.18 17503.3  3922.8 10419.6  2332.56 6127.91  
11113.2 29745.6  6601.57 17596  3895.26 10332.2  2302.13 6155.12  
11113.2 29745.6  6514.52 17448.9  3930.72 10392  2323.75 6173.66  
12433.3 33373.8  6720.19 17996.5  3699.03 9782.41  2025.04 5313.88  
12433.3 33373.8  6740.5 17995.8  3694.2 9801.51  1991.2 5273.43  
12433.3 33373.8  6719.51 18001.1  3687.71 9762.61  2012.32 5297.46  
12433.3 33373.8  6791.62 18054.6  3670.89 9774.53  1978.63 5258.92  
12433.3 33373.8  6711.37 17966.1  3725.14 9819.33  2014.76 5300.9  
12433.3 33373.8  6802.12 18070.7  3633.31 9722.19  2008.42 5302.54  
12433.3 33373.8  6711.37 17966.1  3702 9803.78  2009.54 5294.67  
12433.3 33373.8  6740.5 17995.8  3661.15 9756.39  2030.75 5316.19  
12433.3 33373.8  6759.85 18042.1  3679.91 9768.93  2006.45 5294.24  
12433.3 33373.8  6770.53 18058.5  3647.57 9727.73  2007.39 5287.2  
12433.3 33373.8  6719.51 18001.1  3676.18 9765.42  2017.57 5296.2  
12433.3 33373.8  6793.59 18041.3  3669.97 9780.62  1978.11 5262.15  
12433.3 33373.8  6801.46 18075.1  3662.06 9746.5  1986.77 5271.01  
12433.3 33373.8  6802.12 18070.7  3683.21 9773.68  1985.47 5280.24  
12433.3 33373.8  6791.62 18054.6  3688.02 9781.07  1988.07 5284.25  
14142.7 37749.9  6763.22 18113.5  3299.55 8725.79  1591.1 4213.56  
14142.7 37749.9  6802.8 18160.2  3283.97 8709.19  1566.49 4195.99  
14142.7 37749.9  6816.28 18118  3276.65 8733.1  1563.32 4205.48  
14142.7 37749.9  6771.89 18143.5  3300.02 8717.85  1574.12 4200.08  
14142.7 37749.9  6790.52 18035.3  3290.04 8775.98  1582.01 4227.03  
14142.7 37749.9  6771.89 18143.5  3295.95 8703.88  1579.48 4197.56  
14142.7 37749.9  6815.63 18122.3  3255.64 8743.34  1576.33 4205.89  
14142.7 37749.9  6771.89 18143.5  3293.79 8735.99  1588.37 4171.44  
14142.7 37749.9  6771.89 18143.5  3278.16 8732.28  1585.36 4192.58  
14142.7 37749.9  6805.96 18102  3278.31 8725.3  1577.69 4214.97  
14142.7 37749.9  6815.63 18122.3  3271.15 8747.01  1576.39 4193.26  
14142.7 37749.9  6815.63 18122.3  3273.28 8714.8  1567.24 4220.71  
14142.7 37749.9  6810.35 18030.2  3258.71 8788.98  1583 4224.89  
14142.7 37749.9  6803.46 18155.7  3283.62 8711.49  1569.56 4187.35  
14142.7 37749.9  6794.94 18126.2  3275.59 8686.95  1584.83 4222.39  
26863 71848.7  399.613 860.838  7.23482 10.3779  0.110281 0.129379  
26863 71848.7  397.728 857.488  9.06241 13.6939  0.1665 0.163941  
26863 71848.7  401.623 858.303  5.24024 12.8914  0.0954053 0.151717  
26863 71848.7  401.512 861.249  5.36504 9.9694  0.0816004 0.127346  
26863 71848.7  399.536 860.934  7.25182 10.2474  0.169362 0.164298  
26863 71848.7  402.304 859.289  4.5504 11.8659  0.103942 0.189323  
26863 71848.7  401.512 861.249  5.36504 9.9694  0.0814573 0.127155  
26863 71848.7  399.536 860.934  7.31 10.2816  0.11204 0.130435  
26863 71848.7  397.728 857.488  9.05947 13.6936  0.169502 0.163717  
26863 71848.7  398.908 859.817  7.95802 11.372  0.0916993 0.155919  
26863 71848.7  400.818 860.245  6.06885 10.9446  0.0711782 0.156256  
26863 71848.7  397.959 854.474  8.79307 16.5296  0.203821 0.339849  
26863 71848.7  400.818 860.245  6.05649 10.9728  0.0829601 0.127841  
26863 71848.7  401.512 861.249  5.36254 9.92026  0.0839015 0.176252  
26863 71848.7  397.959 854.474  8.83305 16.6012  0.163534 0.266295  
11430.8 30467.7  6634.67 17652.8  3851.18 10235.2  2243.18 5981.71  
11430.8 30467.7  6622.05 17689.2  3856.48 10220.1  2244.8 5996.66  
11430.8 30467.7  6629.68 17722.3  3857.66 10248.5  2230.58 5968.29  
11430.8 30467.7  6630.34 17718  3857.37 10250.3  2239.08 5943.18  
11430.8 30467.7  6589.14 17689.9  3875.64 10231.1  2246.26 6004.21  
11430.8 30467.7  6634.67 17652.8  3854.44 10284.9  2225.65 5993.17  
11430.8 30467.7  6601.51 17657.4  3866.93 10313.6  2247.99 5990.14  
11430.8 30467.7  6630.34 17718  3838.11 10253  2242.84 5956.06  
11430.8 30467.7  6637.01 17595.4  3850.17 10258.9  2229.78 6035.1  
11430.8 30467.7  6642.81 17681.1  3849.64 10303.6  2235.36 5973.22  
11430.8 30467.7  6598.91 17710.5  3869.41 10260.8  2242.89 5955.92  
11430.8 30467.7  6632.72 17665.5  3860.73 10291.1  2227.15 5992.24  
11430.8 30467.7  6636.37 17599.6  3859.58 10316.2  2231.35 5979.01  
11430.8 30467.7  6589.14 17689.9  3855.26 10264.7  2254.77 5990.14  
11430.8 30467.7  6637.01 17595.4  3852.08 10339.5  2243.58 5992.67  
