4 50 50 2
500 200
2200 1000 2200 1000 
1518.23 322.98 1
0.0690567 1 10
731.97
732.013
730.863
731.902
732.496
730.741
732.679
733.751
731.806
730.744
733.28
731.528
733.031
731.542
731.066
730.934
730.942
734.167
733.123
731.941
732.753
733.273
732.253
731.507
731.847
730.858
731.315
732.506
730.931
732.9
733.179
733.538
732.818
731.902
732.866
731.786
731.486
733.758
733.274
733.251
730.661
734.168
732.416
730.793
733.078
731.414
731.287
731.767
731.325
732.143
43.6614 -0.26336
43.7304 0.35839
45.4884 -0.26773
46.2222 -0.32317
44.1937 1.55382
45.2798 -0.53085
46.3999 0.70086
46.8779 -1.029
43.7582 -0.05148
44.5968 -0.35034
46.648 -1.30957
44.1715 -1.30883
46.6484 -0.8988
44.0459 0.46804
44.7099 -1.2862
45.502 -0.70333
44.9913 0.56229
47.0073 0.41743
43.9076 1.68804
46.1751 0.27017
46.2271 1.16196
44.0143 1.87867
44.1126 1.30525
43.912 -0.36402
46.1926 -0.40819
44.5709 0.18729
44.3501 0.66785
43.4936 -0.95962
45.5578 -0.17979
45.3449 2.02305
44.056 1.86077
46.799 0.44069
43.4444 0.63916
46.1227 -1.01316
45.8858 1.681
45.8297 -1.49689
44.1341 0.56738
46.735 0.9584
46.7832 -0.33902
46.7234 -0.93124
44.9019 -0.09414
46.4544 1.82176
45.7937 1.46084
44.5391 -0.49465
43.4293 0.89399
45.3132 -1.62266
45.2403 -1.53071
45.1722 1.35319
44.2292 0.50206
43.923 -1.58806
45.1833 -0.64227
44.6551 0.43586
45.1569 0.78133
43.7236 0.43357
