4 66 2
8704.54 2759 5494.16 5972.15  6721.81 2123.64 4242.93 4593.65  
14326.1 4554.26 9036.33 9873.13  8794.81 2803.87 5551.48 6095.72  
36028.6 11369.7 22659.3 24578.8  1864.65 598.161 1270.63 1346.66  
3786.07 1199.45 2391.77 2595.29  3402.13 1079.21 2144.58 2338.31  
8704.54 2759 5494.16 5972.15  6686.86 2120.18 4243.77 4588.69  
36028.6 11369.7 22659.3 24578.8  1867.76 595.835 1262.48 1340.16  
8704.54 2759 5494.16 5972.15  6728.78 2115.02 4240.95 4565.41  
33602.1 10655.8 21125.3 23089.6  3860.21 1192.08 2522.82 2585.93  
7949.93 2502.77 5032.74 5396.85  6272.51 1975.8 3975.48 4263.71  
13602.6 4296.58 8631.88 9274.81  8716.45 2766.38 5516.19 5997.89  
8704.54 2759 5494.16 5972.15  6712.42 2117.41 4253.05 4573.22  
36028.6 11369.7 22659.3 24578.8  1863.71 593.4 1256.33 1334.22  
13640.2 4309.46 8573.89 9322.17  8746.38 2755.4 5504.85 5960.19  
7949.93 2502.77 5032.74 5396.85  6295.4 1992.73 3970.57 4314.68  
3786.07 1199.45 2391.77 2595.29  3408.42 1075.98 2159.15 2323.61  
7172.57 2276.68 4516.2 4933.88  5793.31 1842.94 3674.83 3994.48  
24272.7 7627.46 15301.6 16447.7  8752.08 2787.85 5562.68 6069.44  
3786.07 1199.45 2391.77 2595.29  3415.1 1077.78 2149.43 2330.33  
8704.54 2759 5494.16 5972.15  6703.83 2121.04 4215.16 4594.83  
8704.54 2759 5494.16 5972.15  6703.83 2121.04 4215.16 4594.83  
3786.07 1199.45 2391.77 2595.29  3402.13 1079.21 2144.58 2338.31  
7949.93 2502.77 5032.74 5396.85  6221.56 1956.39 3957.81 4214.96  
3786.07 1199.45 2391.77 2595.29  3402.13 1079.21 2144.58 2338.31  
13602.6 4296.58 8631.88 9274.81  8745.19 2770.56 5519.37 6005.36  
13602.6 4296.58 8631.88 9274.81  8771.08 2759.64 5512.51 5967.49  
7949.93 2502.77 5032.74 5396.85  6221.56 1956.39 3957.81 4214.96  
36028.6 11369.7 22659.3 24578.8  1867.76 595.835 1262.48 1340.16  
3786.07 1199.45 2391.77 2595.29  3416.73 1074.76 2153.01 2319.64  
3786.07 1199.45 2391.77 2595.29  3374.89 1076.18 2130.94 2336.6  
8704.54 2759 5494.16 5972.15  6725.09 2117.66 4249.81 4572.49  
13602.6 4296.58 8631.88 9274.81  8716.45 2766.38 5516.19 5997.89  
36028.6 11369.7 22659.3 24578.8  1867.76 595.835 1262.48 1340.16  
13640.2 4309.46 8573.89 9322.17  8731.72 2765.92 5540.18 5988.37  
24272.7 7627.46 15301.6 16447.7  8728.36 2751.1 5496.23 5971.06  
36028.6 11369.7 22659.3 24578.8  1862.06 598.266 1264.03 1348.87  
7172.57 2276.68 4516.2 4933.88  5793.31 1842.94 3674.83 3994.48  
7949.93 2502.77 5032.74 5396.85  6298.46 1987.12 3977.01 4294.8  
3786.07 1199.45 2391.77 2595.29  3412.37 1074.91 2141.94 2323.39  
36028.6 11369.7 22659.3 24578.8  1869.25 596.521 1271.73 1340.19  
33602.1 10655.8 21125.3 23089.6  3904.62 1195.35 2550.35 2583.03  
33602.1 10655.8 21125.3 23089.6  3904.62 1195.35 2550.35 2583.03  
33602.1 10655.8 21125.3 23089.6  3860.21 1192.08 2522.82 2585.93  
7172.57 2276.68 4516.2 4933.88  5824.22 1845.99 3674.09 3998.87  
3786.07 1199.45 2391.77 2595.29  3395.45 1077.39 2154.44 2331.47  
33602.1 10655.8 21125.3 23089.6  3890.66 1190.65 2524.54 2575.78  
13602.6 4296.58 8631.88 9274.81  8721.49 2758.66 5525.11 5970.33  
8704.54 2759 5494.16 5972.15  6725.56 2120.95 4233.9 4586.45  
3786.07 1199.45 2391.77 2595.29  3412.37 1074.91 2141.94 2323.39  
8704.54 2759 5494.16 5972.15  6686.88 2123.52 4227.69 4602.92  
33602.1 10655.8 21125.3 23089.6  3884.06 1195.29 2541.09 2588.27  
36028.6 11369.7 22659.3 24578.8  1867.76 595.835 1262.48 1340.16  
8704.54 2759 5494.16 5972.15  6686.86 2120.18 4243.77 4588.69  
13640.2 4309.46 8573.89 9322.17  8752.8 2758.47 5544.88 5959.81  
13602.6 4296.58 8631.88 9274.81  8749.73 2762.76 5528.24 5977.68  
3786.07 1199.45 2391.77 2595.29  3415.1 1077.78 2149.43 2330.33  
14326.1 4554.26 9036.33 9873.13  8873.68 2819.24 5607.5 6118.06  
24272.7 7627.46 15301.6 16447.7  8704.58 2749.35 5530.51 5961.88  
36028.6 11369.7 22659.3 24578.8  1861.58 595.844 1256.76 1342.55  
7172.57 2276.68 4516.2 4933.88  5824.22 1845.99 3674.09 3998.87  
36028.6 11369.7 22659.3 24578.8  1863.11 597.477 1261.27 1346.67  
7172.57 2276.68 4516.2 4933.88  5793.31 1842.94 3674.83 3994.48  
3786.07 1199.45 2391.77 2595.29  3397.43 1074.38 2157.93 2320.76  
36028.6 11369.7 22659.3 24578.8  1857.47 593.367 1250.5 1336.49  
7172.57 2276.68 4516.2 4933.88  5792.55 1838.62 3639.63 3988.79  
13640.2 4309.46 8573.89 9322.17  8750.71 2747.8 5514.39 5933.08  
14326.1 4554.26 9036.33 9873.13  8950.47 2823.54 5631.15 6112.81  
