4 200 2
14326.1 4554.26 9036.33 9873.13  8927.85 2822.39 5669.38 6104.64  
14326.1 4554.26 9036.33 9873.13  8945.36 2827.18 5643.42 6122.56  
14326.1 4554.26 9036.33 9873.13  8897.89 2822.5 5644.56 6115.84  
14326.1 4554.26 9036.33 9873.13  8943.14 2815.9 5611.1 6094.33  
14326.1 4554.26 9036.33 9873.13  8943.14 2815.9 5611.1 6094.33  
14326.1 4554.26 9036.33 9873.13  8950.47 2823.54 5631.15 6112.81  
14326.1 4554.26 9036.33 9873.13  8873.68 2819.24 5607.5 6118.06  
14326.1 4554.26 9036.33 9873.13  8927.84 2826.83 5647.88 6123.57  
14326.1 4554.26 9036.33 9873.13  8873.68 2819.24 5607.5 6118.06  
14326.1 4554.26 9036.33 9873.13  8927.85 2822.39 5669.38 6104.64  
14326.1 4554.26 9036.33 9873.13  8794.81 2803.87 5551.48 6095.72  
14326.1 4554.26 9036.33 9873.13  8945.36 2827.18 5643.42 6122.56  
14326.1 4554.26 9036.33 9873.13  8812.92 2804.23 5546.87 6094.68  
14326.1 4554.26 9036.33 9873.13  8873.68 2819.24 5607.5 6118.06  
14326.1 4554.26 9036.33 9873.13  8943.14 2815.9 5611.1 6094.33  
14326.1 4554.26 9036.33 9873.13  8873.68 2819.24 5607.5 6118.06  
14326.1 4554.26 9036.33 9873.13  8897.89 2822.5 5644.56 6115.84  
14326.1 4554.26 9036.33 9873.13  8794.81 2803.87 5551.48 6095.72  
14326.1 4554.26 9036.33 9873.13  8812.92 2804.23 5546.87 6094.68  
14326.1 4554.26 9036.33 9873.13  8897.89 2822.5 5644.56 6115.84  
3786.07 1199.45 2391.77 2595.29  3402.13 1079.21 2144.58 2338.31  
3786.07 1199.45 2391.77 2595.29  3374.89 1076.18 2130.94 2336.6  
3786.07 1199.45 2391.77 2595.29  3415.1 1077.78 2149.43 2330.33  
3786.07 1199.45 2391.77 2595.29  3413.2 1079.14 2154.01 2333.99  
3786.07 1199.45 2391.77 2595.29  3412.37 1074.91 2141.94 2323.39  
3786.07 1199.45 2391.77 2595.29  3404.07 1077.82 2139.92 2334.59  
3786.07 1199.45 2391.77 2595.29  3384.07 1077.43 2145.02 2335.75  
3786.07 1199.45 2391.77 2595.29  3415.1 1077.78 2149.43 2330.33  
3786.07 1199.45 2391.77 2595.29  3381.67 1076.32 2129.21 2336.2  
3786.07 1199.45 2391.77 2595.29  3395.47 1079.08 2146.28 2338.7  
3786.07 1199.45 2391.77 2595.29  3412.37 1074.91 2141.94 2323.39  
3786.07 1199.45 2391.77 2595.29  3414.86 1076.11 2157.51 2323.24  
3786.07 1199.45 2391.77 2595.29  3397.43 1074.38 2157.93 2320.76  
3786.07 1199.45 2391.77 2595.29  3416.73 1074.76 2153.01 2319.64  
3786.07 1199.45 2391.77 2595.29  3406.64 1079.01 2155.68 2334.37  
3786.07 1199.45 2391.77 2595.29  3408.42 1075.98 2159.15 2323.61  
3786.07 1199.45 2391.77 2595.29  3395.45 1077.39 2154.44 2331.47  
3786.07 1199.45 2391.77 2595.29  3416.73 1074.76 2153.01 2319.64  
3786.07 1199.45 2391.77 2595.29  3397.43 1074.38 2157.93 2320.76  
3786.07 1199.45 2391.77 2595.29  3415.1 1077.78 2149.43 2330.33  
13602.6 4296.58 8631.88 9274.81  8730.14 2747.35 5521.91 5933.45  
13602.6 4296.58 8631.88 9274.81  8721.49 2758.66 5525.11 5970.33  
13602.6 4296.58 8631.88 9274.81  8771.08 2759.64 5512.51 5967.49  
13602.6 4296.58 8631.88 9274.81  8730.14 2747.35 5521.91 5933.45  
13602.6 4296.58 8631.88 9274.81  8745.19 2770.56 5519.37 6005.36  
13602.6 4296.58 8631.88 9274.81  8716.45 2766.38 5516.19 5997.89  
13602.6 4296.58 8631.88 9274.81  8663.19 2735.58 5508.58 5910.88  
13602.6 4296.58 8631.88 9274.81  8681.54 2750.78 5514.66 5954.7  
13602.6 4296.58 8631.88 9274.81  8675.78 2758.36 5505.55 5981.97  
13602.6 4296.58 8631.88 9274.81  8721.49 2758.66 5525.11 5970.33  
13602.6 4296.58 8631.88 9274.81  8681.54 2750.78 5514.66 5954.7  
13602.6 4296.58 8631.88 9274.81  8766.26 2763.09 5524.04 5976.73  
13602.6 4296.58 8631.88 9274.81  8716.45 2766.38 5516.19 5997.89  
13602.6 4296.58 8631.88 9274.81  8762.02 2770.89 5515.09 6004.4  
13602.6 4296.58 8631.88 9274.81  8749.73 2762.76 5528.24 5977.68  
13602.6 4296.58 8631.88 9274.81  8746.37 2747.67 5517.78 5932.52  
13602.6 4296.58 8631.88 9274.81  8721.49 2758.66 5525.11 5970.33  
13602.6 4296.58 8631.88 9274.81  8766.26 2763.09 5524.04 5976.73  
13602.6 4296.58 8631.88 9274.81  8629.9 2739.12 5496.89 5930.77  
13602.6 4296.58 8631.88 9274.81  8771.08 2759.64 5512.51 5967.49  
8704.54 2759 5494.16 5972.15  6686.86 2120.18 4243.77 4588.69  
8704.54 2759 5494.16 5972.15  6712.42 2117.41 4253.05 4573.22  
8704.54 2759 5494.16 5972.15  6664.45 2120.26 4225.2 4597.11  
8704.54 2759 5494.16 5972.15  6700.01 2123.78 4224.34 4602.16  
8704.54 2759 5494.16 5972.15  6663.59 2115.29 4184.73 4590.56  
8704.54 2759 5494.16 5972.15  6646.35 2117.81 4197.47 4598.78  
8704.54 2759 5494.16 5972.15  6686.86 2120.18 4243.77 4588.69  
8704.54 2759 5494.16 5972.15  6703.83 2121.04 4215.16 4594.83  
8704.54 2759 5494.16 5972.15  6686.88 2123.52 4227.69 4602.92  
8704.54 2759 5494.16 5972.15  6686.88 2123.52 4227.69 4602.92  
8704.54 2759 5494.16 5972.15  6725.56 2120.95 4233.9 4586.45  
8704.54 2759 5494.16 5972.15  6703.83 2121.04 4215.16 4594.83  
8704.54 2759 5494.16 5972.15  6728.78 2115.02 4240.95 4565.41  
8704.54 2759 5494.16 5972.15  6725.09 2117.66 4249.81 4572.49  
8704.54 2759 5494.16 5972.15  6708.9 2123.38 4246.21 4594.4  
8704.54 2759 5494.16 5972.15  6686.86 2120.18 4243.77 4588.69  
8704.54 2759 5494.16 5972.15  6721.81 2123.64 4242.93 4593.65  
8704.54 2759 5494.16 5972.15  6664.45 2120.26 4225.2 4597.11  
8704.54 2759 5494.16 5972.15  6686.86 2120.18 4243.77 4588.69  
8704.54 2759 5494.16 5972.15  6686.88 2123.52 4227.69 4602.92  
24272.7 7627.46 15301.6 16447.7  8704.58 2749.35 5530.51 5961.88  
24272.7 7627.46 15301.6 16447.7  8704.58 2749.35 5530.51 5961.88  
24272.7 7627.46 15301.6 16447.7  8747.93 2766.27 5501.51 6014.99  
24272.7 7627.46 15301.6 16447.7  8768.62 2788.18 5558.44 6068.46  
24272.7 7627.46 15301.6 16447.7  8752.08 2787.85 5562.68 6069.44  
24272.7 7627.46 15301.6 16447.7  8702.58 2738.95 5501.04 5935.64  
24272.7 7627.46 15301.6 16447.7  8764.43 2796.06 5549.46 6096.55  
24272.7 7627.46 15301.6 16447.7  8752.08 2787.85 5562.68 6069.44  
24272.7 7627.46 15301.6 16447.7  8728.36 2751.1 5496.23 5971.06  
24272.7 7627.46 15301.6 16447.7  8764.43 2796.06 5549.46 6096.55  
24272.7 7627.46 15301.6 16447.7  8773.44 2784.69 5546.83 6059.05  
24272.7 7627.46 15301.6 16447.7  8704.58 2749.35 5530.51 5961.88  
24272.7 7627.46 15301.6 16447.7  8709.23 2745.99 5519.33 5952.82  
24272.7 7627.46 15301.6 16447.7  8766.54 2777.38 5527.85 6041.23  
24272.7 7627.46 15301.6 16447.7  8764.43 2796.06 5549.46 6096.55  
24272.7 7627.46 15301.6 16447.7  8746.63 2762.01 5522.09 5996.83  
24272.7 7627.46 15301.6 16447.7  8709.23 2745.99 5519.33 5952.82  
24272.7 7627.46 15301.6 16447.7  8702.58 2738.95 5501.04 5935.64  
24272.7 7627.46 15301.6 16447.7  8747.93 2766.27 5501.51 6014.99  
24272.7 7627.46 15301.6 16447.7  8704.58 2749.35 5530.51 5961.88  
36028.6 11369.7 22659.3 24578.8  1867.76 595.835 1262.48 1340.16  
36028.6 11369.7 22659.3 24578.8  1863.71 593.4 1256.33 1334.22  
36028.6 11369.7 22659.3 24578.8  1869.25 596.521 1271.73 1340.19  
36028.6 11369.7 22659.3 24578.8  1863.71 593.4 1256.33 1334.22  
36028.6 11369.7 22659.3 24578.8  1869.25 596.521 1271.73 1340.19  
36028.6 11369.7 22659.3 24578.8  1867.76 595.835 1262.48 1340.16  
36028.6 11369.7 22659.3 24578.8  1869.26 597.441 1266.91 1344.22  
36028.6 11369.7 22659.3 24578.8  1863.11 597.477 1261.27 1346.67  
36028.6 11369.7 22659.3 24578.8  1862.06 598.266 1264.03 1348.87  
36028.6 11369.7 22659.3 24578.8  1864.65 598.161 1270.63 1346.66  
36028.6 11369.7 22659.3 24578.8  1868.23 598.216 1269.63 1346.38  
36028.6 11369.7 22659.3 24578.8  1857.47 593.367 1250.5 1336.49  
36028.6 11369.7 22659.3 24578.8  1862.06 598.266 1264.03 1348.87  
36028.6 11369.7 22659.3 24578.8  1857.47 593.367 1250.5 1336.49  
36028.6 11369.7 22659.3 24578.8  1863.71 593.4 1256.33 1334.22  
36028.6 11369.7 22659.3 24578.8  1867.76 595.835 1262.48 1340.16  
36028.6 11369.7 22659.3 24578.8  1863.71 593.4 1256.33 1334.22  
36028.6 11369.7 22659.3 24578.8  1863.71 593.4 1256.33 1334.22  
36028.6 11369.7 22659.3 24578.8  1861.58 595.844 1256.76 1342.55  
36028.6 11369.7 22659.3 24578.8  1869.25 596.521 1271.73 1340.19  
13640.2 4309.46 8573.89 9322.17  8731.72 2765.92 5540.18 5988.37  
13640.2 4309.46 8573.89 9322.17  8720.13 2766.44 5511.64 5998.48  
13640.2 4309.46 8573.89 9322.17  8717.96 2755.4 5480.07 5970.8  
13640.2 4309.46 8573.89 9322.17  8717.96 2755.4 5480.07 5970.8  
13640.2 4309.46 8573.89 9322.17  8750.71 2747.8 5514.39 5933.08  
13640.2 4309.46 8573.89 9322.17  8752.8 2758.47 5544.88 5959.81  
13640.2 4309.46 8573.89 9322.17  8746.38 2755.4 5504.85 5960.19  
13640.2 4309.46 8573.89 9322.17  8746.38 2755.4 5504.85 5960.19  
13640.2 4309.46 8573.89 9322.17  8725.1 2762.87 5499.66 5988.92  
13640.2 4309.46 8573.89 9322.17  8725.1 2762.87 5499.66 5988.92  
13640.2 4309.46 8573.89 9322.17  8731.72 2765.92 5540.18 5988.37  
13640.2 4309.46 8573.89 9322.17  8748.51 2766.26 5535.89 5987.39  
13640.2 4309.46 8573.89 9322.17  8672.71 2755.39 5459.95 5983.35  
13640.2 4309.46 8573.89 9322.17  8725.1 2762.87 5499.66 5988.92  
13640.2 4309.46 8573.89 9322.17  8753.4 2762.75 5524.11 5977.99  
13640.2 4309.46 8573.89 9322.17  8725.1 2762.87 5499.66 5988.92  
13640.2 4309.46 8573.89 9322.17  8698.71 2744.02 5452.86 5944.13  
13640.2 4309.46 8573.89 9322.17  8757.6 2755.02 5533.31 5950.58  
13640.2 4309.46 8573.89 9322.17  8752.8 2758.47 5544.88 5959.81  
13640.2 4309.46 8573.89 9322.17  8727.46 2744.22 5478.12 5933.96  
33602.1 10655.8 21125.3 23089.6  3891.66 1195.43 2539.08 2587.8  
33602.1 10655.8 21125.3 23089.6  3891.66 1195.43 2539.08 2587.8  
33602.1 10655.8 21125.3 23089.6  3866.92 1187.36 2505.99 2573.23  
33602.1 10655.8 21125.3 23089.6  3866.92 1187.36 2505.99 2573.23  
33602.1 10655.8 21125.3 23089.6  3890.66 1190.65 2524.54 2575.78  
33602.1 10655.8 21125.3 23089.6  3835.74 1184.13 2489.74 2571.69  
33602.1 10655.8 21125.3 23089.6  3893.86 1193.88 2533.56 2583.64  
33602.1 10655.8 21125.3 23089.6  3858.17 1182.35 2493.25 2561.49  
33602.1 10655.8 21125.3 23089.6  3903.64 1190.65 2536.07 2571.21  
33602.1 10655.8 21125.3 23089.6  3866.92 1187.36 2505.99 2573.23  
33602.1 10655.8 21125.3 23089.6  3867.94 1192.22 2520.78 2585.46  
33602.1 10655.8 21125.3 23089.6  3904.62 1195.35 2550.35 2583.03  
33602.1 10655.8 21125.3 23089.6  3884.06 1195.29 2541.09 2588.27  
33602.1 10655.8 21125.3 23089.6  3867.94 1192.22 2520.78 2585.46  
33602.1 10655.8 21125.3 23089.6  3860.21 1192.08 2522.82 2585.93  
33602.1 10655.8 21125.3 23089.6  3867.94 1192.22 2520.78 2585.46  
33602.1 10655.8 21125.3 23089.6  3890.66 1190.65 2524.54 2575.78  
33602.1 10655.8 21125.3 23089.6  3858.17 1182.35 2493.25 2561.49  
33602.1 10655.8 21125.3 23089.6  3860.21 1192.08 2522.82 2585.93  
33602.1 10655.8 21125.3 23089.6  3890.66 1190.65 2524.54 2575.78  
7949.93 2502.77 5032.74 5396.85  6241.11 1959.23 3959.97 4220.04  
7949.93 2502.77 5032.74 5396.85  6241.11 1959.23 3959.97 4220.04  
7949.93 2502.77 5032.74 5396.85  6295.4 1992.73 3970.57 4314.68  
7949.93 2502.77 5032.74 5396.85  6295.4 1992.73 3970.57 4314.68  
7949.93 2502.77 5032.74 5396.85  6252.55 1959.46 3957.06 4219.38  
7949.93 2502.77 5032.74 5396.85  6287.57 1973.6 3964.36 4256.51  
7949.93 2502.77 5032.74 5396.85  6301.92 1984.64 3968.72 4288.16  
7949.93 2502.77 5032.74 5396.85  6286.58 1986.89 3980.04 4295.49  
7949.93 2502.77 5032.74 5396.85  6255.88 1957.07 3949.07 4212.98  
7949.93 2502.77 5032.74 5396.85  6224.42 1967.34 3965.89 4247.5  
7949.93 2502.77 5032.74 5396.85  6266.3 1983.94 3977.79 4290.22  
7949.93 2502.77 5032.74 5396.85  6252.59 1972.9 3973.27 4258.53  
7949.93 2502.77 5032.74 5396.85  6272.51 1975.8 3975.48 4263.71  
7949.93 2502.77 5032.74 5396.85  6287.57 1973.6 3964.36 4256.51  
7949.93 2502.77 5032.74 5396.85  6284.17 1976.03 3972.51 4263.04  
7949.93 2502.77 5032.74 5396.85  6266.3 1983.94 3977.79 4290.22  
7949.93 2502.77 5032.74 5396.85  6272.51 1975.8 3975.48 4263.71  
7949.93 2502.77 5032.74 5396.85  6221.56 1956.39 3957.81 4214.96  
7949.93 2502.77 5032.74 5396.85  6284.17 1976.03 3972.51 4263.04  
7949.93 2502.77 5032.74 5396.85  6298.46 1987.12 3977.01 4294.8  
7172.57 2276.68 4516.2 4933.88  5792.55 1838.62 3639.63 3988.79  
7172.57 2276.68 4516.2 4933.88  5843.17 1845.87 3690.25 3991.48  
7172.57 2276.68 4516.2 4933.88  5831.96 1845.65 3693.11 3992.13  
7172.57 2276.68 4516.2 4933.88  5792.55 1838.62 3639.63 3988.79  
7172.57 2276.68 4516.2 4933.88  5812.81 1845.77 3677 3999.53  
7172.57 2276.68 4516.2 4933.88  5792.55 1838.62 3639.63 3988.79  
7172.57 2276.68 4516.2 4933.88  5841.75 1838.63 3669.57 3973.35  
7172.57 2276.68 4516.2 4933.88  5824.22 1845.99 3674.09 3998.87  
7172.57 2276.68 4516.2 4933.88  5827.54 1843.61 3666.1 3992.5  
7172.57 2276.68 4516.2 4933.88  5793.31 1842.94 3674.83 3994.48  
7172.57 2276.68 4516.2 4933.88  5824.22 1845.99 3674.09 3998.87  
7172.57 2276.68 4516.2 4933.88  5822.77 1838.63 3653.04 3980.43  
7172.57 2276.68 4516.2 4933.88  5789.17 1841.04 3647.75 3995.26  
7172.57 2276.68 4516.2 4933.88  5841.75 1838.63 3669.57 3973.35  
7172.57 2276.68 4516.2 4933.88  5831.96 1845.65 3693.11 3992.13  
7172.57 2276.68 4516.2 4933.88  5831.96 1845.65 3693.11 3992.13  
7172.57 2276.68 4516.2 4933.88  5793.31 1842.94 3674.83 3994.48  
7172.57 2276.68 4516.2 4933.88  5824.22 1845.99 3674.09 3998.87  
7172.57 2276.68 4516.2 4933.88  5812.81 1845.77 3677 3999.53  
7172.57 2276.68 4516.2 4933.88  5843.17 1845.87 3690.25 3991.48  
