3 22 22 2
500 200
2200 1000 2200 
1518.23 322.98 1
0.0690567 1 10
1654.62
1660.81
1652.96
1656.7
1662.77
1653.16
1657.3
1661.73
1664.59
1653.56
1656.24
1659.77
1662.8
1652.78
1658.06
1652.77
1654.06
1657.48
1656.59
1664.1
1663.92
1654.84
44.7445 -0.26374
43.8707 1.02445
46.0618 0.01063
46.8749 1.13739
43.6298 -1.5704
46.2045 -0.47642
44.7213 1.44333
43.5685 0.11787
43.3845 0.98281
45.0862 -0.29169
46.9168 0.84386
43.8142 -0.01792
43.4736 -0.89944
45.9098 -0.26725
44.2786 0.93991
45.8434 -0.07977
46.4216 -0.98652
46.01 2.03786
44.53 0.84461
43.3763 0.70829
43.3396 0.36665
44.785 0.39493
44.3184 -0.4611
45.7749 -1.15838
43.6778 1.30187
