3  2
resolution time : 0.29
27328.1  27328.1
6  0
******************** fixed facilities: 18 ****************
0  1  2  5  6  7  8  9  11  12  13  14  15  16  18  19  20  21  
******************** Response cost ****************
0  0  1.39727e+07  0  0  1.39727e+07  
******************** Mobile facilities tour:  ****************
 scenario 0 : 0


------------------------------------
 scenario 1 : 0


------------------------------------
 scenario 2 : 1
4  
4  
------------------------------------
 scenario 3 : 0


------------------------------------
 scenario 4 : 0


------------------------------------
 scenario 5 : 1
4  
4  
------------------------------------
******************** Stock in hospital ****************
0  0  0  0  0  0  0  0  0  
0  0  0  0  0  0  0  0  0  
0  0  0  0  0  0  0  0  0  
0  0  0  0  0  0  0  0  0  
0  0  0  0  0  0  0  0  0  
0  0  0  0  0  0  0  0  0  
******************** Quantity of blood collect in hospitals ****************
0  0  0  0  0  0  
0  0  0  0  0  0  
3000  2500  3500  3107.06  2500  3500  
0  0  0  0  0  0  
0  0  0  0  0  0  
3000  2500  3500  3107.06  2500  3500  
******************** Unsatisfy demand in hospital ****************
4439.58  5073.48  4444.49  3828.17  4340.47  3820.2  
4439.58  5073.48  4444.49  3828.17  4340.47  3820.2  
20890.8  25037.9  20280  2760.26  4126.57  2402.86  
12057.7  13755.9  12072.8  7441.05  8477.8  7474.88  
4439.58  5073.48  4444.49  3814.07  4336.44  3826.74  
20890.8  25037.9  20280  2760.26  4126.57  2402.86  
