3  2
resolution time : 0.41
16700.5  16700.5
6  0
******************** fixed facilities: 11 ****************
0  1  5  8  11  13  14  15  16  19  20  
******************** Response cost ****************
0  0  6.9833e+06  6.9833e+06  0  6.9833e+06  
******************** Mobile facilities tour:  ****************
 scenario 0 : 0


------------------------------------
 scenario 1 : 0


------------------------------------
 scenario 2 : 0


------------------------------------
 scenario 3 : 1
6  
10  
------------------------------------
 scenario 4 : 0


------------------------------------
 scenario 5 : 0


------------------------------------
******************** Stock in hospital ****************
0  0  0  0  0  0  0  0  0  
0  0  0  0  0  0  0  0  0  
0  0  0  0  0  0  0  0  0  
0  0  0  0  0  500  0  0  2188.97  
0  0  0  0  0  0  0  0  0  
0  0  0  0  0  0  0  0  0  
******************** Quantity of blood collect in hospitals ****************
0  0  0  0  0  0  
0  0  0  0  0  0  
1000  2000  2500  1000  2000  2443.45  
0  0  500  0  0  1688.97  
0  0  0  0  0  0  
1000  2000  2443.45  1000  2000  2500  
******************** Unsatisfy demand in hospital ****************
4439.58  5073.48  4444.49  3828.17  4340.47  3820.2  
4439.58  5073.48  4444.49  3828.17  4340.47  3820.2  
22890.8  25537.9  21280  4867.32  4626.57  3459.41  
12057.7  13755.9  12072.8  7441.05  8477.8  7474.88  
4439.58  5073.48  4444.49  3814.07  4336.44  3826.74  
22890.8  25537.9  21336.6  4867.32  4626.57  3402.86  
