3  2
resolution time : 0.66
25809.9  25809.9
6  0
******************** fixed facilities: 17 ****************
0  1  2  5  7  8  9  11  12  13  14  15  16  18  19  20  21  
******************** Response cost ****************
1.31489e+07  1.31489e+07  1.31489e+07  1.31489e+07  1.31489e+07  1.31489e+07  
******************** Mobile facilities tour:  ****************
 scenario 0 : 5
3  4  6  10  17  
6  
------------------------------------
 scenario 1 : 5
3  4  6  10  17  
6  
------------------------------------
 scenario 2 : 5
3  4  6  10  17  
6  
------------------------------------
 scenario 3 : 5
3  4  6  10  17  
6  
------------------------------------
 scenario 4 : 5
3  4  6  10  17  
6  
------------------------------------
 scenario 5 : 5
3  4  6  10  17  
6  
------------------------------------
******************** Stock in hospital ****************
0  0  0  0  0  0  
0  0  0  0  0  0  
0  0  0  0  0  0  
0  0  0  0  0  0  
0  0  0  0  0  0  
0  0  0  0  0  0  
******************** Quantity of blood collect in hospitals ****************
3000  2500  3200  3000  2500  3200  
3000  2500  3200  3000  2500  3200  
3000  2500  3200  3000  2500  3200  
3000  2500  3200  3000  2500  3200  
3000  2500  3200  3000  2500  3200  
3000  2500  3200  3000  2500  3200  
******************** Unsatisfy demand in hospital ****************
1439.58  2573.48  1244.49  828.17  1840.47  620.2  
1439.58  2573.48  1244.49  828.17  1840.47  620.2  
20890.8  25037.9  20580  2867.32  4126.57  2702.86  
9057.7  11255.9  8872.8  4441.05  5977.8  4274.88  
1439.58  2573.48  1244.49  814.07  1836.44  626.74  
20890.8  25037.9  20580  2867.32  4126.57  2702.86  
