3  2
resolution time : 0.67
13664.1  13664.1
6  0
******************** fixed facilities: 9 ****************
0  1  5  8  11  13  14  16  19  
******************** Response cost ****************
5.35276e+06  5.35276e+06  5.35276e+06  5.35276e+06  5.35276e+06  5.35276e+06  
******************** Mobile facilities tour:  ****************
 scenario 0 : 13
2  3  4  6  7  9  10  12  15  17  18  20  21  

------------------------------------
 scenario 1 : 13
2  3  4  6  7  9  10  12  15  17  18  20  21  

------------------------------------
 scenario 2 : 13
2  3  4  6  7  9  10  12  15  17  18  20  21  

------------------------------------
 scenario 3 : 13
2  3  4  6  7  9  10  12  15  17  18  20  21  

------------------------------------
 scenario 4 : 13
2  3  4  6  7  9  10  12  15  17  18  20  21  

------------------------------------
 scenario 5 : 13
2  3  4  6  7  9  10  12  15  17  18  20  21  

------------------------------------
******************** Stock in hospital ****************
0  0  0  0  0  0  
0  0  0  0  0  0  
0  0  0  0  0  0  
0  0  0  0  0  0  
0  0  0  0  0  0  
0  0  0  0  0  0  
******************** Quantity of blood collect in hospitals ****************
1000  1500  2000  1000  1500  2000  
1000  1500  2000  1000  1500  2000  
1000  1500  2000  1000  1500  2000  
1000  1500  2000  1000  1500  2000  
1000  1500  2000  1000  1500  2000  
1000  1500  2000  1000  1500  2000  
******************** Unsatisfy demand in hospital ****************
3439.58  3573.48  2444.49  2828.17  2840.47  1820.2  
3439.58  3573.48  2444.49  2828.17  2840.47  1820.2  
22890.8  26037.9  21780  4867.32  5126.57  3902.86  
11057.7  12255.9  10072.8  6441.05  6977.8  5474.88  
3439.58  3573.48  2444.49  2814.07  2836.44  1826.74  
22890.8  26037.9  21780  4867.32  5126.57  3902.86  
