3 18 2
12057.7 13755.9 12072.8  7492.16 8554.07 7467.73  
12057.7 13755.9 12072.8  7500.61 8520.89 7494.12  
12057.7 13755.9 12072.8  7441.05 8477.8 7474.88  
12057.7 13755.9 12072.8  7499.17 8511.79 7479.18  
12057.7 13755.9 12072.8  7493.57 8563.01 7482.42  
12057.7 13755.9 12072.8  7435.03 8520.66 7463.5  
4439.58 5073.48 4444.49  3828.17 4340.47 3820.2  
4439.58 5073.48 4444.49  3814.07 4336.44 3826.74  
4439.58 5073.48 4444.49  3814.07 4336.44 3826.74  
4439.58 5073.48 4444.49  3820.7 4365.27 3824  
4439.58 5073.48 4444.49  3795.44 4344.99 3812.2  
4439.58 5073.48 4444.49  3828.17 4340.47 3820.2  
23890.8 27537.9 23780  5987.52 6691.58 6052.46  
23890.8 27537.9 23780  5867.32 6626.57 5902.86  
23890.8 27537.9 23780  5960.58 6651.21 6003.8  
23890.8 27537.9 23780  5939.5 6672.25 5989.72  
23890.8 27537.9 23780  5893.29 6665.47 5949.75  
23890.8 27537.9 23780  5988.62 6698.51 6064.19  
