5 16 5
25160.9 12544.9 20937.2 12542.3 20865.9  14569 7327.7 12107.5 7238.75 12188.8  8491.07 4230.95 7106.77 4267.78 7103.54  4930.01 2454.8 4115.84 2488.03 4081.46  2869.04 1437.81 2402.83 1446.31 2414.74  
597.933 299.784 496.676 296.723 498.259  590.478 296.602 489.577 292.562 491.244  584.405 292.286 484.825 290.568 483.339  578.799 290.721 479.94 286.818 481.572  575.616 287.24 479.429 286.823 479.121  
19759.4 9808.72 16493.9 9885.52 16398.9  13218.7 6554.71 11037.2 6635.32 10939.2  8871.6 4461.14 7391.06 4415.43 7460.38  5935.67 2972.42 4955.47 2971.59 4975.04  4010.15 2029.27 3329.71 1995.62 3366.57  
19759.4 9808.72 16493.9 9885.52 16398.9  13257.3 6606.9 11050.1 6628.28 11013.6  8832.74 4386.99 7390.18 4439.74 7356.22  5941.41 2970.24 4958.1 2978.14 4960.42  4015.08 2036.97 3319.04 1993.39 3346.65  
19759.4 9808.72 16493.9 9885.52 16398.9  13159.9 6541.07 11012.1 6594.66 10996.8  8921.1 4491.9 7395.3 4433.99 7421.66  5982.25 3013.74 4963.96 2979.81 4984.89  3982.35 1990.56 3330.89 2001.89 3337.44  
21553.7 10696 17993.4 10786 17882.9  13769.8 6889.33 11485.6 6866.21 11534.3  8868.75 4431.58 7382.94 4438.85 7359.84  5675.01 2844.18 4727.59 2842.05 4732.28  3628.73 1824.78 3022.95 1817.69 3037.12  
25160.9 12544.9 20937.2 12542.3 20865.9  14604.6 7273.16 12180.4 7314.98 12126.4  8482.3 4242.58 7075.5 4249.91 7079.01  4912.17 2455.23 4105.44 2471.81 4104.7  2863.15 1457.93 2378.75 1424.67 2424.66  
597.933 299.784 496.676 296.723 498.259  590.273 295.235 489.668 293.459 488.184  586.571 292.492 489.143 292.443 489.207  580.305 290.054 482.036 288.716 481.006  572.812 286.509 475.218 284.818 473.801  
19759.4 9808.72 16493.9 9885.52 16398.9  13218.7 6554.71 11037.2 6635.32 10939.2  8871.6 4461.14 7391.06 4415.43 7460.38  5935.67 2972.42 4955.47 2971.59 4975.04  4010.15 2029.27 3329.71 1995.62 3366.57  
21553.7 10696 17993.4 10786 17882.9  13816.6 6929.91 11479.3 6874.33 11503.7  8835.92 4415.68 7353.19 4421.96 7327.36  5656.18 2825.96 4735.13 2840.4 4752.47  3628.92 1814.17 3033.12 1826.47 3033.35  
25160.9 12544.9 20937.2 12542.3 20865.9  14604.6 7273.16 12180.4 7314.98 12126.4  8482.3 4242.58 7075.5 4249.91 7079.01  4906.43 2491.15 4073.46 2437.71 4138.22  2870.43 1436.01 2406.54 1449.05 2415.56  
25160.9 12544.9 20937.2 12542.3 20865.9  14604.6 7273.16 12180.4 7314.98 12126.4  8482.3 4242.58 7075.5 4249.91 7079.01  4906.43 2491.15 4073.46 2437.71 4138.22  2870.43 1436.01 2406.54 1449.05 2415.56  
55066.1 27423.3 45814.6 27474.1 45556.4  4519.4 2369.42 3819.13 2294.18 4072.09  379.038 190.403 333.156 209.952 339.134  32.4813 15.2472 30.3178 19.9831 29.3022  2.74754 1.44031 2.52349 1.62406 2.77522  
597.933 299.784 496.676 296.723 498.259  592.892 294.654 493.98 296.335 490.573  587.206 293.07 489.011 292.529 488.75  581.204 290.306 483.39 289.346 482.77  575.54 287.255 479.309 286.741 479.062  
21553.7 10696 17993.4 10786 17882.9  13816.6 6929.91 11479.3 6874.33 11503.7  8835.92 4415.68 7353.19 4421.96 7327.36  5656.18 2825.96 4735.13 2840.4 4752.47  3628.92 1814.17 3033.12 1826.47 3033.35  
597.933 299.784 496.676 296.723 498.259  590.478 296.602 489.577 292.562 491.244  584.405 292.286 484.825 290.568 483.339  578.799 290.721 479.94 286.818 481.572  575.616 287.24 479.429 286.823 479.121  
