5 50 5
21553.7 10696 17993.4 10786 17882.9  13816.6 6929.91 11479.3 6874.33 11503.7  8835.92 4415.68 7353.19 4421.96 7327.36  5656.18 2825.96 4735.13 2840.4 4752.47  3628.92 1814.17 3033.12 1826.47 3033.35  
21553.7 10696 17993.4 10786 17882.9  13716.1 6822.16 11475.6 6872.11 11466.7  8878.17 4446.97 7387.86 4435.02 7390.43  5687 2867.25 4708.12 2833.47 4713.44  3653.91 1854.12 3029.91 1816.86 3068.18  
21553.7 10696 17993.4 10786 17882.9  13816.6 6929.91 11479.3 6874.33 11503.7  8786.95 4373.09 7359.81 4413.43 7359.59  5671.13 2828.1 4732.63 2851.31 4711.23  3652.16 1852.39 3030.39 1816.69 3069.5  
21553.7 10696 17993.4 10786 17882.9  13762.4 6823.34 11503.8 6911.88 11416.5  8814.6 4396.98 7360.79 4418.11 7354.56  5697.92 2894.72 4721.54 2822.27 4795.45  3655.36 1862.79 3020.05 1810.98 3062.64  
21553.7 10696 17993.4 10786 17882.9  13774.2 6840.01 11484.7 6908.24 11381.2  8868.6 4472.01 7371.54 4406.88 7444.16  5679.79 2852.85 4731.14 2839.54 4752.73  3634.45 1830.95 3029.54 1818.07 3055.96  
21553.7 10696 17993.4 10786 17882.9  13777.4 6836.39 11501.7 6914.49 11406.6  8863.95 4452.87 7366.03 4417.42 7388.76  5643.96 2823.63 4717.02 2830.73 4732.95  3651.88 1853.05 3029.95 1815.89 3071.06  
21553.7 10696 17993.4 10786 17882.9  13777.4 6836.39 11501.7 6914.49 11406.6  8863.95 4452.87 7366.03 4417.42 7388.76  5657.61 2832.96 4722.33 2835.44 4735.32  3646.69 1860.21 3018.6 1805.58 3075.45  
21553.7 10696 17993.4 10786 17882.9  13768.5 6854.64 11504 6892.81 11488.4  8837.63 4420.63 7369.16 4420.08 7378.93  5687.43 2875.03 4718.44 2828.38 4760.86  3642.38 1839.11 3014.39 1817.84 3017.5  
21553.7 10696 17993.4 10786 17882.9  13769.8 6889.33 11485.6 6866.21 11534.3  8868.75 4431.58 7382.94 4438.85 7359.84  5675.01 2844.18 4727.59 2842.05 4732.28  3628.73 1824.78 3022.95 1817.69 3037.12  
21553.7 10696 17993.4 10786 17882.9  13792.6 6888.6 11465.3 6885.4 11416.6  8861.98 4454.58 7378.52 4415.06 7431.47  5674.21 2843.25 4728.5 2842.18 4733.93  3621.7 1808.91 3031.44 1824.33 3033.9  
25160.9 12544.9 20937.2 12542.3 20865.9  14583.4 7304.15 12125.6 7270.33 12129.4  8492.5 4251.39 7086.99 4252.25 7105.79  4920.32 2475.29 4110.01 2463.34 4151.01  2860.84 1414.78 2406.56 1457.59 2381.62  
25160.9 12544.9 20937.2 12542.3 20865.9  14604.6 7273.16 12180.4 7314.98 12126.4  8482.3 4242.58 7075.5 4249.91 7079.01  4906.43 2491.15 4073.46 2437.71 4138.22  2870.43 1436.01 2406.54 1449.05 2415.56  
25160.9 12544.9 20937.2 12542.3 20865.9  14545.1 7321.24 12071.8 7221.85 12143  8482.47 4189.17 7112.89 4293.56 7024.55  4944.16 2487.56 4121.31 2474.67 4149.33  2876.73 1444.29 2412.96 1448.19 2438.58  
25160.9 12544.9 20937.2 12542.3 20865.9  14539.5 7209.54 12132.6 7306.86 12001.4  8474.9 4297.31 7032.23 4199.16 7140.84  4942.45 2458.9 4143.53 2496.5 4130.83  2871.98 1449.39 2394.8 1439.39 2418.29  
25160.9 12544.9 20937.2 12542.3 20865.9  14540 7287.49 12074 7243.98 12067.3  8502.03 4226.19 7132.1 4281.97 7125.92  4938.12 2486.2 4112.37 2470.28 4138.63  2866.86 1428.32 2404.71 1451.94 2398.73  
25160.9 12544.9 20937.2 12542.3 20865.9  14610.4 7306.55 12179.4 7293.81 12202.3  8457.19 4193.03 7078.32 4267.23 7015.67  4920.27 2461.91 4104.67 2473.42 4099.51  2867.49 1454.45 2382.29 1431.16 2412.16  
25160.9 12544.9 20937.2 12542.3 20865.9  14604.6 7273.16 12180.4 7314.98 12126.4  8482.3 4242.58 7075.5 4249.91 7079.01  4912.17 2455.23 4105.44 2471.81 4104.7  2863.15 1457.93 2378.75 1424.67 2424.66  
25160.9 12544.9 20937.2 12542.3 20865.9  14572.5 7323.68 12126.5 7245.75 12217.1  8457.58 4208.42 7048.42 4254.24 6980.2  4928.37 2472.83 4107.8 2472.1 4115.75  2872.55 1447.1 2400.8 1441.9 2426.14  
25160.9 12544.9 20937.2 12542.3 20865.9  14569 7327.7 12107.5 7238.75 12188.8  8491.07 4230.95 7106.77 4267.78 7103.54  4930.01 2454.8 4115.84 2488.03 4081.46  2869.04 1437.81 2402.83 1446.31 2414.74  
25160.9 12544.9 20937.2 12542.3 20865.9  14606.9 7310.5 12160.7 7286.94 12174.4  8484.73 4246.43 7083.17 4249.33 7103.25  4920.28 2451.58 4122.09 2482.47 4115.37  2859.48 1432.57 2391.59 1441.72 2397.06  
19759.4 9808.72 16493.9 9885.52 16398.9  13172.4 6520.65 11026.7 6621.81 10943.2  8909 4487.4 7403.16 4427.51 7462.91  5963.81 2982.75 4958.92 2987.7 4935.81  4003.88 2028.46 3328.05 1990.82 3377.35  
19759.4 9808.72 16493.9 9885.52 16398.9  13257.3 6606.9 11050.1 6628.28 11013.6  8832.74 4386.99 7390.18 4439.74 7356.22  5941.41 2970.24 4958.1 2978.14 4960.42  4015.08 2036.97 3319.04 1993.39 3346.65  
19759.4 9808.72 16493.9 9885.52 16398.9  13211.4 6605.48 11021.7 6589 11061.6  8869.15 4401.95 7407.87 4460.07 7344.27  5958.9 2975.67 4967.22 2989.35 4951.16  4012.45 2030.76 3319.56 1995.93 3337.91  
19759.4 9808.72 16493.9 9885.52 16398.9  13242.6 6594.16 11052.1 6625.73 11023.2  8866.58 4416.39 7385.64 4445.62 7334.04  5973.41 3004.08 4969.46 2979.96 4996.5  4005.16 2032.56 3320.19 1988.49 3364.48  
19759.4 9808.72 16493.9 9885.52 16398.9  13233.3 6604.77 11002.2 6607.41 10948.7  8899 4468.52 7409.87 4433.99 7454.48  5945.18 2982.91 4965.12 2972.12 5003.21  4007.79 2017.79 3335.14 2002.77 3354.88  
19759.4 9808.72 16493.9 9885.52 16398.9  13211.4 6605.48 11021.7 6589 11061.6  8847.71 4387.45 7399.52 4452.66 7340.59  5990.86 3025.28 4967.03 2978.34 5001.66  3990.46 1993.55 3329.74 2006.33 3320.95  
19759.4 9808.72 16493.9 9885.52 16398.9  13218.7 6554.71 11037.2 6635.32 10939.2  8902.39 4462.1 7410.09 4441.76 7427.96  5948.27 2986.27 4961.49 2971.89 4995.08  4009.53 2036.36 3319.66 1989.26 3361.7  
19759.4 9808.72 16493.9 9885.52 16398.9  13159.9 6541.07 11012.1 6594.66 10996.8  8921.1 4491.9 7395.3 4433.99 7421.66  5982.25 3013.74 4963.96 2979.81 4984.89  3982.35 1990.56 3330.89 2001.89 3337.44  
19759.4 9808.72 16493.9 9885.52 16398.9  13254.2 6610.44 11033.5 6622.18 10988.8  8890.69 4443.86 7411.32 4446.09 7411.72  5917.88 2959.97 4950.05 2965.86 4974.76  4012.65 2031.58 3329.34 1996 3365.13  
19759.4 9808.72 16493.9 9885.52 16398.9  13218.7 6554.71 11037.2 6635.32 10939.2  8871.6 4461.14 7391.06 4415.43 7460.38  5935.67 2972.42 4955.47 2971.59 4975.04  4010.15 2029.27 3329.71 1995.62 3366.57  
597.933 299.784 496.676 296.723 498.259  592.034 295.909 491.759 294.526 490.694  585.693 293.744 486.911 290.619 489.343  575.646 290.592 476.427 284.074 480.724  571.31 287.145 473.121 282.947 474.269  
597.933 299.784 496.676 296.723 498.259  592.892 294.654 493.98 296.335 490.573  587.206 293.07 489.011 292.529 488.75  581.204 290.306 483.39 289.346 482.77  575.54 287.255 479.309 286.741 479.062  
597.933 299.784 496.676 296.723 498.259  591.589 296.7 491.796 293.53 494.242  586.557 292.477 489.122 292.442 489.146  579.856 290.815 482.051 287.739 484.424  570.864 287.952 473.102 281.934 477.717  
597.933 299.784 496.676 296.723 498.259  588.42 296.578 488.293 290.767 493.483  584.629 293.64 484.748 289.698 486.346  579.907 290.804 482.13 287.794 484.46  575.396 285.913 479.459 287.672 476.062  
597.933 299.784 496.676 296.723 498.259  590.273 295.235 489.668 293.459 488.184  585.711 293.751 486.932 290.63 489.368  578.788 290.72 479.919 286.809 481.543  575.468 287.394 478.672 286.543 477.996  
597.933 299.784 496.676 296.723 498.259  590.273 295.235 489.668 293.459 488.184  586.571 292.492 489.143 292.443 489.207  580.305 290.054 482.036 288.716 481.006  572.812 286.509 475.218 284.818 473.801  
597.933 299.784 496.676 296.723 498.259  590.478 296.602 489.577 292.562 491.244  584.405 292.286 484.825 290.568 483.339  578.799 290.721 479.94 286.818 481.572  575.616 287.24 479.429 286.823 479.121  
597.933 299.784 496.676 296.723 498.259  591.445 296.864 491.026 293.247 493.095  586.989 291.709 489.08 293.409 485.686  580.289 290.045 482.023 288.709 480.992  575.565 287.25 479.351 286.769 479.085  
597.933 299.784 496.676 296.723 498.259  592.985 296.167 493.183 295.199 492.514  582.546 293.621 483.428 287.877 488.573  581.25 290.285 483.453 289.404 482.752  575.358 285.923 479.41 287.63 476.066  
597.933 299.784 496.676 296.723 498.259  587.29 296.478 486.036 289.782 490.434  586.6 292.479 489.179 292.479 489.184  580.334 290.042 482.071 288.752 480.984  573.979 288.078 476.571 284.647 478.545  
55066.1 27423.3 45814.6 27474.1 45556.4  4509.48 2344.41 3815.12 2304.9 4015.8  389.68 211.982 339.85 202.821 389.954  31.7636 18.5414 27.6362 16.5064 34.3127  2.72746 1.58038 2.47972 1.49729 3.16775  
55066.1 27423.3 45814.6 27474.1 45556.4  4496.6 2325.94 3811.27 2307.64 3989.07  397.816 228.421 338.414 197.351 409.585  36.2706 20.4621 32.6876 19.1004 41.1191  2.95202 1.66692 2.72711 1.64149 3.43804  
55066.1 27423.3 45814.6 27474.1 45556.4  4518.33 2331.95 3843.59 2322.95 4032.72  381.772 224.38 313.718 185.72 376.902  30.9109 18.5924 25.5178 15.6436 30.8031  2.65661 1.58947 2.29931 1.4249 2.86024  
55066.1 27423.3 45814.6 27474.1 45556.4  4509.88 2356.36 3808.41 2295.77 4031.31  388.706 201.924 344.429 209.9 375.918  32.4544 16.8522 29.8452 18.4931 33.3492  2.62774 1.40257 2.42867 1.5526 2.74313  
55066.1 27423.3 45814.6 27474.1 45556.4  4509.81 2331.16 3827.04 2315.72 4009.13  389.521 223.959 329.425 193.075 396.933  31.6718 19.4995 26.5239 15.7154 34.0447  2.67598 1.86776 2.16535 1.26007 3.1713  
55066.1 27423.3 45814.6 27474.1 45556.4  4519.4 2369.42 3819.13 2294.18 4072.09  380.604 189.153 336.18 212.661 338.671  31.0875 16.4954 27.4971 17.4357 29.8102  2.59851 1.46106 2.33618 1.468 2.76387  
55066.1 27423.3 45814.6 27474.1 45556.4  4519.4 2369.42 3819.13 2294.18 4072.09  379.038 190.403 333.156 209.952 339.134  32.4813 15.2472 30.3178 19.9831 29.3022  2.74754 1.44031 2.52349 1.62406 2.77522  
55066.1 27423.3 45814.6 27474.1 45556.4  4509.81 2331.16 3827.04 2315.72 4009.13  389.521 223.959 329.425 193.075 396.933  31.6605 19.5094 26.4833 15.7008 33.9679  2.68802 1.86737 2.20252 1.26988 3.26221  
55066.1 27423.3 45814.6 27474.1 45556.4  4523.58 2361.77 3824.77 2304.15 4052.1  375.766 194.483 331.137 203.915 355.268  31.4534 18.5943 26.6402 16.1095 32.6353  2.85715 1.66913 2.56227 1.54813 3.2816  
55066.1 27423.3 45814.6 27474.1 45556.4  4531.09 2363.85 3835.94 2309.44 4067.18  368.895 192.602 320.879 199.047 341.578  31.1631 18.5423 26.1515 15.8987 31.8698  2.52549 1.50691 2.17024 1.36127 2.64976  
