1 50 50 4
500 200
2200 
1518.23 322.98 1
0.0690567 1 10
504.199
506.669
506.593
504.214
508.727
506.827
504.458
511.37
512.761
509.962
504.334
510.388
510.216
504.284
504.632
504.2
505.177
505.929
509.027
505.824
504.618
510.623
507.65
511.223
509.022
506.535
512.537
506.451
512.448
504.582
507.074
507.616
509.866
508.132
513.437
510.485
504.327
504.549
510.121
505.007
506.309
511.221
505.22
508.787
508.028
512.929
505.127
504.711
512.046
509.053
43.5666 -0.26404
45.415 -1.06645
45.3537 -1.2215
43.9295 -0.63161
46.0688 -0.79189
45.4793 0.14394
43.4301 0.27895
46.194 1.86784
46.8317 -1.69259
46.3246 0.33193
43.676 0.18634
46.4122 0.39659
46.2026 1.12482
43.896 0.03489
44.2342 0.33829
43.5205 -0.46786
44.6489 0.42535
44.9555 0.68109
46.158 -0.38268
44.6708 1.04531
43.9913 -1.40213
46.5271 -0.45716
45.3385 1.36193
46.346 1.41233
46.0527 -1.43222
44.6163 1.58092
46.8791 -1.095
44.1297 1.81133
46.8796 -0.89387
43.8773 -1.4055
45.5349 -1.17384
45.5376 0.91179
45.8292 1.79443
45.7983 -1.46937
47.0204 -1.32186
46.445 0.32209
44.0676 -0.83475
44.1869 0.2658
46.2157 1.00513
44.0542 0.89313
45.3373 -0.2438
46.5858 0.44943
44.78 -1.02577
45.9562 0.70061
45.7873 0.51312
46.9622 0.12277
44.1412 0.9522
43.7357 -1.56905
46.4535 1.62846
46.0577 0.57063
46.1088 -0.10481
