1 18 4
37715.2  23365.5  14516.7  9201.03  
37715.2  23180.3  14787.9  9195.56  
37715.2  23251.5  14674.7  9232.79  
37715.2  23554.5  14646.6  9054.42  
37715.2  23417.2  14721.3  9013.59  
37715.2  23420.3  14463.5  9119.74  
55686.6  24630.2  10906.5  4862.89  
55686.6  24571.1  10998.8  4869.46  
55686.6  24571.1  10946.1  4900.47  
55686.6  24677.2  10880.5  4879.29  
55686.6  24624  10910.1  4867.56  
55686.6  24624  10887.5  4903.71  
27844.8  20106.5  14421  10479  
27844.8  20140  14527.5  10446.2  
27844.8  19976.3  14497.4  10492  
27844.8  20140  14516.7  10396.4  
27844.8  20137.4  14528.2  10362.9  
27844.8  19989.4  14560.5  10496.3  
