5 50 50 5
500 200
3200 3200 3200 3200 3200 
1518.23 322.98 1
0.0690567 1 10
692.264
687.104
688.405
689.069
689.578
686.779
691.967
688.68
691.836
690.816
687.085
689.363
687.421
688.58
687.169
688.702
691.647
687.716
687.499
688.976
690.87
687.7
690.61
688.807
687.385
687.099
688.644
689.36
688.916
691.987
687.798
687.432
688.419
690.885
692.041
687
689.706
686.657
692.403
687.977
690.429
689.402
687.69
687.544
690.665
688.385
686.884
688.295
688.359
687.488
43.8296 -1.69479
45.0513 1.14646
44.1561 0.30853
45.8738 -1.51792
46.8292 0.85952
45.2783 -0.25275
43.4675 1.42983
45.3167 -1.49379
43.3671 0.82888
43.588 -0.25307
45.9033 -0.12496
46.8133 0.51989
45.3063 1.48699
45.7806 -1.349
45.9571 -0.13055
46.185 1.72823
43.5156 -0.70792
44.5642 1.07304
46.1634 0.68407
44.7028 2.03174
47.008 -0.76588
46.152 1.02257
43.6098 0.75506
46.6425 0.68029
44.9682 -0.66936
45.1226 1.1874
44.3651 -0.80072
43.9602 -0.34389
46.6909 0.13462
43.5646 1.72404
45.2226 1.70691
44.5299 0.24658
45.1833 2.01521
43.6772 -0.69404
43.6138 1.86902
44.773 0.18797
46.7512 -0.65292
45.073 0.29717
43.5254 1.84351
46.2149 1.16868
43.8066 1.41799
45.9096 -1.63515
45.6895 1.57002
46.0476 1.07358
46.657 2.06341
44.4824 -0.81794
45.2553 -0.37491
46.4979 0.52792
46.4812 -0.14528
44.8898 -0.68211
45.0859 0.32559
44.0044 -0.61482
45.4734 -1.11679
43.4618 1.32244
45.2001 0.31485
