5 66 5
33248.1 32995.2 41637.5 28817.8 70946.5  1849.06 2071.54 2229.82 1867.01 3654.8  97.4629 125.581 125.637 108.525 188.658  5.01221 7.10776 6.62145 6.17501 9.51342  0.323836 0.55646 0.413047 0.478497 0.542015  
27790.6 27675.2 34524 24275.3 58904  5844.8 5931.21 7420.92 5151.76 12475.6  1230.83 1246.68 1596.46 1082.2 2675.7  262.569 271.397 356.242 229.162 582.54  55.8841 58.6615 79.3742 48.2604 126.942  
30240.8 30188.8 37742.4 26364.2 64187.7  4236.14 4295.8 5365.03 3772.17 9056.36  616.593 610.631 766.273 561.372 1329.93  91.275 89.5014 108.478 87.0783 194.144  13.0074 12.9681 15.2439 12.9317 27.3765  
5268.4 5237.13 6577.92 4580.75 11211.4  4467.67 4466.37 5608.09 3884.48 9509.94  3808.68 3799.94 4765.25 3317.83 8102.03  3232.32 3234.16 4053.53 2817.43 6875.99  2737.67 2732.65 3441.03 2380.6 5840.65  
5268.4 5237.13 6577.92 4580.75 11211.4  4456.95 4434.1 5597.1 3863.25 9515.1  3785.57 3778.56 4762.33 3285.33 8077.22  3244.07 3241.59 4053.57 2832.94 6891.13  2741.28 2715.12 3409.29 2391.64 5836.28  
18286.4 18277.3 22781.2 15974 38745.4  8766.44 8782.38 11009.2 7655.04 18663.5  4227.45 4210.66 5245.48 3726.44 8975.98  2032.42 2030.31 2577.61 1773.83 4370.6  979.939 985.445 1230.16 868.296 2089.38  
18286.4 18277.3 22781.2 15974 38745.4  8775.65 8794.14 10958.9 7695.37 18617.2  4213.35 4224.89 5301.64 3690.98 8987.29  2036.42 2019.21 2547.41 1787.44 4361.28  981.419 976.263 1247.84 856.489 2121.35  
6638.77 6679.9 8290.38 5811.1 14033.7  5414.66 5415.33 6738.83 4739.18 11464.8  4363.22 4382.4 5465.3 3813.83 9254.57  3500.52 3527.13 4408.24 3056.11 7437.27  2880.86 2882.16 3602.63 2519.94 6121.22  
32696.3 32545.9 40792 28465.9 69495.8  2323.35 2466.72 2963.19 2166.69 4898.38  167.519 173.885 225.656 155.571 374.949  11.9479 12.5604 17.6817 10.953 28.5473  0.862221 0.881571 1.35302 0.784431 2.19859  
27790.6 27675.2 34524 24275.3 58904  5828.75 5886.73 7361.65 5143.04 12435.4  1240.52 1272.21 1639.69 1083.09 2709.12  268.126 286.727 373.729 233.881 593.215  56.7229 62.1254 79.5991 50.6055 124.88  
30240.8 30188.8 37742.4 26364.2 64187.7  4263.02 4293.48 5356.75 3802.96 9105.77  597.998 615.873 772.613 541.849 1292.08  84.0483 87.5238 109.605 77.8856 182.811  12.1172 12.266 15.9032 11.2564 27.0561  
18286.4 18277.3 22781.2 15974 38745.4  8766.44 8782.38 11009.2 7655.04 18663.5  4227.45 4210.66 5245.48 3726.44 8975.98  2032.42 2030.31 2577.61 1773.83 4370.6  979.939 985.445 1230.16 868.296 2089.38  
22018.5 21812.3 27558.2 19073.4 47013.5  8168.39 8167.31 10190.1 7174.55 17348.6  3129.13 3216.23 3890.34 2815.91 6542.69  1184.35 1252.51 1482.76 1084.54 2452.15  438.646 466.315 547.447 406.355 905.654  
30240.8 30188.8 37742.4 26364.2 64187.7  4246.35 4307.61 5347.74 3797.33 9045.8  612.316 603.758 780.32 546.665 1343.47  86.2062 84.898 110.711 78.2683 191.513  12.2818 12.7201 16.1586 11.5331 27.1007  
30240.8 30188.8 37742.4 26364.2 64187.7  4250.97 4301.06 5369.54 3787.8 9085.14  603.956 606.146 762.409 548.152 1305.36  89.3957 88.8414 107.927 85.0247 190.539  12.7107 12.9331 15.2499 12.578 26.8284  
5268.4 5237.13 6577.92 4580.75 11211.4  4447.88 4434.86 5599.89 3853.05 9498.54  3794.87 3760.99 4736.16 3299.26 8090.29  3244.03 3244.1 4057.07 2832.39 6891.65  2758.82 2760.6 3449.38 2411.64 5859.15  
27790.6 27675.2 34524 24275.3 58904  5840.84 5897.19 7461.54 5111.15 12548.3  1233.21 1266.24 1574.01 1105.47 2634.51  264.62 284.871 346.978 242.305 561.908  55.6989 59.7716 72.9 51.7017 118.884  
28064.8 27999.1 35163.2 24389.7 59728.4  5670.43 5674.5 7036.29 5043.77 12033.2  1171.31 1216.51 1433.78 1089.84 2425.19  233.223 244.165 291.982 217.71 489.566  47.9612 52.2243 59.722 46.6085 98.5998  
33248.1 32995.2 41637.5 28817.8 70946.5  1849.06 2071.54 2229.82 1867.01 3654.8  96.7632 124.913 125.745 107.224 188.016  5.6969 7.83978 6.58423 7.43122 10.1473  0.336526 0.490554 0.343337 0.517225 0.549259  
30240.8 30188.8 37742.4 26364.2 64187.7  4263.02 4293.48 5356.75 3802.96 9105.77  597.024 610.467 769.775 539.587 1293.52  85.1613 91.5881 111.861 79.9297 182.629  11.9163 13.3469 16.5173 11.2621 25.9951  
30240.8 30188.8 37742.4 26364.2 64187.7  4243.89 4282.66 5376.55 3767.79 9099.4  613.383 622.484 756.637 568.911 1299.53  87.5384 90.9892 106.723 84.8341 183.014  12.2748 12.8962 15.1878 12.1138 25.9243  
32696.3 32545.9 40792 28465.9 69495.8  2311.6 2424.16 2960.16 2134.64 4918.85  177.39 210.959 229.801 182.175 357.535  13.6876 17.5555 16.7474 15.8845 25.8759  0.992784 1.33673 1.19589 1.25177 1.83719  
6638.77 6679.9 8290.38 5811.1 14033.7  5322.78 5372.94 6697.07 4646.47 11285.2  4380.53 4390.44 5473.17 3831.29 9288.25  3553.71 3557.72 4414.09 3121.99 7515.33  2854.26 2867.69 3548.47 2513.09 6028.65  
5268.4 5237.13 6577.92 4580.75 11211.4  4456.95 4434.1 5597.1 3863.25 9515.1  3802.88 3771.18 4721.67 3319.72 8079.82  3220.45 3220.38 4055.77 2797.48 6870.3  2759.96 2750.31 3434.91 2415.03 5858.87  
9487.28 9495.05 11833.5 8286.56 20101.4  6922.6 6895.81 8672.48 6019.86 14750.8  5062.13 5075.2 6300.38 4445.1 10710.5  3701.09 3699.83 4601.98 3251.36 7842.47  2701.28 2707.46 3376.66 2370.86 5736.17  
18286.4 18277.3 22781.2 15974 38745.4  8748.82 8768.94 10862.6 7704.01 18494.4  4236.31 4237.23 5348.54 3696.64 9067.3  2038.29 2035.29 2586.19 1777.91 4385.32  978.057 972.148 1257.96 846.12 2129.6  
28064.8 27999.1 35163.2 24389.7 59728.4  5689.54 5749.26 7053.74 5091.98 12002.6  1141.34 1149.63 1420.86 1031.71 2429.34  241.855 237.966 288.399 225.516 510.7  49.921 51.1012 58.8671 48.6665 102.87  
27790.6 27675.2 34524 24275.3 58904  5840.84 5897.19 7461.54 5111.15 12548.3  1233.94 1273.29 1564.95 1114.21 2618.91  263.782 277.686 353.92 234.479 575.32  55.9012 60.1461 74.8939 51.0647 120.869  
5268.4 5237.13 6577.92 4580.75 11211.4  4487.77 4477.66 5587.51 3920.71 9516.61  3812.39 3797.15 4737.88 3334 8085.08  3237.74 3227.3 4051.22 2820.76 6892.79  2753.12 2747.06 3445.52 2401.2 5859.66  
32696.3 32545.9 40792 28465.9 69495.8  2325.78 2462.95 2975.27 2161.16 4919.46  164.992 175.807 213.751 160.029 355.906  11.9836 14.0764 17.5701 11.7694 26.8019  0.918411 1.19702 1.30596 1.01808 1.92411  
30240.8 30188.8 37742.4 26364.2 64187.7  4236.14 4295.8 5365.03 3772.17 9056.36  616.593 610.631 766.273 561.372 1329.93  91.275 89.5014 108.478 87.0783 194.144  13.0074 12.9681 15.2439 12.9317 27.3765  
30240.8 30188.8 37742.4 26364.2 64187.7  4229.32 4277.49 5372.12 3752.44 9071.13  625.612 629.707 759.825 583.517 1319.36  89.522 89.2181 107.137 85.8104 189.518  12.6292 12.6092 15.9206 11.9427 27.7535  
32696.3 32545.9 40792 28465.9 69495.8  2321.82 2452.39 2979.14 2149.67 4927  168.384 184.737 210.506 169.756 349.496  12.5357 15.5622 16.8777 13.4691 25.7091  0.937176 1.33048 1.35795 1.07935 1.8878  
33248.1 32995.2 41637.5 28817.8 70946.5  1845.35 2062.51 2219.71 1864.17 3646.71  100.458 132.74 134.577 110.281 195.909  5.72335 8.92165 7.75657 7.25733 10.349  0.32813 0.607282 0.450622 0.481774 0.548885  
6638.77 6679.9 8290.38 5811.1 14033.7  5346.58 5388.05 6631.66 4710.78 11249.2  4376.05 4387.58 5485.49 3819.18 9295.01  3537.21 3550.89 4420.14 3098.87 7495.88  2870.01 2874.14 3608.66 2502.02 6114.62  
32696.3 32545.9 40792 28465.9 69495.8  2325.93 2451.66 2960.07 2163.67 4917.26  164.16 185.739 229.912 155.656 359.031  12.6635 15.448 16.7309 13.5711 25.9638  0.916179 1.16717 1.19202 1.06355 1.84436  
33248.1 32995.2 41637.5 28817.8 70946.5  1849.06 2071.54 2229.82 1867.01 3654.8  96.9588 124.886 125.677 107.507 188.339  5.48411 7.74905 6.58303 7.11553 9.81431  0.352727 0.599638 0.40865 0.547488 0.558659  
5268.4 5237.13 6577.92 4580.75 11211.4  4457.22 4414.38 5569.61 3867.63 9511  3816.97 3806.58 4740.55 3341.93 8085.93  3244.85 3254.25 4055.68 2838.97 6879.96  2758.86 2754.55 3431.42 2417.79 5848.16  
18286.4 18277.3 22781.2 15974 38745.4  8756.89 8795.72 10964.6 7674.29 18582.8  4229.36 4198.92 5324.49 3682.93 9074.37  2036.38 2029.48 2559.72 1786.32 4361.38  979.024 986.808 1224.61 870.876 2080.17  
9487.28 9495.05 11833.5 8286.56 20101.4  6885.7 6928.55 8571.69 6049.33 14534.2  5072.37 5029.26 6349.79 4407.93 10836.1  3708.28 3703.39 4615.72 3253.44 7866.85  2708.52 2705.72 3380.28 2375.48 5756.67  
9487.28 9495.05 11833.5 8286.56 20101.4  6927.51 6885.07 8656.58 6027.51 14757.4  5050 5079 6307.96 4430.86 10688.9  3696.43 3702.69 4634.2 3231.87 7862.34  2707.33 2704.46 3384 2371.83 5759.52  
9487.28 9495.05 11833.5 8286.56 20101.4  6934.83 6893.81 8617.11 6059.03 14721.8  5035.93 5062.74 6338.89 4393.1 10710.9  3694.22 3710.34 4617.73 3241.67 7832.02  2701.11 2709.02 3378.73 2370.42 5736.02  
28064.8 27999.1 35163.2 24389.7 59728.4  5689.54 5749.26 7053.74 5091.98 12002.6  1141.34 1149.63 1420.86 1031.71 2429.34  241.855 237.966 288.399 225.516 510.7  49.921 51.1012 58.8671 48.6665 102.87  
9487.28 9495.05 11833.5 8286.56 20101.4  6908.31 6897.01 8676.86 6003.8 14724.7  5071.63 5044.1 6292.66 4443.23 10758.7  3677.55 3709.93 4582.62 3242.23 7762.86  2709.1 2700.25 3365.16 2380.95 5748.96  
22018.5 21812.3 27558.2 19073.4 47013.5  8226.9 8322.36 10333.4 7237.75 17432.5  3076.12 3117.08 3820.84 2747.36 6481.13  1166.34 1193.58 1423.86 1067.04 2423.19  442.161 462.328 537.545 413.227 907.033  
28064.8 27999.1 35163.2 24389.7 59728.4  5635.73 5677.45 7046.8 5003.83 11970.3  1191.46 1214.81 1427.62 1112.6 2461.94  245.189 245.338 289.614 232.201 509.965  49.919 50.4548 58.0154 48.7874 102.733  
30240.8 30188.8 37742.4 26364.2 64187.7  4252.99 4262.62 5347 3782.22 9111.66  605.622 636.712 778.092 557.269 1288.44  86.451 95.8241 113.454 82.5616 182.091  12.0402 13.6774 16.3813 11.6225 25.7529  
9487.28 9495.05 11833.5 8286.56 20101.4  6885.7 6928.55 8571.69 6049.33 14534.2  5072.37 5029.26 6349.79 4407.93 10836.1  3708.28 3703.39 4615.72 3253.44 7866.85  2708.52 2705.72 3380.28 2375.48 5756.67  
22018.5 21812.3 27558.2 19073.4 47013.5  8226.9 8322.36 10333.4 7237.75 17432.5  3078.25 3112.32 3814.03 2750.79 6483.92  1179.56 1220.56 1440.66 1085.74 2436.3  434.885 455.308 536.483 402.59 899.513  
22018.5 21812.3 27558.2 19073.4 47013.5  8281.1 8342.33 10291.7 7324.67 17476.7  3042.48 3104.8 3846.99 2694.17 6453.5  1159.57 1206.3 1447.45 1054.02 2419.32  438.729 457.524 535.586 408.315 903.808  
6638.77 6679.9 8290.38 5811.1 14033.7  5322.78 5372.94 6697.07 4646.47 11285.2  4385.59 4383.87 5495.51 3821.91 9329.21  3566.48 3563.37 4440.25 3124.55 7561.47  2848.79 2863.53 3577.66 2490.85 6052.44  
18286.4 18277.3 22781.2 15974 38745.4  8776.16 8729.73 10997.7 7644.68 18734.1  4226.56 4251.15 5300.4 3717.93 8982.07  2022.96 2042.56 2519.03 1799.67 4277.19  979.61 982.408 1233.88 864.557 2096.06  
30240.8 30188.8 37742.4 26364.2 64187.7  4252.99 4262.62 5347 3782.22 9111.66  606.015 638.6 780.571 557.34 1289.58  85.778 94.5214 111.15 82.3798 179.924  12.3555 13.2059 16.0633 11.9035 26.5916  
28064.8 27999.1 35163.2 24389.7 59728.4  5635.73 5677.45 7046.8 5003.83 11970.3  1191.46 1214.81 1427.62 1112.6 2461.94  245.189 245.338 289.614 232.201 509.965  49.919 50.4548 58.0154 48.7874 102.733  
30240.8 30188.8 37742.4 26364.2 64187.7  4255.72 4275.22 5363.98 3782.69 9119.66  604.081 631.49 761.847 561.366 1275.28  85.2239 88.856 112.612 78.2172 186.643  12.1352 13.3373 16.4706 11.5116 26.4043  
18286.4 18277.3 22781.2 15974 38745.4  8782.1 8780.04 10938 7705.42 18625.8  4222.14 4224.67 5299.53 3700.73 9003.64  2029.86 2032.78 2567.7 1777.37 4352.36  974.152 978.377 1252.24 848.05 2108.24  
9487.28 9495.05 11833.5 8286.56 20101.4  6885.7 6928.55 8571.69 6049.33 14534.2  5066.74 5059.59 6356.42 4413.9 10795.3  3707.31 3684.02 4598.72 3251.41 7870.58  2692.92 2704.22 3388.39 2354.92 5734.71  
22018.5 21812.3 27558.2 19073.4 47013.5  8226.9 8322.36 10333.4 7237.75 17432.5  3078.25 3112.32 3814.03 2750.79 6483.92  1179.56 1220.56 1440.66 1085.74 2436.3  434.885 455.308 536.483 402.59 899.513  
9487.28 9495.05 11833.5 8286.56 20101.4  6922.6 6895.81 8672.48 6019.86 14750.8  5062.13 5075.2 6300.38 4445.1 10710.5  3701.09 3699.83 4601.98 3251.36 7842.47  2701.28 2707.46 3376.66 2370.86 5736.17  
32696.3 32545.9 40792 28465.9 69495.8  2321.2 2440.84 2946.43 2160.34 4906.19  168.949 195.301 240.583 159.935 368.751  12.6221 16.5841 19.4495 12.7146 27.2365  0.908086 1.28264 1.40872 0.993329 1.91709  
22018.5 21812.3 27558.2 19073.4 47013.5  8168.39 8167.31 10190.1 7174.55 17348.6  3151.46 3262.56 3925.64 2843.64 6570.9  1161.91 1217.04 1461.87 1054.42 2426.09  438.725 459.584 538.475 407.847 904.317  
27790.6 27675.2 34524 24275.3 58904  5828.75 5886.73 7361.65 5143.04 12435.4  1246.87 1291.15 1655.73 1090.92 2715.9  263.117 271.885 361.108 227.742 587.866  55.7569 59.1587 76.8027 49.54 123.559  
28064.8 27999.1 35163.2 24389.7 59728.4  5701.53 5748.24 7050.11 5105.78 12024.3  1145.6 1159.59 1425.42 1039.05 2431.1  227.53 231.045 288.087 207.229 489.344  48.0292 49.2294 58.4322 45.8383 100.806  
18286.4 18277.3 22781.2 15974 38745.4  8784.88 8780.83 11003.6 7675.77 18697.2  4201.55 4225.82 5239.71 3710.54 8899.24  2037.61 2035.04 2569.63 1785.36 4367.35  981.496 971.568 1241.26 857.483 2120.43  
33248.1 32995.2 41637.5 28817.8 70946.5  1840.69 2066.2 2237.69 1849.73 3651.81  104.929 129.68 118.001 123.787 191.249  5.90743 8.36967 6.46273 8.12018 9.93768  0.336298 0.5234 0.339435 0.54285 0.519871  
18286.4 18277.3 22781.2 15974 38745.4  8735.89 8771.63 11000 7623.46 18604.5  4243 4235.84 5277.66 3738.44 9010.5  2033.74 2032.11 2534.39 1797.65 4326.99  986.305 978.604 1242.95 864.958 2123.55  
