5 200 5
6638.77 6679.9 8290.38 5811.1 14033.7  5363.82 5387.25 6749.24 4668.77 11405.1  4402.4 4385.77 5487.42 3843.92 9353.06  3525.31 3546.35 4418.21 3085.6 7475.28  2877.52 2883.23 3573.14 2531.95 6083.06  
6638.77 6679.9 8290.38 5811.1 14033.7  5394.06 5408.63 6692.73 4738.21 11383.8  4392.05 4388.35 5475.8 3840.57 9317.01  3543.27 3546 4459.11 3083.12 7553.99  2881.48 2882.31 3602.85 2520.56 6122.61  
6638.77 6679.9 8290.38 5811.1 14033.7  5408.97 5408.09 6769.76 4714.34 11493.3  4362.98 4383.83 5426.84 3833.6 9213.23  3541.85 3552.27 4435.68 3096.49 7519.73  2890.61 2881.57 3600.08 2530.8 6139.31  
6638.77 6679.9 8290.38 5811.1 14033.7  5335.57 5388.07 6675.11 4677.88 11271  4328.4 4357.87 5445.16 3776.65 9191.97  3530.19 3546.84 4409.41 3095.19 7475.38  2913.29 2891.33 3619.43 2548.76 6193.62  
6638.77 6679.9 8290.38 5811.1 14033.7  5322.78 5372.94 6697.07 4646.47 11285.2  4388.79 4389.69 5437.53 3857.18 9269.64  3528.59 3543.68 4378.05 3107.71 7443.96  2898.36 2889.27 3624.54 2530.11 6170.79  
6638.77 6679.9 8290.38 5811.1 14033.7  5363.82 5387.25 6749.24 4668.77 11405.1  4372.8 4387.73 5463.34 3827.09 9265.77  3548.5 3555.48 4432.67 3106.3 7526.43  2853.73 2869.65 3563.59 2505.96 6040.83  
6638.77 6679.9 8290.38 5811.1 14033.7  5346.58 5388.05 6631.66 4710.78 11249.2  4374.73 4387.63 5452.7 3834.27 9258.83  3571.68 3559.15 4458.31 3118.6 7595.51  2891.52 2879.49 3633.6 2513.91 6177.79  
6638.77 6679.9 8290.38 5811.1 14033.7  5346.58 5388.05 6631.66 4710.78 11249.2  4381.1 4381.01 5507.9 3809.84 9336.01  3509.87 3532.53 4420.34 3062.13 7462.17  2868.53 2875.09 3556.21 2527.25 6056.9  
6638.77 6679.9 8290.38 5811.1 14033.7  5394.06 5408.63 6692.73 4738.21 11383.8  4375.33 4382.92 5438.34 3839.78 9251.17  3549.01 3551.73 4419.05 3111.71 7518.05  2873.33 2878.67 3614.37 2504.77 6121.91  
6638.77 6679.9 8290.38 5811.1 14033.7  5403.08 5416.3 6742.37 4726.2 11443.7  4365.4 4382.22 5464.63 3816.28 9258.53  3541.43 3551.06 4407.21 3109.76 7491.28  2888.31 2876.69 3620.05 2516.06 6160.78  
6638.77 6679.9 8290.38 5811.1 14033.7  5414.66 5415.33 6738.83 4739.18 11464.8  4388.14 4387.08 5467.11 3840.39 9301.74  3504.28 3536.18 4393.43 3071.79 7419.13  2875.45 2879.56 3605.08 2511.99 6115.78  
6638.77 6679.9 8290.38 5811.1 14033.7  5346.58 5388.05 6631.66 4710.78 11249.2  4376.05 4387.58 5485.49 3819.18 9295.01  3537.21 3550.89 4420.14 3098.87 7495.88  2870.01 2874.14 3608.66 2502.02 6114.62  
6638.77 6679.9 8290.38 5811.1 14033.7  5383.91 5409.56 6736.59 4706.41 11406.7  4389.35 4382.31 5492.64 3826.44 9335.86  3561.83 3556.07 4431 3120.91 7551.29  2869.31 2877.82 3572.13 2521.46 6071.77  
6638.77 6679.9 8290.38 5811.1 14033.7  5394.06 5408.63 6692.73 4738.21 11383.8  4392.05 4388.35 5475.8 3840.57 9317.01  3538.12 3551.35 4414.41 3102.89 7491.54  2846.43 2866.28 3575.22 2491.08 6041.75  
6638.77 6679.9 8290.38 5811.1 14033.7  5322.78 5372.94 6697.07 4646.47 11285.2  4380.53 4390.44 5473.17 3831.29 9288.25  3553.71 3557.72 4414.09 3121.99 7515.33  2854.26 2867.69 3548.47 2513.09 6028.65  
6638.77 6679.9 8290.38 5811.1 14033.7  5414.66 5415.33 6738.83 4739.18 11464.8  4363.22 4382.4 5465.3 3813.83 9254.57  3500.52 3527.13 4408.24 3056.11 7437.27  2880.86 2882.16 3602.63 2519.94 6121.22  
6638.77 6679.9 8290.38 5811.1 14033.7  5383.91 5409.56 6736.59 4706.41 11406.7  4319.4 4353.83 5433.65 3771.35 9166.79  3530.13 3543.54 4371.44 3112.59 7440.52  2892.67 2881.24 3630.74 2517.3 6175.11  
6638.77 6679.9 8290.38 5811.1 14033.7  5414.66 5415.33 6738.83 4739.18 11464.8  4361.91 4382.45 5432.63 3828.9 9218.55  3547.65 3550.55 4411.49 3113.59 7508.99  2857.94 2870.02 3600.09 2492.13 6086.21  
6638.77 6679.9 8290.38 5811.1 14033.7  5322.78 5372.94 6697.07 4646.47 11285.2  4385.59 4383.87 5495.51 3821.91 9329.21  3566.48 3563.37 4440.25 3124.55 7561.47  2848.79 2863.53 3577.66 2490.85 6052.44  
6638.77 6679.9 8290.38 5811.1 14033.7  5420.35 5407.14 6766.28 4727.11 11514.1  4391.68 4382 5484.2 3832.89 9332.4  3496.79 3534.1 4352.67 3083.65 7364.91  2842.48 2862.96 3583.23 2481.43 6045.87  
33248.1 32995.2 41637.5 28817.8 70946.5  1845.35 2062.51 2219.71 1864.17 3646.71  100.258 133.375 135.331 109.869 195.677  5.93897 8.42878 7.09441 7.69626 10.5886  0.312082 0.470536 0.363456 0.452609 0.541152  
33248.1 32995.2 41637.5 28817.8 70946.5  1827.32 2045.69 2228.09 1829.41 3637.12  117.746 150.2 127.584 143.377 204.989  6.45589 8.42142 6.48883 8.87359 10.8516  0.336118 0.466213 0.331723 0.514234 0.551517  
33248.1 32995.2 41637.5 28817.8 70946.5  1845.14 2081.35 2242.31 1859.91 3649.98  100.724 115.515 113.652 114.283 192.99  5.61586 7.37735 6.18787 7.39418 9.96033  0.374025 0.537283 0.348721 0.601099 0.579423  
33248.1 32995.2 41637.5 28817.8 70946.5  1828.58 2042.54 2224.08 1831.7 3638.67  116.273 152.052 131.096 140.461 203.612  6.66281 9.63267 6.9468 9.47983 10.6943  0.345331 0.554104 0.369854 0.544935 0.5418  
33248.1 32995.2 41637.5 28817.8 70946.5  1848.96 2080.96 2241.12 1864.88 3656.44  97.1241 115.879 114.767 109.635 186.867  5.47989 7.53132 6.28938 7.23104 9.69758  0.296387 0.415393 0.318077 0.437936 0.509748  
33248.1 32995.2 41637.5 28817.8 70946.5  1827.32 2045.69 2228.09 1829.41 3637.12  116.612 146.954 126.111 141.184 204.15  7.44611 11.2692 7.82078 10.7416 11.5875  0.475675 0.849629 0.467504 0.828861 0.652206  
33248.1 32995.2 41637.5 28817.8 70946.5  1845.35 2062.51 2219.71 1864.17 3646.71  100.458 132.74 134.577 110.281 195.909  5.72335 8.92165 7.75657 7.25733 10.349  0.32813 0.607282 0.450622 0.481774 0.548885  
33248.1 32995.2 41637.5 28817.8 70946.5  1848.96 2080.96 2241.12 1864.88 3656.44  96.8724 115.04 113.895 109.458 186.303  5.70401 8.26215 7.10109 7.35737 10.2371  0.325991 0.520151 0.3731 0.495804 0.535621  
33248.1 32995.2 41637.5 28817.8 70946.5  1840.69 2066.2 2237.69 1849.73 3651.81  104.929 129.68 118.001 123.787 191.249  5.90743 8.36967 6.46273 8.12018 9.93768  0.336298 0.5234 0.339435 0.54285 0.519871  
33248.1 32995.2 41637.5 28817.8 70946.5  1850.26 2077.69 2236.96 1867.25 3658.05  96.0574 120.003 119.167 107.877 185.172  5.20246 6.60966 6.02415 6.54844 9.74646  0.335585 0.486897 0.345324 0.513511 0.549639  
33248.1 32995.2 41637.5 28817.8 70946.5  1827.32 2045.69 2228.09 1829.41 3637.12  116.369 147.64 126.804 140.655 203.887  7.65278 10.6531 7.18622 11.1871 11.8106  0.510987 0.783788 0.411651 0.90985 0.691423  
33248.1 32995.2 41637.5 28817.8 70946.5  1828.58 2042.54 2224.08 1831.7 3638.67  115.431 149.863 129.868 139.073 202.684  7.35347 11.5153 8.07727 10.5411 11.486  0.484702 0.832496 0.459729 0.840726 0.66775  
33248.1 32995.2 41637.5 28817.8 70946.5  1840.79 2056.95 2226.6 1851.83 3650.2  105.022 138.298 127.688 122.625 192.417  5.74928 8.9855 7.76883 7.31693 10.3627  0.301397 0.544257 0.439408 0.420536 0.534093  
33248.1 32995.2 41637.5 28817.8 70946.5  1840.69 2066.2 2237.69 1849.73 3651.81  104.1 128.015 117.123 122.41 190.309  6.6273 9.8316 7.26477 9.27676 10.7653  0.440115 0.717796 0.414581 0.748168 0.628038  
33248.1 32995.2 41637.5 28817.8 70946.5  1845.14 2081.35 2242.31 1859.91 3649.98  100.892 116.546 114.094 114.765 192.798  5.53909 6.52098 5.7923 7.11317 10.2183  0.284257 0.370861 0.306689 0.403261 0.514454  
33248.1 32995.2 41637.5 28817.8 70946.5  1827.32 2045.69 2228.09 1829.41 3637.12  117.467 148.429 126.663 142.754 204.989  6.68948 9.97431 7.31183 9.39285 10.8321  0.378798 0.667146 0.422758 0.611536 0.571445  
33248.1 32995.2 41637.5 28817.8 70946.5  1849.06 2071.54 2229.82 1867.01 3654.8  96.7632 124.913 125.745 107.224 188.016  5.6969 7.83978 6.58423 7.43122 10.1473  0.336526 0.490554 0.343337 0.517225 0.549259  
33248.1 32995.2 41637.5 28817.8 70946.5  1837.14 2048.08 2216.66 1849.04 3642.25  107.196 145.425 137.599 122.593 199.074  7.0941 10.5938 7.82033 9.85602 11.5557  0.418137 0.66039 0.406849 0.684898 0.624537  
33248.1 32995.2 41637.5 28817.8 70946.5  1849.06 2071.54 2229.82 1867.01 3654.8  96.9588 124.886 125.677 107.507 188.339  5.48411 7.74905 6.58303 7.11553 9.81431  0.352727 0.599638 0.40865 0.547488 0.558659  
33248.1 32995.2 41637.5 28817.8 70946.5  1849.06 2071.54 2229.82 1867.01 3654.8  97.4629 125.581 125.637 108.525 188.658  5.01221 7.10776 6.62145 6.17501 9.51342  0.323836 0.55646 0.413047 0.478497 0.542015  
27790.6 27675.2 34524 24275.3 58904  5850.86 5922.36 7451.52 5138.54 12529.2  1228.61 1259.24 1580.15 1094.33 2639.89  260.533 270.122 349.377 229.821 572.944  54.766 57.3552 74.4074 48.8186 121.25  
27790.6 27675.2 34524 24275.3 58904  5828.75 5886.73 7361.65 5143.04 12435.4  1240.52 1272.21 1639.69 1083.09 2709.12  268.126 286.727 373.729 233.881 593.215  56.7229 62.1254 79.5991 50.6055 124.88  
27790.6 27675.2 34524 24275.3 58904  5828.75 5886.73 7361.65 5143.04 12435.4  1246.87 1291.15 1655.73 1090.92 2715.9  262.417 269.898 358.337 227.366 586.042  56.35 60.6273 78.8371 49.9001 125.052  
27790.6 27675.2 34524 24275.3 58904  5836.72 5906.41 7475.27 5104.67 12542.8  1234.3 1256.95 1551.62 1113.17 2625.2  266.484 282.364 350.371 241.252 572.038  56.74 62.0562 77.371 51.6514 122.867  
27790.6 27675.2 34524 24275.3 58904  5828.75 5886.73 7361.65 5143.04 12435.4  1246.87 1291.15 1655.73 1090.92 2715.9  263.117 271.885 361.108 227.742 587.866  55.7569 59.1587 76.8027 49.54 123.559  
27790.6 27675.2 34524 24275.3 58904  5825.35 5854.23 7404.32 5102.72 12509.5  1247.84 1311.26 1634.25 1112.49 2672.16  265.224 283.224 342.548 244.354 560.664  55.9114 59.4507 74.0054 51.1993 120.772  
27790.6 27675.2 34524 24275.3 58904  5844.8 5931.21 7420.92 5151.76 12475.6  1230.83 1246.68 1596.46 1082.2 2675.7  262.569 271.397 356.242 229.162 582.54  55.8841 58.6615 79.3742 48.2604 126.942  
27790.6 27675.2 34524 24275.3 58904  5850.86 5922.36 7451.52 5138.54 12529.2  1223.19 1244.56 1570.02 1086.62 2635.77  264.184 279.644 356.687 234.607 576.569  56.1019 61.4922 76.2916 51.2548 121.121  
27790.6 27675.2 34524 24275.3 58904  5815.12 5844.32 7348.99 5114.79 12444.6  1255.52 1312.81 1659.45 1108.51 2711.79  265.864 285.548 362.567 236.26 579.038  57.3509 64.2532 81.5385 51.3385 125.66  
27790.6 27675.2 34524 24275.3 58904  5844.8 5931.21 7420.92 5151.76 12475.6  1233.31 1258.14 1612.38 1082.62 2683.11  260.974 263.323 349.207 227.122 581.761  55.4703 56.8726 73.1852 49.887 122.06  
27790.6 27675.2 34524 24275.3 58904  5850.86 5922.36 7451.52 5138.54 12529.2  1229.9 1257.42 1586.79 1091.53 2651.3  259.343 270.741 343.044 232.002 563.444  54.6302 58.3838 73.8543 49.4389 119.228  
27790.6 27675.2 34524 24275.3 58904  5825.35 5854.23 7404.32 5102.72 12509.5  1250.86 1314.8 1629.06 1119.87 2669.26  262.841 280.433 346.605 238.527 562.931  55.4253 59.1459 75.7231 49.732 121.787  
27790.6 27675.2 34524 24275.3 58904  5844.8 5931.21 7420.92 5151.76 12475.6  1234.68 1250.48 1610.76 1081.11 2693.49  260.254 270.459 347.919 230.409 570.477  54.9741 57.2871 75.924 48.2963 123.243  
27790.6 27675.2 34524 24275.3 58904  5815.12 5844.32 7348.99 5114.79 12444.6  1255.9 1319.04 1677.9 1103.05 2723.4  267.018 284.925 353.803 241.347 573.603  56.316 60.325 75.0654 51.5173 121.692  
27790.6 27675.2 34524 24275.3 58904  5850.86 5922.36 7451.52 5138.54 12529.2  1226.06 1253.6 1572.72 1092.62 2633.81  261.926 272.583 354.578 229.906 578.114  55.565 59.5848 75.8033 50.021 121.691  
27790.6 27675.2 34524 24275.3 58904  5846.66 5931.75 7465.49 5131.94 12523.6  1226.5 1237.28 1559.2 1091.8 2640.21  264.797 277.941 352.085 236.618 575.317  56.3214 61.0066 78.11 50.3955 123.877  
27790.6 27675.2 34524 24275.3 58904  5840.84 5897.19 7461.54 5111.15 12548.3  1233.94 1273.29 1564.95 1114.21 2618.91  263.782 277.686 353.92 234.479 575.32  55.9012 60.1461 74.8939 51.0647 120.869  
27790.6 27675.2 34524 24275.3 58904  5840.84 5897.19 7461.54 5111.15 12548.3  1233.21 1266.24 1574.01 1105.47 2634.51  264.62 284.871 346.978 242.305 561.908  55.6989 59.7716 72.9 51.7017 118.884  
27790.6 27675.2 34524 24275.3 58904  5844.8 5931.21 7420.92 5151.76 12475.6  1232.58 1245.21 1613.06 1075.35 2697.68  262.008 273.376 346.43 234.324 569.126  55.1914 58.792 75.2441 49.5465 121.249  
27790.6 27675.2 34524 24275.3 58904  5815.12 5844.32 7348.99 5114.79 12444.6  1253.42 1307.35 1661.94 1102.62 2716.09  268.522 292.881 366.857 240.403 580.255  57.0918 62.9782 76.9609 52.6604 122.152  
9487.28 9495.05 11833.5 8286.56 20101.4  6922.6 6895.81 8672.48 6019.86 14750.8  5051.31 5076.11 6303.69 4432.92 10690.7  3679.15 3701.63 4580.82 3240.68 7773.96  2713.13 2690.32 3377.96 2373.72 5782.04  
9487.28 9495.05 11833.5 8286.56 20101.4  6885.7 6928.55 8571.69 6049.33 14534.2  5066.74 5059.59 6356.42 4413.9 10795.3  3707.31 3684.02 4598.72 3251.41 7870.58  2692.92 2704.22 3388.39 2354.92 5734.71  
9487.28 9495.05 11833.5 8286.56 20101.4  6927.11 6935.87 8626.07 6067.48 14665.3  5030.66 5059.05 6272.97 4419.01 10637.3  3684.58 3695.38 4629 3218.91 7841.33  2712.99 2702.21 3389.18 2373.81 5778.96  
9487.28 9495.05 11833.5 8286.56 20101.4  6912.31 6937.11 8630.61 6050.85 14638.3  5068.62 5055.94 6299.53 4442.53 10745.6  3685.32 3695.25 4590.58 3238.8 7804.01  2711.36 2694.4 3398.64 2363.6 5794.67  
9487.28 9495.05 11833.5 8286.56 20101.4  6927.51 6885.07 8656.58 6027.51 14757.4  5069.78 5062.4 6318.49 4437.42 10759.6  3672.91 3708.22 4581.14 3237.42 7753.95  2698.15 2696.36 3401.6 2349.71 5768.26  
9487.28 9495.05 11833.5 8286.56 20101.4  6908.31 6897.01 8676.86 6003.8 14724.7  5062.68 5045.56 6333.09 4414.5 10779.9  3685.3 3703.94 4618.1 3229.23 7821.85  2712.27 2697.57 3358.93 2386.08 5752.18  
9487.28 9495.05 11833.5 8286.56 20101.4  6885.7 6928.55 8571.69 6049.33 14534.2  5072.37 5029.26 6349.79 4407.93 10836.1  3708.28 3703.39 4615.72 3253.44 7866.85  2708.52 2705.72 3380.28 2375.48 5756.67  
9487.28 9495.05 11833.5 8286.56 20101.4  6887.78 6928.47 8623.21 6025.53 14591  5057.74 5038 6350.76 4396.93 10796.8  3705.03 3702.04 4631.66 3241.49 7878.06  2694.57 2705.24 3347.16 2377.84 5694.91  
9487.28 9495.05 11833.5 8286.56 20101.4  6932.2 6924.75 8609.6 6075.4 14672.1  5030.82 5061.99 6315.12 4399.5 10677.1  3710.79 3690.1 4633.86 3240.34 7906.29  2704.7 2693.32 3363.44 2373.95 5746.48  
9487.28 9495.05 11833.5 8286.56 20101.4  6908.31 6897.01 8676.86 6003.8 14724.7  5071.63 5044.1 6292.66 4443.23 10758.7  3677.55 3709.93 4582.62 3242.23 7762.86  2709.1 2700.25 3365.16 2380.95 5748.96  
9487.28 9495.05 11833.5 8286.56 20101.4  6934.83 6893.81 8617.11 6059.03 14721.8  5045.11 5047.3 6352.41 4388 10761.7  3699.91 3696.65 4587.7 3255.78 7829.34  2697.12 2716.88 3383.18 2368 5723.18  
9487.28 9495.05 11833.5 8286.56 20101.4  6927.51 6885.07 8656.58 6027.51 14757.4  5050 5079 6307.96 4430.86 10688.9  3696.43 3702.69 4634.2 3231.87 7862.34  2707.33 2704.46 3384 2371.83 5759.52  
9487.28 9495.05 11833.5 8286.56 20101.4  6922.6 6895.81 8672.48 6019.86 14750.8  5062.13 5075.2 6300.38 4445.1 10710.5  3701.09 3699.83 4601.98 3251.36 7842.47  2701.28 2707.46 3376.66 2370.86 5736.17  
9487.28 9495.05 11833.5 8286.56 20101.4  6934.83 6893.81 8617.11 6059.03 14721.8  5039.6 5069.46 6272.02 4433.63 10642.5  3679.02 3703.96 4603.99 3229.97 7794.47  2693.8 2705.58 3377.1 2362.08 5723.34  
9487.28 9495.05 11833.5 8286.56 20101.4  6934.83 6893.81 8617.11 6059.03 14721.8  5035.93 5062.74 6338.89 4393.1 10710.9  3694.22 3710.34 4617.73 3241.67 7832.02  2701.11 2709.02 3378.73 2370.42 5736.02  
9487.28 9495.05 11833.5 8286.56 20101.4  6919.84 6926.59 8665.67 6035.68 14701.8  5043.61 5060.63 6259.07 4439.92 10647.8  3708.24 3678.96 4618.89 3239.74 7899.1  2697.74 2693.55 3405 2346.24 5774.25  
9487.28 9495.05 11833.5 8286.56 20101.4  6912.31 6937.11 8630.61 6050.85 14638.3  5070.55 5033.35 6305.04 4430.57 10782  3698.88 3705.92 4620.76 3242.68 7849.82  2707.18 2697.61 3389.05 2365.77 5772.53  
9487.28 9495.05 11833.5 8286.56 20101.4  6939.39 6914.44 8645.02 6059.81 14735  5066.58 5054.5 6321.59 4428.72 10765.6  3699.2 3694.88 4622.61 3236.67 7865.51  2679.96 2706.5 3351.55 2361.39 5668.29  
9487.28 9495.05 11833.5 8286.56 20101.4  6927.56 6903.76 8581.2 6074.61 14658.6  5057.51 5043.75 6358.89 4395.57 10797.8  3702.41 3689.6 4614.78 3241.2 7870.35  2698.01 2712.93 3397.57 2359.76 5744.27  
9487.28 9495.05 11833.5 8286.56 20101.4  6919.84 6926.59 8665.67 6035.68 14701.8  5057.56 5060.11 6331.12 4417.56 10750.2  3679.32 3697.59 4602.83 3227.8 7801.53  2706.27 2700.22 3385.5 2367.89 5763.91  
5268.4 5237.13 6577.92 4580.75 11211.4  4467.67 4466.37 5608.09 3884.48 9509.94  3808.68 3799.94 4765.25 3317.83 8102.03  3232.32 3234.16 4053.53 2817.43 6875.99  2737.67 2732.65 3441.03 2380.6 5840.65  
5268.4 5237.13 6577.92 4580.75 11211.4  4460.07 4427.27 5587.01 3868.11 9519.25  3809.82 3805.76 4768.4 3320.26 8100.64  3219.34 3187.66 4010.51 2803.04 6860.64  2753.09 2739.09 3420.69 2409.73 5843.63  
5268.4 5237.13 6577.92 4580.75 11211.4  4468.22 4426.21 5552.08 3893.39 9501.59  3807.55 3788.07 4721.34 3332.94 8069.11  3232.8 3212.76 4027.87 2820.32 6876.11  2749.88 2763.01 3464.89 2396.03 5853.83  
5268.4 5237.13 6577.92 4580.75 11211.4  4487.77 4477.66 5587.51 3920.71 9516.61  3812.39 3797.15 4737.88 3334 8085.08  3237.74 3227.3 4051.22 2820.76 6892.79  2753.12 2747.06 3445.52 2401.2 5859.66  
5268.4 5237.13 6577.92 4580.75 11211.4  4456.95 4434.1 5597.1 3863.25 9515.1  3802.88 3771.18 4721.67 3319.72 8079.82  3220.45 3220.38 4055.77 2797.48 6870.3  2759.96 2750.31 3434.91 2415.03 5858.87  
5268.4 5237.13 6577.92 4580.75 11211.4  4476.92 4465.59 5605.25 3894.87 9526.8  3782.6 3773.9 4761.11 3280.68 8075.47  3227.27 3200.46 4026.75 2809.16 6878.21  2760.77 2756.3 3443.05 2414.7 5861.75  
5268.4 5237.13 6577.92 4580.75 11211.4  4484.54 4484.74 5597.98 3915.67 9512.3  3781.47 3771.07 4762.2 3277.62 8077.64  3219.92 3184.32 4009.81 2802.31 6865.12  2758.19 2747.63 3415.02 2421.96 5838.24  
5268.4 5237.13 6577.92 4580.75 11211.4  4475.69 4444.65 5543.85 3914.17 9486.63  3790.73 3759.55 4744.5 3290.25 8092.07  3226.24 3205.65 4038.36 2804.9 6881.73  2762.81 2764.28 3437.24 2423.65 5850.62  
5268.4 5237.13 6577.92 4580.75 11211.4  4484.82 4464.3 5569.47 3920.21 9508.05  3781.43 3774.09 4766.47 3276.96 8078.28  3239.63 3222.57 4012.64 2839.73 6862.97  2743.84 2725.84 3434.07 2387.08 5854.09  
5268.4 5237.13 6577.92 4580.75 11211.4  4457.22 4414.38 5569.61 3867.63 9511  3816.97 3806.58 4740.55 3341.93 8085.93  3244.85 3254.25 4055.68 2838.97 6879.96  2758.86 2754.55 3431.42 2417.79 5848.16  
5268.4 5237.13 6577.92 4580.75 11211.4  4447.88 4434.86 5599.89 3853.05 9498.54  3794.87 3760.99 4736.16 3299.26 8090.29  3244.03 3244.1 4057.07 2832.39 6891.65  2758.82 2760.6 3449.38 2411.64 5859.15  
5268.4 5237.13 6577.92 4580.75 11211.4  4476.92 4465.59 5605.25 3894.87 9526.8  3790.55 3756.46 4735.36 3293.09 8086.06  3239.05 3254.66 4053.21 2834.52 6865.16  2750.51 2730.82 3416.55 2405.12 5844.01  
5268.4 5237.13 6577.92 4580.75 11211.4  4475.69 4444.65 5543.85 3914.17 9486.63  3807.48 3803.17 4774.87 3313.42 8105.52  3238.19 3221.8 4039.38 2824.44 6888.13  2735.79 2737.22 3451.32 2375.86 5841.8  
5268.4 5237.13 6577.92 4580.75 11211.4  4475.14 4485.53 5600.86 3905.1 9495.14  3806.52 3779.27 4714.12 3331.19 8070.08  3236.93 3248.26 4057.04 2827.32 6872.27  2741.78 2730.32 3447.53 2380.44 5858.39  
5268.4 5237.13 6577.92 4580.75 11211.4  4456.95 4434.1 5597.1 3863.25 9515.1  3785.57 3778.56 4762.33 3285.33 8077.22  3244.07 3241.59 4053.57 2832.94 6891.13  2741.28 2715.12 3409.29 2391.64 5836.28  
5268.4 5237.13 6577.92 4580.75 11211.4  4475.69 4444.65 5543.85 3914.17 9486.63  3813.97 3819.48 4768.67 3331.12 8093.19  3230.73 3205.4 4022.07 2817.51 6874.76  2753.8 2756.2 3458.15 2400.04 5863.04  
5268.4 5237.13 6577.92 4580.75 11211.4  4476.92 4465.59 5605.25 3894.87 9526.8  3806.25 3782.23 4713.46 3332.72 8065.35  3223.74 3199.23 4033.85 2801.48 6879.72  2760.51 2771.38 3450.98 2417.9 5851.53  
5268.4 5237.13 6577.92 4580.75 11211.4  4460.07 4427.27 5587.01 3868.11 9519.25  3816.31 3822.08 4762.22 3338 8088.31  3226.82 3208.35 4041.9 2805 6883.39  2756.53 2745.55 3432.44 2410.47 5855.02  
5268.4 5237.13 6577.92 4580.75 11211.4  4480.09 4458.64 5594.97 3899.81 9531.03  3806.82 3801.09 4767.21 3315.55 8098.87  3236.54 3219.41 4008.75 2837.02 6856.47  2747.98 2730.46 3419.95 2400.68 5842.76  
5268.4 5237.13 6577.92 4580.75 11211.4  4477.19 4445.51 5577.25 3899.32 9522.63  3790.28 3776.22 4762.93 3288.71 8090.18  3219.7 3189.32 4012.76 2803.09 6861.69  2760.72 2760.6 3449.06 2413.75 5862.65  
32696.3 32545.9 40792 28465.9 69495.8  2325.93 2451.66 2960.07 2163.67 4917.26  164.834 187.911 230.059 157.344 358.263  12.0472 13.4212 16.5645 12.0315 26.6891  0.867482 1.04046 1.20991 0.936483 1.88713  
32696.3 32545.9 40792 28465.9 69495.8  2325.78 2462.95 2975.27 2161.16 4919.46  165.03 176.64 216.13 159.236 357.412  11.9398 13.3344 15.3957 12.4785 25.3925  0.921463 1.10976 1.12017 1.08821 1.83684  
32696.3 32545.9 40792 28465.9 69495.8  2325.78 2462.95 2975.27 2161.16 4919.46  164.992 175.807 213.751 160.029 355.906  11.9836 14.0764 17.5701 11.7694 26.8019  0.918411 1.19702 1.30596 1.01808 1.92411  
32696.3 32545.9 40792 28465.9 69495.8  2325.93 2451.66 2960.07 2163.67 4917.26  164.16 185.739 229.912 155.656 359.031  12.6635 15.448 16.7309 13.5711 25.9638  0.916179 1.16717 1.19202 1.06355 1.84436  
32696.3 32545.9 40792 28465.9 69495.8  2323.47 2448.54 2973.66 2152.4 4929.18  167.116 190.805 217.459 167.743 347.229  12.2099 13.5895 15.6 12.8268 25.8434  0.886849 1.10231 1.18502 1.00657 1.83798  
32696.3 32545.9 40792 28465.9 69495.8  2317.02 2452.84 2980.67 2143.94 4918.28  173.449 186.777 210.836 176.036 357.962  12.3093 13.3358 15.147 13.0375 25.9062  0.892998 1.06479 1.24098 0.958597 1.94812  
32696.3 32545.9 40792 28465.9 69495.8  2325.06 2462.74 2957.51 2169.52 4900.64  165.639 177.632 232.419 151.941 373.631  12.102 12.7059 16.7785 11.6049 27.8404  0.877985 0.957482 1.18537 0.91662 1.97551  
32696.3 32545.9 40792 28465.9 69495.8  2311.6 2424.16 2960.16 2134.64 4918.85  177.39 210.959 229.801 182.175 357.535  13.6876 17.5555 16.7474 15.8845 25.8759  0.992784 1.33673 1.19589 1.25177 1.83719  
32696.3 32545.9 40792 28465.9 69495.8  2321.82 2452.39 2979.14 2149.67 4927  168.384 184.737 210.506 169.756 349.496  12.5357 15.5622 16.8777 13.4691 25.7091  0.937176 1.33048 1.35795 1.07935 1.8878  
32696.3 32545.9 40792 28465.9 69495.8  2323.35 2466.72 2963.19 2166.69 4898.38  167.519 173.885 225.656 155.571 374.949  11.9479 12.5604 17.6817 10.953 28.5473  0.862221 0.881571 1.35302 0.784431 2.19859  
32696.3 32545.9 40792 28465.9 69495.8  2311.6 2424.16 2960.16 2134.64 4918.85  178.312 212.13 229.721 183.899 358.138  12.7758 16.282 16.7117 14.1958 25.2728  0.986317 1.43931 1.29579 1.23158 1.83076  
32696.3 32545.9 40792 28465.9 69495.8  2325.06 2462.74 2957.51 2169.52 4900.64  165.662 175.995 230.05 152.295 373.301  12.0893 14.1948 18.9432 11.2934 28.1605  0.869903 1.09731 1.37954 0.878888 1.98949  
32696.3 32545.9 40792 28465.9 69495.8  2321.96 2441.3 2964.21 2152.13 4924.83  167.937 194.933 225.644 166.399 352.145  12.8592 16.5973 16.7263 14.4306 25.1934  0.914422 1.18179 1.30108 1.00761 1.92054  
32696.3 32545.9 40792 28465.9 69495.8  2325.06 2462.74 2957.51 2169.52 4900.64  164.967 175.584 232.299 150.312 374.459  12.6683 14.4935 16.8656 12.9986 27.0392  0.978286 1.20427 1.22512 1.13495 1.95675  
32696.3 32545.9 40792 28465.9 69495.8  2321.2 2440.84 2946.43 2160.34 4906.19  168.949 195.301 240.583 159.935 368.751  12.6221 16.5841 19.4495 12.7146 27.2365  0.908086 1.28264 1.40872 0.993329 1.91709  
32696.3 32545.9 40792 28465.9 69495.8  2325.93 2451.66 2960.07 2163.67 4917.26  164.273 185.448 229.493 155.851 359.183  12.5338 15.5768 16.9554 13.3861 25.7528  0.935426 1.33221 1.37324 1.0657 1.89503  
32696.3 32545.9 40792 28465.9 69495.8  2311.45 2435.05 2974.82 2132.22 4920.98  178.444 202.09 216.139 186.129 356.167  12.8151 15.6933 15.8313 14.4306 25.1303  0.959747 1.19644 1.11986 1.18521 1.82948  
32696.3 32545.9 40792 28465.9 69495.8  2313.07 2431.27 2969.43 2134.9 4923.12  177.068 206.777 219.957 185.116 352.143  12.5614 14.7454 17.2546 12.8257 26.887  0.969939 1.22525 1.25353 1.11982 1.94557  
32696.3 32545.9 40792 28465.9 69495.8  2321.82 2452.39 2979.14 2149.67 4927  168.996 187.198 212.255 170.726 349.879  11.9411 13.2745 15.3199 12.4928 25.3826  0.920301 1.16514 1.1906 1.07499 1.84604  
32696.3 32545.9 40792 28465.9 69495.8  2327.46 2459.03 2969.68 2163.94 4921.69  162.757 178.176 219.911 155.58 354.769  12.5206 15.6319 17.1014 13.3517 25.7659  0.936216 1.1933 1.20464 1.0992 1.86669  
28064.8 27999.1 35163.2 24389.7 59728.4  5689.54 5749.26 7053.74 5091.98 12002.6  1141.34 1149.63 1420.86 1031.71 2429.34  241.855 237.966 288.399 225.516 510.7  49.921 51.1012 58.8671 48.6665 102.87  
28064.8 27999.1 35163.2 24389.7 59728.4  5680.05 5724.66 7062.84 5065.09 12021.3  1163.62 1176.55 1412.63 1072.84 2434.66  232.471 239.253 288.404 216.361 490.238  46.8164 47.6857 58.1866 43.904 99.8711  
28064.8 27999.1 35163.2 24389.7 59728.4  5705.66 5739.16 7036.93 5112.36 12029.8  1138 1162.05 1438.54 1025.57 2426.13  232.471 239.253 288.404 216.361 490.238  47.1572 47.9419 58.1346 44.4377 100.215  
28064.8 27999.1 35163.2 24389.7 59728.4  5680.05 5724.66 7062.84 5065.09 12021.3  1163.62 1176.55 1412.63 1072.84 2434.66  231.693 236.135 287.696 214.313 491.502  47.5643 50.0588 58.6137 45.6876 99.0807  
28064.8 27999.1 35163.2 24389.7 59728.4  5654.87 5684.24 7052.51 5024.11 12006.9  1176.43 1195.11 1420.7 1090.69 2446.82  242.839 256.65 290.07 235.373 492.933  48.7466 51.4753 58.6078 47.7066 99.8544  
28064.8 27999.1 35163.2 24389.7 59728.4  5689.54 5749.26 7053.74 5091.98 12002.6  1148.08 1145.67 1422.34 1035.98 2449.22  235.847 241.498 287.871 221.288 493.735  49.1529 51.2328 58.2114 48.2451 100.523  
28064.8 27999.1 35163.2 24389.7 59728.4  5635.73 5677.45 7046.8 5003.83 11970.3  1196.24 1205.44 1422.78 1115.58 2477.02  239.507 250.7 292.811 227.069 495.827  50.844 53.2379 59.1241 50.6271 102.615  
28064.8 27999.1 35163.2 24389.7 59728.4  5705.66 5739.16 7036.93 5112.36 12029.8  1129.12 1152.46 1435.29 1013.17 2415.84  239.649 245.801 291.228 225.622 500.1  48.1653 50.0809 58.5241 46.3678 100.207  
28064.8 27999.1 35163.2 24389.7 59728.4  5695.89 5714.75 7046.32 5085.11 12048.1  1147.7 1186.53 1429.2 1052.66 2407.83  233.024 239.153 288.216 217.074 491.177  46.7434 48.0398 58.3518 43.9416 99.4657  
28064.8 27999.1 35163.2 24389.7 59728.4  5633.33 5702.91 7041.84 5016.71 11930.7  1185.68 1186.32 1430.33 1090.61 2486.21  251.692 247.747 291.416 239.404 522.165  51.5754 50.9247 58.2885 50.714 105.78  
28064.8 27999.1 35163.2 24389.7 59728.4  5635.73 5677.45 7046.8 5003.83 11970.3  1191.46 1214.81 1427.62 1112.6 2461.94  245.189 245.338 289.614 232.201 509.965  49.919 50.4548 58.0154 48.7874 102.733  
28064.8 27999.1 35163.2 24389.7 59728.4  5695.89 5714.75 7046.32 5085.11 12048.1  1143.04 1172.89 1428.22 1041.38 2412.9  236.517 248.578 288.84 225.144 488.1  47.1875 51.2052 58.491 45.9187 96.9638  
28064.8 27999.1 35163.2 24389.7 59728.4  5670.43 5674.5 7036.29 5043.77 12033.2  1160.88 1204.85 1436.91 1071.03 2420.53  242.598 255.149 289.902 234.42 493.899  48.7134 52.922 58.7582 48.3278 98.3957  
28064.8 27999.1 35163.2 24389.7 59728.4  5705.66 5739.16 7036.93 5112.36 12029.8  1135.28 1153.63 1435.74 1019.97 2427.48  232.327 243.986 290.157 217.547 486.24  49.4173 50.712 58.7851 47.9357 102.246  
28064.8 27999.1 35163.2 24389.7 59728.4  5670.43 5674.5 7036.29 5043.77 12033.2  1160.88 1204.85 1436.91 1071.03 2420.53  242.598 255.149 289.902 234.42 493.899  48.6344 52.695 58.8325 48.0748 98.5534  
28064.8 27999.1 35163.2 24389.7 59728.4  5701.53 5748.24 7050.11 5105.78 12024.3  1145.6 1159.59 1425.42 1039.05 2431.1  227.53 231.045 288.087 207.229 489.344  48.0292 49.2294 58.4322 45.8383 100.806  
28064.8 27999.1 35163.2 24389.7 59728.4  5680.05 5724.66 7062.84 5065.09 12021.3  1156.43 1163.27 1412.5 1058.44 2435.34  238.88 249.406 287.825 228.708 490.821  47.7437 50.4939 58.806 46.0036 99.1585  
28064.8 27999.1 35163.2 24389.7 59728.4  5691.83 5723.66 7059.27 5078.65 12042.7  1152.22 1172.32 1417.36 1056.37 2421.27  232.262 242.335 287.707 218.106 485.509  47.1002 49.8539 57.6899 45.6107 97.469  
28064.8 27999.1 35163.2 24389.7 59728.4  5670.43 5674.5 7036.29 5043.77 12033.2  1171.31 1216.51 1433.78 1089.84 2425.19  233.223 244.165 291.982 217.71 489.566  47.9612 52.2243 59.722 46.6085 98.5998  
28064.8 27999.1 35163.2 24389.7 59728.4  5660.55 5717.75 7057.02 5044.44 11984  1175.85 1184.14 1420.64 1084.95 2458.83  236 235.728 286.375 219.271 499.367  49.9134 49.8505 57.9203 48.4988 103.317  
30240.8 30188.8 37742.4 26364.2 64187.7  4255.46 4306.83 5344.93 3807.77 9062.56  604.303 604.375 778.029 539.808 1324  85.0756 85.4416 115.702 74.9264 193.576  12.2489 12.4594 16.2542 11.2967 27.4659  
30240.8 30188.8 37742.4 26364.2 64187.7  4263.02 4293.48 5356.75 3802.96 9105.77  597.998 615.873 772.613 541.849 1292.08  84.0483 87.5238 109.605 77.8856 182.811  12.1172 12.266 15.9032 11.2564 27.0561  
30240.8 30188.8 37742.4 26364.2 64187.7  4260.24 4280.66 5339.46 3802.48 9097.62  598.133 624.312 788.892 537.938 1298.78  86.6561 90.9938 110.662 81.7638 185.272  12.0878 13.0418 15.9576 11.5706 26.1603  
30240.8 30188.8 37742.4 26364.2 64187.7  4255.72 4275.22 5363.98 3782.69 9119.66  604.081 631.49 761.847 561.366 1275.28  85.2239 88.856 112.612 78.2172 186.643  12.1352 13.3373 16.4706 11.5116 26.4043  
30240.8 30188.8 37742.4 26364.2 64187.7  4260.24 4280.66 5339.46 3802.48 9097.62  599.764 627.836 784.231 543.646 1293.48  85.0137 88.1321 114.922 76.5645 189.377  12.1753 12.4669 16.2754 11.2296 27.3202  
30240.8 30188.8 37742.4 26364.2 64187.7  4229.32 4277.49 5372.12 3752.44 9071.13  625.612 629.707 759.825 583.517 1319.36  89.522 89.2181 107.137 85.8104 189.518  12.6292 12.6092 15.9206 11.9427 27.7535  
30240.8 30188.8 37742.4 26364.2 64187.7  4258.6 4299.91 5334.73 3812.74 9066.79  601.161 611.292 788.232 534.831 1319.77  85.4051 85.3994 114.898 75.6168 193.533  11.9488 12.4424 16.968 10.6537 27.5494  
30240.8 30188.8 37742.4 26364.2 64187.7  4250.97 4301.06 5369.54 3787.8 9085.14  607.054 609.488 762.029 553.321 1307.37  86.6073 86.5039 107.717 81.0374 187.352  12.4736 12.0182 15.6714 11.6194 27.8765  
30240.8 30188.8 37742.4 26364.2 64187.7  4252.99 4262.62 5347 3782.22 9111.66  605.622 636.712 778.092 557.269 1288.44  86.451 95.8241 113.454 82.5616 182.091  12.0402 13.6774 16.3813 11.6225 25.7529  
30240.8 30188.8 37742.4 26364.2 64187.7  4243.89 4282.66 5376.55 3767.79 9099.4  613.383 622.484 756.637 568.911 1299.53  87.5384 90.9892 106.723 84.8341 183.014  12.2748 12.8962 15.1878 12.1138 25.9243  
30240.8 30188.8 37742.4 26364.2 64187.7  4246.35 4307.61 5347.74 3797.33 9045.8  612.316 603.758 780.32 546.665 1343.47  86.2062 84.898 110.711 78.2683 191.513  12.2818 12.7201 16.1586 11.5331 27.1007  
30240.8 30188.8 37742.4 26364.2 64187.7  4263.02 4293.48 5356.75 3802.96 9105.77  597.024 610.467 769.775 539.587 1293.52  85.1613 91.5881 111.861 79.9297 182.629  11.9163 13.3469 16.5173 11.2621 25.9951  
30240.8 30188.8 37742.4 26364.2 64187.7  4236.14 4295.8 5365.03 3772.17 9056.36  616.593 610.631 766.273 561.372 1329.93  91.275 89.5014 108.478 87.0783 194.144  13.0074 12.9681 15.2439 12.9317 27.3765  
30240.8 30188.8 37742.4 26364.2 64187.7  4255.72 4275.22 5363.98 3782.69 9119.66  604.268 631.543 766.422 559.204 1280.18  85.0633 88.8111 108.703 80.0609 182.441  12.0455 13.3173 15.8943 11.7035 25.6832  
30240.8 30188.8 37742.4 26364.2 64187.7  4255.77 4286.86 5317.14 3812.26 9058.51  604.231 621.559 806.574 533.886 1332.6  85.1672 88.1704 114.153 77.0515 188.988  12.0159 12.4072 16.886 10.7359 27.6726  
30240.8 30188.8 37742.4 26364.2 64187.7  4250.97 4301.06 5369.54 3787.8 9085.14  603.956 606.146 762.409 548.152 1305.36  89.3957 88.8414 107.927 85.0247 190.539  12.7107 12.9331 15.2499 12.578 26.8284  
30240.8 30188.8 37742.4 26364.2 64187.7  4252.99 4262.62 5347 3782.22 9111.66  606.015 638.6 780.571 557.34 1289.58  85.778 94.5214 111.15 82.3798 179.924  12.3555 13.2059 16.0633 11.9035 26.5916  
30240.8 30188.8 37742.4 26364.2 64187.7  4255.72 4275.22 5363.98 3782.69 9119.66  599.924 628.197 767.188 552.485 1275.89  88.5956 92.0897 108.647 85.4614 185.863  12.8179 13.4046 15.1289 13.0233 26.384  
30240.8 30188.8 37742.4 26364.2 64187.7  4236.14 4295.8 5365.03 3772.17 9056.36  619.759 614 765.891 566.666 1331.99  88.7228 86.5998 108.108 83.1091 192.007  12.4608 12.7036 15.8861 11.8488 27.2447  
30240.8 30188.8 37742.4 26364.2 64187.7  4246.35 4307.61 5347.74 3797.33 9045.8  611.02 603.865 780.715 545.185 1341.03  87.3076 85.1906 110.925 79.4376 193.69  12.3901 12.4386 15.6382 11.7647 27.1405  
18286.4 18277.3 22781.2 15974 38745.4  8776.22 8753.42 10901.9 7704.42 18608.7  4202.97 4234.44 5348.33 3661.89 9002.21  2035.82 2033.35 2581.24 1776.89 4377.65  981.327 986.929 1224.5 873.271 2084.66  
18286.4 18277.3 22781.2 15974 38745.4  8742.26 8783.27 10883.9 7693.8 18485.6  4239.99 4210.19 5309.8 3706.29 9067.72  2039.92 2032.43 2581.72 1780.29 4387.65  983.11 982.661 1264.66 853.068 2134.2  
18286.4 18277.3 22781.2 15974 38745.4  8791.21 8766.97 10983 7685.64 18705.7  4201.43 4226.1 5240 3710.33 8899.13  2022.84 2039.93 2579.25 1768.03 4340.91  982.161 976.516 1255.42 853.595 2130.23  
18286.4 18277.3 22781.2 15974 38745.4  8784.88 8780.83 11003.6 7675.77 18697.2  4220.69 4224.26 5265.75 3716.14 8966.77  2027.81 2026.41 2542.9 1784.55 4330.55  974.911 977.112 1249.61 849.468 2108.68  
18286.4 18277.3 22781.2 15974 38745.4  8782.1 8780.04 10938 7705.42 18625.8  4223.48 4225.05 5331.35 3686.49 9038.21  2029.17 2032.58 2551.32 1784.78 4334.52  975.558 978.014 1236.16 857.186 2095.32  
18286.4 18277.3 22781.2 15974 38745.4  8776.16 8729.73 10997.7 7644.68 18734.1  4219.37 4233 5307.31 3698.18 8995.79  2021.34 2055.68 2536.98 1795.41 4276.73  980.364 988.383 1219.1 875.829 2075.39  
18286.4 18277.3 22781.2 15974 38745.4  8776.22 8753.42 10901.9 7704.42 18608.7  4198.12 4240.78 5326.55 3670.87 8962.64  2044.02 2032.05 2563.89 1793.18 4378.36  978.881 983.003 1257.86 852.289 2118.12  
18286.4 18277.3 22781.2 15974 38745.4  8775.65 8794.14 10958.9 7695.37 18617.2  4213.35 4224.89 5301.64 3690.98 8987.29  2036.42 2019.21 2547.41 1787.44 4361.28  981.419 976.263 1247.84 856.489 2121.35  
18286.4 18277.3 22781.2 15974 38745.4  8776.16 8729.73 10997.7 7644.68 18734.1  4226.56 4251.15 5300.4 3717.93 8982.07  2022.96 2042.56 2519.03 1799.67 4277.19  979.61 982.408 1233.88 864.557 2096.06  
18286.4 18277.3 22781.2 15974 38745.4  8756.89 8795.72 10964.6 7674.29 18582.8  4229.36 4198.92 5324.49 3682.93 9074.37  2036.38 2029.48 2559.72 1786.32 4361.38  979.024 986.808 1224.61 870.876 2080.17  
18286.4 18277.3 22781.2 15974 38745.4  8782.1 8780.04 10938 7705.42 18625.8  4222.14 4224.67 5299.53 3700.73 9003.64  2029.86 2032.78 2567.7 1777.37 4352.36  974.152 978.377 1252.24 848.05 2108.24  
18286.4 18277.3 22781.2 15974 38745.4  8735.89 8771.63 11000 7623.46 18604.5  4243 4235.84 5277.66 3738.44 9010.5  2033.74 2032.11 2534.39 1797.65 4326.99  986.305 978.604 1242.95 864.958 2123.55  
18286.4 18277.3 22781.2 15974 38745.4  8776.22 8753.42 10901.9 7704.42 18608.7  4209.18 4233.12 5281.47 3700.57 8948.84  2039.64 2042.2 2595.6 1777.97 4389.49  975.437 981.717 1264.79 844.837 2119.51  
18286.4 18277.3 22781.2 15974 38745.4  8748.82 8768.94 10862.6 7704.01 18494.4  4236.31 4237.23 5348.54 3696.64 9067.3  2038.29 2035.29 2586.19 1777.91 4385.32  978.057 972.148 1257.96 846.12 2129.6  
18286.4 18277.3 22781.2 15974 38745.4  8782.1 8780.04 10938 7705.42 18625.8  4219.29 4200.46 5328.56 3671.56 9056.09  2028.53 2036.79 2571.47 1776.15 4348.57  978.064 988.592 1227.24 869.429 2078.86  
18286.4 18277.3 22781.2 15974 38745.4  8751.82 8744.87 11023.5 7614.61 18692.6  4215.54 4238.85 5285.32 3708.05 8958.86  2039.71 2044.43 2518.47 1818.01 4308.31  987.073 984.713 1235.74 872.356 2110.43  
18286.4 18277.3 22781.2 15974 38745.4  8791.21 8766.97 10983 7685.64 18705.7  4219.01 4212.53 5280.99 3701.01 8992.78  2026.76 2045.85 2554.09 1787.51 4316.72  974.706 984.494 1244.93 855.194 2094.73  
18286.4 18277.3 22781.2 15974 38745.4  8784.88 8780.83 11003.6 7675.77 18697.2  4201.55 4225.82 5239.71 3710.54 8899.24  2037.61 2035.04 2569.63 1785.36 4367.35  981.496 971.568 1241.26 857.483 2120.43  
18286.4 18277.3 22781.2 15974 38745.4  8766.44 8782.38 11009.2 7655.04 18663.5  4227.45 4210.66 5245.48 3726.44 8975.98  2032.42 2030.31 2577.61 1773.83 4370.6  979.939 985.445 1230.16 868.296 2089.38  
18286.4 18277.3 22781.2 15974 38745.4  8776.16 8729.73 10997.7 7644.68 18734.1  4225.22 4250.77 5268.81 3732.3 8947.75  2031.35 2045.34 2552.78 1792.53 4325.31  975.944 978.51 1243.64 854.126 2103.05  
22018.5 21812.3 27558.2 19073.4 47013.5  8227.85 8248.28 10231.9 7254.18 17417.4  3069.67 3135.26 3848.55 2736.27 6473.88  1167.44 1222.57 1463.36 1062.17 2431.91  450.446 488.445 563.873 421.003 921.217  
22018.5 21812.3 27558.2 19073.4 47013.5  8244.16 8283.87 10277.5 7265.13 17455.3  3087.8 3172.15 3872.19 2760.92 6492.8  1156.7 1200.56 1439.8 1052.34 2412.3  433.329 452.361 532.73 401.562 895.872  
22018.5 21812.3 27558.2 19073.4 47013.5  8243.68 8320.92 10328.3 7256.91 17462.9  3102.12 3157.25 3826.7 2791.83 6493.21  1139.71 1175.06 1430.4 1026.9 2397.68  432.108 451.957 535.658 398.387 896.832  
22018.5 21812.3 27558.2 19073.4 47013.5  8189.57 8226.01 10266.4 7186.19 17400.7  3138.14 3225.88 3877.73 2836.37 6538.1  1165.37 1209.8 1442.77 1064.49 2422.24  430.833 450.519 536.027 396.254 896.273  
22018.5 21812.3 27558.2 19073.4 47013.5  8226.9 8322.36 10333.4 7237.75 17432.5  3078.25 3112.32 3814.03 2750.79 6483.92  1179.56 1220.56 1440.66 1085.74 2436.3  434.885 455.308 536.483 402.59 899.513  
22018.5 21812.3 27558.2 19073.4 47013.5  8280.62 8380.05 10343.4 7316.3 17484.4  3072.75 3106.85 3800 2750.55 6465.33  1135.08 1164.52 1430.67 1016.96 2400.61  435.684 460.138 544.841 401.524 904.082  
22018.5 21812.3 27558.2 19073.4 47013.5  8226.9 8322.36 10333.4 7237.75 17432.5  3076.12 3117.08 3820.84 2747.36 6481.13  1166.34 1193.58 1423.86 1067.04 2423.19  442.161 462.328 537.545 413.227 907.033  
22018.5 21812.3 27558.2 19073.4 47013.5  8281.1 8342.33 10291.7 7324.67 17476.7  3042.48 3104.8 3846.99 2694.17 6453.5  1159.57 1206.3 1447.45 1054.02 2419.32  438.729 457.524 535.586 408.315 903.808  
22018.5 21812.3 27558.2 19073.4 47013.5  8168.39 8167.31 10190.1 7174.55 17348.6  3137.36 3239.57 3919.95 2820.52 6562.69  1173.09 1231.1 1464.69 1071.52 2435.45  440.551 465.117 540.257 411.602 903.587  
22018.5 21812.3 27558.2 19073.4 47013.5  8281.1 8342.33 10291.7 7324.67 17476.7  3080.6 3153.2 3861.86 2749.86 6490.22  1129.84 1164.38 1431.32 1011.12 2390.9  432.582 451.518 533.945 399.715 896.601  
22018.5 21812.3 27558.2 19073.4 47013.5  8168.39 8167.31 10190.1 7174.55 17348.6  3149.4 3252.93 3913.17 2843.27 6565.07  1166.36 1220.91 1466.3 1058.76 2435.02  438.381 466.553 547.695 406.034 905.177  
22018.5 21812.3 27558.2 19073.4 47013.5  8189.57 8226.01 10266.4 7186.19 17400.7  3124.1 3203.15 3872.12 2813.31 6529.93  1159.72 1199.87 1433.67 1058.23 2412.55  441.945 471.592 546.509 412.809 905.521  
22018.5 21812.3 27558.2 19073.4 47013.5  8189.57 8226.01 10266.4 7186.19 17400.7  3138.14 3225.88 3877.73 2836.37 6538.1  1160.16 1201.27 1440.68 1055.83 2419.21  433.816 454.478 535.654 401.567 897.389  
22018.5 21812.3 27558.2 19073.4 47013.5  8189.57 8226.01 10266.4 7186.19 17400.7  3115.93 3180.08 3842.88 2808.71 6510.07  1170.97 1220.82 1451.45 1071.21 2429.39  438.021 467.424 550.081 404.723 905.739  
22018.5 21812.3 27558.2 19073.4 47013.5  8243.68 8320.92 10328.3 7256.91 17462.9  3067.82 3113.2 3817.24 2739.05 6464.9  1167.1 1214.39 1443.13 1068.13 2420.85  435.571 450.918 528.689 405.304 897.737  
22018.5 21812.3 27558.2 19073.4 47013.5  8168.39 8167.31 10190.1 7174.55 17348.6  3151.46 3262.56 3925.64 2843.64 6570.9  1161.91 1217.04 1461.87 1054.42 2426.09  438.725 459.584 538.475 407.847 904.317  
22018.5 21812.3 27558.2 19073.4 47013.5  8183.93 8238.6 10284.7 7177.23 17393.2  3139.47 3223.04 3873.37 2838.36 6539.9  1153.62 1185.22 1428.46 1047.19 2412.04  441.697 459.611 532.909 413.979 904.575  
22018.5 21812.3 27558.2 19073.4 47013.5  8168.39 8167.31 10190.1 7174.55 17348.6  3129.13 3216.23 3890.34 2815.91 6542.69  1184.35 1252.51 1482.76 1084.54 2452.15  438.646 466.315 547.447 406.355 905.654  
22018.5 21812.3 27558.2 19073.4 47013.5  8280.62 8380.05 10343.4 7316.3 17484.4  3078.92 3120.41 3817.24 2754.74 6479.65  1137.26 1162.71 1419.54 1024.12 2396  424.294 441.976 533.947 386.298 890.577  
22018.5 21812.3 27558.2 19073.4 47013.5  8189.57 8226.01 10266.4 7186.19 17400.7  3099.29 3176.35 3862.71 2778.92 6501.01  1175.87 1219.82 1443.95 1079.43 2432.72  450.592 478.409 545.493 426.055 914.143  
