5 22 22 5
500 200
3200 3200 3200 3200 3200 
1518.23 322.98 1
0.0690567 1 10
2001.53
1986.32
1986.63
2005.52
2005.73
1991.29
1988.25
2000.74
1989.13
1991.28
1995.81
2006.07
1987.82
2003.02
1996.42
1996.41
1994.54
1985.02
1996.14
1986.42
2015.52
1995.58
43.8296 -1.69479
45.0513 1.14646
44.1561 0.30853
45.8738 -1.51792
46.8292 0.85952
45.2783 -0.25275
43.4675 1.42983
45.3167 -1.49379
43.3671 0.82888
43.588 -0.25307
45.9033 -0.12496
46.8133 0.51989
45.3063 1.48699
45.7806 -1.349
45.9571 -0.13055
46.185 1.72823
43.5156 -0.70792
44.5642 1.07304
46.1634 0.68407
44.7028 2.03174
47.008 -0.76588
46.152 1.02257
44.7864 -0.24405
43.8894 0.18434
46.4964 0.51316
46.9066 0.52415
43.8917 0.39644
