5 18 5
22119.4 10999 18473.1 11051.9 18434.4  13994.7 7006.78 11639.2 6974.07 11646.8  8813.26 4391.91 7355.17 4422.34 7326.65  5531.89 2752.69 4624.34 2787.39 4598.04  3488.72 1774.16 2896.49 1732.73 2948.55  
22119.4 10999 18473.1 11051.9 18434.4  13851.9 6951.29 11547.2 6891.3 11642.7  8840.28 4377.47 7380.58 4457.67 7278.59  5590.2 2830.2 4632.09 2777.38 4675.28  3519.35 1767.5 2931 1765.47 2935.79  
22119.4 10999 18473.1 11051.9 18434.4  13978.9 6993.1 11641.3 6971.32 11657.1  8830.3 4428.01 7341.43 4408.19 7345.66  5547.28 2766.28 4633.95 2790.55 4618.58  3514.13 1762.59 2925.47 1764.65 2922.08  
22119.4 10999 18473.1 11051.9 18434.4  13976.9 6957.59 11659.7 6998.06 11610.7  8740.84 4405.93 7276.62 4346.13 7360.2  5594.64 2796.6 4656.43 2808.32 4632.65  3512.6 1779.63 2913.49 1749.6 2942.47  
22119.4 10999 18473.1 11051.9 18434.4  13976.9 6957.59 11659.7 6998.06 11610.7  8775.53 4427.49 7295.42 4359.85 7374.55  5565.7 2766.74 4644.04 2806.26 4596.06  3509.53 1755.81 2925.22 1765.78 2915.46  
22119.4 10999 18473.1 11051.9 18434.4  13992.5 6971.04 11657.7 7000.76 11600.5  8759 4369.53 7321.76 4391.78 7326.06  5589.33 2824.84 4632.33 2780.9 4663.42  3524.4 1783.16 2922.15 1757.36 2942.75  
16144.5 8084.29 13433.6 8020.45 13485  11792.5 5911.23 9808.38 5864.49 9843.61  8634.22 4298.31 7210.03 4326.57 7187.63  6258.73 3149.79 5207.09 3114.45 5249.11  4599.83 2295.42 3842.86 2309.33 3838.78  
16144.5 8084.29 13433.6 8020.45 13485  11715.5 5896.89 9740.35 5806.88 9837.49  8595.95 4318.91 7144.41 4274.5 7180.58  6346.31 3132.32 5310.72 3207.91 5228.71  4619.58 2293.23 3867.77 2329.12 3843.14  
16144.5 8084.29 13433.6 8020.45 13485  11729.3 5908.8 9738.5 5809.28 9828.48  8592.27 4315.7 7144.9 4273.86 7183  6292.68 3153.89 5233.63 3141.15 5237.18  4642.87 2292.86 3893.43 2350.61 3844.62  
16144.5 8084.29 13433.6 8020.45 13485  11780.4 5866.05 9841.41 5890.87 9835.31  8624.83 4329 7168.57 4292.71 7192.23  6305.66 3161.36 5245.71 3147.35 5253.37  4621.01 2304.51 3849.45 2320.71 3823.75  
16144.5 8084.29 13433.6 8020.45 13485  11779 5899.51 9810.2 5862.13 9852.47  8636.66 4279.61 7220.95 4343.81 7156.62  6279.55 3148.57 5234.75 3134.55 5260.33  4626.32 2310.99 3852.62 2320.33 3835.61  
16144.5 8084.29 13433.6 8020.45 13485  11749 5879.34 9798.49 5851.75 9847.33  8584.91 4326.06 7117.5 4258.42 7160.96  6318.28 3134.42 5288.68 3181.18 5254.13  4601.09 2312.18 3824.87 2296.32 3836.25  
46337.4 23276.7 38568 22962.6 38941.4  10628.4 5216.35 8898.9 5458.2 8609.44  2325.67 1161.49 1941.77 1199.14 1901.42  546.672 268.543 455.057 290.044 426.337  123.822 59.6175 103.834 67.8371 94.1159  
46337.4 23276.7 38568 22962.6 38941.4  10601.6 5198.74 8888.49 5448.72 8605.02  2326.46 1171.09 1930.13 1191.28 1896.61  560.503 272.909 466.736 298.97 431.425  134.406 62.7733 112.838 75.1416 97.6562  
46337.4 23276.7 38568 22962.6 38941.4  10474.4 5152.18 8791.86 5370.99 8569.74  2466.94 1217.58 2043.77 1281.59 1939.03  557.155 275.383 458.847 293.806 427.577  126.907 60.5912 106.463 69.9823 95.2792  
46337.4 23276.7 38568 22962.6 38941.4  10385.3 5164.55 8675.11 5277.24 8548.03  2525.78 1202.09 2128.66 1349.41 1952.15  579.849 277.245 483.459 313.459 434.649  133.183 61.428 112.577 75.3048 96.3518  
46337.4 23276.7 38568 22962.6 38941.4  10428.7 5190.81 8698.69 5294.88 8565.34  2508.94 1191.75 2118.44 1342.54 1943.48  552.474 260.935 469.42 302.275 425.381  133.778 62.083 112.736 75.2605 97.004  
46337.4 23276.7 38568 22962.6 38941.4  10428.7 5190.81 8698.69 5294.88 8565.34  2478.54 1181.14 2095.24 1323.13 1935.62  576.395 271.263 485.522 315.508 431.932  137.676 62.0498 117.257 79.1166 97.82  
