2 66 3
13884.6 19942.8  9150.11 13268.5  6063.33 8753.17  
33831.1 48535.8  5796.34 8585.86  1058.95 1621.56  
8499.8 12385.3  6692.75 9756.96  5253.35 7687.21  
13884.6 19942.8  9174.85 13243.9  6021.99 8644.3  
13884.6 19942.8  9152.33 13193.3  6063.7 8769.1  
33831.1 48535.8  5796.34 8585.86  1058.95 1621.56  
38286.1 55773  2447.33 3134.1  160.15 168.064  
23145.4 33639.5  9953.73 14446.4  4408.83 6259.68  
13884.6 19942.8  9150.11 13268.5  6064.45 8743.69  
13884.6 19942.8  9150.11 13268.5  6060.69 8692.51  
8499.8 12385.3  6743.3 9791.64  5367.38 7727.5  
34022.1 49513.4  5724.86 7988.66  968.568 1327.11  
38286.1 55773  2447.33 3134.1  159.739 166.351  
23145.4 33639.5  9953.73 14446.4  4408.83 6259.68  
23145.4 33639.5  10038.9 14483.5  4364.19 6239.52  
2829.14 4126.36  2656.16 3840.37  2470.87 3572.01  
15516.1 22259.3  9575.42 13737.7  5985 8747.11  
2829.14 4126.36  2621.32 3827.5  2440.36 3564.99  
33831.1 48535.8  5859.04 8711.73  1002.14 1495.26  
23145.4 33639.5  10088.2 14478.5  4354.32 6239.28  
15516.1 22259.3  9628.98 13844.2  5953.27 8683.83  
23145.4 33639.5  10032.9 14465.2  4364.12 6249.01  
15516.1 22259.3  9591.13 13707.6  5976.99 8658.1  
20705.9 30097  10266.1 14758  4982.1 7220.33  
33831.1 48535.8  5835.5 8585.15  1022.88 1609.79  
2829.14 4126.36  2595.3 3812.62  2473.21 3573.42  
15516.1 22259.3  9609.1 13951.9  5954.47 8582.51  
15516.1 22259.3  9614.66 13969.3  5982.91 8632.77  
15516.1 22259.3  9627.8 13924  5973.1 8608.4  
20705.9 30097  10260.2 14739.7  5047.52 7252.85  
8499.8 12385.3  6626.3 9719.02  5313.39 7705.22  
34022.1 49513.4  5716.36 8014.85  964.154 1302.74  
12595.3 18248.7  8759.46 12582.5  6036.23 8732.42  
34022.1 49513.4  5733.39 8028.89  962.178 1293.64  
15516.1 22259.3  9590.58 13915.1  5990.94 8662.63  
20705.9 30097  10260.2 14739.7  5026.7 7256.41  
12595.3 18248.7  8697.99 12625.4  6055.19 8719.16  
23145.4 33639.5  9961.76 14448.6  4429.43 6257.23  
34022.1 49513.4  5667.74 7955.38  1005.47 1349.16  
38286.1 55773  2472.3 3128  136.545 173.314  
38286.1 55773  2447.33 3134.1  158.428 165.893  
15516.1 22259.3  9614.66 13969.3  5982.91 8632.77  
34022.1 49513.4  5716.36 8014.85  963.355 1302.49  
13884.6 19942.8  9162.25 13164.3  6036.12 8651.85  
8499.8 12385.3  6620.81 9717.49  5392.99 7743.03  
2829.14 4126.36  2643.2 3841.69  2413.63 3541.45  
34022.1 49513.4  5695.99 7990.79  977.211 1313.75  
12595.3 18248.7  8695.29 12537.1  6068.98 8719.49  
8499.8 12385.3  6676.54 9752.45  5261.03 7689.36  
13884.6 19942.8  9163.95 13150.2  6035.2 8787.54  
20705.9 30097  10106.9 14701.7  5061.95 7248.9  
23145.4 33639.5  9961.76 14448.6  4429.43 6257.23  
38286.1 55773  2466.58 3141.78  140.656 159.976  
38286.1 55773  2405.38 3090.71  200.864 209.565  
15516.1 22259.3  9575.42 13737.7  5962.89 8572.06  
23145.4 33639.5  10032.9 14465.2  4364.12 6249.01  
12595.3 18248.7  8759.46 12582.5  6024.59 8709.37  
13884.6 19942.8  9133 13036.2  6065.37 8779.88  
38286.1 55773  2464.87 3137.49  142.225 163.998  
38286.1 55773  2445.58 3129.74  161.337 170.401  
38286.1 55773  2447.33 3134.1  160.15 168.064  
34022.1 49513.4  5695.99 7990.79  977.211 1313.75  
8499.8 12385.3  6743.3 9791.64  5367.38 7727.5  
38286.1 55773  2414.18 3104.32  192.751 196.964  
33831.1 48535.8  5823.61 8622.46  1035.51 1591.02  
34022.1 49513.4  5744.87 8012.31  949.792 1305.24  
