2 200 3
15516.1 22259.3  9635.07 13926  5951.3 8523.92  
15516.1 22259.3  9628.98 13844.2  5953.27 8683.83  
15516.1 22259.3  9609.1 13951.9  5954.47 8582.51  
15516.1 22259.3  9591.13 13707.6  5988.11 8680.4  
15516.1 22259.3  9611.43 13872.7  5971.37 8695.98  
15516.1 22259.3  9575.42 13737.7  5985 8747.11  
15516.1 22259.3  9635.07 13926  5944.71 8592.26  
15516.1 22259.3  9627.8 13924  5973.1 8608.4  
15516.1 22259.3  9605.77 13792  5981.47 8658.03  
15516.1 22259.3  9590.58 13915.1  5990.94 8662.63  
15516.1 22259.3  9590.58 13915.1  5957.19 8506.28  
15516.1 22259.3  9605.77 13792  5971.44 8626.51  
15516.1 22259.3  9609.1 13951.9  5964.4 8524.53  
15516.1 22259.3  9635.07 13926  5975.17 8649.1  
15516.1 22259.3  9614.66 13969.3  5982.91 8632.77  
15516.1 22259.3  9591.13 13707.6  5990.72 8741.01  
15516.1 22259.3  9590.58 13915.1  5967.7 8657.02  
15516.1 22259.3  9575.42 13737.7  5962.89 8572.06  
15516.1 22259.3  9591.13 13707.6  5976.99 8658.1  
15516.1 22259.3  9609.1 13951.9  5980.22 8597.96  
12595.3 18248.7  8631.08 12594.7  6079.37 8739.54  
12595.3 18248.7  8745.85 12637.1  6010.85 8718.38  
12595.3 18248.7  8695.29 12537.1  6068.98 8719.49  
12595.3 18248.7  8697.99 12625.4  5967.07 8676.94  
12595.3 18248.7  8651.7 12539.8  6043.33 8759.54  
12595.3 18248.7  8745.85 12637.1  6028.78 8692.57  
12595.3 18248.7  8759.46 12582.5  6024.59 8709.37  
12595.3 18248.7  8759.46 12582.5  6036.23 8732.42  
12595.3 18248.7  8697.99 12625.4  6055.19 8719.16  
12595.3 18248.7  8695.29 12537.1  5967.87 8704.05  
12595.3 18248.7  8740.78 12621.3  5966.14 8702.02  
12595.3 18248.7  8742.91 12549.8  6029.67 8719.44  
12595.3 18248.7  8714.78 12499.8  6018.49 8699.49  
12595.3 18248.7  8703.14 12641.4  6053.61 8714.23  
12595.3 18248.7  8759.46 12582.5  5974.7 8675.98  
12595.3 18248.7  8759.46 12582.5  5994.83 8711.8  
12595.3 18248.7  8631.08 12594.7  6044.19 8670.4  
12595.3 18248.7  8742.91 12549.8  6009.87 8684.18  
12595.3 18248.7  8740.78 12621.3  6000.53 8699.81  
12595.3 18248.7  8631.08 12594.7  6077.33 8679.15  
23145.4 33639.5  10088.2 14478.5  4354.32 6239.28  
23145.4 33639.5  9961.76 14448.6  4429.43 6257.23  
23145.4 33639.5  10032.9 14465.2  4364.12 6249.01  
23145.4 33639.5  10031 14481.3  4390.14 6238.63  
23145.4 33639.5  10082.3 14460.5  4326.87 6241.9  
23145.4 33639.5  9953.73 14446.4  4365.13 6234.6  
23145.4 33639.5  9953.73 14446.4  4408.83 6259.68  
23145.4 33639.5  10059 14454.1  4319.4 6241.25  
23145.4 33639.5  10082.3 14460.5  4336.24 6251.66  
23145.4 33639.5  10082.3 14460.5  4339.64 6252.59  
23145.4 33639.5  10032.9 14465.2  4376.39 6237.29  
23145.4 33639.5  10080.4 14476.4  4304.8 6220.57  
23145.4 33639.5  10082.3 14460.5  4306.28 6237.54  
23145.4 33639.5  10038.9 14483.5  4364.19 6239.52  
23145.4 33639.5  9961.76 14448.6  4373.84 6244.28  
23145.4 33639.5  10032.9 14465.2  4376.39 6237.29  
23145.4 33639.5  9961.76 14448.6  4416.68 6246.68  
23145.4 33639.5  10088.2 14478.5  4290.03 6216.44  
23145.4 33639.5  9961.76 14448.6  4429.43 6257.23  
23145.4 33639.5  10038.9 14483.5  4360.77 6238.58  
13884.6 19942.8  9152.33 13193.3  6062.58 8778.63  
13884.6 19942.8  9174.85 13243.9  6021.99 8644.3  
13884.6 19942.8  9162.25 13164.3  6048.92 8756.11  
13884.6 19942.8  9150.11 13268.5  6064.45 8743.69  
13884.6 19942.8  9152.33 13193.3  6063.7 8769.1  
13884.6 19942.8  9132.48 13233.5  6057.48 8782.56  
13884.6 19942.8  9133 13036.2  6065.37 8779.88  
13884.6 19942.8  9150.11 13268.5  6060.69 8692.51  
13884.6 19942.8  9167.92 13242  6024.34 8644.97  
13884.6 19942.8  9163.95 13150.2  6035.2 8787.54  
13884.6 19942.8  9152.33 13193.3  6063.7 8769.1  
13884.6 19942.8  9122.9 13140.7  6068.83 8744.8  
13884.6 19942.8  9150.11 13268.5  6064.08 8703.06  
13884.6 19942.8  9150.11 13268.5  6055.03 8781.64  
13884.6 19942.8  9162.25 13164.3  6036.12 8651.85  
13884.6 19942.8  9167.92 13242  6053.53 8710.71  
13884.6 19942.8  9150.11 13268.5  6063.33 8753.17  
13884.6 19942.8  9169.05 13166.2  6054.27 8726.87  
13884.6 19942.8  9122.9 13140.7  6064.25 8825  
13884.6 19942.8  9167.92 13242  6053.53 8710.71  
20705.9 30097  10260.2 14739.7  5026.7 7256.41  
20705.9 30097  10266.1 14758  4982.1 7220.33  
20705.9 30097  10208 14760.8  4999.13 7215.52  
20705.9 30097  10129.4 14725.2  5050.64 7236.94  
20705.9 30097  10260.2 14739.7  5048.46 7244.88  
20705.9 30097  10208 14760.8  5074.05 7242.06  
20705.9 30097  10131.4 14708.6  5116.83 7269.75  
20705.9 30097  10236.5 14733  5038.73 7259.8  
20705.9 30097  10260.2 14739.7  5047.52 7252.85  
20705.9 30097  10260.2 14739.7  5047.52 7252.85  
20705.9 30097  10216 14763.1  5046.06 7235.34  
20705.9 30097  10185.8 14737.7  5021.35 7238.81  
20705.9 30097  10260.2 14739.7  5023.72 7247.22  
20705.9 30097  10216 14763.1  5010.25 7227.05  
20705.9 30097  10106.9 14701.7  5061.95 7248.9  
20705.9 30097  10106.9 14701.7  5049.67 7245.45  
20705.9 30097  10258.2 14755.8  5037.81 7233.44  
20705.9 30097  10106.9 14701.7  5071.06 7241.47  
20705.9 30097  10260.2 14739.7  4984.07 7237.85  
20705.9 30097  10266.1 14758  5020.74 7237.93  
38286.1 55773  2414.18 3104.32  192.751 196.964  
38286.1 55773  2445.58 3129.74  161.337 170.401  
38286.1 55773  2447.33 3134.1  159.739 166.351  
38286.1 55773  2419.46 3113.35  183.704 186.109  
38286.1 55773  2459.76 3128.75  146.914 170.832  
38286.1 55773  2419.63 3089.54  186.37 209.12  
38286.1 55773  2464.87 3137.49  142.225 163.998  
38286.1 55773  2431.73 3107.46  172.751 190.649  
38286.1 55773  2447.33 3134.1  158.42 167.178  
38286.1 55773  2472.3 3128  136.545 173.314  
38286.1 55773  2419.63 3089.54  185.542 209.496  
38286.1 55773  2451.25 3115.57  154.778 184.572  
38286.1 55773  2447.33 3134.1  158.428 165.893  
38286.1 55773  2447.33 3134.1  160.15 168.064  
38286.1 55773  2405.38 3090.71  199.703 208.047  
38286.1 55773  2419.63 3089.54  188.437 210.608  
38286.1 55773  2451.25 3115.57  155.542 184.179  
38286.1 55773  2466.58 3141.78  140.656 159.976  
38286.1 55773  2464.87 3137.49  145.674 165.231  
38286.1 55773  2405.38 3090.71  200.864 209.565  
34022.1 49513.4  5733.39 8028.89  951.226 1287.96  
34022.1 49513.4  5728.82 8027.55  963.199 1292.52  
34022.1 49513.4  5695.99 7990.79  987.809 1325.8  
34022.1 49513.4  5695.99 7990.79  977.211 1313.75  
34022.1 49513.4  5716.36 8014.85  964.154 1302.74  
34022.1 49513.4  5667.74 7955.38  1010.57 1348.8  
34022.1 49513.4  5744.87 8012.31  949.792 1305.24  
34022.1 49513.4  5733.39 8028.89  962.178 1293.64  
34022.1 49513.4  5695.99 7990.79  982.105 1319.64  
34022.1 49513.4  5684.64 8008.21  1002.98 1310.99  
34022.1 49513.4  5744.87 8012.31  937.726 1302.49  
34022.1 49513.4  5757.12 8024.8  930.479 1294.41  
34022.1 49513.4  5761.61 8026.12  931.192 1294.15  
34022.1 49513.4  5716.36 8014.85  963.355 1302.49  
34022.1 49513.4  5667.74 7955.38  1005.47 1349.16  
34022.1 49513.4  5684.64 8008.21  1002.98 1310.99  
34022.1 49513.4  5689.28 8009.57  992.759 1303.76  
34022.1 49513.4  5724.86 7988.66  968.568 1327.11  
34022.1 49513.4  5757.12 8024.8  930.479 1294.41  
34022.1 49513.4  5733.39 8028.89  961.439 1293.43  
8499.8 12385.3  6692.75 9756.96  5253.35 7687.21  
8499.8 12385.3  6676.54 9752.45  5261.03 7689.36  
8499.8 12385.3  6679.24 9730.28  5353.37 7751.47  
8499.8 12385.3  6781.72 9789.76  5362.45 7737.5  
8499.8 12385.3  6620.81 9717.49  5392.99 7743.03  
8499.8 12385.3  6692.75 9756.96  5341.05 7716.48  
8499.8 12385.3  6743.3 9791.64  5287.18 7707.62  
8499.8 12385.3  6731.34 9754.51  5305.68 7728.89  
8499.8 12385.3  6692.75 9756.96  5253.35 7687.21  
8499.8 12385.3  6744.63 9780.74  5367.1 7729.77  
8499.8 12385.3  6696.81 9769.54  5353.93 7744.4  
8499.8 12385.3  6692.75 9756.96  5310.43 7718.42  
8499.8 12385.3  6743.3 9791.64  5303.23 7721.14  
8499.8 12385.3  6679.24 9730.28  5312.16 7732.78  
8499.8 12385.3  6692.75 9756.96  5351.6 7737.24  
8499.8 12385.3  6731.34 9754.51  5289.65 7715.4  
8499.8 12385.3  6781.72 9789.76  5322.6 7709.65  
8499.8 12385.3  6626.3 9719.02  5313.39 7705.22  
8499.8 12385.3  6743.3 9791.64  5367.38 7727.5  
8499.8 12385.3  6620.81 9717.49  5328.52 7736.64  
33831.1 48535.8  5859.8 8661.88  999.473 1533.51  
33831.1 48535.8  5796.34 8585.86  1055.17 1609.14  
33831.1 48535.8  5823.61 8622.46  1029.18 1565.43  
33831.1 48535.8  5859.8 8661.88  1003.45 1556.12  
33831.1 48535.8  5826.73 8673.03  1023.21 1519.99  
33831.1 48535.8  5835.5 8585.15  1022.88 1609.79  
33831.1 48535.8  5823.61 8622.46  1032.67 1579.18  
33831.1 48535.8  5859.04 8711.73  1002.14 1495.26  
33831.1 48535.8  5835.5 8585.15  1021.51 1598.2  
33831.1 48535.8  5823.61 8622.46  1035.51 1591.02  
33831.1 48535.8  5796.34 8585.86  1058.95 1621.56  
33831.1 48535.8  5826.73 8673.03  1026.62 1533.29  
33831.1 48535.8  5796.34 8585.86  1051.6 1595.13  
33831.1 48535.8  5835.5 8585.15  1025.68 1621.85  
33831.1 48535.8  5846.76 8698.35  1010.18 1503.84  
33831.1 48535.8  5863.59 8713.16  1003.21 1516.43  
33831.1 48535.8  5846.76 8698.35  1013.03 1506.4  
33831.1 48535.8  5823.61 8622.46  1035.51 1591.02  
33831.1 48535.8  5826.73 8673.03  1029.56 1527.01  
33831.1 48535.8  5863.59 8713.16  1000.33 1513.86  
2829.14 4126.36  2656.16 3840.37  2438.46 3560.05  
2829.14 4126.36  2595.3 3812.62  2455.76 3569.04  
2829.14 4126.36  2595.3 3812.62  2418.39 3548.13  
2829.14 4126.36  2643.2 3841.69  2469.87 3571.39  
2829.14 4126.36  2656.16 3840.37  2469.44 3567.57  
2829.14 4126.36  2595.3 3812.62  2473.21 3573.42  
2829.14 4126.36  2621.32 3827.5  2414.61 3546.54  
2829.14 4126.36  2641.64 3836.83  2433.55 3558.65  
2829.14 4126.36  2656.16 3840.37  2470.87 3572.01  
2829.14 4126.36  2656.16 3840.37  2452.52 3559.15  
2829.14 4126.36  2643.2 3841.69  2470.34 3567.48  
2829.14 4126.36  2616.03 3817.04  2471.76 3573.11  
2829.14 4126.36  2654.11 3839.8  2458.95 3573.28  
2829.14 4126.36  2641.64 3836.83  2439.45 3560.29  
2829.14 4126.36  2643.2 3841.69  2413.63 3541.45  
2829.14 4126.36  2635.39 3835.09  2470.89 3567.94  
2829.14 4126.36  2621.32 3827.5  2440.36 3564.99  
2829.14 4126.36  2643.2 3841.69  2439.35 3559.95  
2829.14 4126.36  2635.39 3835.09  2415.66 3546.57  
2829.14 4126.36  2620.79 3831.85  2459.81 3569.32  
