5 18 2
12641.3 12616.5 15646.6 11084.8 26702.6  8117.58 8099.72 10160.3 7075.51 17275.7  
12641.3 12616.5 15646.6 11084.8 26702.6  8072.39 8114.77 10068.6 7083.02 17072.4  
12641.3 12616.5 15646.6 11084.8 26702.6  8078.43 8101.53 10048.9 7092.42 17080.5  
12641.3 12616.5 15646.6 11084.8 26702.6  8095.72 8040 10080.9 7063.71 17221.2  
12641.3 12616.5 15646.6 11084.8 26702.6  8055.82 8039.76 9966.79 7080.21 17024.2  
12641.3 12616.5 15646.6 11084.8 26702.6  8058.74 8003.32 9976.45 7060.46 17083.2  
3497.75 3462.92 4369.71 3032.95 7462.6  3124.27 3100.15 3934.94 2697.6 6690.6  
3497.75 3462.92 4369.71 3032.95 7462.6  3155.03 3125.53 3919.8 2748.82 6707.83  
3497.75 3462.92 4369.71 3032.95 7462.6  3118.35 3073.34 3898.77 2696.59 6673.44  
3497.75 3462.92 4369.71 3032.95 7462.6  3161.36 3139.16 3937.57 2753.01 6722.68  
3497.75 3462.92 4369.71 3032.95 7462.6  3126.43 3095.41 3927.95 2700.96 6693.47  
3497.75 3462.92 4369.71 3032.95 7462.6  3130.61 3086.13 3892.12 2718.63 6676.55  
32983.2 32969 41308 28704 70103.5  2068.51 2068.86 2523.21 1935.35 4403.95  
32983.2 32969 41308 28704 70103.5  2079.29 2080.34 2522.2 1953.69 4411.35  
32983.2 32969 41308 28704 70103.5  2074.63 2096.15 2514.46 1961.23 4375.39  
32983.2 32969 41308 28704 70103.5  2079.12 2095.77 2513.16 1966.63 4383.58  
32983.2 32969 41308 28704 70103.5  2064.24 2069.21 2524.45 1930.23 4396.19  
32983.2 32969 41308 28704 70103.5  2081.31 2092.56 2523.46 1961.62 4402.5  
