1 50 50 3
500 200
2200 
1518.23 322.98 1
0.0690567 1 10
514.521
516.124
513.281
514.316
513.279
515.167
515.81
515.852
514.522
514.266
513.71
514.699
513.445
513.581
514.952
514.534
513.119
513.764
513.311
513.138
514.996
514.841
513.031
513.237
514.882
513.615
514.25
513.81
513.782
514.543
517.105
515.325
514.66
513.851
517.419
516.092
514.918
515.033
513.615
514.934
514.015
513.035
513.565
514.722
512.814
513.703
514.548
514.115
513.25
517.506
44.0579 -0.26401
43.3932 1.77482
46.1715 0.78184
46.4649 -0.45471
45.8249 1.76244
43.6844 1.58601
43.5592 -0.35666
44.4376 -1.69139
46.8604 0.8311
46.5742 1.77367
46.241 1.7562
46.1524 -1.14896
44.4358 0.54637
46.3383 0.3807
46.853 1.90255
46.3671 -0.80508
44.8262 1.41224
46.1814 -0.31131
45.2482 1.9962
46.0352 1.01161
43.9261 -0.4732
45.6059 -1.50003
45.6099 0.05155
45.9155 0.02718
43.9478 -0.40676
46.4006 0.70288
44.1711 -0.20091
44.7516 -0.598
46.4974 0.93556
44.1035 2.01336
43.6844 -1.53237
46.7291 -0.90708
43.9393 1.7442
46.1372 -0.4686
43.561 -1.51828
44.1449 -1.55538
43.7457 0.20715
45.9215 -1.50247
46.4028 0.7832
46.9307 -0.00364
45.8055 -0.89125
45.9091 0.5091
46.3541 1.07941
44.692 -1.23519
45.1152 0.93884
46.2877 1.64769
44.1496 -0.48662
46.6228 1.33627
46.0472 0.25472
43.4051 -1.30597
46.6651 -0.69677
