1 33 3
66567.8  22315.8  7419.69  
996.414  986.815  977.384  
80361.1  15818.6  3067.13  
37748.7  23524.2  14674.5  
92404.4  7000.74  545.389  
77519  17355.8  3947.17  
66567.8  22303.8  7338.76  
59772.9  23989  9711.19  
80361.1  15853.7  3054.2  
92404.4  6968.28  579.728  
59772.9  23890.8  9741.59  
37748.7  23405.7  14685.6  
66567.8  22314.4  7416.97  
37748.7  23536.4  14603.3  
37748.7  23524.2  14566.6  
32799.9  21820.2  14845.2  
92404.4  6977.31  565.629  
80361.1  15794.5  3096.19  
80361.1  15818.6  3067.13  
59772.9  24056.6  9670.7  
80361.1  15853.7  3054.2  
77519  17444.6  3886.65  
996.414  983.58  973.417  
77519  17355.8  3947.17  
28858.7  20454.4  14618.7  
32799.9  21820.2  14845.2  
28858.7  20554.3  14621.6  
59772.9  23989  9643.4  
80361.1  15846.8  3049.45  
80361.1  15794.5  3096.19  
32799.9  22064.3  14797.4  
59772.9  23988.7  9683.43  
59772.9  24046.8  9600.19  
