1 100 3
37748.7  23524.2  14566.6  
37748.7  23524.2  14674.5  
37748.7  23284.4  14698.2  
37748.7  23578.5  14621.6  
37748.7  23578.5  14587.5  
37748.7  23536.4  14603.3  
37748.7  23536.4  14556.2  
37748.7  23284.4  14759.1  
37748.7  23536.4  14669.9  
37748.7  23405.7  14685.6  
996.414  986.762  973.386  
996.414  983.58  976.959  
996.414  978.483  976.092  
996.414  986.281  975.24  
996.414  983.58  973.417  
996.414  987.224  976.005  
996.414  986.815  973.385  
996.414  987.224  971.784  
996.414  983.58  977.416  
996.414  986.815  977.384  
32799.9  21984.1  14681.4  
32799.9  21852.6  14914.9  
32799.9  21887.8  14904.3  
32799.9  22064.3  14797.4  
32799.9  21786.5  14810.6  
32799.9  21820.2  14799.7  
32799.9  21984.1  14817.4  
32799.9  21820.2  14926.5  
32799.9  21786.5  14857.7  
32799.9  21820.2  14845.2  
66567.8  22101.7  7540.99  
66567.8  22118.1  7502.93  
66567.8  22303.8  7338.76  
66567.8  22252.6  7413.67  
66567.8  22324.8  7389.75  
66567.8  22314.4  7416.97  
66567.8  22324.8  7348  
66567.8  22097.8  7543.25  
66567.8  22315.8  7419.69  
66567.8  22097.8  7536.24  
34668.6  22376.6  14711.4  
34668.6  22726  14652.6  
34668.6  22586.6  14903.7  
34668.6  22633.4  14684.2  
34668.6  22586.6  14640  
34668.6  22555.9  14711.1  
34668.6  22432.4  14861.4  
34668.6  22376.6  14942  
34668.6  22633.4  14660.4  
34668.6  22672.4  14647.2  
28858.7  20369.1  14676  
28858.7  20554.3  14574.3  
28858.7  20518.2  14489.8  
28858.7  20562.7  14477.2  
28858.7  20462.2  14648.3  
28858.7  20554.3  14621.6  
28858.7  20462.2  14595  
28858.7  20363  14683.9  
28858.7  20563.8  14625.8  
28858.7  20454.4  14618.7  
92404.4  6977.31  572.486  
92404.4  6955.95  583.177  
92404.4  6934.47  612.716  
92404.4  7023.02  527.354  
92404.4  7039.13  514.406  
92404.4  7000.74  545.389  
92404.4  6968.28  579.728  
92404.4  6977.31  565.629  
92404.4  6968.97  579.588  
92404.4  6977.31  571.895  
77519  17427.6  3879.31  
77519  17446.7  3886.61  
77519  17349.3  3991.35  
77519  17485.2  3856.78  
77519  17391.5  3927.47  
77519  17355.8  3947.17  
77519  17477.9  3853.53  
77519  17444.6  3886.65  
77519  17427.6  3921.8  
77519  17427.6  3928.76  
59772.9  23989  9643.4  
59772.9  23988.7  9683.43  
59772.9  24046.8  9600.19  
59772.9  23989  9711.19  
59772.9  24014.8  9695.28  
59772.9  24057.7  9670.04  
59772.9  24056.6  9670.7  
59772.9  23890.8  9741.59  
59772.9  24014.8  9678.32  
59772.9  23890.8  9701.46  
80361.1  15801.2  3052.23  
80361.1  15853.7  3054.2  
80361.1  15818.6  3067.13  
80361.1  15648.6  3219.37  
80361.1  15794.5  3096.19  
80361.1  15846.8  3049.45  
80361.1  15769.1  3092.74  
80361.1  15794.5  3072.51  
80361.1  15853.7  3044.01  
80361.1  15648.6  3219.37  
