3 22 22 2
500 200
2200 1000 2200 
1518.23 322.98 1
0.0690567 1 10
1198.76
1202.56
1202.75
1204.25
1202.26
1201.09
1199.26
1198.53
1210.17
1198.17
1213.04
1201.45
1199.26
1198.6
1203.99
1202.59
1205.03
1199.32
1198.33
1207.03
1201.47
1199.04
46.2183 -0.26365
45.2747 2.02775
44.7803 -1.49986
47.0116 1.66809
46.6328 -1.42793
44.5546 0.08952
45.1087 -0.46351
45.7687 0.72096
43.4707 1.03338
45.8351 0.27328
43.4073 1.79317
46.7695 -0.89432
45.6427 1.12546
45.7669 0.77018
44.6655 1.87244
46.9138 -1.09142
46.9534 1.97415
45.9528 -0.93934
45.5355 0.46075
43.7349 0.60718
46.8788 -0.60682
45.7563 1.02658
45.4026 1.44717
45.2873 -0.75256
44.7444 0.57212
