3 66 2
36271.2 36318.3 16111.7  4101.08 4044.13 1839.63  
407.023 404.661 181.569  404.219 403.075 179.521  
26475.9 26539.7 11643.1  9337.23 9328.28 4207.6  
26418.7 26552.3 11679.1  9329.72 9294.91 4189.95  
15521.1 15449.3 6842.5  9633.64 9614.97 4273.3  
36271.2 36318.3 16111.7  4064.75 4057.52 1816.42  
30644.4 30592.3 13563.1  7673.46 7703.44 3411.68  
26475.9 26539.7 11643.1  9243.96 9274.41 4119.54  
15521.1 15449.3 6842.5  9625.08 9597.55 4293.44  
30644.4 30592.3 13563.1  7644.57 7676.3 3458.55  
13474.2 13447 5981.64  9003.45 9036.73 4005.1  
36271.2 36318.3 16111.7  4101.08 4044.13 1839.63  
36271.2 36318.3 16111.7  4101.08 4044.13 1839.63  
13474.2 13447 5981.64  9003.45 9036.73 4005.1  
21248 21155.9 9388.73  10182.9 10144 4545.4  
21248 21155.9 9388.73  10192.4 10228.3 4504.23  
407.023 404.661 181.569  402.749 401.254 179.87  
15521.1 15449.3 6842.5  9571.24 9570.09 4197.51  
26418.7 26552.3 11679.1  9396.75 9316.75 4192.53  
21248 21155.9 9388.73  10173.5 10154.4 4490.45  
26475.9 26539.7 11643.1  9286.04 9309.65 4162.41  
15521.1 15449.3 6842.5  9572.69 9511.15 4216.67  
36532 36730 16060.8  3892.84 3735.37 1854.85  
26475.9 26539.7 11643.1  9308.67 9264.82 4143.07  
407.023 404.661 181.569  400.049 397.042 179.565  
21248 21155.9 9388.73  10182.9 10144 4545.4  
21248 21155.9 9388.73  10192.4 10228.3 4504.23  
21248 21155.9 9388.73  10192.4 10228.3 4504.23  
26475.9 26539.7 11643.1  9302.37 9319.24 4193.61  
36271.2 36318.3 16111.7  4115.51 4076.66 1826.33  
21063.7 21050.8 9438.72  10261.8 10296.3 4522.47  
26475.9 26539.7 11643.1  9308.67 9264.82 4143.07  
26475.9 26539.7 11643.1  9243.96 9274.41 4119.54  
26475.9 26539.7 11643.1  9359.61 9324.96 4215.74  
36532 36730 16060.8  3920.14 3748.45 1877.93  
407.023 404.661 181.569  401.96 398.183 179.298  
26418.7 26552.3 11679.1  9329.72 9294.91 4189.95  
26418.7 26552.3 11679.1  9396.75 9316.75 4192.53  
21248 21155.9 9388.73  10191.4 10238.1 4557.21  
21063.7 21050.8 9438.72  10194.5 10153.6 4538.92  
36532 36730 16060.8  3918.07 3753.8 1888.48  
26475.9 26539.7 11643.1  9302.37 9319.24 4193.61  
407.023 404.661 181.569  402.634 399.996 179.712  
21248 21155.9 9388.73  10152.3 10085 4528.64  
36532 36730 16060.8  3876.9 3737.71 1859.26  
13474.2 13447 5981.64  9017.83 8950.43 4002.51  
15521.1 15449.3 6842.5  9571.24 9570.09 4197.51  
36271.2 36318.3 16111.7  4115.51 4076.66 1826.33  
21248 21155.9 9388.73  10182.9 10144 4545.4  
13474.2 13447 5981.64  9035.15 9017.98 4015.09  
30644.4 30592.3 13563.1  7666.27 7639.93 3442.93  
26418.7 26552.3 11679.1  9291.73 9289.64 4150.79  
36532 36730 16060.8  3859.51 3723.56 1840.1  
26418.7 26552.3 11679.1  9396.75 9316.75 4192.53  
21248 21155.9 9388.73  10182.9 10144 4545.4  
36271.2 36318.3 16111.7  4115.06 4050.1 1834.45  
26418.7 26552.3 11679.1  9276.25 9280.5 4120.11  
21248 21155.9 9388.73  10182.9 10144 4545.4  
30644.4 30592.3 13563.1  7680.96 7697.62 3453.72  
26475.9 26539.7 11643.1  9286.04 9309.65 4162.41  
30644.4 30592.3 13563.1  7680.96 7697.62 3453.72  
21063.7 21050.8 9438.72  10298 10274.9 4533.76  
13474.2 13447 5981.64  9035.15 9017.98 4015.09  
407.023 404.661 181.569  399.716 399.037 179.625  
407.023 404.661 181.569  400.049 397.042 179.565  
15521.1 15449.3 6842.5  9618.3 9634.31 4244.9  
