3 200 2
15521.1 15449.3 6842.5  9589.84 9518.55 4248.2  
15521.1 15449.3 6842.5  9615.69 9605.81 4241.32  
15521.1 15449.3 6842.5  9571.24 9570.09 4197.51  
15521.1 15449.3 6842.5  9572.69 9511.15 4216.67  
15521.1 15449.3 6842.5  9618.15 9573.15 4263.72  
15521.1 15449.3 6842.5  9608.31 9650.25 4242.66  
15521.1 15449.3 6842.5  9625.08 9597.55 4293.44  
15521.1 15449.3 6842.5  9571.24 9570.09 4197.51  
15521.1 15449.3 6842.5  9626.12 9660.23 4274.66  
15521.1 15449.3 6842.5  9609.32 9554.98 4283.69  
15521.1 15449.3 6842.5  9633.64 9614.97 4273.3  
15521.1 15449.3 6842.5  9625.08 9597.55 4293.44  
15521.1 15449.3 6842.5  9627.78 9627.1 4297.15  
15521.1 15449.3 6842.5  9625.08 9597.55 4293.44  
15521.1 15449.3 6842.5  9625.08 9597.55 4293.44  
15521.1 15449.3 6842.5  9627.78 9627.1 4297.15  
15521.1 15449.3 6842.5  9627.78 9627.1 4297.15  
15521.1 15449.3 6842.5  9618.3 9634.31 4244.9  
15521.1 15449.3 6842.5  9571.24 9570.09 4197.51  
15521.1 15449.3 6842.5  9627.78 9627.1 4297.15  
21063.7 21050.8 9438.72  10223.7 10250.2 4531.1  
21063.7 21050.8 9438.72  10194.5 10153.6 4538.92  
21063.7 21050.8 9438.72  10257.5 10196.3 4538.6  
21063.7 21050.8 9438.72  10286.9 10292.6 4531.31  
21063.7 21050.8 9438.72  10100.3 10050.3 4522.77  
21063.7 21050.8 9438.72  10298 10274.9 4533.76  
21063.7 21050.8 9438.72  10298 10274.9 4533.76  
21063.7 21050.8 9438.72  10062.2 10072.8 4510.9  
21063.7 21050.8 9438.72  10062.2 10072.8 4510.9  
21063.7 21050.8 9438.72  10298 10274.9 4533.76  
21063.7 21050.8 9438.72  10223.7 10250.2 4531.1  
21063.7 21050.8 9438.72  10260.4 10228.4 4542.59  
21063.7 21050.8 9438.72  10261.8 10296.3 4522.47  
21063.7 21050.8 9438.72  10191.6 10120.9 4534.87  
21063.7 21050.8 9438.72  10088.6 10068.9 4520.18  
21063.7 21050.8 9438.72  10260.4 10228.4 4542.59  
21063.7 21050.8 9438.72  10223.7 10250.2 4531.1  
21063.7 21050.8 9438.72  10257.5 10196.3 4538.6  
21063.7 21050.8 9438.72  10183.9 10239.8 4515.64  
21063.7 21050.8 9438.72  10116.7 10165.1 4511.52  
36532 36730 16060.8  3920.14 3748.45 1877.93  
36532 36730 16060.8  3859.51 3723.56 1840.1  
36532 36730 16060.8  3892.84 3735.37 1854.85  
36532 36730 16060.8  3892.84 3735.37 1854.85  
36532 36730 16060.8  3876.9 3737.71 1859.26  
36532 36730 16060.8  3918.07 3753.8 1888.48  
36532 36730 16060.8  3901.94 3734.09 1858.42  
36532 36730 16060.8  3903.39 3750.16 1882.14  
36532 36730 16060.8  3896.45 3746.17 1868.06  
36532 36730 16060.8  3896.45 3746.17 1868.06  
36532 36730 16060.8  3859.51 3723.56 1840.1  
36532 36730 16060.8  3903.39 3750.16 1882.14  
36532 36730 16060.8  3896.45 3746.17 1868.06  
36532 36730 16060.8  3901.94 3734.09 1858.42  
36532 36730 16060.8  3918.07 3753.8 1888.48  
36532 36730 16060.8  3920.14 3748.45 1877.93  
36532 36730 16060.8  3876.9 3737.71 1859.26  
36532 36730 16060.8  3918.07 3753.8 1888.48  
36532 36730 16060.8  3878.7 3731.86 1848.74  
36532 36730 16060.8  3924.27 3742.26 1878.99  
36271.2 36318.3 16111.7  4085.97 4067.03 1825.19  
36271.2 36318.3 16111.7  4115.51 4076.66 1826.33  
36271.2 36318.3 16111.7  4090.26 4074.18 1816.7  
36271.2 36318.3 16111.7  4115.06 4050.1 1834.45  
36271.2 36318.3 16111.7  4086.28 4052.74 1834.91  
36271.2 36318.3 16111.7  4101.08 4044.13 1839.63  
36271.2 36318.3 16111.7  4090.26 4074.18 1816.7  
36271.2 36318.3 16111.7  4115.06 4050.1 1834.45  
36271.2 36318.3 16111.7  4070.36 4048.66 1828.62  
36271.2 36318.3 16111.7  4105.63 4078.12 1822.78  
36271.2 36318.3 16111.7  4105.63 4078.12 1822.78  
36271.2 36318.3 16111.7  4115.51 4076.66 1826.33  
36271.2 36318.3 16111.7  4070.36 4048.66 1828.62  
36271.2 36318.3 16111.7  4090.26 4074.18 1816.7  
36271.2 36318.3 16111.7  4064.75 4057.52 1816.42  
36271.2 36318.3 16111.7  4115.06 4050.1 1834.45  
36271.2 36318.3 16111.7  4101.08 4044.13 1839.63  
36271.2 36318.3 16111.7  4064.75 4057.52 1816.42  
36271.2 36318.3 16111.7  4111.68 4069.56 1834.98  
36271.2 36318.3 16111.7  4116.16 4062.57 1836.01  
13474.2 13447 5981.64  9035.15 9017.98 4015.09  
13474.2 13447 5981.64  9002.27 8977.24 4022.91  
13474.2 13447 5981.64  9002.27 8977.24 4022.91  
13474.2 13447 5981.64  8992.38 8992.98 4020.7  
13474.2 13447 5981.64  9025.43 9033.45 4012.92  
13474.2 13447 5981.64  9002.27 8977.24 4022.91  
13474.2 13447 5981.64  9025.43 9033.45 4012.92  
13474.2 13447 5981.64  9003.45 9036.73 4005.1  
13474.2 13447 5981.64  8992.38 8992.98 4020.7  
13474.2 13447 5981.64  9040.67 9006.64 3992.81  
13474.2 13447 5981.64  9043.16 9033.82 3996.22  
13474.2 13447 5981.64  9025.43 9033.45 4012.92  
13474.2 13447 5981.64  9003.45 9036.73 4005.1  
13474.2 13447 5981.64  8970.02 8996.31 4012.74  
13474.2 13447 5981.64  9003.45 9036.73 4005.1  
13474.2 13447 5981.64  8970.02 8996.31 4012.74  
13474.2 13447 5981.64  9017.83 8950.43 4002.51  
13474.2 13447 5981.64  9002.27 8977.24 4022.91  
13474.2 13447 5981.64  9012.01 9052.24 3986.39  
13474.2 13447 5981.64  9032.62 8990.3 4011.62  
26418.7 26552.3 11679.1  9379.37 9307.12 4161.11  
26418.7 26552.3 11679.1  9339.25 9311.02 4170.52  
26418.7 26552.3 11679.1  9231.7 9255.92 4125.23  
26418.7 26552.3 11679.1  9329.72 9294.91 4189.95  
26418.7 26552.3 11679.1  9396.75 9316.75 4192.53  
26418.7 26552.3 11679.1  9276.25 9280.5 4120.11  
26418.7 26552.3 11679.1  9374.26 9320.05 4184.44  
26418.7 26552.3 11679.1  9276.25 9280.5 4120.11  
26418.7 26552.3 11679.1  9406.72 9301.11 4194.81  
26418.7 26552.3 11679.1  9379.37 9307.12 4161.11  
26418.7 26552.3 11679.1  9291.73 9289.64 4150.79  
26418.7 26552.3 11679.1  9357.29 9310.37 4153.16  
26418.7 26552.3 11679.1  9339.25 9311.02 4170.52  
26418.7 26552.3 11679.1  9388.26 9300.75 4212.35  
26418.7 26552.3 11679.1  9329.72 9294.91 4189.95  
26418.7 26552.3 11679.1  9388.26 9300.75 4212.35  
26418.7 26552.3 11679.1  9396.75 9316.75 4192.53  
26418.7 26552.3 11679.1  9396.75 9316.75 4192.53  
26418.7 26552.3 11679.1  9322.91 9301.49 4139.49  
26418.7 26552.3 11679.1  9291.73 9289.64 4150.79  
21248 21155.9 9388.73  10182.9 10144 4545.4  
21248 21155.9 9388.73  10152.3 10085 4528.64  
21248 21155.9 9388.73  10191.4 10238.1 4557.21  
21248 21155.9 9388.73  10182.9 10144 4545.4  
21248 21155.9 9388.73  10211.4 10238.5 4538.24  
21248 21155.9 9388.73  10152.3 10085 4528.64  
21248 21155.9 9388.73  10182.9 10144 4545.4  
21248 21155.9 9388.73  10182.9 10144 4545.4  
21248 21155.9 9388.73  10182.9 10144 4545.4  
21248 21155.9 9388.73  10152.3 10085 4528.64  
21248 21155.9 9388.73  10192.4 10228.3 4504.23  
21248 21155.9 9388.73  10192.4 10228.3 4504.23  
21248 21155.9 9388.73  10162.2 10105.3 4507.74  
21248 21155.9 9388.73  10173.5 10154.4 4490.45  
21248 21155.9 9388.73  10211.4 10238.5 4538.24  
21248 21155.9 9388.73  10202.4 10220.6 4559.68  
21248 21155.9 9388.73  10192.4 10228.3 4504.23  
21248 21155.9 9388.73  10200.7 10255.8 4535.81  
21248 21155.9 9388.73  10162.2 10105.3 4507.74  
21248 21155.9 9388.73  10192.2 10163.3 4524.2  
407.023 404.661 181.569  401.96 398.183 179.298  
407.023 404.661 181.569  402.634 399.996 179.712  
407.023 404.661 181.569  402.307 401.958 179.771  
407.023 404.661 181.569  403.444 400.056 178.958  
407.023 404.661 181.569  402.634 399.996 179.712  
407.023 404.661 181.569  402.749 401.254 179.87  
407.023 404.661 181.569  404.106 401.838 179.366  
407.023 404.661 181.569  399.716 399.037 179.625  
407.023 404.661 181.569  403.785 403.766 179.424  
407.023 404.661 181.569  403.444 400.056 178.958  
407.023 404.661 181.569  400.049 397.042 179.565  
407.023 404.661 181.569  402.307 401.958 179.771  
407.023 404.661 181.569  403.444 400.056 178.958  
407.023 404.661 181.569  403.785 403.766 179.424  
407.023 404.661 181.569  404.219 403.075 179.521  
407.023 404.661 181.569  404.219 403.075 179.521  
407.023 404.661 181.569  399.716 399.037 179.625  
407.023 404.661 181.569  400.166 398.321 179.725  
407.023 404.661 181.569  400.049 397.042 179.565  
407.023 404.661 181.569  399.716 399.037 179.625  
30644.4 30592.3 13563.1  7678.82 7673.98 3450.75  
30644.4 30592.3 13563.1  7644.57 7676.3 3458.55  
30644.4 30592.3 13563.1  7679.65 7724.15 3435.6  
30644.4 30592.3 13563.1  7685.68 7687.93 3434.54  
30644.4 30592.3 13563.1  7685.68 7687.93 3434.54  
30644.4 30592.3 13563.1  7666.27 7639.93 3442.93  
30644.4 30592.3 13563.1  7687.78 7711.16 3437.46  
30644.4 30592.3 13563.1  7666.27 7639.93 3442.93  
30644.4 30592.3 13563.1  7644.57 7676.3 3458.55  
30644.4 30592.3 13563.1  7680.96 7697.62 3453.72  
30644.4 30592.3 13563.1  7671.4 7680.64 3408.82  
30644.4 30592.3 13563.1  7680.96 7697.62 3453.72  
30644.4 30592.3 13563.1  7644.57 7676.3 3458.55  
30644.4 30592.3 13563.1  7661.28 7726.92 3428.98  
30644.4 30592.3 13563.1  7652.99 7662.84 3460.47  
30644.4 30592.3 13563.1  7673.35 7654.48 3426.85  
30644.4 30592.3 13563.1  7644.57 7676.3 3458.55  
30644.4 30592.3 13563.1  7671.4 7680.64 3408.82  
30644.4 30592.3 13563.1  7673.46 7703.44 3411.68  
30644.4 30592.3 13563.1  7680.96 7697.62 3453.72  
26475.9 26539.7 11643.1  9299.11 9279.92 4140.87  
26475.9 26539.7 11643.1  9349.47 9272.37 4182.88  
26475.9 26539.7 11643.1  9320.27 9318.52 4176.15  
26475.9 26539.7 11643.1  9308.67 9264.82 4143.07  
26475.9 26539.7 11643.1  9351.98 9299.88 4186.38  
26475.9 26539.7 11643.1  9286.04 9309.65 4162.41  
26475.9 26539.7 11643.1  9286.04 9309.65 4162.41  
26475.9 26539.7 11643.1  9320.27 9318.52 4176.15  
26475.9 26539.7 11643.1  9320.27 9318.52 4176.15  
26475.9 26539.7 11643.1  9302.37 9319.24 4193.61  
26475.9 26539.7 11643.1  9342.25 9315.27 4184.14  
26475.9 26539.7 11643.1  9308.67 9264.82 4143.07  
26475.9 26539.7 11643.1  9277.54 9283.11 4133.02  
26475.9 26539.7 11643.1  9359.61 9324.96 4215.74  
26475.9 26539.7 11643.1  9299.11 9279.92 4140.87  
26475.9 26539.7 11643.1  9243.96 9274.41 4119.54  
26475.9 26539.7 11643.1  9243.96 9274.41 4119.54  
26475.9 26539.7 11643.1  9337.23 9328.28 4207.6  
26475.9 26539.7 11643.1  9337.23 9328.28 4207.6  
26475.9 26539.7 11643.1  9320.27 9318.52 4176.15  
