3 22 22 5
500 200
2200 1000 2200 
1518.23 322.98 1
0.0690567 1 10
1054.8
1056.92
1054.97
1055
1058.82
1058.04
1053.81
1055.47
1058.63
1055.66
1053.95
1059.54
1057.11
1059.63
1054.73
1055.41
1058.49
1053.88
1058.28
1055.66
1061.04
1060.12
45.727 -0.26368
43.5618 -0.81352
43.9625 0.25706
44.4762 1.49119
46.8767 -0.222
46.3495 -1.35255
44.9796 0.1721
43.7904 0.51993
43.4419 -1.49032
45.5855 -1.16846
44.5771 0.22331
47.0293 0.65123
43.6747 1.70391
47.0595 0.42437
45.7814 0.30818
44.0672 -0.7542
46.7761 0.98726
44.727 0.05306
46.4453 1.84212
46.1052 0.64089
46.944 -1.53575
46.6775 -1.69081
44.8613 0.6784
44.9137 -0.16842
46.9376 -0.40747
