3 50 5
21569.7 34359.8 38282.3  1094.41 1895.73 2462.32  57.7482 99.0509 151.558  3.00052 5.08147 8.18678  0.157268 0.281255 0.570851  
3169.51 5076.62 5710.76  2736.41 4363.56 4869.17  2339.7 3739.41 4226.83  2015.11 3233.16 3647.51  1740.6 2776.5 3118.73  
19288.1 30859.5 34495.9  2917.17 4645.01 5372.18  439.129 724.417 879.848  68.0595 110.971 131.667  10.6127 17.0223 21.4684  
8583.74 13778.5 15501.3  5334.92 8555.19 9580.01  3333.19 5321.34 5979.07  2075.47 3302.51 3722.21  1284.07 2042.49 2320.95  
2713.05 4345.06 4828  2375.16 3816.86 4255.42  2110.85 3364.56 3742.76  1848.31 2958.84 3293.5  1637 2610.05 2915.17  
1356.82 2177.28 2443.17  1277.03 2047.63 2294.69  1197.99 1921.01 2140.3  1121.16 1803.64 2032.92  1051.05 1690.02 1916.25  
20662.5 32971.6 36711.4  1871.08 3052.52 3729.23  173.52 305.168 420.209  16.2733 27.8725 39.9694  1.4863 2.58652 3.78673  
21569.7 34359.8 38282.3  1092.24 1881.28 2463.27  59.8709 112.677 149.74  3.04597 5.85678 9.05255  0.156497 0.330144 0.576795  
21569.7 34359.8 38282.3  1094.14 1880.98 2434.41  58.0925 112.792 176.694  2.92743 6.0292 10.7657  0.152189 0.343339 0.756479  
22667.1 36253.2 40739.7  57.3472 104.906 163.705  0.529746 1.84702 1.58314  0.0046905 0.0134002 0.00221421  6.70281e-05 0.000267054 5.39048e-06  
8583.74 13778.5 15501.3  5308.89 8495.95 9635.75  3308.22 5306.49 5981.29  2084.02 3326.02 3690.67  1291.47 2051.53 2312.25  
20662.5 32971.6 36711.4  1871.08 3052.52 3729.23  172.972 301.956 409.245  16.7709 30.7894 49.8862  1.52872 2.84365 4.68611  
11344.3 18140.8 20344  5656.67 9075.63 10262.9  2850.72 4564.34 5120  1433.04 2276.38 2568.97  719.44 1148.82 1290.12  
11344.3 18140.8 20344  5654.18 9038.55 10235.2  2856.05 4563.76 5122.79  1426.75 2299.77 2597.04  720.844 1151.03 1284.88  
2713.05 4345.06 4828  2371.59 3790.8 4181.48  2091.72 3367.37 3785.75  1860.46 2976.02 3333.69  1636.1 2621.43 2956.35  
1356.82 2177.28 2443.17  1279.43 2047.63 2296.15  1200.57 1924.97 2157.7  1127.11 1803.4 2035.58  1057.4 1698.06 1913.88  
8583.74 13778.5 15501.3  5334.92 8555.19 9580.01  3333.19 5321.34 5979.07  2075.47 3302.51 3722.21  1284.07 2042.49 2320.95  
8583.74 13778.5 15501.3  5308.89 8495.95 9635.75  3346.62 5340.39 5921.72  2048.15 3290.2 3727.91  1287.56 2055.05 2320.87  
1356.82 2177.28 2443.17  1274.5 2043.33 2303.77  1192.4 1918.57 2160.26  1127.36 1806.5 2036.38  1060.12 1698.51 1914.41  
3169.51 5076.62 5710.76  2716.53 4363.36 4915.73  2343.5 3754.76 4231.75  2024.25 3224.42 3618.29  1724.92 2764.04 3134.23  
2713.05 4345.06 4828  2391.96 3835.55 4304.82  2108.84 3362.34 3736.95  1844.59 2942.83 3256.34  1619.6 2590.04 2871.97  
21569.7 34359.8 38282.3  1092.24 1881.28 2463.27  59.8709 112.677 149.74  3.04551 5.87773 9.12977  0.156562 0.309036 0.502683  
3169.51 5076.62 5710.76  2721.56 4363.36 4918.78  2352.98 3757.47 4214.35  2026.33 3230.83 3605.59  1740.85 2782.05 3125.81  
22667.1 36253.2 40739.7  57.7648 106.214 164.179  0.116259 0.543896 1.09528  0.000577649 0.00823912 0.0163062  4.21856e-06 7.36545e-05 3.59625e-05  
22667.1 36253.2 40739.7  57.0689 105.278 165.095  0.808796 1.46627 0.191967  0.00391491 0.0215297 0.00282018  5.68614e-05 0.000372198 4.82038e-06  
8583.74 13778.5 15501.3  5308.89 8495.95 9635.75  3308.22 5306.49 5981.29  2084.02 3326.02 3690.67  1291.47 2051.53 2312.25  
2713.05 4345.06 4828  2390.47 3819.99 4240.45  2101.46 3370.94 3768.05  1840.29 2961.71 3331.51  1635.09 2619.21 2951.69  
22667.1 36253.2 40739.7  57.4704 105.419 164.342  0.410768 1.33746 0.931369  0.000507334 0.0102952 0.0165891  1.68455e-06 0.000104453 0.000195557  
2713.05 4345.06 4828  2382.36 3814.5 4231.66  2102.43 3371.59 3769.09  1861.43 2972.68 3331.88  1633.41 2618.48 2952.57  
3169.51 5076.62 5710.76  2703.51 4342.14 4921.51  2356.97 3763.2 4191.31  2028.29 3232.99 3608.4  1735.82 2778.11 3138.67  
19288.1 30859.5 34495.9  2919.89 4658.14 5383.47  438.517 714.796 867.382  66.3283 107.835 134.173  10.2496 16.669 20.1731  
1356.82 2177.28 2443.17  1275.1 2040.55 2302.17  1186.85 1913.51 2153.33  1128.19 1804.51 2035.49  1065.64 1701.57 1897.03  
7463.13 11916.2 13427.6  4992.92 7970.72 8997.58  3359.77 5352.16 6001.71  2260.52 3613.19 4052.44  1525.69 2464.88 2773.74  
22667.1 36253.2 40739.7  57.8114 105.971 162.703  0.0701479 0.791129 2.56816  0.000122212 0.00432158 0.0185956  1.65736e-06 8.04707e-05 5.89809e-05  
11344.3 18140.8 20344  5682.21 9050.48 10138.1  2842.07 4557.88 5170.98  1425.94 2298.46 2610.92  713.197 1153.57 1305.07  
21569.7 34359.8 38282.3  1097.01 1893.03 2461.84  55.0341 100.395 147.826  3.10674 6.3624 12.1129  0.163584 0.356537 0.845003  
22667.1 36253.2 40739.7  57.8114 105.971 162.703  0.0697627 0.785132 2.57003  0.000508822 0.0103559 0.0165442  1.99076e-07 4.39863e-05 0.000239174  
20662.5 32971.6 36711.4  1868.29 3065.7 3737.73  175.485 290.078 401.755  17.0166 29.6045 48.9688  1.55419 2.7325 4.59902  
3169.51 5076.62 5710.76  2721.56 4363.36 4918.78  2352.98 3757.47 4214.35  2026.33 3230.83 3605.59  1740.85 2782.05 3125.81  
7463.13 11916.2 13427.6  4993.35 7941.98 8924.01  3383.18 5429.19 6087.57  2244.77 3617.69 4106.14  1528.21 2456.11 2744.85  
8583.74 13778.5 15501.3  5306.43 8507.38 9642.29  3350.25 5339.45 5959.34  2061.26 3302.28 3708.95  1285.16 2043.78 2311.17  
22667.1 36253.2 40739.7  57.514 105.785 164.763  0.365785 0.978688 0.524318  0.00181987 0.00275332 0.00258142  2.87581e-05 4.89603e-05 3.39757e-06  
8583.74 13778.5 15501.3  5362.52 8567.01 9605.05  3330.58 5309.48 5969.19  2038.11 3282.12 3707.24  1288.75 2050.2 2320.88  
20662.5 32971.6 36711.4  1868.29 3065.7 3737.73  176.484 291.742 409.07  16.0914 28.0082 41.7447  1.48674 2.68148 4.5567  
3169.51 5076.62 5710.76  2721.56 4363.36 4918.78  2327.26 3736.49 4233.68  2028.94 3238.31 3605.53  1735.77 2770.55 3127.26  
11344.3 18140.8 20344  5673.97 9088.89 10160.2  2837.82 4541.97 5187.92  1426.64 2282.48 2600.18  720.121 1145.45 1288.24  
11344.3 18140.8 20344  5646.22 9075.65 10256.6  2846.56 4558.03 5113.03  1440.34 2279.51 2575.6  723.098 1150.39 1293.42  
11344.3 18140.8 20344  5678.55 9094.77 10229  2839.83 4554.79 5136.88  1429.77 2279.63 2568.83  715.935 1140.79 1297.68  
21569.7 34359.8 38282.3  1097.01 1893.03 2461.84  55.1292 100.762 151.034  3.01988 6.03459 9.25812  0.155498 0.318738 0.508627  
22667.1 36253.2 40739.7  57.514 105.785 164.763  0.365785 0.978688 0.524318  0.00181987 0.00275332 0.00258142  2.87581e-05 4.89603e-05 3.39757e-06  
