3 150 5
8583.74 13778.5 15501.3  5362.52 8567.01 9605.05  3330.58 5309.48 5969.19  2038.11 3282.12 3707.24  1288.75 2050.2 2320.88  
8583.74 13778.5 15501.3  5358.19 8561.47 9540.45  3297.93 5296.9 5962.32  2069.3 3304.83 3733.71  1279.42 2041.31 2339.41  
8583.74 13778.5 15501.3  5296.73 8507.38 9636.42  3334.82 5328.18 5977.63  2068.8 3304.31 3679.51  1305.45 2061.59 2308.62  
8583.74 13778.5 15501.3  5279.8 8495.97 9618.14  3308.49 5299.4 5976.57  2077.28 3312.67 3699.44  1316.94 2075.23 2294.45  
8583.74 13778.5 15501.3  5308.89 8495.95 9635.75  3346.62 5340.39 5921.72  2048.15 3290.2 3727.91  1287.56 2055.05 2320.87  
8583.74 13778.5 15501.3  5362.52 8567.01 9605.05  3317.72 5298.41 5989.1  2063.86 3295.22 3718.69  1274.75 2042.19 2311.87  
8583.74 13778.5 15501.3  5306.43 8507.38 9642.29  3350.25 5339.45 5959.34  2061.26 3302.28 3708.95  1285.16 2043.78 2311.17  
8583.74 13778.5 15501.3  5331.98 8548.99 9630.95  3305.62 5286.56 5986.74  2065.2 3294.85 3714.4  1296.46 2063.64 2301.85  
8583.74 13778.5 15501.3  5334.92 8555.19 9580.01  3333.19 5321.34 5979.07  2075.47 3302.51 3722.21  1284.07 2042.49 2320.95  
8583.74 13778.5 15501.3  5309.88 8531.51 9548.2  3336.04 5319.1 6014.81  2072.01 3305.36 3730.75  1298.78 2055.5 2308.53  
8583.74 13778.5 15501.3  5306.43 8507.38 9642.29  3316.74 5295.04 5978.38  2080.58 3323.54 3708.91  1299.11 2062.48 2302.64  
8583.74 13778.5 15501.3  5358.19 8561.47 9540.45  3332.22 5311.6 5993.61  2065.35 3301.69 3706.57  1272.37 2044.13 2332.01  
8583.74 13778.5 15501.3  5358.19 8561.47 9540.45  3317.8 5307.77 6017.75  2044.5 3284.86 3713.26  1284.21 2041.95 2326.01  
8583.74 13778.5 15501.3  5308.89 8495.95 9635.75  3308.22 5306.49 5981.29  2084.02 3326.02 3690.67  1291.47 2051.53 2312.25  
8583.74 13778.5 15501.3  5341.86 8548.98 9636.93  3304.06 5301.63 5926.08  2063.04 3284.82 3732.64  1288.54 2048.92 2316.82  
1356.82 2177.28 2443.17  1279.43 2047.63 2296.15  1188.07 1911.58 2166.12  1117.81 1797.87 2036.38  1055.27 1696.87 1909.63  
1356.82 2177.28 2443.17  1262.16 2034.99 2290.43  1199.22 1921.68 2166.58  1116.78 1799.43 2025.01  1052.12 1690.98 1915.41  
1356.82 2177.28 2443.17  1274.5 2043.33 2303.77  1199.05 1918.57 2164.28  1130.41 1809.12 2015.76  1063.64 1701.93 1909.07  
1356.82 2177.28 2443.17  1279.43 2047.63 2296.15  1200.57 1924.97 2157.7  1127.11 1803.4 2035.58  1057.4 1698.06 1913.88  
1356.82 2177.28 2443.17  1274.14 2043.42 2276.1  1192.42 1918.57 2161.91  1130.83 1809.12 2017.54  1065.2 1700.82 1899.14  
1356.82 2177.28 2443.17  1274.5 2043.33 2303.77  1192.4 1918.57 2160.26  1127.36 1806.5 2036.38  1060.12 1698.51 1914.41  
1356.82 2177.28 2443.17  1280.84 2046.3 2282.19  1198.11 1921.01 2167.07  1127.17 1803.72 2035.86  1061.52 1701.93 1907.78  
1356.82 2177.28 2443.17  1277.03 2047.63 2294.69  1196.12 1920.93 2164.98  1125.53 1807.4 2024.62  1059.56 1698.13 1892.37  
1356.82 2177.28 2443.17  1263.74 2033.39 2303.65  1189 1912.43 2165.67  1131.66 1810.09 2015.69  1050.44 1692.32 1904.24  
1356.82 2177.28 2443.17  1280.04 2044.8 2294.52  1188.03 1911.75 2166.22  1130.74 1809.44 2016.19  1061.96 1702.23 1908.27  
1356.82 2177.28 2443.17  1277.03 2047.63 2294.69  1197.99 1921.01 2140.3  1121.16 1803.64 2032.92  1051.05 1690.02 1916.25  
1356.82 2177.28 2443.17  1268.03 2040.55 2297.89  1203.51 1925.4 2158.96  1129.32 1810.06 2028.79  1062.97 1700.53 1896.12  
1356.82 2177.28 2443.17  1262.16 2034.99 2290.43  1192.04 1917.74 2146.63  1132.48 1810.85 2031.26  1062.68 1702.38 1908.78  
1356.82 2177.28 2443.17  1280.04 2044.8 2294.52  1192.07 1918.48 2160.81  1124.97 1806.41 2035.64  1064.56 1699.66 1907.29  
1356.82 2177.28 2443.17  1275.1 2040.55 2302.17  1186.85 1913.51 2153.33  1128.19 1804.51 2035.49  1065.64 1701.57 1897.03  
19288.1 30859.5 34495.9  2913.98 4648.4 5405.44  443.333 720.028 846.412  67.3555 112.04 132.893  10.3405 16.9533 20.4428  
19288.1 30859.5 34495.9  2904.01 4657.98 5438.39  451.124 714.929 820.423  69.1533 107.811 125.102  10.6647 16.6802 21.2268  
19288.1 30859.5 34495.9  2900.22 4661.33 5406.24  454.949 709.203 835.455  69.0323 110.027 142.034  10.7038 16.845 21.5128  
19288.1 30859.5 34495.9  2913.65 4648.81 5339.4  441.52 721.723 902.3  69.2974 109.638 139.341  10.5279 17.1261 23.5067  
19288.1 30859.5 34495.9  2912.89 4664.72 5383.87  442.736 707.751 869.934  68.9452 108.454 131.229  10.4364 16.5479 20.3234  
19288.1 30859.5 34495.9  2917.17 4645.01 5372.18  439.129 724.417 879.848  68.0595 110.971 131.667  10.6127 17.0223 21.4684  
19288.1 30859.5 34495.9  2913.65 4648.81 5339.4  443.621 719.741 902.154  67.4818 111.473 139.561  10.2444 17.2769 23.7175  
19288.1 30859.5 34495.9  2919.89 4658.14 5383.47  438.517 714.796 867.382  66.3283 107.835 134.173  10.2496 16.669 20.1731  
19288.1 30859.5 34495.9  2903.17 4658.17 5373  452.675 710.826 862.521  68.7217 110.936 144.481  10.4505 17.3819 24.4286  
19288.1 30859.5 34495.9  2909.77 4667.78 5416.93  445.978 703.764 825.988  68.5738 109.028 140.903  10.6402 16.7825 21.0292  
19288.1 30859.5 34495.9  2915.1 4642.13 5335.43  442.39 725.377 905.471  67.3337 112.819 142.23  10.1996 17.0806 21.9329  
19288.1 30859.5 34495.9  2900.22 4661.33 5406.24  454.331 712.09 847.573  69.7864 107.365 129.351  10.63 16.5969 21.5758  
19288.1 30859.5 34495.9  2907.98 4648.82 5335.85  448.835 721.735 907.021  67.5145 110.007 140.953  10.5989 16.8214 21.4212  
19288.1 30859.5 34495.9  2912.89 4664.72 5383.87  444.431 705.295 853.452  67.5195 110.148 143.961  10.1603 17.1815 23.304  
19288.1 30859.5 34495.9  2905.39 4651.63 5434.63  450.615 717.286 821.827  68.6995 111.395 128.193  10.3241 17.0103 20.4772  
21569.7 34359.8 38282.3  1092.24 1881.28 2463.27  59.8709 112.677 149.74  3.04597 5.85678 9.05255  0.156497 0.330144 0.576795  
21569.7 34359.8 38282.3  1094.79 1889.16 2471.81  57.4223 104.753 141.279  2.94323 5.87316 8.94724  0.158244 0.358523 0.610105  
21569.7 34359.8 38282.3  1094.79 1889.16 2471.81  57.4223 104.753 141.279  2.94694 5.90458 8.92942  0.154887 0.328505 0.623076  
21569.7 34359.8 38282.3  1096.48 1895.72 2463.77  55.6824 98.1527 148.3  2.97552 5.90027 9.74715  0.167339 0.371441 0.79039  
21569.7 34359.8 38282.3  1092.24 1881.28 2463.27  59.8709 112.677 149.74  3.04551 5.87773 9.12977  0.156562 0.309036 0.502683  
21569.7 34359.8 38282.3  1094.41 1895.73 2462.32  57.7769 98.9147 151.447  2.97978 5.22089 8.35877  0.149747 0.278183 0.51387  
21569.7 34359.8 38282.3  1097.01 1893.03 2461.84  55.1292 100.762 151.034  3.01988 6.03459 9.25812  0.155498 0.318738 0.508627  
21569.7 34359.8 38282.3  1095.81 1894.42 2477.02  56.1151 98.821 133.562  3.21911 6.50844 11.2186  0.17081 0.39293 0.825239  
21569.7 34359.8 38282.3  1095.29 1897.06 2478.92  56.9344 97.6471 135.766  2.9356 5.17242 7.50399  0.149235 0.267896 0.44984  
21569.7 34359.8 38282.3  1095.81 1894.42 2477.02  56.3639 99.4439 135.173  2.99144 5.96167 9.8349  0.149927 0.31586 0.591565  
21569.7 34359.8 38282.3  1097.01 1893.03 2461.84  55.0341 100.395 147.826  3.10674 6.3624 12.1129  0.163584 0.356537 0.845003  
21569.7 34359.8 38282.3  1091.5 1872.83 2425.57  60.467 120.251 183.485  3.16759 6.66637 12.7867  0.173647 0.39866 0.783001  
21569.7 34359.8 38282.3  1094.41 1895.73 2462.32  57.7482 99.0509 151.558  3.00052 5.08147 8.18678  0.157268 0.281255 0.570851  
21569.7 34359.8 38282.3  1094.14 1880.98 2434.41  58.0925 112.792 176.694  2.92743 6.0292 10.7657  0.152189 0.343339 0.756479  
21569.7 34359.8 38282.3  1095.19 1886.42 2439.81  57.0385 107.34 171.254  2.93043 6.04391 10.8756  0.150523 0.342615 0.699903  
11344.3 18140.8 20344  5646.22 9075.65 10256.6  2846.56 4558.03 5113.03  1440.34 2279.51 2575.6  723.098 1150.39 1293.42  
11344.3 18140.8 20344  5673.97 9088.89 10160.2  2837.82 4541.97 5187.92  1426.64 2282.48 2600.18  720.121 1145.45 1288.24  
11344.3 18140.8 20344  5662.83 9019.31 10166.1  2856.15 4589.49 5139.91  1422.4 2296.59 2622.98  715.407 1152.57 1313.74  
11344.3 18140.8 20344  5678.55 9094.77 10229  2839.83 4554.79 5136.88  1429.77 2279.63 2568.83  715.935 1140.79 1297.68  
11344.3 18140.8 20344  5682.21 9050.48 10138.1  2847.84 4567.47 5150.01  1421.74 2287.33 2615.95  710.569 1151.06 1325.27  
11344.3 18140.8 20344  5654.18 9038.55 10235.2  2856.05 4563.76 5122.79  1426.75 2299.77 2597.04  720.844 1151.03 1284.88  
11344.3 18140.8 20344  5676.01 9057.03 10200.8  2849.57 4570.67 5122.79  1423.46 2290.54 2588.07  715.143 1147.86 1310.01  
11344.3 18140.8 20344  5682.21 9050.48 10138.1  2833.72 4561.03 5198.91  1430.35 2288.88 2575.76  715.737 1157.51 1317.48  
11344.3 18140.8 20344  5656.67 9075.63 10262.9  2846.41 4548.46 5136.67  1435.19 2284.25 2560.67  719.15 1152.83 1285.15  
11344.3 18140.8 20344  5682.21 9050.48 10138.1  2842.07 4557.88 5170.98  1425.94 2298.46 2610.92  713.197 1153.57 1305.07  
11344.3 18140.8 20344  5682.21 9050.48 10138.1  2828.72 4570.59 5171.9  1427.07 2287.37 2619.21  719.864 1153.49 1309.31  
11344.3 18140.8 20344  5678.55 9094.77 10229  2837.3 4516.97 5108.53  1431.73 2295.25 2580.94  715.087 1154.22 1314.65  
11344.3 18140.8 20344  5682.21 9050.48 10138.1  2846.47 4573.92 5153.78  1423.98 2282.47 2598.02  708.887 1152.69 1325.43  
11344.3 18140.8 20344  5676.01 9057.03 10200.8  2845.16 4554.6 5139.88  1418.69 2295.16 2604.13  715.85 1147.13 1302.33  
11344.3 18140.8 20344  5656.67 9075.63 10262.9  2850.72 4564.34 5120  1433.04 2276.38 2568.97  719.44 1148.82 1290.12  
2713.05 4345.06 4828  2395.12 3819.99 4243.27  2087.04 3349.69 3720.91  1858.67 2964.5 3306.54  1628.7 2617.8 2954.11  
2713.05 4345.06 4828  2391.96 3835.55 4304.82  2108.84 3362.34 3736.95  1844.59 2942.83 3256.34  1619.6 2590.04 2871.97  
2713.05 4345.06 4828  2375.16 3816.86 4255.42  2110.85 3364.56 3742.76  1848.31 2958.84 3293.5  1637 2610.05 2915.17  
2713.05 4345.06 4828  2370.79 3803.53 4216.9  2091.81 3365.85 3781.54  1864.09 2974.68 3332.16  1622.73 2609.37 2937.19  
2713.05 4345.06 4828  2382.36 3814.5 4231.66  2102.43 3371.59 3769.09  1861.43 2972.68 3331.88  1633.41 2618.48 2952.57  
2713.05 4345.06 4828  2375.16 3816.86 4255.42  2101.15 3373.6 3789.55  1850.83 2969.98 3338.26  1635.69 2618.28 2946.53  
2713.05 4345.06 4828  2386.54 3827.65 4269.94  2109.48 3363.27 3741.05  1850.36 2967.91 3321.78  1629.69 2613.07 2928.62  
2713.05 4345.06 4828  2379.83 3796.37 4190.42  2109.76 3378.51 3781.61  1842.3 2961.45 3315.08  1631.42 2615.76 2934.02  
2713.05 4345.06 4828  2371.59 3790.8 4181.48  2111.27 3367.66 3751.45  1843.1 2963.41 3319.69  1630.47 2619.27 2956.27  
2713.05 4345.06 4828  2390.47 3819.99 4240.45  2101.46 3370.94 3768.05  1840.29 2961.71 3331.51  1635.09 2619.21 2951.69  
2713.05 4345.06 4828  2372.93 3819.64 4282.06  2114.61 3375.73 3773.19  1857.56 2971.57 3323.26  1625.27 2590.76 2868.77  
2713.05 4345.06 4828  2371.59 3790.8 4181.48  2101.58 3376.72 3798.36  1849.84 2960.5 3295.65  1638.35 2611.51 2917.07  
2713.05 4345.06 4828  2379.83 3796.37 4190.42  2088.85 3352.49 3727.09  1859.81 2977.13 3339.59  1635.53 2622.41 2961.58  
2713.05 4345.06 4828  2371.59 3790.8 4181.48  2091.72 3367.37 3785.75  1860.46 2976.02 3333.69  1636.1 2621.43 2956.35  
2713.05 4345.06 4828  2386.54 3827.65 4269.94  2109.48 3363.27 3741.05  1839.81 2961.71 3331.21  1621.65 2608.35 2935.82  
3169.51 5076.62 5710.76  2716.53 4363.36 4915.73  2343.5 3754.76 4231.75  2024.25 3224.42 3618.29  1724.92 2764.04 3134.23  
3169.51 5076.62 5710.76  2736.41 4363.56 4869.17  2337.69 3757.45 4213.24  2005.16 3226.26 3640.11  1736.33 2780.66 3140.67  
3169.51 5076.62 5710.76  2736.41 4363.56 4869.17  2326.29 3731.46 4237.73  2014.36 3236.61 3624.47  1744.18 2784.84 3126.83  
3169.51 5076.62 5710.76  2721.56 4363.36 4918.78  2352.98 3757.47 4214.35  2026.33 3230.83 3605.59  1740.85 2782.05 3125.81  
3169.51 5076.62 5710.76  2721.56 4363.36 4918.78  2327.26 3736.49 4233.68  2028.94 3238.31 3605.53  1735.77 2770.55 3127.26  
3169.51 5076.62 5710.76  2736.41 4363.56 4869.17  2339.7 3739.41 4226.83  2015.11 3233.16 3647.51  1740.6 2776.5 3118.73  
3169.51 5076.62 5710.76  2698.58 4342.14 4918.52  2345.99 3757.71 4231.36  2029.54 3238.31 3605.88  1745.68 2785.98 3106.64  
3169.51 5076.62 5710.76  2732.09 4372.55 4902.51  2340.3 3738.15 4222.19  2005.4 3227.69 3634.22  1733.32 2781.89 3133.64  
3169.51 5076.62 5710.76  2703.51 4342.14 4921.51  2356.97 3763.2 4191.31  2028.29 3232.99 3608.4  1735.82 2778.11 3138.67  
3169.51 5076.62 5710.76  2732.09 4372.55 4902.51  2321.56 3735.22 4233.38  2005.78 3212.43 3641.49  1739.9 2780.62 3130.83  
3169.51 5076.62 5710.76  2735.09 4369.71 4872.7  2321.14 3735.63 4237.55  2028.89 3232.99 3608.76  1726.71 2778.12 3133.15  
3169.51 5076.62 5710.76  2722.84 4357.42 4915.37  2339.58 3758.3 4206.82  2013.29 3231.38 3641.59  1744.37 2782.68 3122.32  
3169.51 5076.62 5710.76  2704.77 4336.3 4918.17  2330.66 3735.21 4230.89  2024.79 3244.37 3625.77  1746.54 2787.03 3120.78  
3169.51 5076.62 5710.76  2704.77 4336.3 4918.17  2330.66 3735.21 4230.89  2008.3 3217.43 3639.64  1742.09 2784.96 3129.25  
3169.51 5076.62 5710.76  2718.03 4366.51 4889.74  2353.47 3757.03 4218.39  2025.77 3235 3611.66  1733.06 2767.74 3132.58  
7463.13 11916.2 13427.6  4974.56 7926.98 8955.7  3389.37 5434.12 6077.17  2248.87 3620.95 4099.13  1526.76 2437.91 2723.26  
7463.13 11916.2 13427.6  4992.92 7970.72 8997.58  3359.77 5352.16 6001.71  2260.52 3613.19 4052.44  1525.69 2464.88 2773.74  
7463.13 11916.2 13427.6  4959.97 7932.79 9003.61  3358.63 5394.49 6085.14  2261.6 3622.13 4072.67  1524.93 2441.86 2733.8  
7463.13 11916.2 13427.6  4975.7 7986.5 9050.91  3389.57 5395.67 5996.48  2272.61 3626.65 4045.03  1507.17 2411.06 2732.83  
7463.13 11916.2 13427.6  5025.96 8053.33 9022.1  3370.84 5400.05 6059.72  2231.08 3566.7 4061.69  1509.41 2418.93 2739.71  
7463.13 11916.2 13427.6  5006.6 8036.38 9052.04  3342.67 5320.77 6005.36  2277.89 3634.85 4041.76  1521.11 2446.54 2758.14  
7463.13 11916.2 13427.6  4993.35 7941.98 8924.01  3383.18 5429.19 6087.57  2244.77 3617.69 4106.14  1528.21 2456.11 2744.85  
7463.13 11916.2 13427.6  5025.96 8053.33 9022.1  3336.36 5315.31 6015.12  2262.36 3626.23 4087.13  1517.05 2428.89 2735.17  
7463.13 11916.2 13427.6  5023.71 8019.91 8997.21  3362.24 5366.14 6030.55  2265.8 3625.37 4051.39  1508.2 2423.53 2749.95  
7463.13 11916.2 13427.6  5008.95 8025.42 9045.76  3332.1 5328.19 6039.53  2271.41 3641.05 4079.55  1531.85 2450.78 2727.44  
7463.13 11916.2 13427.6  5028.35 8042.19 9015.7  3333.35 5344.43 6069.19  2257.58 3592.5 4024.72  1529.6 2455.91 2745.54  
7463.13 11916.2 13427.6  5012.04 7986.51 8966.65  3353.51 5347.05 6011.75  2262.31 3652.67 4117.61  1525.36 2446.76 2744.34  
7463.13 11916.2 13427.6  5004.39 8003.54 9027.6  3363.44 5382.9 6061.58  2247.6 3612.65 4080.59  1510.04 2415.89 2722.13  
7463.13 11916.2 13427.6  4974.56 7926.98 8955.7  3343.27 5360.09 6068.97  2271.73 3637.88 4077.58  1528.67 2442.83 2719.9  
7463.13 11916.2 13427.6  5008.95 8025.42 9045.76  3354.53 5334.41 5986.13  2257 3601.2 4041.89  1527.79 2455.02 2751.61  
20662.5 32971.6 36711.4  1871.08 3052.52 3729.23  172.972 301.956 409.245  16.7709 30.7894 49.8862  1.52872 2.84365 4.68611  
20662.5 32971.6 36711.4  1872.86 3061.31 3737.32  172.045 294.635 405.708  15.9746 29.4665 45.4894  1.48132 2.71551 4.60851  
20662.5 32971.6 36711.4  1875.04 3076.32 3773.8  169.923 283.538 379.863  15.9055 25.9351 36.1479  1.49345 2.36081 3.41252  
20662.5 32971.6 36711.4  1872.86 3061.31 3737.32  172.225 297.18 413.118  15.8235 27.1776 39.0878  1.44802 2.48083 3.66682  
20662.5 32971.6 36711.4  1868.29 3065.7 3737.73  175.485 290.078 401.755  17.0166 29.6045 48.9688  1.55419 2.7325 4.59902  
20662.5 32971.6 36711.4  1871.46 3076.32 3771.42  173.68 283.337 379.921  15.7056 26.0656 37.9424  1.51073 2.4291 3.89133  
20662.5 32971.6 36711.4  1864.61 3042.16 3693.15  179.381 314.588 452.842  16.8159 28.7681 43.1162  1.54526 2.6306 4.08015  
20662.5 32971.6 36711.4  1871.08 3052.52 3729.23  173.52 305.168 420.209  16.2733 27.8725 39.9694  1.4863 2.58652 3.78673  
20662.5 32971.6 36711.4  1874.2 3063.35 3763.05  171.277 294.693 387.137  15.4683 27.5866 39.3182  1.4211 2.50984 3.66199  
20662.5 32971.6 36711.4  1864.61 3042.16 3693.15  179.717 314.593 453.11  16.5282 28.7404 42.6105  1.50155 2.64753 4.29213  
20662.5 32971.6 36711.4  1871.93 3065.71 3740.16  173.179 291.733 406.872  15.8255 28.072 41.8821  1.42807 2.62706 4.22739  
20662.5 32971.6 36711.4  1875.95 3072 3771.01  169.099 287.465 382.394  15.7773 26.0229 35.434  1.52855 2.65311 4.32309  
20662.5 32971.6 36711.4  1865.22 3071.99 3763.86  179.148 285.858 382.998  16.3992 27.4321 41.1744  1.58068 2.82863 4.97736  
20662.5 32971.6 36711.4  1873.88 3074.22 3794.22  171.282 283.87 355.916  15.6785 27.2204 38.2854  1.51126 2.81855 4.70539  
20662.5 32971.6 36711.4  1868.29 3065.7 3737.73  176.484 291.742 409.07  16.0914 28.0082 41.7447  1.48674 2.68148 4.5567  
22667.1 36253.2 40739.7  57.0689 105.278 165.095  0.808796 1.46627 0.191967  0.00391491 0.0215297 0.00282018  5.68614e-05 0.000372198 4.82038e-06  
22667.1 36253.2 40739.7  57.3472 104.906 163.705  0.531019 1.84128 1.57879  0.00348036 0.0192549 0.00645118  4.2015e-06 0.000152694 0.000121505  
22667.1 36253.2 40739.7  57.595 105.32 163.101  0.285489 1.44324 2.17802  0.0011867 0.00377071 0.011019  4.8644e-07 1.55259e-05 0.00015214  
22667.1 36253.2 40739.7  57.8114 105.971 162.703  0.0701479 0.791129 2.56816  0.000122212 0.00432158 0.0185956  1.65736e-06 8.04707e-05 5.89809e-05  
22667.1 36253.2 40739.7  57.8114 105.971 162.703  0.069568 0.7812 2.55921  0.000694706 0.0141059 0.0275679  8.99294e-06 0.000222541 3.91968e-05  
22667.1 36253.2 40739.7  57.4781 106.005 164.969  0.401456 0.759412 0.319879  0.00212064 0.00221571 0.00178286  5.10351e-06 1.47024e-05 1.23128e-05  
22667.1 36253.2 40739.7  57.8114 105.971 162.703  0.0697627 0.785132 2.57003  0.000508822 0.0103559 0.0165442  1.99076e-07 4.39863e-05 0.000239174  
22667.1 36253.2 40739.7  57.3472 104.906 163.705  0.529746 1.84702 1.58314  0.0046905 0.0134002 0.00221421  6.70281e-05 0.000267054 5.39048e-06  
22667.1 36253.2 40739.7  57.6106 106.513 164.377  0.270894 0.252864 0.901945  0.000118554 0.000996147 0.0116245  1.97338e-07 1.83067e-06 0.000142565  
22667.1 36253.2 40739.7  57.514 105.785 164.763  0.365785 0.978688 0.524318  0.00181987 0.00275332 0.00258142  2.87581e-05 4.89603e-05 3.39757e-06  
22667.1 36253.2 40739.7  57.7204 105.842 163.75  0.158963 0.910746 1.53851  0.00229391 0.0142256 0.00193975  2.88944e-06 0.000113123 3.52008e-05  
22667.1 36253.2 40739.7  57.7204 105.842 163.75  0.161194 0.92128 1.5192  6.47693e-05 0.00377826 0.0212502  5.73115e-07 2.6914e-05 3.25784e-05  
22667.1 36253.2 40739.7  57.7282 106.438 164.388  0.153199 0.327904 0.891829  0.000227755 0.00054492 0.0107126  8.11433e-07 8.65796e-06 0.00014736  
22667.1 36253.2 40739.7  57.7648 106.214 164.179  0.116259 0.543896 1.09528  0.000577649 0.00823912 0.0163062  4.21856e-06 7.36545e-05 3.59625e-05  
22667.1 36253.2 40739.7  57.4704 105.419 164.342  0.410768 1.33746 0.931369  0.000507334 0.0102952 0.0165891  1.68455e-06 0.000104453 0.000195557  
