5 66 4
3500.58 3516.78 4374.56 3059.91 7409.54  3156.19 3166.85 3937.76 2761.33 6679.58  2821.28 2835.03 3550.05 2456.25 5997.2  2563.82 2563.05 3206.63 2236.34 5446.6  
23471.6 23570.4 29215.5 20570.5 49574.7  7823.89 7788.19 9843.33 6822.45 16751.4  2598.39 2565.48 3300.36 2257.24 5633.75  862.182 849.999 1074.37 764.359 1853.86  
28454.5 28292.8 35524.8 24745.2 60541.6  5424.27 5495.02 6811.41 4822.96 11516.3  1062.44 1123.42 1337.14 981.19 2214.76  209.184 232.033 263.757 201.284 426.884  
17136.9 17103.8 21535.3 14863.9 36528  8831.89 8796.52 10971.7 7743 18739  4493.39 4488.71 5605.14 3948.48 9552.05  2316.54 2338.58 2875.59 2062.35 4886.94  
14034 14064.6 17540.5 12249.2 29748.5  8366.79 8429.1 10436.6 7353.13 17675.7  5108.38 5079.23 6365.62 4470.86 10873.6  3057.86 3045.08 3810.35 2685.25 6508.21  
4207.39 4175.87 5258.2 3652.46 8966.37  3684.43 3673.55 4637.9 3191.58 7867.11  3246.81 3209.76 4042.58 2822.76 6921.01  2868.28 2853.6 3590.45 2494.22 6113.23  
30101 30143 37779.3 26181.9 63994.6  4306.78 4306.09 5302.67 3877.81 9124.58  678.284 645.439 784.501 633.695 1432.58  97.055 89.4594 114.58 89.784 212.591  
30101 30143 37779.3 26181.9 63994.6  4379.99 4339.58 5335.14 3954.13 9267.14  610.373 614.241 754.425 562.79 1300.79  91.7387 87.8175 111.78 84.9355 200.497  
17136.9 17103.8 21535.3 14863.9 36528  8768.36 8749.59 10981.4 7650.14 18675.1  4544.63 4543.35 5608.44 4025.95 9595.19  2322.55 2334.84 2869.28 2069.83 4897.12  
12299.5 12297.9 15269.1 10773.3 26000.3  8003.36 7997.72 9968.54 7005.6 16968.2  5191.37 5214.1 6525.68 4536.55 11042.6  3376.62 3385.21 4224.6 2963.52 7174.03  
4207.39 4175.87 5258.2 3652.46 8966.37  3691.95 3672.92 4635.59 3200.03 7880.83  3272.49 3260.14 4060.78 2864.44 6932.29  2880.22 2871.54 3577.29 2521.81 6103.05  
4207.39 4175.87 5258.2 3652.46 8966.37  3684.43 3673.55 4637.9 3191.58 7867.11  3269.94 3255.93 4079.09 2850.54 6950.69  2870.76 2847.46 3563.67 2507.22 6098.34  
32804.8 32649 41258.6 28390.8 70068.6  2245 2382.39 2573.18 2242.67 4442.07  140.493 157.484 157.975 154.56 271.145  9.07384 10.2975 9.58051 11.0214 17.0588  
30101 30143 37779.3 26181.9 63994.6  4379.99 4339.58 5335.14 3954.13 9267.14  610.373 614.241 754.425 562.79 1300.79  91.7387 87.8175 111.78 84.9355 200.497  
30101 30143 37779.3 26181.9 63994.6  4334.13 4323.59 5321.62 3905.27 9179  645.035 621.848 767.471 595.481 1375.78  101.704 95.482 112.118 99.4427 211.892  
32804.8 32649 41258.6 28390.8 70068.6  2212.24 2357.03 2563.09 2197.57 4395.74  170.722 179.85 167.101 195.356 314.708  11.4899 13.1638 10.4957 15.1232 19.6706  
4207.39 4175.87 5258.2 3652.46 8966.37  3711.12 3693.25 4633.82 3230.31 7894.02  3272.34 3267.47 4074.14 2861.18 6936.95  2867.28 2843.77 3564.74 2501.35 6096.77  
30101 30143 37779.3 26181.9 63994.6  4344.13 4291.25 5337.08 3890.87 9253.76  647.039 657.192 758.245 620.963 1328.32  92.4606 92.7224 107.682 90.4828 191.819  
3500.58 3516.78 4374.56 3059.91 7409.54  3132.65 3158.93 3907.45 2748.89 6610.13  2823.61 2835.81 3553.07 2457.47 6004.06  2571.33 2563.31 3207.7 2243.51 5462.69  
12299.5 12297.9 15269.1 10773.3 26000.3  7998 7973.47 9935.66 7004.7 16952.7  5209.84 5213.74 6560.33 4537.74 11116.1  3374.59 3388.26 4215.76 2967.36 7157.49  
32804.8 32649 41258.6 28390.8 70068.6  2220.32 2338.46 2553.72 2202.78 4420.62  161.53 196.363 175.449 188.239 288.712  12.4681 14.9996 11.45 16.7363 20.6824  
4207.39 4175.87 5258.2 3652.46 8966.37  3667.73 3631.05 4607.86 3168.84 7852.8  3277.55 3274.9 4077.25 2868.53 6941.89  2845.81 2822.77 3574.87 2464.12 6088.04  
18611.2 18639.7 23233.5 16252.4 39437.2  8779.08 8757.22 10910.7 7706.14 18619.7  4118.78 4109.79 5218.71 3581.35 8847.42  1933.51 1946.02 2444.74 1699.07 4133.68  
17136.9 17103.8 21535.3 14863.9 36528  8768.36 8749.59 10981.4 7650.14 18675.1  4524.32 4511.36 5600.44 3993.23 9583.31  2320.43 2337.43 2874.26 2066.17 4894.71  
23471.6 23570.4 29215.5 20570.5 49574.7  7805.12 7766.86 9875.16 6777.26 16771  2589.78 2573.32 3214.69 2294.92 5518.61  887.425 861.122 1131.89 766.756 1951.72  
14034 14064.6 17540.5 12249.2 29748.5  8415.58 8438.26 10440.1 7405.2 17768.1  5092.66 5067.43 6352.08 4455.88 10842  3038.07 3046.69 3816.35 2663 6472.03  
23471.6 23570.4 29215.5 20570.5 49574.7  7810.83 7777.16 9770.73 6839.8 16663.6  2613.37 2579.92 3337.97 2260.73 5685.38  867.938 849.844 1119.3 747.978 1912.21  
18611.2 18639.7 23233.5 16252.4 39437.2  8766.93 8720.62 10990.4 7635.7 18719.7  4112.92 4147.91 5144.43 3631.31 8714.63  1956.05 1944.39 2452.46 1717.32 4189.55  
23471.6 23570.4 29215.5 20570.5 49574.7  7757.32 7757.72 9812.8 6755.51 16619.8  2654.74 2592.48 3308.27 2323.31 5725.09  880.014 856.633 1106.86 769.555 1916.25  
14034 14064.6 17540.5 12249.2 29748.5  8357.98 8417.14 10485 7313.97 17721.3  5082.84 5078.58 6344.28 4455.46 10800.4  3054.26 3038.04 3831.82 2667.33 6531.28  
28454.5 28292.8 35524.8 24745.2 60541.6  5446.76 5532.75 6779.94 4881 11486.8  1044.31 1098.32 1369.23 933.903 2239.62  205.434 223.226 263.544 192.906 429.02  
12299.5 12297.9 15269.1 10773.3 26000.3  8011.66 7985.82 10009.6 6987.63 17041  5203.41 5208.96 6495.58 4561.24 11042.8  3382.42 3395.36 4249.95 2961.79 7199.76  
12299.5 12297.9 15269.1 10773.3 26000.3  7967.06 8000.66 9919.28 6995.04 16840.5  5220.98 5180.53 6532.61 4546.36 11150.2  3381.48 3390.37 4230.93 2967.72 7184.38  
4207.39 4175.87 5258.2 3652.46 8966.37  3708.49 3699.01 4642.34 3226.21 7890.52  3250.18 3235 4080.12 2819.73 6936.26  2870.24 2846.93 3563.02 2506.76 6097.27  
14034 14064.6 17540.5 12249.2 29748.5  8357.98 8417.14 10485 7313.97 17721.3  5082.84 5078.58 6344.28 4455.46 10800.4  3054.26 3038.04 3831.82 2667.33 6531.28  
30101 30143 37779.3 26181.9 63994.6  4372.55 4321.03 5342.15 3933.12 9281.35  619.79 631.818 750.18 583.904 1294.83  91.4191 89.3577 110.161 86.2899 196.22  
4207.39 4175.87 5258.2 3652.46 8966.37  3694.53 3667.27 4627.23 3204.05 7884.26  3228.47 3192.59 4045.05 2794.5 6906.43  2880.1 2881.1 3603.16 2513.34 6117.78  
28454.5 28292.8 35524.8 24745.2 60541.6  5446.76 5532.75 6779.94 4881 11486.8  1044.31 1098.32 1369.23 933.903 2239.62  205.434 223.226 263.544 192.906 429.02  
18611.2 18639.7 23233.5 16252.4 39437.2  8718.8 8711.59 10986.9 7584.29 18628.5  4136.96 4152.74 5115.49 3672.77 8728.22  1968.75 1946.61 2469.65 1722.52 4230.53  
17136.9 17103.8 21535.3 14863.9 36528  8697.29 8716.69 10949.3 7577.81 18536.8  4555.71 4534.23 5626.25 4023.02 9646.69  2351.88 2355.27 2876.27 2106.4 4939.63  
3500.58 3516.78 4374.56 3059.91 7409.54  3162.95 3166.28 3935.69 2768.92 6691.92  2831.18 2846.82 3543.61 2475.3 5996.84  2540.77 2552.06 3197.75 2212.1 5403.59  
4207.39 4175.87 5258.2 3652.46 8966.37  3711.12 3693.25 4633.82 3230.31 7894.02  3270.19 3257.72 4060.99 2860.81 6930.71  2878.2 2869.41 3577.47 2518.62 6101.66  
23471.6 23570.4 29215.5 20570.5 49574.7  7805.12 7766.86 9875.16 6777.26 16771  2624.74 2582.21 3260.61 2311.79 5627.26  864.811 856.323 1089.56 762.561 1867.48  
3500.58 3516.78 4374.56 3059.91 7409.54  3165.27 3161.21 3928.17 2772.53 6695.01  2841.03 2850.88 3547.39 2485.35 6015.98  2558.16 2565.92 3194.87 2237.95 5419.68  
18611.2 18639.7 23233.5 16252.4 39437.2  8718.8 8711.59 10986.9 7584.29 18628.5  4136.96 4152.74 5115.49 3672.77 8728.22  1968.75 1946.61 2469.65 1722.52 4230.53  
28454.5 28292.8 35524.8 24745.2 60541.6  5446.76 5532.75 6779.94 4881 11486.8  1050.79 1110.89 1369.44 946.579 2238.94  200.638 212.05 261.882 183.417 430.137  
30101 30143 37779.3 26181.9 63994.6  4308.81 4275.09 5321.42 3854.04 9185.01  667.348 665.752 766.575 641.533 1368.22  105.277 99.6595 113.881 104.597 215.864  
32804.8 32649 41258.6 28390.8 70068.6  2245 2382.39 2573.18 2242.67 4442.07  140.891 157.208 157.601 155.174 271.761  8.74112 10.6277 9.94427 10.5399 16.5014  
3500.58 3516.78 4374.56 3059.91 7409.54  3132.65 3158.93 3907.45 2748.89 6610.13  2808.74 2836.24 3514.04 2462.27 5933.47  2564.62 2567.61 3200.23 2242.6 5436.26  
32804.8 32649 41258.6 28390.8 70068.6  2218.75 2342.04 2558.29 2200.02 4418.65  165.045 195.169 171.954 194.15 293.087  10.6766 12.8811 10.4692 13.9026 18.4184  
4207.39 4175.87 5258.2 3652.46 8966.37  3667.73 3631.05 4607.86 3168.84 7852.8  3277.55 3274.9 4077.25 2868.53 6941.89  2845.81 2822.77 3574.87 2464.12 6088.04  
3500.58 3516.78 4374.56 3059.91 7409.54  3144.04 3162.94 3910.88 2760.64 6632.09  2852.23 2845.88 3561.69 2487.01 6059.28  2559.16 2566.25 3195.16 2238.97 5421.63  
14034 14064.6 17540.5 12249.2 29748.5  8447.73 8448.7 10512 7406.72 17894.5  5085.1 5055.73 6349.64 4443.84 10838.1  3051.95 3040.98 3821.47 2671.81 6512.7  
32804.8 32649 41258.6 28390.8 70068.6  2234.97 2365.51 2569.27 2224.46 4436.47  149.359 173.041 161.51 170.767 275.526  10.0606 11.4286 9.90388 12.683 18.0835  
18611.2 18639.7 23233.5 16252.4 39437.2  8772.63 8771.28 10931.5 7696.09 18611.1  4140.74 4112.75 5188.51 3620.07 8858.16  1945.09 1944.02 2441.18 1711.77 4156.17  
17136.9 17103.8 21535.3 14863.9 36528  8768.36 8749.59 10981.4 7650.14 18675.1  4524.32 4511.36 5600.44 3993.23 9583.31  2320.43 2337.43 2874.26 2066.17 4894.71  
17136.9 17103.8 21535.3 14863.9 36528  8822.1 8849.58 10983.3 7753.49 18668.4  4470.66 4465.43 5607.9 3912.21 9536.5  2291.22 2286.13 2856.73 2019.4 4878.11  
14034 14064.6 17540.5 12249.2 29748.5  8415.58 8438.26 10440.1 7405.2 17768.1  5040.15 5063.79 6318.47 4417.87 10704.4  3065.59 3047.58 3827.52 2685.61 6538.51  
28454.5 28292.8 35524.8 24745.2 60541.6  5427.74 5511.09 6832.71 4823.56 11526.3  1065.1 1121.8 1326.08 988.876 2211.38  203.688 218.809 253.517 194.306 420.225  
4207.39 4175.87 5258.2 3652.46 8966.37  3684.43 3673.55 4637.9 3191.58 7867.11  3269.94 3255.93 4079.09 2850.54 6950.69  2870.76 2847.46 3563.67 2507.22 6098.34  
30101 30143 37779.3 26181.9 63994.6  4355.45 4335 5333.35 3927.14 9220.9  638.683 619.536 761.023 591.59 1358.89  89.0255 86.802 108.309 83.357 192.612  
17136.9 17103.8 21535.3 14863.9 36528  8831.89 8796.52 10971.7 7743 18739  4433.85 4446.66 5589.9 3874.41 9464.97  2333.53 2346.03 2884.11 2078.66 4921.29  
12299.5 12297.9 15269.1 10773.3 26000.3  8005.9 7998.44 10028.3 6978.65 17033.3  5210.83 5196.8 6515.79 4552.66 11092.9  3374.61 3395.81 4238.65 2959.79 7171.8  
4207.39 4175.87 5258.2 3652.46 8966.37  3691.95 3672.92 4635.59 3200.03 7880.83  3272.49 3260.14 4060.78 2864.44 6932.29  2880.22 2871.54 3577.29 2521.81 6103.05  
23471.6 23570.4 29215.5 20570.5 49574.7  7848.93 7775.02 9878.42 6823.77 16854.7  2587.96 2581.35 3266.38 2271.42 5558.61  854.464 848.045 1073.07 756.209 1839.07  
30101 30143 37779.3 26181.9 63994.6  4306.78 4306.09 5302.67 3877.81 9124.58  673.306 641.953 785.303 625.976 1427.66  101.744 93.0742 114.049 97.0714 217.046  
