5 200 4
12299.5 12297.9 15269.1 10773.3 26000.3  7973.03 7987.6 9899.89 7004.32 16848.5  5218.89 5185.06 6539.34 4543.12 11147.4  3394.28 3382.45 4268.45 2958.16 7258.2  
12299.5 12297.9 15269.1 10773.3 26000.3  7981.41 7937.82 9888.97 6993.75 16913.6  5204.7 5227.12 6580.01 4529.29 11109.6  3388.97 3401.25 4282.12 2955.24 7238.82  
12299.5 12297.9 15269.1 10773.3 26000.3  8005.9 7998.44 10028.3 6978.65 17033.3  5210.83 5196.8 6515.79 4552.66 11092.9  3374.61 3395.81 4238.65 2959.79 7171.8  
12299.5 12297.9 15269.1 10773.3 26000.3  7967.57 7962.94 9866.45 7003.4 16832.7  5204.5 5177.86 6492.95 4548.01 11079.5  3393.88 3409.68 4320.38 2945.38 7277.54  
12299.5 12297.9 15269.1 10773.3 26000.3  8005.9 7998.44 10028.3 6978.65 17033.3  5181.81 5206.46 6457 4557.49 10962.4  3381.59 3382.09 4219.41 2969.56 7182.67  
12299.5 12297.9 15269.1 10773.3 26000.3  8003.36 7997.72 9968.54 7005.6 16968.2  5202.82 5189.02 6488.32 4554.36 11058  3388.01 3392.72 4258.58 2961.77 7223.14  
12299.5 12297.9 15269.1 10773.3 26000.3  8006.39 7961.98 9977.25 6986.73 17025.7  5210.65 5209.51 6533.58 4549.84 11095.6  3384.21 3398.04 4239.88 2969.95 7190.1  
12299.5 12297.9 15269.1 10773.3 26000.3  7967.06 8000.66 9919.28 6995.04 16840.5  5220.98 5180.53 6532.61 4546.36 11150.2  3381.48 3390.37 4230.93 2967.72 7184.38  
12299.5 12297.9 15269.1 10773.3 26000.3  8003.36 7997.72 9968.54 7005.6 16968.2  5191.37 5214.1 6525.68 4536.55 11042.6  3376.62 3385.21 4224.6 2963.52 7174.03  
12299.5 12297.9 15269.1 10773.3 26000.3  8005.9 7998.44 10028.3 6978.65 17033.3  5201.94 5188.77 6467.67 4563.79 11035.4  3388.5 3392.86 4270.49 2956.48 7236.04  
12299.5 12297.9 15269.1 10773.3 26000.3  7998 7973.47 9935.66 7004.7 16952.7  5209.84 5213.74 6560.33 4537.74 11116.1  3374.59 3388.26 4215.76 2967.36 7157.49  
12299.5 12297.9 15269.1 10773.3 26000.3  8011.66 7985.82 10009.6 6987.63 17041  5203.41 5208.96 6495.58 4561.24 11042.8  3382.42 3395.36 4249.95 2961.79 7199.76  
12299.5 12297.9 15269.1 10773.3 26000.3  8003.36 7997.72 9968.54 7005.6 16968.2  5183.03 5182.17 6443.1 4553.51 10979.7  3379.53 3396.36 4253.09 2957.6 7195.74  
12299.5 12297.9 15269.1 10773.3 26000.3  7981.41 7937.82 9888.97 6993.75 16913.6  5179.02 5228.6 6508.59 4539.54 10982.9  3405.29 3384.62 4282.92 2963.1 7292.87  
12299.5 12297.9 15269.1 10773.3 26000.3  8006.39 7961.98 9977.25 6986.73 17025.7  5181.98 5194.59 6440.14 4560.11 10959.9  3391.96 3392.93 4258.18 2965.97 7230.6  
12299.5 12297.9 15269.1 10773.3 26000.3  7949.68 8002.12 9924.63 6975.55 16808.7  5210.06 5212.56 6540.91 4547.01 11097.9  3407.77 3377.94 4273.11 2967.22 7295.91  
12299.5 12297.9 15269.1 10773.3 26000.3  7997.49 8010.56 9987.61 6996.47 16960.4  5210.01 5200.79 6542.19 4540.6 11113.3  3372.18 3385.38 4212.34 2965.3 7152.35  
12299.5 12297.9 15269.1 10773.3 26000.3  7949.68 8002.12 9924.63 6975.55 16808.7  5201.36 5205.18 6492.71 4558.57 11039.8  3401.19 3386.46 4300.12 2951.38 7299.65  
12299.5 12297.9 15269.1 10773.3 26000.3  7967.57 7962.94 9866.45 7003.4 16832.7  5203.85 5226.26 6561.16 4537.32 11089.6  3390.39 3397.92 4279.12 2956.51 7242.5  
12299.5 12297.9 15269.1 10773.3 26000.3  8005.9 7998.44 10028.3 6978.65 17033.3  5170.51 5207.42 6460.48 4544.79 10941.7  3389.11 3360.69 4213.61 2969.51 7217.67  
18611.2 18639.7 23233.5 16252.4 39437.2  8753.87 8772.85 10937.3 7675 18576.7  4124.52 4114.1 5193.47 3601.82 8828.18  1957.94 1945.94 2441.47 1725.6 4180.31  
18611.2 18639.7 23233.5 16252.4 39437.2  8779.08 8757.22 10910.7 7706.14 18619.7  4106.53 4128.54 5186.32 3594.31 8766.91  1947.19 1944.15 2457.12 1705.96 4176.34  
18611.2 18639.7 23233.5 16252.4 39437.2  8690.23 8725.81 10948.4 7581.74 18514  4180.05 4142.94 5158.33 3689.96 8871.39  1967.89 1952.11 2448.14 1735.32 4200.29  
18611.2 18639.7 23233.5 16252.4 39437.2  8772.63 8771.28 10931.5 7696.09 18611.1  4117.67 4120.4 5141.59 3623.9 8753.8  1943.85 1929.87 2483.11 1682.69 4213.13  
18611.2 18639.7 23233.5 16252.4 39437.2  8718.8 8711.59 10986.9 7584.29 18628.5  4136.96 4152.74 5115.49 3672.77 8728.22  1968.75 1946.61 2469.65 1722.52 4230.53  
18611.2 18639.7 23233.5 16252.4 39437.2  8766.93 8720.62 10990.4 7635.7 18719.7  4143.76 4139.49 5157.46 3651.98 8800.76  1943.81 1948.48 2444.33 1711.07 4151.42  
18611.2 18639.7 23233.5 16252.4 39437.2  8739.25 8760.44 10856.7 7694.52 18479.5  4112.04 4109.83 5224.52 3571.61 8839.05  1964.33 1941.13 2478.81 1710.78 4237.49  
18611.2 18639.7 23233.5 16252.4 39437.2  8690.23 8725.81 10948.4 7581.74 18514  4174.25 4125.61 5196.09 3656.22 8919.04  1967.43 1961.78 2444.16 1741.72 4183.65  
18611.2 18639.7 23233.5 16252.4 39437.2  8766.93 8720.62 10990.4 7635.7 18719.7  4112.92 4147.91 5144.43 3631.31 8714.63  1956.05 1944.39 2452.46 1717.32 4189.55  
18611.2 18639.7 23233.5 16252.4 39437.2  8766.93 8720.62 10990.4 7635.7 18719.7  4139.47 4145.67 5136.31 3661.37 8763.16  1939.94 1954.12 2425.6 1719.28 4117.76  
18611.2 18639.7 23233.5 16252.4 39437.2  8772.63 8771.28 10931.5 7696.09 18611.1  4109.9 4121.1 5175.33 3599.58 8771.41  1962.02 1939.78 2462.8 1715.99 4217.96  
18611.2 18639.7 23233.5 16252.4 39437.2  8739.25 8760.44 10856.7 7694.52 18479.5  4158.42 4118.48 5227.96 3620.9 8927.7  1946.66 1938.93 2479.04 1691.98 4203.89  
18611.2 18639.7 23233.5 16252.4 39437.2  8779.08 8757.22 10910.7 7706.14 18619.7  4118.78 4109.79 5218.71 3581.35 8847.42  1933.51 1946.02 2444.74 1699.07 4133.68  
18611.2 18639.7 23233.5 16252.4 39437.2  8763.42 8759.55 10981.7 7655.75 18657.3  4145.62 4118.94 5162.03 3641.38 8833.7  1943.9 1947.46 2444.56 1710.58 4153.07  
18611.2 18639.7 23233.5 16252.4 39437.2  8763.42 8759.55 10981.7 7655.75 18657.3  4135.58 4107.84 5178.46 3617.37 8843.18  1951.26 1955.96 2424.73 1732.3 4137.78  
18611.2 18639.7 23233.5 16252.4 39437.2  8772.63 8771.28 10931.5 7696.09 18611.1  4140.74 4112.75 5188.51 3620.07 8858.16  1945.09 1944.02 2441.18 1711.77 4156.17  
18611.2 18639.7 23233.5 16252.4 39437.2  8718.8 8711.59 10986.9 7584.29 18628.5  4161.86 4157.12 5147.98 3683.79 8807.03  1949.21 1953.2 2422.62 1729.77 4134.59  
18611.2 18639.7 23233.5 16252.4 39437.2  8779.08 8757.22 10910.7 7706.14 18619.7  4118.78 4109.79 5218.71 3581.35 8847.42  1950.59 1944.85 2454.13 1711.16 4179.64  
18611.2 18639.7 23233.5 16252.4 39437.2  8748.81 8722.14 10996 7615.32 18686.5  4134.73 4128.25 5173.53 3628.88 8812.09  1947.39 1951.58 2432.11 1722.2 4142.67  
18611.2 18639.7 23233.5 16252.4 39437.2  8766.93 8720.62 10990.4 7635.7 18719.7  4125.18 4129.05 5176.47 3618.22 8794.58  1947.46 1962.92 2404.66 1742.1 4101.38  
23471.6 23570.4 29215.5 20570.5 49574.7  7742.05 7747.56 9681.38 6800.19 16466.4  2649.78 2596.5 3394.46 2277.56 5797.44  894.205 859.362 1134.77 771.279 1971.09  
23471.6 23570.4 29215.5 20570.5 49574.7  7823.89 7788.19 9843.33 6822.45 16751.4  2604.65 2572.53 3289.68 2272.3 5627.15  859.983 845.147 1080.74 756.504 1861.78  
23471.6 23570.4 29215.5 20570.5 49574.7  7816.71 7764.47 9751.65 6848.89 16671.6  2617.82 2584.04 3362.7 2255.11 5715.23  855.799 854.562 1108.47 743.29 1870.07  
23471.6 23570.4 29215.5 20570.5 49574.7  7757.32 7757.72 9812.8 6755.51 16619.8  2654.74 2592.48 3308.27 2323.31 5725.09  880.014 856.633 1106.86 769.555 1916.25  
23471.6 23570.4 29215.5 20570.5 49574.7  7816.71 7764.47 9751.65 6848.89 16671.6  2609.46 2588.41 3350.68 2254.67 5680.12  869.67 853.689 1124.51 749.064 1916.51  
23471.6 23570.4 29215.5 20570.5 49574.7  7796.1 7778.5 9834.87 6793.89 16697.2  2620.79 2571.17 3264.58 2300.23 5636.16  874.105 854.524 1111.34 760.18 1911.21  
23471.6 23570.4 29215.5 20570.5 49574.7  7805.12 7766.86 9875.16 6777.26 16771  2622.79 2586.35 3266.82 2308.77 5624.6  870.066 853.241 1090.88 765.739 1883.47  
23471.6 23570.4 29215.5 20570.5 49574.7  7757.32 7757.72 9812.8 6755.51 16619.8  2651.93 2589.01 3323.54 2311.12 5739.37  872.481 855.742 1093.86 767.952 1888.22  
23471.6 23570.4 29215.5 20570.5 49574.7  7805.12 7766.86 9875.16 6777.26 16771  2589.78 2573.32 3214.69 2294.92 5518.61  887.425 861.122 1131.89 766.756 1951.72  
23471.6 23570.4 29215.5 20570.5 49574.7  7796.1 7778.5 9834.87 6793.89 16697.2  2618.8 2575.37 3270.95 2297.18 5633.44  874.762 853.114 1109.29 761.213 1912.08  
23471.6 23570.4 29215.5 20570.5 49574.7  7816.71 7764.47 9751.65 6848.89 16671.6  2589.98 2581.95 3324.75 2244.51 5620.91  878.57 858.245 1136.16 754.551 1941.14  
23471.6 23570.4 29215.5 20570.5 49574.7  7810.83 7777.16 9770.73 6839.8 16663.6  2610.98 2572.05 3306.83 2269.5 5658.27  871.629 857.444 1136.38 747.125 1927.96  
23471.6 23570.4 29215.5 20570.5 49574.7  7805.12 7766.86 9875.16 6777.26 16771  2624.74 2582.21 3260.61 2311.79 5627.26  864.811 856.323 1089.56 762.561 1867.48  
23471.6 23570.4 29215.5 20570.5 49574.7  7793.76 7778.58 9775.96 6820.73 16632.1  2603.1 2565.03 3277.67 2272.48 5620.02  890.17 861.044 1151.69 759.929 1977.93  
23471.6 23570.4 29215.5 20570.5 49574.7  7805.12 7766.86 9875.16 6777.26 16771  2625.56 2582.44 3280.21 2302.89 5648.86  867.571 857.231 1084.07 768.671 1866.45  
23471.6 23570.4 29215.5 20570.5 49574.7  7832.43 7776.39 9883.48 6805.34 16824.2  2589.71 2577.22 3260.19 2274.15 5560.76  869.944 853.29 1084.33 768.954 1876.21  
23471.6 23570.4 29215.5 20570.5 49574.7  7810.83 7777.16 9770.73 6839.8 16663.6  2613.37 2579.92 3337.97 2260.73 5685.38  867.938 849.844 1119.3 747.978 1912.21  
23471.6 23570.4 29215.5 20570.5 49574.7  7742.05 7747.56 9681.38 6800.19 16466.4  2639.37 2593.23 3371.06 2276.83 5755.61  897.061 861.858 1144.52 770.603 1983.76  
23471.6 23570.4 29215.5 20570.5 49574.7  7823.89 7788.19 9843.33 6822.45 16751.4  2598.39 2565.48 3300.36 2257.24 5633.75  862.182 849.999 1074.37 764.359 1853.86  
23471.6 23570.4 29215.5 20570.5 49574.7  7848.93 7775.02 9878.42 6823.77 16854.7  2587.96 2581.35 3266.38 2271.42 5558.61  854.464 848.045 1073.07 756.209 1839.07  
3500.58 3516.78 4374.56 3059.91 7409.54  3133.25 3149.87 3941.77 2727.78 6657.04  2844.22 2852.01 3546.04 2489.8 6019.74  2568.4 2562.37 3185.88 2251.05 5435.61  
3500.58 3516.78 4374.56 3059.91 7409.54  3132.65 3158.93 3907.45 2748.89 6610.13  2834.19 2847.55 3546.41 2477.29 6004.91  2540.3 2556.44 3187.12 2219.12 5386.57  
3500.58 3516.78 4374.56 3059.91 7409.54  3150.91 3162.37 3908.77 2768.35 6644.64  2850.64 2845.68 3540.68 2495.85 6034.88  2554.36 2562.69 3173.92 2243.01 5394.43  
3500.58 3516.78 4374.56 3059.91 7409.54  3162.95 3166.28 3935.69 2768.92 6691.92  2831.18 2846.82 3543.61 2475.3 5996.84  2540.77 2552.06 3197.75 2212.1 5403.59  
3500.58 3516.78 4374.56 3059.91 7409.54  3132.65 3158.93 3907.45 2748.89 6610.13  2823.61 2835.81 3553.07 2457.47 6004.06  2571.33 2563.31 3207.7 2243.51 5462.69  
3500.58 3516.78 4374.56 3059.91 7409.54  3144.04 3162.94 3910.88 2760.64 6632.09  2852.23 2845.88 3561.69 2487.01 6059.28  2559.16 2566.25 3195.16 2238.97 5421.63  
3500.58 3516.78 4374.56 3059.91 7409.54  3144.04 3162.94 3910.88 2760.64 6632.09  2833.06 2847.15 3546.07 2476.12 6002.74  2563.86 2562.23 3209.7 2234.43 5450.77  
3500.58 3516.78 4374.56 3059.91 7409.54  3132.65 3158.93 3907.45 2748.89 6610.13  2853.37 2846.28 3562.03 2488.18 6061.46  2538.41 2556.56 3185.58 2218.05 5381.02  
3500.58 3516.78 4374.56 3059.91 7409.54  3150.91 3162.37 3908.77 2768.35 6644.64  2821.27 2843.63 3521.99 2474.56 5958.37  2542.94 2552.77 3202.58 2212.23 5412.06  
3500.58 3516.78 4374.56 3059.91 7409.54  3166.27 3161.49 3951.71 2761.87 6720.68  2847.02 2850.34 3543.19 2493.24 6024.55  2538.88 2552.19 3196.2 2211.03 5398.02  
3500.58 3516.78 4374.56 3059.91 7409.54  3156.19 3166.85 3937.76 2761.33 6679.58  2821.28 2835.03 3550.05 2456.25 5997.2  2563.82 2563.05 3206.63 2236.34 5446.6  
3500.58 3516.78 4374.56 3059.91 7409.54  3132.65 3158.93 3907.45 2748.89 6610.13  2839.53 2847.07 3523.32 2494.02 5992.87  2551.7 2563.36 3177.47 2238.87 5391.76  
3500.58 3516.78 4374.56 3059.91 7409.54  3144.99 3162.91 3934.38 2749.78 6657.99  2822.39 2835.42 3550.39 2457.39 5999.33  2552.94 2564.1 3191.22 2233.61 5407.46  
3500.58 3516.78 4374.56 3059.91 7409.54  3116.75 3150.34 3898.48 2733.1 6578.78  2824.64 2844.83 3523 2478.05 5964.82  2532.57 2554.23 3168.3 2219.67 5354.21  
3500.58 3516.78 4374.56 3059.91 7409.54  3133.25 3149.87 3941.77 2727.78 6657.04  2837.4 2844.2 3557.46 2473.31 6026.73  2569.9 2563.38 3203.84 2244.03 5455.75  
3500.58 3516.78 4374.56 3059.91 7409.54  3129.35 3154.46 3925.57 2734.25 6627.16  2837.79 2843.74 3559.07 2472.67 6029.69  2564.85 2563.42 3206.94 2237.39 5448.58  
3500.58 3516.78 4374.56 3059.91 7409.54  3166.27 3161.49 3951.71 2761.87 6720.68  2805.44 2835.99 3509.69 2460.99 5922.69  2564.4 2563.49 3209.26 2235.81 5449.92  
3500.58 3516.78 4374.56 3059.91 7409.54  3165.27 3161.21 3928.17 2772.53 6695.01  2841.03 2850.88 3547.39 2485.35 6015.98  2558.16 2565.92 3194.87 2237.95 5419.68  
3500.58 3516.78 4374.56 3059.91 7409.54  3132.65 3158.93 3907.45 2748.89 6610.13  2808.74 2836.24 3514.04 2462.27 5933.47  2564.62 2567.61 3200.23 2242.6 5436.26  
3500.58 3516.78 4374.56 3059.91 7409.54  3144.99 3162.91 3934.38 2749.78 6657.99  2822.39 2835.42 3550.39 2457.39 5999.33  2542.93 2560.88 3169.36 2232.89 5368.59  
28454.5 28292.8 35524.8 24745.2 60541.6  5457.88 5557.24 6811.3 4888.53 11512.7  1040.01 1086.44 1345.86 935.506 2221.37  198.732 208.747 254.506 183.502 422.598  
28454.5 28292.8 35524.8 24745.2 60541.6  5457.55 5582.73 6846.21 4882.88 11517.9  1039.86 1070.7 1316.58 942.51 2209.78  199.522 201.895 251.125 182.706 428.717  
28454.5 28292.8 35524.8 24745.2 60541.6  5457.88 5557.24 6811.3 4888.53 11512.7  1040.07 1081.53 1339.12 936.574 2220.38  199.209 214.18 261.877 182.951 424.69  
28454.5 28292.8 35524.8 24745.2 60541.6  5424.27 5495.02 6811.41 4822.96 11516.3  1062.44 1123.42 1337.14 981.19 2214.76  209.184 232.033 263.757 201.284 426.884  
28454.5 28292.8 35524.8 24745.2 60541.6  5437.66 5509.76 6789.98 4855.08 11504.9  1049.5 1116.9 1361.79 952.006 2221.13  209.036 226.76 261.309 199.73 430.116  
28454.5 28292.8 35524.8 24745.2 60541.6  5446.76 5532.75 6779.94 4881 11486.8  1044.31 1098.32 1369.23 933.903 2239.62  205.434 223.226 263.544 192.906 429.02  
28454.5 28292.8 35524.8 24745.2 60541.6  5446.76 5532.75 6779.94 4881 11486.8  1050.79 1110.89 1369.44 946.579 2238.94  200.638 212.05 261.882 183.417 430.137  
28454.5 28292.8 35524.8 24745.2 60541.6  5437.66 5509.76 6789.98 4855.08 11504.9  1049.59 1106.91 1348.35 954.157 2219.13  207.267 230.129 269.543 195.268 430.704  
28454.5 28292.8 35524.8 24745.2 60541.6  5457.88 5557.24 6811.3 4888.53 11512.7  1041.79 1091.11 1344.11 940.505 2217.98  198.585 207.393 257.404 181.271 426.78  
28454.5 28292.8 35524.8 24745.2 60541.6  5457.88 5557.24 6811.3 4888.53 11512.7  1036.09 1077.09 1341.48 929.077 2219.61  202.407 217.719 259.971 188.923 425.304  
28454.5 28292.8 35524.8 24745.2 60541.6  5448.58 5533.81 6820.78 4862.48 11530.4  1047.57 1100.29 1331.48 957.492 2206.11  200.121 216.325 258.416 186.732 420.671  
28454.5 28292.8 35524.8 24745.2 60541.6  5437.01 5559.85 6858.57 4843.97 11515  1058.74 1084.03 1299.28 977.573 2215.14  202.228 212.505 255.91 188.316 426.933  
28454.5 28292.8 35524.8 24745.2 60541.6  5413.55 5471.4 6781.16 4815.69 11491.2  1071.06 1142.2 1361.43 986.976 2234.96  210.739 236.291 269.058 202.216 430.605  
28454.5 28292.8 35524.8 24745.2 60541.6  5427.74 5511.09 6832.71 4823.56 11526.3  1065.1 1121.8 1326.08 988.876 2211.38  203.688 218.809 253.517 194.306 420.225  
28454.5 28292.8 35524.8 24745.2 60541.6  5457.88 5557.24 6811.3 4888.53 11512.7  1040.01 1086.44 1345.86 935.506 2221.37  199.253 210.265 256.443 183.802 423.887  
28454.5 28292.8 35524.8 24745.2 60541.6  5457.88 5557.24 6811.3 4888.53 11512.7  1040.74 1084.73 1343.38 936.693 2222.35  199.556 213.127 258.808 184.355 423.619  
28454.5 28292.8 35524.8 24745.2 60541.6  5448.58 5533.81 6820.78 4862.48 11530.4  1047.11 1110.24 1337.17 958.918 2199.78  201.363 211.824 256.775 186.689 426.657  
28454.5 28292.8 35524.8 24745.2 60541.6  5446.1 5583.74 6849.76 4869.69 11497.1  1044.91 1052.88 1306.41 943.971 2230.32  204.227 216.268 257.832 191.318 428.33  
28454.5 28292.8 35524.8 24745.2 60541.6  5412.91 5520.59 6848.51 4804.78 11501.2  1075.9 1120.93 1314.76 1005.32 2223.25  207.366 212.866 251.076 196.482 431.825  
28454.5 28292.8 35524.8 24745.2 60541.6  5437.01 5559.85 6858.57 4843.97 11515  1052.22 1071.88 1299.3 964.458 2215.83  206.08 220.139 256.326 195.989 426.309  
4207.39 4175.87 5258.2 3652.46 8966.37  3708.72 3682.37 4619.14 3229.9 7887.06  3258.37 3231.2 4050.05 2841.29 6926.83  2874.83 2874.7 3603.53 2504.71 6115  
4207.39 4175.87 5258.2 3652.46 8966.37  3684.43 3673.55 4637.9 3191.58 7867.11  3246.81 3209.76 4042.58 2822.76 6921.01  2868.28 2853.6 3590.45 2494.22 6113.23  
4207.39 4175.87 5258.2 3652.46 8966.37  3711.12 3693.25 4633.82 3230.31 7894.02  3272.34 3267.47 4074.14 2861.18 6936.95  2867.28 2843.77 3564.74 2501.35 6096.77  
4207.39 4175.87 5258.2 3652.46 8966.37  3691.95 3672.92 4635.59 3200.03 7880.83  3230.82 3201.17 4056.51 2795.31 6912.75  2869.29 2854.69 3589.06 2496.46 6112.57  
4207.39 4175.87 5258.2 3652.46 8966.37  3708.49 3699.01 4642.34 3226.21 7890.52  3250.18 3235 4080.12 2819.73 6936.26  2870.24 2846.93 3563.02 2506.76 6097.27  
4207.39 4175.87 5258.2 3652.46 8966.37  3711.12 3693.25 4633.82 3230.31 7894.02  3243.25 3236.24 4083.17 2811.81 6923.78  2881.43 2871.97 3574.84 2524.49 6102.49  
4207.39 4175.87 5258.2 3652.46 8966.37  3691.95 3672.92 4635.59 3200.03 7880.83  3228.78 3191.93 4044.06 2794.97 6906.84  2885.46 2879.67 3579.28 2530.12 6106.1  
4207.39 4175.87 5258.2 3652.46 8966.37  3711.12 3693.25 4633.82 3230.31 7894.02  3270.19 3257.72 4060.99 2860.81 6930.71  2839.75 2809.37 3562.75 2457.54 6079.27  
4207.39 4175.87 5258.2 3652.46 8966.37  3667.73 3631.05 4607.86 3168.84 7852.8  3277.55 3274.9 4077.25 2868.53 6941.89  2845.81 2822.77 3574.87 2464.12 6088.04  
4207.39 4175.87 5258.2 3652.46 8966.37  3700.83 3699.65 4644.69 3217.61 7876.56  3258.91 3258.46 4087.84 2836.24 6934.18  2877.74 2864.92 3589.35 2509.96 6118.09  
4207.39 4175.87 5258.2 3652.46 8966.37  3714.81 3714.87 4636.31 3243.45 7878.51  3226.07 3187.04 4043.98 2789.9 6907.13  2867.13 2851.41 3590.47 2491.97 6113.53  
4207.39 4175.87 5258.2 3652.46 8966.37  3692.17 3656.58 4612.82 3203.65 7877.43  3272.46 3262.08 4063.49 2864 6932.7  2856.81 2828.92 3563.88 2483.87 6092.03  
4207.39 4175.87 5258.2 3652.46 8966.37  3711.12 3693.25 4633.82 3230.31 7894.02  3270.19 3257.72 4060.99 2860.81 6930.71  2878.2 2869.41 3577.47 2518.62 6101.66  
4207.39 4175.87 5258.2 3652.46 8966.37  3701.28 3666.38 4598.3 3224.99 7869.64  3267.92 3256.78 4083.83 2846.57 6950.39  2855.93 2853.78 3598.53 2477.78 6096.12  
4207.39 4175.87 5258.2 3652.46 8966.37  3694.53 3667.27 4627.23 3204.05 7884.26  3228.47 3192.59 4045.05 2794.5 6906.43  2880.1 2881.1 3603.16 2513.34 6117.78  
4207.39 4175.87 5258.2 3652.46 8966.37  3684.43 3673.55 4637.9 3191.58 7867.11  3269.94 3255.93 4079.09 2850.54 6950.69  2870.76 2847.46 3563.67 2507.22 6098.34  
4207.39 4175.87 5258.2 3652.46 8966.37  3708.49 3699.01 4642.34 3226.21 7890.52  3264.74 3257.97 4086.06 2842.81 6944.8  2855.45 2849.78 3592.99 2478.08 6094.29  
4207.39 4175.87 5258.2 3652.46 8966.37  3665.2 3636.61 4616.07 3164.89 7849.42  3231.94 3196.16 4046.37 2799.07 6910.58  2870.51 2851.25 3581.4 2499.85 6111.29  
4207.39 4175.87 5258.2 3652.46 8966.37  3692.17 3656.58 4612.82 3203.65 7877.43  3274.62 3271.85 4076.65 2864.37 6938.94  2874.86 2872.93 3601.1 2505.09 6114.7  
4207.39 4175.87 5258.2 3652.46 8966.37  3691.95 3672.92 4635.59 3200.03 7880.83  3272.49 3260.14 4060.78 2864.44 6932.29  2880.22 2871.54 3577.29 2521.81 6103.05  
32804.8 32649 41258.6 28390.8 70068.6  2232.61 2379.93 2572.4 2227.55 4420.3  152.396 159.754 158.627 169.051 292.059  9.46733 10.4783 9.71509 11.5125 17.7584  
32804.8 32649 41258.6 28390.8 70068.6  2236.57 2361.86 2564.62 2227.27 4438.48  146.162 173.449 164.895 164.989 272.241  11.4999 14.3856 11.0765 15.3224 19.2145  
32804.8 32649 41258.6 28390.8 70068.6  2220.32 2338.46 2553.72 2202.78 4420.62  163.187 197.062 175.859 190.542 291.381  10.8428 14.2072 11.0159 14.4498 18.1063  
32804.8 32649 41258.6 28390.8 70068.6  2218.75 2342.04 2558.29 2200.02 4418.65  165.045 195.169 171.954 194.15 293.087  10.6766 12.8811 10.4692 13.9026 18.4184  
32804.8 32649 41258.6 28390.8 70068.6  2222.8 2363.09 2568.51 2209.61 4415.1  160.985 173.959 161.728 184.477 296.703  10.5874 12.7811 10.3902 13.7761 18.3003  
32804.8 32649 41258.6 28390.8 70068.6  2230.38 2365.92 2570.57 2218.57 4428.68  152.679 169.896 159.392 174.033 282.684  11.3457 14.0543 10.6911 15.298 18.791  
32804.8 32649 41258.6 28390.8 70068.6  2246.63 2378.68 2568.44 2245.53 4444.11  136.894 158.033 161.352 148.424 267.022  10.9565 13.3426 10.8908 14.1449 19.0239  
32804.8 32649 41258.6 28390.8 70068.6  2206.81 2339.67 2557.54 2185.45 4397.69  175.915 195.643 171.977 206.81 313.031  11.571 14.3779 11.0592 15.4444 19.316  
32804.8 32649 41258.6 28390.8 70068.6  2245 2382.39 2573.18 2242.67 4442.07  140.493 157.484 157.975 154.56 271.145  9.07384 10.2975 9.58051 11.0214 17.0588  
32804.8 32649 41258.6 28390.8 70068.6  2230.38 2365.92 2570.57 2218.57 4428.68  153.909 171.34 159.796 176.19 283.967  10.197 12.7178 10.3143 13.3038 17.5883  
32804.8 32649 41258.6 28390.8 70068.6  2245 2382.39 2573.18 2242.67 4442.07  140.891 157.208 157.601 155.174 271.761  8.74112 10.6277 9.94427 10.5399 16.5014  
32804.8 32649 41258.6 28390.8 70068.6  2212.24 2357.03 2563.09 2197.57 4395.74  170.722 179.85 167.101 195.356 314.708  11.4899 13.1638 10.4957 15.1232 19.6706  
32804.8 32649 41258.6 28390.8 70068.6  2234.97 2365.51 2569.27 2224.46 4436.47  149.359 173.041 161.51 170.767 275.526  10.0606 11.4286 9.90388 12.683 18.0835  
32804.8 32649 41258.6 28390.8 70068.6  2220.32 2338.46 2553.72 2202.78 4420.62  163.303 196.756 175.536 190.782 291.51  10.7358 14.4883 11.3173 14.2302 17.9857  
32804.8 32649 41258.6 28390.8 70068.6  2222.8 2363.09 2568.51 2209.61 4415.1  159.98 174.046 161.971 183.008 295.112  11.5948 12.8496 10.2275 15.2677 19.8586  
32804.8 32649 41258.6 28390.8 70068.6  2246.63 2378.68 2568.44 2245.53 4444.11  137.232 159.212 161.708 149.247 266.906  10.515 12.0332 10.495 13.1235 19.0305  
32804.8 32649 41258.6 28390.8 70068.6  2246.63 2378.68 2568.44 2245.53 4444.11  139.265 160.923 162.341 152.311 269.717  8.74112 10.6277 9.94427 10.5399 16.5014  
32804.8 32649 41258.6 28390.8 70068.6  2220.32 2338.46 2553.72 2202.78 4420.62  161.13 194.906 175.043 187.2 288.819  12.748 16.1861 11.7764 17.5017 20.4973  
32804.8 32649 41258.6 28390.8 70068.6  2220.32 2338.46 2553.72 2202.78 4420.62  161.53 196.363 175.449 188.239 288.712  12.4681 14.9996 11.45 16.7363 20.6824  
32804.8 32649 41258.6 28390.8 70068.6  2214.25 2342.44 2559.56 2194.25 4411.01  167.62 191.444 169.644 196.244 299.168  12.4578 15.8413 11.3971 17.2508 19.903  
30101 30143 37779.3 26181.9 63994.6  4329.38 4286.1 5332.73 3875.15 9225.42  655.654 654.105 761.828 625.924 1353.05  97.6763 100.202 108.255 99.9034 194.269  
30101 30143 37779.3 26181.9 63994.6  4379.99 4339.58 5335.14 3954.13 9267.14  606.407 608.306 755.959 554.679 1301.32  94.9516 92.4805 110.64 91.2796 200.417  
30101 30143 37779.3 26181.9 63994.6  4306.78 4306.09 5302.67 3877.81 9124.58  678.284 645.439 784.501 633.695 1432.58  97.055 89.4594 114.58 89.784 212.591  
30101 30143 37779.3 26181.9 63994.6  4327.49 4305.31 5328.87 3885.11 9194.76  657.898 641.572 765.625 620.027 1376.62  96.8697 93.9509 108.356 95.5348 200.012  
30101 30143 37779.3 26181.9 63994.6  4355.45 4335 5333.35 3927.14 9220.9  638.683 619.536 761.023 591.59 1358.89  89.0255 86.802 108.309 83.357 192.612  
30101 30143 37779.3 26181.9 63994.6  4306.78 4306.09 5302.67 3877.81 9124.58  673.306 641.953 785.303 625.976 1427.66  101.744 93.0742 114.049 97.0714 217.046  
30101 30143 37779.3 26181.9 63994.6  4334.13 4323.59 5321.62 3905.27 9179  653.284 628.659 770.804 606.143 1387.8  95.0524 88.8503 110.07 89.8632 204.33  
30101 30143 37779.3 26181.9 63994.6  4379.99 4339.58 5335.14 3954.13 9267.14  610.373 614.241 754.425 562.79 1300.79  91.7387 87.8175 111.78 84.9355 200.497  
30101 30143 37779.3 26181.9 63994.6  4329.38 4286.1 5332.73 3875.15 9225.42  656.297 657.966 762.315 628.452 1350.43  96.1848 96.6571 107.063 97.0257 194.1  
30101 30143 37779.3 26181.9 63994.6  4329.38 4286.1 5332.73 3875.15 9225.42  653.419 653.319 761.206 623.392 1348.88  99.5906 100.877 108.788 102.065 197.83  
30101 30143 37779.3 26181.9 63994.6  4372.55 4321.03 5342.15 3933.12 9281.35  618.893 624.479 753.765 577.093 1305.19  91.2745 94.8816 106.909 90.7424 186.231  
30101 30143 37779.3 26181.9 63994.6  4306.78 4306.09 5302.67 3877.81 9124.58  672.593 636.389 787.004 621.156 1434.97  101.552 97.0176 112.332 99.9405 209.881  
30101 30143 37779.3 26181.9 63994.6  4306.78 4306.09 5302.67 3877.81 9124.58  677.9 641.693 788.774 628.768 1441.11  97.1491 93.3342 110.577 94.2798 203.602  
30101 30143 37779.3 26181.9 63994.6  4334.13 4323.59 5321.62 3905.27 9179  645.035 621.848 767.471 595.481 1375.78  101.704 95.482 112.118 99.4427 211.892  
30101 30143 37779.3 26181.9 63994.6  4308.81 4275.09 5321.42 3854.04 9185.01  667.348 665.752 766.575 641.533 1368.22  105.277 99.6595 113.881 104.597 215.864  
30101 30143 37779.3 26181.9 63994.6  4344.13 4291.25 5337.08 3890.87 9253.76  647.039 657.192 758.245 620.963 1328.32  92.4606 92.7224 107.682 90.4828 191.819  
30101 30143 37779.3 26181.9 63994.6  4363.46 4321.77 5344.82 3922.6 9264.79  628.258 630.225 750.951 591.409 1314.66  91.3907 89.0681 107.2 87.6722 193.502  
30101 30143 37779.3 26181.9 63994.6  4329.38 4286.1 5332.73 3875.15 9225.42  658.572 658.767 762.949 631.03 1354.67  95.3781 96.1853 107.236 95.8034 193.23  
30101 30143 37779.3 26181.9 63994.6  4372.55 4321.03 5342.15 3933.12 9281.35  619.79 631.818 750.18 583.904 1294.83  91.4191 89.3577 110.161 86.2899 196.22  
30101 30143 37779.3 26181.9 63994.6  4348.44 4316.53 5340.39 3906.6 9235.92  633.893 630.475 750.39 597.407 1325.23  99.4768 93.8507 111.543 96.4879 208.742  
14034 14064.6 17540.5 12249.2 29748.5  8415.58 8438.26 10440.1 7405.2 17768.1  5040.15 5063.79 6318.47 4417.87 10704.4  3065.59 3047.58 3827.52 2685.61 6538.51  
14034 14064.6 17540.5 12249.2 29748.5  8415.58 8438.26 10440.1 7405.2 17768.1  5075.1 5047.14 6401.8 4403.37 10880.9  3045.95 3054.76 3819.62 2673.34 6481.97  
14034 14064.6 17540.5 12249.2 29748.5  8368.39 8404.89 10528.3 7296.67 17801.2  5093.87 5060.39 6366.56 4446.24 10867.6  3066.34 3048.87 3822.31 2689.64 6533.52  
14034 14064.6 17540.5 12249.2 29748.5  8424.78 8401.36 10573.9 7328.99 17967  5085.25 5090.32 6311.13 4480.5 10758  3036.88 3034.7 3823.05 2652.48 6490.95  
14034 14064.6 17540.5 12249.2 29748.5  8447.73 8448.7 10512 7406.72 17894.5  5070.76 5064.61 6364.79 4426.14 10813.6  3033.53 3026.12 3826.35 2643.29 6497.67  
14034 14064.6 17540.5 12249.2 29748.5  8399.75 8439.69 10508.5 7355.51 17803.7  5095.23 5075 6337.06 4469.91 10822.8  3059.65 3028.71 3840.06 2664.16 6562.07  
14034 14064.6 17540.5 12249.2 29748.5  8368.39 8404.89 10528.3 7296.67 17801.2  5053.44 5069.89 6312.93 4437.12 10718.9  3087.57 3058.16 3838.74 2707.54 6582.51  
14034 14064.6 17540.5 12249.2 29748.5  8453.93 8435.16 10492 7416.39 17902.8  5070.32 5047.48 6377.86 4410.72 10846.4  3021.32 3043.26 3815.74 2644.67 6441.5  
14034 14064.6 17540.5 12249.2 29748.5  8409.45 8427.06 10551.4 7337.5 17882.2  5071.99 5073.77 6276.79 4476.18 10715.3  3038.22 3036.02 3832.25 2649.94 6501.34  
14034 14064.6 17540.5 12249.2 29748.5  8399.75 8439.69 10508.5 7355.51 17803.7  5089.87 5068.21 6366.18 4446.48 10849.7  3057.22 3049.56 3809.86 2687.2 6501.22  
14034 14064.6 17540.5 12249.2 29748.5  8357.98 8417.14 10485 7313.97 17721.3  5082.84 5078.58 6344.28 4455.46 10800.4  3054.26 3038.04 3831.82 2667.33 6531.28  
14034 14064.6 17540.5 12249.2 29748.5  8366.79 8429.1 10436.6 7353.13 17675.7  5108.38 5079.23 6365.62 4470.86 10873.6  3057.86 3045.08 3810.35 2685.25 6508.21  
14034 14064.6 17540.5 12249.2 29748.5  8399.75 8439.69 10508.5 7355.51 17803.7  5104.28 5059.33 6351.03 4464.26 10874.3  3056.05 3034.93 3834.47 2666.39 6541.49  
14034 14064.6 17540.5 12249.2 29748.5  8424.78 8401.36 10573.9 7328.99 17967  5074.37 5091.23 6314.45 4468.22 10738.1  3062.23 3050.24 3795.19 2700.01 6495.78  
14034 14064.6 17540.5 12249.2 29748.5  8415.58 8438.26 10440.1 7405.2 17768.1  5092.66 5067.43 6352.08 4455.88 10842  3038.07 3046.69 3816.35 2663 6472.03  
14034 14064.6 17540.5 12249.2 29748.5  8399.75 8439.69 10508.5 7355.51 17803.7  5075.84 5068.73 6293.67 4468.99 10746.2  3071.64 3043.93 3829.32 2689.1 6557.37  
14034 14064.6 17540.5 12249.2 29748.5  8453.93 8435.16 10492 7416.39 17902.8  5068.29 5070.02 6372.81 4422.31 10810.3  3033.44 3046.86 3810.55 2661.4 6456.65  
14034 14064.6 17540.5 12249.2 29748.5  8424.78 8401.36 10573.9 7328.99 17967  5054.03 5055.66 6343.08 4415.41 10768  3073.54 3059.87 3799.44 2714.14 6511.74  
14034 14064.6 17540.5 12249.2 29748.5  8438.85 8437.4 10560.3 7367.9 17939  5049.25 5070.56 6276.67 4451.61 10672.7  3069.83 3039.58 3831.3 2684.19 6560.92  
14034 14064.6 17540.5 12249.2 29748.5  8447.73 8448.7 10512 7406.72 17894.5  5085.1 5055.73 6349.64 4443.84 10838.1  3051.95 3040.98 3821.47 2671.81 6512.7  
17136.9 17103.8 21535.3 14863.9 36528  8705.02 8663.04 10935 7566.3 18601.1  4562.89 4593.36 5644.27 4050.69 9610.03  2338.07 2356.68 2881.16 2090.29 4915.12  
17136.9 17103.8 21535.3 14863.9 36528  8792.42 8734.61 10956.1 7680.06 18715.8  4467.74 4481.56 5601.92 3919.87 9504.73  2348.38 2372.15 2884.79 2106.83 4921.45  
17136.9 17103.8 21535.3 14863.9 36528  8738.7 8739.12 10972.5 7619.28 18618.1  4555.89 4555.53 5623.1 4035.82 9618.78  2333.86 2347.69 2868.02 2088.49 4903.8  
17136.9 17103.8 21535.3 14863.9 36528  8675.91 8652.77 10926.3 7536 18545.2  4577.08 4598.36 5648.54 4065.35 9637.32  2341.07 2366.47 2877.23 2100.29 4905.85  
17136.9 17103.8 21535.3 14863.9 36528  8786.27 8748.08 10975.9 7670.41 18707.6  4515.6 4512.09 5603.09 3983.46 9567.37  2315.96 2337.81 2875.63 2061.12 4886.58  
17136.9 17103.8 21535.3 14863.9 36528  8831.89 8796.52 10971.7 7743 18739  4433.85 4446.66 5589.9 3874.41 9464.97  2333.53 2346.03 2884.11 2078.66 4921.29  
17136.9 17103.8 21535.3 14863.9 36528  8822.1 8849.58 10983.3 7753.49 18668.4  4470.66 4465.43 5607.9 3912.21 9536.5  2291.22 2286.13 2856.73 2019.4 4878.11  
17136.9 17103.8 21535.3 14863.9 36528  8697.29 8716.69 10949.3 7577.81 18536.8  4555.71 4534.23 5626.25 4023.02 9646.69  2351.88 2355.27 2876.27 2106.4 4939.63  
17136.9 17103.8 21535.3 14863.9 36528  8675.91 8652.77 10926.3 7536 18545.2  4523.87 4520.72 5616.4 3988.26 9587.58  2360.78 2380.11 2894.79 2117.88 4947.41  
17136.9 17103.8 21535.3 14863.9 36528  8705.02 8663.04 10935 7566.3 18601.1  4542.67 4560.93 5635.97 4017.91 9598.46  2339.87 2369.59 2882.85 2097.56 4905.49  
17136.9 17103.8 21535.3 14863.9 36528  8768.36 8749.59 10981.4 7650.14 18675.1  4524.32 4511.36 5600.44 3993.23 9583.31  2320.43 2337.43 2874.26 2066.17 4894.71  
17136.9 17103.8 21535.3 14863.9 36528  8675.91 8652.77 10926.3 7536 18545.2  4519.84 4548.72 5623.75 3994.32 9554.4  2367.56 2366.17 2889.77 2120.58 4972.28  
17136.9 17103.8 21535.3 14863.9 36528  8768.36 8749.59 10981.4 7650.14 18675.1  4544.63 4543.35 5608.44 4025.95 9595.19  2322.55 2334.84 2869.28 2069.83 4897.12  
17136.9 17103.8 21535.3 14863.9 36528  8825.63 8810.23 10991.9 7733.17 18730.7  4516.63 4513.87 5603.3 3985.61 9567.97  2275.08 2284.48 2857.06 2002.32 4847.29  
17136.9 17103.8 21535.3 14863.9 36528  8825.63 8810.23 10991.9 7733.17 18730.7  4467.07 4504.51 5599.74 3932.02 9474.81  2325.98 2328.27 2875.12 2066.96 4917.88  
17136.9 17103.8 21535.3 14863.9 36528  8735.01 8778.26 10964.7 7638.89 18556.6  4565.45 4555.95 5619.58 4047.81 9634.18  2303.09 2309.98 2870.12 2036.9 4887.91  
17136.9 17103.8 21535.3 14863.9 36528  8697.29 8716.69 10949.3 7577.81 18536.8  4546.41 4535 5629.04 4012.38 9629.86  2330.54 2350 2873.07 2083.16 4899.62  
17136.9 17103.8 21535.3 14863.9 36528  8840.66 8848.02 10977.6 7774.48 18702.2  4506.08 4502.52 5620.58 3960.51 9577.65  2291.75 2308.05 2869.53 2024.89 4866.43  
17136.9 17103.8 21535.3 14863.9 36528  8831.89 8796.52 10971.7 7743 18739  4493.39 4488.71 5605.14 3948.48 9552.05  2316.54 2338.58 2875.59 2062.35 4886.94  
17136.9 17103.8 21535.3 14863.9 36528  8786.27 8748.08 10975.9 7670.41 18707.6  4488 4514.42 5611.47 3951.93 9517.39  2331.02 2333.09 2866.36 2078.91 4913.16  
