5 33 3
5971.46 5958.64 7394.12 5234.14 12618.1  4939.34 4938.3 6105.85 4342.52 10417.9  4124.64 4103.82 5144.49 3596.34 8771.95  
34829.8 34686.2 43342.6 30387.6 73897.8  365.692 504.434 648.721 404.814 892.477  4.44668 9.21007 8.5618 7.4909 9.54844  
34829.8 34686.2 43342.6 30387.6 73897.8  366.067 507.461 649.004 406.467 890.629  4.07263 6.18358 8.33099 5.80823 11.4348  
5971.46 5958.64 7394.12 5234.14 12618.1  4947.92 4922.72 6119.77 4336.53 10468  4102.93 4126.4 5112.29 3601.63 8668.17  
32996.2 32903.6 41308.3 28684.7 70207.8  2057.82 2126.19 2518.3 1955.59 4308.08  137.021 159.639 162.529 149.446 266.365  
30223.8 30129.5 37443.5 26468 63919.2  4273.19 4350.73 5589.35 3723.58 9295.94  600.964 614.862 815.935 522.839 1343.04  
34067.9 33962 42161.5 29856.7 72003.3  1093.44 1188.95 1753.27 912.932 2685.75  37.4402 47.4295 82.4301 29.3096 107.296  
11938.1 11930 14938.1 10394.4 25363.7  7851.3 7805.59 9852.52 6815.08 16767.5  5228.06 5254.51 6486.94 4612.31 11029.7  
29462.3 29556.5 36739 25772.6 62331.2  4790.65 4731.63 6015.86 4214.37 10326.3  792.903 764.457 1043.52 678.096 1791.38  
11925.2 11851.6 14917.4 10353.1 25409.2  7891.31 7852.03 9824.54 6892.6 16765.3  5204.68 5235.85 6541.64 4551.72 11059.7  
11925.2 11851.6 14917.4 10353.1 25409.2  7804.1 7742.58 9800.53 6762.3 16692.4  5245.33 5248.18 6513.75 4613.04 11099.2  
34067.9 33962 42161.5 29856.7 72003.3  1097.64 1196.25 1774.92 912.146 2706.35  33.1498 39.8161 60.2587 30.041 86.4158  
5971.46 5958.64 7394.12 5234.14 12618.1  4947.92 4922.72 6119.77 4336.53 10468  4102.93 4126.4 5112.29 3601.63 8668.17  
0 0 0 0 0  0 0 0 0 0  0 0 0 0 0  
34829.8 34686.2 43342.6 30387.6 73897.8  365.305 507.59 649.361 405.372 889.042  4.83121 6.06559 7.93983 6.92024 12.9712  
12279.9 12315.1 15311.9 10740.5 25983.6  7987.2 8005.99 9977.96 6988.73 16934.9  5185.33 5198.72 6501.9 4534.78 11024.2  
29462.3 29556.5 36739 25772.6 62331.2  4808.96 4737.49 6057.51 4215.24 10400  777.571 759.544 1008.63 677.375 1729.77  
34829.8 34686.2 43342.6 30387.6 73897.8  365.305 507.59 649.361 405.372 889.042  4.83121 6.06559 7.93983 6.92024 12.9712  
32996.2 32903.6 41308.3 28684.7 70207.8  2070.62 2150.49 2518.53 1982.19 4306.85  124.803 135.642 161.702 124.032 267.804  
34829.8 34686.2 43342.6 30387.6 73897.8  365.449 502.909 646.645 404.761 891.672  4.67943 10.6184 10.6218 7.48225 10.392  
34067.9 33962 42161.5 29856.7 72003.3  1096.5 1198.03 1767.41 914.496 2694.52  34.5037 38.5807 68.6308 27.8337 98.8421  
32996.2 32903.6 41308.3 28684.7 70207.8  2057.5 2151.66 2522.44 1966.12 4283.36  136.469 134.211 158.625 137.718 289.615  
11925.2 11851.6 14917.4 10353.1 25409.2  7855.64 7831.87 9859.51 6828.85 16752  5227.54 5241.74 6526.46 4585.36 11083.8  
34829.8 34686.2 43342.6 30387.6 73897.8  365.326 502.804 642.665 406.306 888.17  4.80446 10.7839 14.4503 6.01357 13.7664  
34067.9 33962 42161.5 29856.7 72003.3  1096.5 1198.03 1767.41 914.496 2694.52  34.5037 38.5807 68.6308 27.8337 98.8421  
30223.8 30129.5 37443.5 26468 63919.2  4254.07 4331.78 5531.95 3722.41 9221.46  620.321 630.971 874.175 522.6 1422.39  
5971.46 5958.64 7394.12 5234.14 12618.1  4947.92 4922.72 6119.77 4336.53 10468  4095.99 4069.72 5065.47 3590.16 8673.63  
34067.9 33962 42161.5 29856.7 72003.3  1096.9 1192.62 1769.17 912.021 2703.86  33.8641 43.2711 65.6991 30.1606 88.7882  
11925.2 11851.6 14917.4 10353.1 25409.2  7891.31 7852.03 9824.54 6892.6 16765.3  5204.68 5235.85 6541.64 4551.72 11059.7  
34067.9 33962 42161.5 29856.7 72003.3  1093.44 1188.95 1753.27 912.932 2685.75  37.4402 47.4295 82.4301 29.3096 107.296  
29462.3 29556.5 36739 25772.6 62331.2  4781.57 4732.43 6055.43 4186.06 10347.1  801.346 764.804 1005.69 705.405 1769.56  
34829.8 34686.2 43342.6 30387.6 73897.8  365.692 504.434 648.721 404.814 892.477  4.44668 9.21007 8.5618 7.4909 9.54844  
29462.3 29556.5 36739 25772.6 62331.2  4787.11 4725.35 6080.35 4175.82 10392.9  788.187 767.861 982.355 705.034 1714.49  
