5 100 3
12279.9 12315.1 15311.9 10740.5 25983.6  7987.2 8005.99 9977.96 6988.73 16934.9  5185.33 5198.72 6501.9 4534.78 11024.2  
12279.9 12315.1 15311.9 10740.5 25983.6  7919.29 7974.66 9947.06 6920.18 16802  5244.18 5207.33 6541.39 4578.61 11174.4  
12279.9 12315.1 15311.9 10740.5 25983.6  8012.73 7992.45 10013.4 6990.08 17039.1  5174.92 5203.51 6450.84 4552.24 10945.4  
12279.9 12315.1 15311.9 10740.5 25983.6  7956.46 7996.11 9909.82 6986.97 16814.4  5202 5194.38 6552.23 4524.29 11114.6  
12279.9 12315.1 15311.9 10740.5 25983.6  7968.05 7984.06 10010.1 6942.44 16954.6  5221.64 5211.94 6492.92 4582.53 11073.6  
12279.9 12315.1 15311.9 10740.5 25983.6  8012.73 7992.45 10013.4 6990.08 17039.1  5186.24 5202.56 6447.37 4564.96 10966.1  
12279.9 12315.1 15311.9 10740.5 25983.6  7973.86 7994.66 9904.49 7006.49 16846.3  5228.88 5192.14 6543.99 4554.39 11164  
12279.9 12315.1 15311.9 10740.5 25983.6  7956.46 7996.11 9909.82 6986.97 16814.4  5231.19 5199.84 6554.38 4555.34 11170.1  
12279.9 12315.1 15311.9 10740.5 25983.6  7979.84 7981.61 9885.13 7015.8 16854.3  5217.53 5212.79 6536.32 4556.91 11108.4  
12279.9 12315.1 15311.9 10740.5 25983.6  7973.86 7994.66 9904.49 7006.49 16846.3  5228.88 5192.14 6543.99 4554.39 11164  
11925.2 11851.6 14917.4 10353.1 25409.2  7904.28 7921.33 9861.07 6921.5 16747.1  5177.24 5175.66 6519.69 4505.27 11052.6  
11925.2 11851.6 14917.4 10353.1 25409.2  7891.31 7852.03 9824.54 6892.6 16765.3  5215.45 5234.94 6538.33 4563.9 11079.3  
11925.2 11851.6 14917.4 10353.1 25409.2  7874.54 7888.88 9878.87 6866.36 16743  5198.17 5162.58 6478.41 4540.76 11068.5  
11925.2 11851.6 14917.4 10353.1 25409.2  7839.64 7833.22 9864.42 6810.81 16722.9  5241.88 5263.77 6516.34 4615.96 11076.8  
11925.2 11851.6 14917.4 10353.1 25409.2  7804.1 7742.58 9800.53 6762.3 16692.4  5245.33 5248.18 6513.75 4613.04 11099.2  
11925.2 11851.6 14917.4 10353.1 25409.2  7861.13 7819.81 9841.73 6837.44 16759.3  5238.35 5260 6511.83 4612.88 11069.5  
11925.2 11851.6 14917.4 10353.1 25409.2  7839.64 7833.22 9864.42 6810.81 16722.9  5233.28 5217.71 6492.18 4596.69 11088.9  
11925.2 11851.6 14917.4 10353.1 25409.2  7891.31 7852.03 9824.54 6892.6 16765.3  5204.68 5235.85 6541.64 4551.72 11059.7  
11925.2 11851.6 14917.4 10353.1 25409.2  7875.49 7817.93 9780.2 6882.12 16728.2  5221.12 5222.84 6520.62 4572.65 11087  
11925.2 11851.6 14917.4 10353.1 25409.2  7855.64 7831.87 9859.51 6828.85 16752  5227.54 5241.74 6526.46 4585.36 11083.8  
34829.8 34686.2 43342.6 30387.6 73897.8  365.692 504.434 648.721 404.814 892.477  4.44668 9.21007 8.5618 7.4909 9.54844  
34829.8 34686.2 43342.6 30387.6 73897.8  365.449 502.909 646.645 404.761 891.672  4.67943 10.6184 10.6218 7.48225 10.392  
34829.8 34686.2 43342.6 30387.6 73897.8  365.326 502.804 642.665 406.306 888.17  4.79052 10.6721 14.4695 5.95642 13.8203  
34829.8 34686.2 43342.6 30387.6 73897.8  365.688 508.265 646.286 407.511 886.703  4.45429 5.41888 10.9935 4.80928 15.2894  
34829.8 34686.2 43342.6 30387.6 73897.8  365.326 502.804 642.665 406.306 888.17  4.80446 10.7839 14.4503 6.01357 13.7664  
34829.8 34686.2 43342.6 30387.6 73897.8  365.326 502.804 642.665 406.306 888.17  4.79375 10.7336 14.381 6.00385 13.7327  
34829.8 34686.2 43342.6 30387.6 73897.8  365.449 502.909 646.645 404.761 891.672  4.68314 10.6818 10.5623 7.54214 10.3298  
34829.8 34686.2 43342.6 30387.6 73897.8  366.067 507.461 649.004 406.467 890.629  4.07263 6.18358 8.33099 5.80823 11.4348  
34829.8 34686.2 43342.6 30387.6 73897.8  365.326 502.804 642.665 406.306 888.17  4.81318 10.8014 14.562 5.99903 13.843  
34829.8 34686.2 43342.6 30387.6 73897.8  365.305 507.59 649.361 405.372 889.042  4.83121 6.06559 7.93983 6.92024 12.9712  
5971.46 5958.64 7394.12 5234.14 12618.1  4966.67 4952.49 6194.39 4332.74 10546.9  4119.74 4120.21 5155.82 3593.83 8754.03  
5971.46 5958.64 7394.12 5234.14 12618.1  4928.89 4915.83 6076.46 4335.62 10393.4  4126.41 4107.61 5149.45 3597.5 8776.11  
5971.46 5958.64 7394.12 5234.14 12618.1  4947.92 4922.72 6119.77 4336.53 10468  4095.99 4069.72 5065.47 3590.16 8673.63  
5971.46 5958.64 7394.12 5234.14 12618.1  4966.67 4952.49 6194.39 4332.74 10546.9  4100.02 4101.92 5072.62 3606.58 8650.91  
5971.46 5958.64 7394.12 5234.14 12618.1  4947.92 4922.72 6119.77 4336.53 10468  4102.93 4126.4 5112.29 3601.63 8668.17  
5971.46 5958.64 7394.12 5234.14 12618.1  4939.34 4938.3 6105.85 4342.52 10417.9  4124.64 4103.82 5144.49 3596.34 8771.95  
5971.46 5958.64 7394.12 5234.14 12618.1  4947.92 4922.72 6119.77 4336.53 10468  4110.31 4093.99 5096.65 3600.96 8705.78  
5971.46 5958.64 7394.12 5234.14 12618.1  4957.89 4967.83 6180.82 4338.22 10497  4113.1 4080.79 5108.25 3591.52 8738.84  
5971.46 5958.64 7394.12 5234.14 12618.1  4930.68 4893.55 6082.33 4323.52 10429.4  4124.55 4129.83 5143.98 3609.28 8740.42  
5971.46 5958.64 7394.12 5234.14 12618.1  4947.92 4922.72 6119.77 4336.53 10468  4095.99 4069.72 5065.47 3590.16 8673.63  
11938.1 11930 14938.1 10394.4 25363.7  7817.5 7865.71 9829.23 6822.3 16603.8  5245.02 5226.16 6521.22 4598.12 11132.6  
11938.1 11930 14938.1 10394.4 25363.7  7835.3 7806.93 9857.42 6797.08 16738.3  5227.98 5247.02 6515.04 4594.21 11067  
11938.1 11930 14938.1 10394.4 25363.7  7855.85 7886.45 9850.84 6860.48 16679.3  5232 5219.12 6513.89 4585.19 11107  
11938.1 11930 14938.1 10394.4 25363.7  7817.5 7865.71 9829.23 6822.3 16603.8  5207.35 5198.45 6527.63 4542.89 11095.3  
11938.1 11930 14938.1 10394.4 25363.7  7874.74 7908.12 9819.23 6906.22 16660  5208.93 5220.61 6501.52 4568.83 11045.5  
11938.1 11930 14938.1 10394.4 25363.7  7851.3 7805.59 9852.52 6815.08 16767.5  5178.96 5227.26 6496.96 4543.78 10972.2  
11938.1 11930 14938.1 10394.4 25363.7  7817.5 7865.71 9829.23 6822.3 16603.8  5209.74 5228.5 6492.58 4577.98 11028.7  
11938.1 11930 14938.1 10394.4 25363.7  7851.3 7805.59 9852.52 6815.08 16767.5  5228.06 5254.51 6486.94 4612.31 11029.7  
11938.1 11930 14938.1 10394.4 25363.7  7899.9 7894.74 9854.03 6907.55 16762.5  5179.59 5188.66 6519.22 4514.38 11041.7  
11938.1 11930 14938.1 10394.4 25363.7  7883.32 7896.13 9859.11 6888.89 16732.3  5185.17 5188.19 6517.49 4520.62 11051.9  
0 0 0 0 0  0 0 0 0 0  0 0 0 0 0  
0 0 0 0 0  0 0 0 0 0  0 0 0 0 0  
0 0 0 0 0  0 0 0 0 0  0 0 0 0 0  
0 0 0 0 0  0 0 0 0 0  0 0 0 0 0  
0 0 0 0 0  0 0 0 0 0  0 0 0 0 0  
0 0 0 0 0  0 0 0 0 0  0 0 0 0 0  
0 0 0 0 0  0 0 0 0 0  0 0 0 0 0  
0 0 0 0 0  0 0 0 0 0  0 0 0 0 0  
0 0 0 0 0  0 0 0 0 0  0 0 0 0 0  
0 0 0 0 0  0 0 0 0 0  0 0 0 0 0  
30223.8 30129.5 37443.5 26468 63919.2  4246.58 4292.44 5510.79 3706.11 9231.71  624.78 662.525 884.279 537.102 1404.21  
30223.8 30129.5 37443.5 26468 63919.2  4274.56 4351.15 5623.03 3709.26 9331.81  598.524 611.704 783.774 534.298 1309.61  
30223.8 30129.5 37443.5 26468 63919.2  4254.07 4331.78 5531.95 3722.41 9221.46  616.932 624.507 864.947 520.249 1414.04  
30223.8 30129.5 37443.5 26468 63919.2  4274.56 4351.15 5623.03 3709.26 9331.81  598.524 611.704 783.774 534.298 1309.61  
30223.8 30129.5 37443.5 26468 63919.2  4273.19 4350.73 5589.35 3723.58 9295.94  600.964 614.862 815.935 522.839 1343.04  
30223.8 30129.5 37443.5 26468 63919.2  4273.19 4350.73 5589.35 3723.58 9295.94  599.909 609.271 812.849 520.551 1344.57  
30223.8 30129.5 37443.5 26468 63919.2  4274.8 4331.25 5594.38 3713.54 9327.57  600.623 629.496 813.622 530.729 1322.64  
30223.8 30129.5 37443.5 26468 63919.2  4254.07 4331.78 5531.95 3722.41 9221.46  620.321 630.971 874.175 522.6 1422.39  
30223.8 30129.5 37443.5 26468 63919.2  4246.58 4292.44 5510.79 3706.11 9231.71  626.09 665.517 888.463 537.946 1407.48  
30223.8 30129.5 37443.5 26468 63919.2  4253.82 4352.37 5561.59 3717.97 9225.85  617.519 613.464 839.309 527.658 1402.41  
29462.3 29556.5 36739 25772.6 62331.2  4790.65 4731.63 6015.86 4214.37 10326.3  790.715 764.526 1031.47 681.532 1774.16  
29462.3 29556.5 36739 25772.6 62331.2  4808.96 4737.49 6057.51 4215.24 10400  770.909 758.798 996.66 676.013 1704.22  
29462.3 29556.5 36739 25772.6 62331.2  4808.96 4737.49 6057.51 4215.24 10400  777.571 759.544 1008.63 677.375 1729.77  
29462.3 29556.5 36739 25772.6 62331.2  4803.89 4731.15 6085.5 4193.13 10426  782.646 765.879 980.645 699.481 1703.8  
29462.3 29556.5 36739 25772.6 62331.2  4787.11 4725.35 6080.35 4175.82 10392.9  788.187 767.861 982.355 705.034 1714.49  
29462.3 29556.5 36739 25772.6 62331.2  4781.57 4732.43 6055.43 4186.06 10347.1  798.909 762.615 996.797 706.203 1757.86  
29462.3 29556.5 36739 25772.6 62331.2  4781.57 4732.43 6055.43 4186.06 10347.1  801.346 764.804 1005.69 705.405 1769.56  
29462.3 29556.5 36739 25772.6 62331.2  4808.96 4737.49 6057.51 4215.24 10400  778.978 759.339 1002.05 681.84 1726.26  
29462.3 29556.5 36739 25772.6 62331.2  4790.65 4731.63 6015.86 4214.37 10326.3  792.903 764.457 1043.52 678.096 1791.38  
29462.3 29556.5 36739 25772.6 62331.2  4817.55 4722.85 6071.07 4209.92 10449.8  772.583 770.446 994.92 684.54 1692.06  
32996.2 32903.6 41308.3 28684.7 70207.8  2065.76 2134.99 2513.89 1971.38 4309.65  128.508 149.694 166.701 132.51 264.5  
32996.2 32903.6 41308.3 28684.7 70207.8  2057.82 2126.19 2518.3 1955.59 4308.08  137.021 159.639 162.529 149.446 266.365  
32996.2 32903.6 41308.3 28684.7 70207.8  2057.82 2126.19 2518.3 1955.59 4308.08  136.786 158.948 162.728 148.651 266.762  
32996.2 32903.6 41308.3 28684.7 70207.8  2057.5 2151.66 2522.44 1966.12 4283.36  136.469 134.211 158.625 137.718 289.615  
32996.2 32903.6 41308.3 28684.7 70207.8  2069.1 2153.9 2523.25 1979.63 4304.84  125.743 131.928 157.579 125.402 269.602  
32996.2 32903.6 41308.3 28684.7 70207.8  2070.62 2150.49 2518.53 1982.19 4306.85  124.803 135.642 161.702 124.032 267.804  
32996.2 32903.6 41308.3 28684.7 70207.8  2067.07 2141.3 2521.89 1971.62 4313.4  127.622 145.316 159.109 133.525 260.069  
32996.2 32903.6 41308.3 28684.7 70207.8  2052.14 2129.86 2524.11 1947.95 4298.59  142.129 154.824 156.487 155.941 275.566  
32996.2 32903.6 41308.3 28684.7 70207.8  2065.76 2134.99 2513.89 1971.38 4309.65  128.849 151.237 166.603 133.748 263.572  
32996.2 32903.6 41308.3 28684.7 70207.8  2045.17 2127.32 2522.07 1940.08 4285.42  147.163 156.612 158.898 160.675 286.262  
34067.9 33962 42161.5 29856.7 72003.3  1097.64 1196.25 1774.92 912.146 2706.35  33.1498 39.8161 60.2587 30.041 86.4158  
34067.9 33962 42161.5 29856.7 72003.3  1096.88 1198.19 1778.25 910.983 2705.18  33.9719 38.4383 57.499 31.3056 87.5103  
34067.9 33962 42161.5 29856.7 72003.3  1096.88 1198.19 1778.25 910.983 2705.18  33.9491 38.3173 57.3049 31.3015 87.4288  
34067.9 33962 42161.5 29856.7 72003.3  1096.5 1198.03 1767.41 914.496 2694.52  34.5037 38.5807 68.6308 27.8337 98.8421  
34067.9 33962 42161.5 29856.7 72003.3  1092.34 1196.52 1755 914.331 2675.25  38.3916 39.7979 79.611 28.0172 116.583  
34067.9 33962 42161.5 29856.7 72003.3  1094.64 1187.32 1761.03 910.608 2697.72  36.2809 49.0065 74.9362 31.5531 95.7214  
34067.9 33962 42161.5 29856.7 72003.3  1096.9 1192.62 1769.17 912.021 2703.86  33.8641 43.2711 65.6991 30.1606 88.7882  
34067.9 33962 42161.5 29856.7 72003.3  1091.56 1192.77 1749.05 914.202 2672.68  39.0424 43.0784 85.157 27.9865 119.16  
34067.9 33962 42161.5 29856.7 72003.3  1093.44 1188.95 1753.27 912.932 2685.75  37.4402 47.4295 82.4301 29.3096 107.296  
34067.9 33962 42161.5 29856.7 72003.3  1089.61 1181.85 1742.54 910.184 2675.78  40.9829 54.2221 91.5832 32.0804 115.623  
