4 18 5
6901.91 12060.5 13721.4 5156.3  4271.86 7464.98 8477.95 3190.45  2655.59 4625.35 5289.99 1997.92  1650.41 2908.24 3359.5 1244.43  1024.96 1799.75 2072.85 773.281  
6901.91 12060.5 13721.4 5156.3  4256.68 7443.85 8429.17 3171.59  2655.59 4626.5 5284.61 1995.97  1651.56 2911.6 3355.94 1243.12  1028.79 1796.18 2080.34 781.303  
6901.91 12060.5 13721.4 5156.3  4266.43 7485.23 8512.73 3183.24  2646.4 4623.27 5259.54 1980.83  1656.95 2889.67 3349.88 1258.57  1024.32 1787.46 2051.59 773.264  
6901.91 12060.5 13721.4 5156.3  4256.68 7443.85 8429.17 3171.59  2663.56 4671.41 5381.42 2007.2  1644.77 2878.57 3286.95 1234.36  1029.2 1806.48 2098.51 781.206  
6901.91 12060.5 13721.4 5156.3  4283.97 7476.02 8540.04 3214.36  2656.71 4646.71 5318.43 1995.76  1644.03 2872.3 3279.97 1234.89  1015.32 1798.4 2056.53 759.074  
6901.91 12060.5 13721.4 5156.3  4280.96 7475.7 8514.91 3204.71  2641.74 4658.81 5340.1 1978.64  1652.21 2891.49 3326.53 1246.33  1024.6 1779.65 2038.58 774.126  
6360.07 11088 12642.4 4763.84  4117.37 7155.41 8199.91 3101.8  2690.96 4704.8 5355.44 2013.77  1750.85 3073.76 3507.17 1310.87  1138.52 2024.58 2314.77 849.107  
6360.07 11088 12642.4 4763.84  4126.95 7234.59 8285.91 3095.07  2685.65 4670.96 5334.27 2019.33  1748.08 3053.86 3490.36 1313.37  1135.33 1991.02 2284.25 854.33  
6360.07 11088 12642.4 4763.84  4127.03 7243.87 8249.46 3081.16  2683.84 4692.84 5335.37 2006.71  1747.52 3059.46 3495.05 1311.21  1140.26 1994.86 2309.89 864.552  
6360.07 11088 12642.4 4763.84  4123.64 7214.11 8180.85 3074.6  2687.18 4716.56 5427.87 2022.37  1744.88 3036.64 3494.95 1319.65  1137.31 2004.96 2311.01 856.484  
6360.07 11088 12642.4 4763.84  4123.64 7214.11 8180.85 3074.6  2688.77 4684.48 5362.03 2023.26  1744.7 3073.18 3555.21 1316.65  1136.81 2003.4 2312.97 857.22  
6360.07 11088 12642.4 4763.84  4129.41 7185.46 8185.42 3096.44  2683.01 4713.13 5357.46 2001.42  1750.67 3073.1 3540.74 1319.63  1137.13 2008.83 2317.63 856.066  
1441.22 2529.17 2906.76 1082.02  1321.33 2329.76 2670.11 987.984  1230.41 2150.59 2458.12 922.27  1108.39 1950.11 2253.03 834.493  1032.4 1818.2 2080.97 771.957  
1441.22 2529.17 2906.76 1082.02  1323.06 2320.84 2671.73 994.771  1225.27 2151.18 2460.81 916.98  1108.66 1950.76 2252.69 834.376  1041.8 1819.13 2081.96 782.166  
1441.22 2529.17 2906.76 1082.02  1330.43 2336.33 2674.4 995.901  1203.81 2118.66 2448.22 906.187  1133.61 1981.03 2262.28 849.373  1043.14 1822.98 2081.63 781.638  
1441.22 2529.17 2906.76 1082.02  1321.79 2308.03 2661.84 997.215  1226.23 2155 2457.93 915.39  1126.14 1967.03 2260.21 847.56  1036.78 1811.16 2079.91 780.047  
1441.22 2529.17 2906.76 1082.02  1323.06 2320.84 2671.73 994.771  1223.36 2136.78 2455.49 920.67  1114.17 1962.25 2258.65 836.288  1033.71 1812.08 2081.86 776.707  
1441.22 2529.17 2906.76 1082.02  1327.66 2330.15 2674.84 996.03  1229.9 2150.56 2457.75 921.628  1119.83 1954.9 2253.44 844.876  1038.14 1822.91 2083.93 776.733  
