2 22 22 2
500 200
2200 1000 
1518.23 322.98 1
0.0690567 1 10
1144.02
1147.47
1142.47
1141.49
1141.23
1144.65
1143.49
1143.82
1150.39
1145.09
1141.22
1141.32
1143.38
1142.66
1143.59
1147.11
1142.65
1147.59
1141.44
1143.75
1147.25
1143.55
46.0229 -0.26389
46.5102 1.85913
45.7077 1.27469
45.4022 0.25289
44.8493 0.69898
43.9745 -0.16624
44.0757 0.86114
44.8813 -0.88727
46.9755 -0.35489
43.838 0.02012
45.2964 0.5151
45.1132 0.18934
44.8381 1.99282
44.9029 1.76395
46.1238 0.6391
46.5493 1.60631
45.5352 1.59954
43.6154 -0.52065
45.344 0.23096
44.0235 0.8768
43.6654 -0.51774
45.6561 1.84901
46.6958 -1.42972
44.1931 2.0071
