2 50 2
10851.5 28993.1  6514.49 17455.7  
14142.7 37749.9  6815.63 18122.3  
11430.8 30467.7  6620.07 17702.1  
26863 71848.7  399.613 860.838  
14142.7 37749.9  6794.94 18126.2  
12433.3 33373.8  6770.53 18058.5  
11113.2 29745.6  6614.01 17559.3  
11113.2 29745.6  6614.01 17559.3  
12433.3 33373.8  6770.53 18058.5  
18384.9 49276.7  6021.14 15920.3  
18384.9 49276.7  6021.14 15920.3  
23148.3 61536.8  3494.11 9455.46  
12433.3 33373.8  6761.86 18028.6  
23148.3 61536.8  3486.4 9481.88  
14149.6 37747.5  6812.69 18119.2  
18384.9 49276.7  5985.93 15879  
10851.5 28993.1  6533.05 17347.3  
11430.8 30467.7  6589.14 17689.9  
18384.9 49276.7  5998.37 15842.4  
23148.3 61536.8  3482.22 9354.08  
11113.2 29745.6  6570.92 17584.2  
11113.2 29745.6  6601.57 17596  
11113.2 29745.6  6601.57 17596  
18384.9 49276.7  6021.68 15916.3  
11430.8 30467.7  6614.49 17621.6  
18384.9 49276.7  6021.14 15920.3  
11430.8 30467.7  6627.1 17580.1  
18384.9 49276.7  5993.65 15905.4  
12433.3 33373.8  6759.85 18042.1  
14142.7 37749.9  6790.52 18035.3  
26863 71848.7  400.818 860.245  
26863 71848.7  402.229 859.381  
26863 71848.7  400.818 860.245  
11113.2 29745.6  6570.92 17584.2  
10851.5 28993.1  6537.31 17434.7  
10334.9 27512.8  6420.38 17032.9  
11113.2 29745.6  6604.61 17539.6  
11113.2 29745.6  6604.61 17539.6  
12433.3 33373.8  6769.86 18063  
23148.3 61536.8  3494.11 9455.46  
10851.5 28993.1  6537.31 17434.7  
10334.9 27512.8  6420.38 17032.9  
11430.8 30467.7  6620.07 17702.1  
12433.3 33373.8  6759.85 18042.1  
10334.9 27512.8  6398.59 17058.2  
26863 71848.7  401.512 861.249  
11430.8 30467.7  6614.49 17621.6  
14149.6 37747.5  6791.38 18127.5  
18384.9 49276.7  5924.91 15774.3  
11430.8 30467.7  6632.72 17665.5  
