2 150 2
10334.9 27512.8  6393.46 16976.4  
10334.9 27512.8  6413.3 17155.8  
10334.9 27512.8  6367.8 16911.8  
10334.9 27512.8  6426 17115.9  
10334.9 27512.8  6398.59 17058.2  
10334.9 27512.8  6413.3 17155.8  
10334.9 27512.8  6413.95 17151.6  
10334.9 27512.8  6386.04 17092.9  
10334.9 27512.8  6420.38 17032.9  
10334.9 27512.8  6393.46 16976.4  
10334.9 27512.8  6398.59 17058.2  
10334.9 27512.8  6420.38 17032.9  
10334.9 27512.8  6413.95 17151.6  
10334.9 27512.8  6420.38 17032.9  
10334.9 27512.8  6367.8 16911.8  
23148.3 61536.8  3482.57 9351.99  
23148.3 61536.8  3493.03 9461.94  
23148.3 61536.8  3498.02 9472.67  
23148.3 61536.8  3494.11 9455.46  
23148.3 61536.8  3487.5 9475.27  
23148.3 61536.8  3482.22 9354.08  
23148.3 61536.8  3493.03 9461.94  
23148.3 61536.8  3498.38 9470.51  
23148.3 61536.8  3498.02 9472.67  
23148.3 61536.8  3487.5 9475.27  
23148.3 61536.8  3494.11 9455.46  
23148.3 61536.8  3493.03 9461.94  
23148.3 61536.8  3494.11 9455.46  
23148.3 61536.8  3491.48 9492.79  
23148.3 61536.8  3486.4 9481.88  
14149.6 37747.5  6789.36 18140.7  
14149.6 37747.5  6806.09 18035.7  
14149.6 37747.5  6812.69 18119.2  
14149.6 37747.5  6812.69 18119.2  
14149.6 37747.5  6791.38 18127.5  
14149.6 37747.5  6768.34 18144.8  
14149.6 37747.5  6806.74 18031.4  
14149.6 37747.5  6767.65 18149.3  
14149.6 37747.5  6806.09 18035.7  
14149.6 37747.5  6789.36 18140.7  
14149.6 37747.5  6768.34 18144.8  
14149.6 37747.5  6799.89 18157  
14149.6 37747.5  6783.66 18058.2  
14149.6 37747.5  6806.09 18035.7  
14149.6 37747.5  6799.21 18161.4  
10851.5 28993.1  6463.12 17291  
10851.5 28993.1  6537.31 17434.7  
10851.5 28993.1  6515.13 17451.4  
10851.5 28993.1  6463.12 17291  
10851.5 28993.1  6545.51 17463.1  
10851.5 28993.1  6489.44 17369  
10851.5 28993.1  6514.49 17455.7  
10851.5 28993.1  6549.79 17398.9  
10851.5 28993.1  6533.05 17347.3  
10851.5 28993.1  6545.51 17463.1  
10851.5 28993.1  6463.12 17291  
10851.5 28993.1  6533.05 17347.3  
10851.5 28993.1  6514.49 17455.7  
10851.5 28993.1  6489.44 17369  
10851.5 28993.1  6545.51 17463.1  
18384.9 49276.7  6021.14 15920.3  
18384.9 49276.7  5985.93 15879  
18384.9 49276.7  5993.65 15905.4  
18384.9 49276.7  5993.11 15909.5  
18384.9 49276.7  5998.37 15842.4  
18384.9 49276.7  5924.91 15774.3  
18384.9 49276.7  5993.65 15905.4  
18384.9 49276.7  5974.53 15772.4  
18384.9 49276.7  5998.37 15842.4  
18384.9 49276.7  5949.03 15850.8  
18384.9 49276.7  5945.68 15759.1  
18384.9 49276.7  6021.68 15916.3  
18384.9 49276.7  5949.03 15850.8  
18384.9 49276.7  5948.48 15854.9  
18384.9 49276.7  5941.17 15823.9  
11113.2 29745.6  6601.57 17596  
11113.2 29745.6  6604.61 17539.6  
11113.2 29745.6  6614.01 17559.3  
11113.2 29745.6  6601.57 17596  
11113.2 29745.6  6512.18 17503.3  
11113.2 29745.6  6604.61 17539.6  
11113.2 29745.6  6570.92 17584.2  
11113.2 29745.6  6614.01 17559.3  
11113.2 29745.6  6561.19 17563.8  
11113.2 29745.6  6546.13 17462.9  
11113.2 29745.6  6571.59 17579.9  
11113.2 29745.6  6546.13 17462.9  
11113.2 29745.6  6514.52 17448.9  
11113.2 29745.6  6570.92 17584.2  
11113.2 29745.6  6571.59 17579.9  
12433.3 33373.8  6720.19 17996.5  
12433.3 33373.8  6761.86 18028.6  
12433.3 33373.8  6759.85 18042.1  
12433.3 33373.8  6759.85 18042.1  
12433.3 33373.8  6711.37 17966.1  
12433.3 33373.8  6770.53 18058.5  
12433.3 33373.8  6802.12 18070.7  
12433.3 33373.8  6720.19 17996.5  
12433.3 33373.8  6770.53 18058.5  
12433.3 33373.8  6709.33 17979.9  
12433.3 33373.8  6793.59 18041.3  
12433.3 33373.8  6761.86 18028.6  
12433.3 33373.8  6769.86 18063  
12433.3 33373.8  6770.53 18058.5  
12433.3 33373.8  6711.37 17966.1  
14142.7 37749.9  6807.91 18089  
14142.7 37749.9  6794.94 18126.2  
14142.7 37749.9  6815.63 18122.3  
14142.7 37749.9  6802.8 18160.2  
14142.7 37749.9  6805.96 18102  
14142.7 37749.9  6777.24 18071.6  
14142.7 37749.9  6790.52 18035.3  
14142.7 37749.9  6771.89 18143.5  
14142.7 37749.9  6771.22 18148.1  
14142.7 37749.9  6815.63 18122.3  
14142.7 37749.9  6807.91 18089  
14142.7 37749.9  6815.63 18122.3  
14142.7 37749.9  6802.8 18160.2  
14142.7 37749.9  6794.94 18126.2  
14142.7 37749.9  6815.63 18122.3  
26863 71848.7  399.536 860.934  
26863 71848.7  402.304 859.289  
26863 71848.7  401.623 858.303  
26863 71848.7  397.959 854.474  
26863 71848.7  397.959 854.474  
26863 71848.7  401.623 858.303  
26863 71848.7  397.728 857.488  
26863 71848.7  399.613 860.838  
26863 71848.7  402.229 859.381  
26863 71848.7  397.728 857.488  
26863 71848.7  398.908 859.817  
26863 71848.7  400.818 860.245  
26863 71848.7  400.818 860.245  
26863 71848.7  397.959 854.474  
26863 71848.7  401.512 861.249  
11430.8 30467.7  6620.07 17702.1  
11430.8 30467.7  6632.72 17665.5  
11430.8 30467.7  6627.1 17580.1  
11430.8 30467.7  6642.16 17685.3  
11430.8 30467.7  6622.05 17689.2  
11430.8 30467.7  6589.14 17689.9  
11430.8 30467.7  6620.07 17702.1  
11430.8 30467.7  6629.68 17722.3  
11430.8 30467.7  6589.14 17689.9  
11430.8 30467.7  6636.37 17599.6  
11430.8 30467.7  6642.16 17685.3  
11430.8 30467.7  6589.14 17689.9  
11430.8 30467.7  6614.49 17621.6  
11430.8 30467.7  6629.68 17722.3  
11430.8 30467.7  6636.37 17599.6  
