3 22 22 4
500 200
2200 1000 2200 
1518.23 322.98 1
0.0690567 1 10
881
882.997
883.966
884.551
883.846
882.342
881.256
880.531
888.423
880.393
890.267
883.155
880.929
880.566
883.965
884.032
885.026
881.537
880.422
886.329
883.112
880.811
46.2183 -0.26365
45.2747 2.02775
44.7803 -1.49986
47.0116 1.66809
46.6328 -1.42793
44.5546 0.08952
45.1087 -0.46351
45.7687 0.72096
43.4707 1.03338
45.8351 0.27328
43.4073 1.79317
46.7695 -0.89432
45.6427 1.12546
45.7669 0.77018
44.6655 1.87244
46.9138 -1.09142
46.9534 1.97415
45.9528 -0.93934
45.5355 0.46075
43.7349 0.60718
46.8788 -0.60682
45.7563 1.02658
45.4026 1.44717
45.2873 -0.75256
44.7444 0.57212
