3 66 4
36271.2 36318.3 16111.7  4115.51 4076.66 1826.33  460.798 452.525 213.772  50.9275 51.1037 24.8514  
407.023 404.661 181.569  400.729 395.815 178.626  398.65 396.087 177.929  392.267 390.533 176.165  
26475.9 26539.7 11643.1  9308.67 9264.82 4143.07  3317.76 3292.14 1531.73  1166.5 1174.28 554.861  
26418.7 26552.3 11679.1  9291.73 9289.64 4150.79  3369.52 3286.57 1515.57  1174.54 1151.26 531.342  
15521.1 15449.3 6842.5  9571.24 9570.09 4197.51  5985.38 6022.19 2671.86  3712.67 3688.16 1674.22  
36271.2 36318.3 16111.7  4086.28 4052.74 1834.91  486.259 474.557 206.078  53.7212 52.515 23.9829  
30644.4 30592.3 13563.1  7673.35 7654.48 3426.85  1932.89 1988.92 878.901  487.547 498.205 233.064  
26475.9 26539.7 11643.1  9369.53 9309.29 4218.02  3260.71 3266.16 1468.87  1159.25 1156.21 538.386  
15521.1 15449.3 6842.5  9609.32 9554.98 4283.69  5983.09 6013.48 2673.55  3692.01 3717.14 1621.71  
30644.4 30592.3 13563.1  7679.65 7724.15 3435.6  1928.17 1936.81 872.411  488.063 485.39 228.032  
13474.2 13447 5981.64  9017.83 8950.43 4002.51  6049.33 6101.5 2678.39  4071.18 4061.98 1814.5  
36271.2 36318.3 16111.7  4111.68 4069.56 1834.98  462.585 459.777 205.61  52.2793 50.6064 24.4955  
36271.2 36318.3 16111.7  4111.68 4069.56 1834.98  462.585 459.777 205.61  52.2793 50.6064 24.4955  
13474.2 13447 5981.64  9017.83 8950.43 4002.51  6049.33 6101.5 2678.39  4071.18 4061.98 1814.5  
21248 21155.9 9388.73  10189.6 10198 4500.44  4912.92 4959.9 2213.81  2359.05 2381.74 1063.57  
21248 21155.9 9388.73  10200.7 10255.8 4535.81  4902.74 4921.43 2205.93  2360.83 2370.1 1062.42  
407.023 404.661 181.569  400.049 397.042 179.565  396.097 393.149 177.773  391.858 391.251 176.058  
15521.1 15449.3 6842.5  9571.24 9570.09 4197.51  5991.6 6012.24 2673.28  3717.44 3742.96 1671.47  
26418.7 26552.3 11679.1  9357.29 9310.37 4153.16  3286.14 3257.81 1505.84  1180.7 1152.94 539.969  
21248 21155.9 9388.73  10181.8 10245.2 4501.85  4898.46 4862.99 2199.41  2375 2410.03 1078.31  
26475.9 26539.7 11643.1  9342.25 9315.27 4184.14  3258.79 3260.32 1482.6  1180.74 1160.95 555.829  
15521.1 15449.3 6842.5  9609.32 9554.98 4283.69  5986.73 6005.9 2658.7  3711.36 3730.61 1664.4  
36532 36730 16060.8  3896.45 3746.17 1868.06  428.008 385.45 224.239  43.3324 38.8176 23.6183  
26475.9 26539.7 11643.1  9320.27 9318.52 4176.15  3299.91 3273.74 1508.1  1158.8 1144.67 537.249  
407.023 404.661 181.569  402.307 401.958 179.771  397.967 394.231 177.507  395.472 392.191 175.406  
21248 21155.9 9388.73  10202.4 10220.6 4559.68  4887.8 4875.57 2169.75  2365.46 2413.79 1055.82  
21248 21155.9 9388.73  10199.6 10189.2 4555.74  4903.31 4955.92 2195.6  2361.11 2386.72 1057.45  
21248 21155.9 9388.73  10200.7 10255.8 4535.81  4902.74 4921.43 2205.93  2360.83 2370.1 1062.42  
26475.9 26539.7 11643.1  9337.23 9328.28 4207.6  3302.87 3269.7 1502.15  1153.32 1146.54 530.588  
36271.2 36318.3 16111.7  4090.26 4074.18 1816.7  481.553 455.661 221.703  54.65 50.2082 26.522  
21063.7 21050.8 9438.72  10257.5 10196.3 4538.6  4860.13 4899.66 2168.77  2433.84 2456.43 1054.29  
26475.9 26539.7 11643.1  9299.11 9279.92 4140.87  3327.6 3301.08 1545.17  1162.72 1150.75 539.213  
26475.9 26539.7 11643.1  9286.04 9309.65 4162.41  3314.46 3265.88 1504.04  1179.61 1154.26 551.616  
26475.9 26539.7 11643.1  9277.54 9283.11 4133.02  3345.13 3293.47 1551.08  1170.76 1157.98 546.103  
36532 36730 16060.8  3876.9 3737.71 1859.26  444.481 393.192 231.631  45.7775 39.4996 24.8635  
407.023 404.661 181.569  401.96 398.183 179.298  400.095 397.887 177.579  395.454 392.192 175.41  
26418.7 26552.3 11679.1  9388.26 9300.75 4212.35  3269.94 3269.82 1461.19  1170.61 1152.32 524.303  
26418.7 26552.3 11679.1  9379.37 9307.12 4161.11  3272.01 3259.91 1500.75  1180.89 1157.2 534.206  
21248 21155.9 9388.73  10202.4 10220.6 4559.68  4897.7 4894.22 2187.88  2353.48 2366.47 1052.77  
21063.7 21050.8 9438.72  10062.2 10072.8 4510.9  5075.43 5062.01 2194.14  2391.43 2393.22 1052.96  
36532 36730 16060.8  3910.86 3749.75 1874.28  409.871 380.101 213.629  46.4322 40.4848 27.6785  
26475.9 26539.7 11643.1  9337.23 9328.28 4207.6  3302.87 3269.7 1502.15  1153.32 1146.54 530.588  
407.023 404.661 181.569  402.634 399.996 179.712  398.631 396.045 177.918  394.007 390.356 175.735  
21248 21155.9 9388.73  10181.8 10245.2 4501.85  4903.88 4886.58 2190.95  2360.97 2357.84 1080.99  
36532 36730 16060.8  3852.22 3724.37 1847.87  462.446 403.852 239.787  52.4128 42.0669 28.192  
13474.2 13447 5981.64  9002.27 8977.24 4022.91  6047.85 6042.13 2696.19  4070.1 4054.56 1797.85  
15521.1 15449.3 6842.5  9571.24 9570.09 4197.51  5991.6 6012.24 2673.28  3717.44 3742.96 1671.47  
36271.2 36318.3 16111.7  4085.97 4067.03 1825.19  484.25 458.953 216.109  55.7479 53.6784 23.7148  
21248 21155.9 9388.73  10202.4 10220.6 4559.68  4887.8 4875.57 2169.75  2365.46 2413.79 1055.82  
13474.2 13447 5981.64  9040.67 9006.64 3992.81  6045.73 6014.54 2692.39  4050.03 4053.36 1816.6  
30644.4 30592.3 13563.1  7661.28 7726.92 3428.98  1942.11 1915.62 885.855  491.381 499.118 223.006  
26418.7 26552.3 11679.1  9291.73 9289.64 4150.79  3369.52 3286.57 1515.57  1183.86 1153.15 538.176  
36532 36730 16060.8  3852.22 3724.37 1847.87  464.829 404.787 240.946  49.2989 40.9129 26.5097  
26418.7 26552.3 11679.1  9357.29 9310.37 4153.16  3286.14 3257.81 1505.84  1180.7 1152.94 539.969  
21248 21155.9 9388.73  10200.7 10255.8 4535.81  4903.2 4916.68 2180.27  2358.64 2350.76 1072.95  
36271.2 36318.3 16111.7  4115.06 4050.1 1834.45  457.884 476.622 205.401  53.8489 52.8524 25.304  
26418.7 26552.3 11679.1  9281.35 9273.15 4169.86  3364.93 3292.78 1507.43  1180.19 1156.45 525.819  
21248 21155.9 9388.73  10202.4 10220.6 4559.68  4887.8 4875.57 2169.75  2365.46 2413.79 1055.82  
30644.4 30592.3 13563.1  7652.99 7662.84 3460.47  1948.13 1982.73 854.085  491.877 495.699 226.601  
26475.9 26539.7 11643.1  9349.47 9272.37 4182.88  3266.01 3291.09 1488.29  1169.2 1168.93 555.33  
30644.4 30592.3 13563.1  7652.99 7662.84 3460.47  1948.13 1982.73 854.085  491.877 495.699 226.601  
21063.7 21050.8 9438.72  10100.3 10050.3 4522.77  4939.7 4973.57 2176.94  2489.21 2504.01 1058.32  
13474.2 13447 5981.64  9040.67 9006.64 3992.81  6045.73 6014.54 2692.39  4050.03 4053.36 1816.6  
407.023 404.661 181.569  403.444 400.056 178.958  398.737 397.291 178.082  394.771 393.355 176.302  
407.023 404.661 181.569  402.307 401.958 179.771  397.967 394.231 177.507  395.472 392.191 175.406  
15521.1 15449.3 6842.5  9615.69 9605.81 4241.32  5945.52 5958.73 2627.21  3718.06 3749.7 1672.32  
