3 200 4
15521.1 15449.3 6842.5  9589.84 9518.55 4248.2  5982.96 6013.92 2652.08  3699.35 3730.6 1642.79  
15521.1 15449.3 6842.5  9572.69 9511.15 4216.67  5990.98 5996.24 2677.94  3717.15 3771.38 1662.58  
15521.1 15449.3 6842.5  9625.08 9597.55 4293.44  5942.04 5961.9 2607.93  3722.74 3755.54 1672.57  
15521.1 15449.3 6842.5  9609.32 9554.98 4283.69  5986.73 6005.9 2658.7  3711.36 3730.61 1664.4  
15521.1 15449.3 6842.5  9627.78 9627.1 4297.15  5974.4 5967.83 2666.13  3709.02 3717.78 1656.49  
15521.1 15449.3 6842.5  9627.78 9627.1 4297.15  5976.08 5986.21 2668.44  3705.8 3725.1 1636.89  
15521.1 15449.3 6842.5  9571.24 9570.09 4197.51  5997.57 6007.8 2706.2  3712.18 3711.47 1654.97  
15521.1 15449.3 6842.5  9571.24 9570.09 4197.51  5991.6 6012.24 2673.28  3717.44 3742.96 1671.47  
15521.1 15449.3 6842.5  9589.84 9518.55 4248.2  5966.87 5959.27 2656.38  3727.34 3773.52 1680.17  
15521.1 15449.3 6842.5  9627.78 9627.1 4297.15  5941.02 5950.79 2606.56  3722.75 3735.7 1680.49  
15521.1 15449.3 6842.5  9571.24 9570.09 4197.51  5985.38 6022.19 2671.86  3712.67 3688.16 1674.22  
15521.1 15449.3 6842.5  9572.69 9511.15 4216.67  5979.96 5990.97 2657.96  3721.73 3736.13 1686.22  
15521.1 15449.3 6842.5  9625.08 9597.55 4293.44  5965.04 6011.83 2635.99  3714.01 3736.6 1661.99  
15521.1 15449.3 6842.5  9609.32 9554.98 4283.69  5959.51 5945.66 2643.08  3721.68 3753.32 1670.31  
15521.1 15449.3 6842.5  9609.32 9554.98 4283.69  5983.09 6013.48 2673.55  3692.01 3717.14 1621.71  
15521.1 15449.3 6842.5  9600.48 9564.76 4231.91  5962.85 5942 2662.48  3702.92 3740.26 1644.97  
15521.1 15449.3 6842.5  9618.3 9634.31 4244.9  5978.65 6004.08 2674.15  3711.03 3701.42 1673.23  
15521.1 15449.3 6842.5  9615.69 9605.81 4241.32  5945.52 5958.73 2627.21  3718.06 3749.7 1672.32  
15521.1 15449.3 6842.5  9625.08 9597.55 4293.44  5969.62 5984.14 2635.16  3712.28 3747.1 1662.31  
15521.1 15449.3 6842.5  9572.69 9511.15 4216.67  5961.74 5994.3 2636.35  3732.08 3765.86 1679.02  
21063.7 21050.8 9438.72  10191.6 10120.9 4534.87  4990.02 5014.23 2185.95  2369.12 2393.03 1044.79  
21063.7 21050.8 9438.72  10062.2 10072.8 4510.9  5075.43 5062.01 2194.14  2391.43 2393.22 1052.96  
21063.7 21050.8 9438.72  10260.4 10228.4 4542.59  4954.43 4958.9 2181.94  2398.58 2419.32 1045.45  
21063.7 21050.8 9438.72  10260.4 10228.4 4542.59  4967.25 4990.04 2176.52  2383.14 2392.37 1050.28  
21063.7 21050.8 9438.72  10157.1 10175.7 4527.25  5026.21 5008.79 2185.65  2362.06 2369.01 1046.74  
21063.7 21050.8 9438.72  10286.9 10292.6 4531.31  4903.49 4898.62 2184.81  2358.48 2365.59 1045.08  
21063.7 21050.8 9438.72  10260.4 10228.4 4542.59  4936.66 4969.45 2176.42  2385.41 2373.51 1049.13  
21063.7 21050.8 9438.72  10261.8 10296.3 4522.47  4935.96 4934.45 2186.84  2401.22 2381.86 1055.96  
21063.7 21050.8 9438.72  10116.7 10165.1 4511.52  4990.68 4963.79 2195.08  2447.21 2426.62 1056.44  
21063.7 21050.8 9438.72  10100.3 10050.3 4522.77  4939.7 4973.57 2176.94  2489.21 2504.01 1058.32  
21063.7 21050.8 9438.72  10298 10274.9 4533.76  4917.34 4945.48 2180.99  2374.29 2389.84 1046.87  
21063.7 21050.8 9438.72  10191.6 10120.9 4534.87  4957.9 4977.47 2184.18  2426.16 2449.97 1050.9  
21063.7 21050.8 9438.72  10257.5 10196.3 4538.6  4860.13 4899.66 2168.77  2433.84 2456.43 1054.29  
21063.7 21050.8 9438.72  10223.7 10250.2 4531.1  4890.06 4870.45 2177.12  2397.28 2401.31 1049.15  
21063.7 21050.8 9438.72  10194.5 10153.6 4538.92  4954.93 4944.84 2180.13  2410.52 2431.97 1050.04  
21063.7 21050.8 9438.72  10191.6 10120.9 4534.87  4952.8 5019.85 2172.99  2426.13 2432.43 1056.13  
21063.7 21050.8 9438.72  10157.1 10175.7 4527.25  4969.97 4958.39 2186.92  2446.71 2442.73 1051.39  
21063.7 21050.8 9438.72  10088.6 10068.9 4520.18  5005.58 5046.65 2180.57  2420.26 2426 1053.14  
21063.7 21050.8 9438.72  10062.2 10072.8 4510.9  5069.95 5070.69 2192.95  2416.68 2413.29 1057.35  
21063.7 21050.8 9438.72  10260.4 10228.4 4542.59  4936.66 4969.45 2176.42  2355.08 2362.2 1043.58  
36532 36730 16060.8  3876.9 3737.71 1859.26  444.481 393.192 231.631  45.7775 39.4996 24.8635  
36532 36730 16060.8  3910.86 3749.75 1874.28  411.76 381.574 215.872  44.3903 38.9814 25.3453  
36532 36730 16060.8  3896.45 3746.17 1868.06  428.008 385.45 224.239  43.3324 38.8176 23.6183  
36532 36730 16060.8  3876.9 3737.71 1859.26  442.805 392.807 230.844  46.9584 39.7012 25.3945  
36532 36730 16060.8  3852.22 3724.37 1847.87  463.991 404.34 239.128  50.1305 41.2978 27.9737  
36532 36730 16060.8  3924.27 3742.26 1878.99  403.033 388.958 214.496  40.8876 39.3429 22.7758  
36532 36730 16060.8  3901.94 3734.09 1858.42  423.082 396.298 232.848  42.8434 40.0916 24.8363  
36532 36730 16060.8  3901.94 3734.09 1858.42  414.929 393.307 227.351  49.8599 42.6791 29.5685  
36532 36730 16060.8  3927.52 3752.47 1892.19  399.147 379.92 202.307  40.9137 38.0229 21.4751  
36532 36730 16060.8  3852.22 3724.37 1847.87  464.655 403.03 237.901  50.3311 42.7538 29.6473  
36532 36730 16060.8  3852.22 3724.37 1847.87  464.829 404.787 240.946  49.2989 40.9129 26.5097  
36532 36730 16060.8  3927.52 3752.47 1892.19  393.174 376.859 197.102  46.178 40.7458 25.9883  
36532 36730 16060.8  3876.9 3737.71 1859.26  442.805 392.807 230.844  47.5712 39.8049 25.5448  
36532 36730 16060.8  3927.52 3752.47 1892.19  394.944 378.293 199.16  45.3736 39.6702 24.723  
36532 36730 16060.8  3876.9 3737.71 1859.26  442.635 391.098 227.926  47.8297 41.5043 28.3426  
36532 36730 16060.8  3924.27 3742.26 1878.99  399.445 387.157 210.243  44.2856 40.991 26.7914  
36532 36730 16060.8  3852.22 3724.37 1847.87  462.446 403.852 239.787  52.4128 42.0669 28.192  
36532 36730 16060.8  3910.86 3749.75 1874.28  409.871 380.101 213.629  46.4322 40.4848 27.6785  
36532 36730 16060.8  3892.84 3735.37 1854.85  426.4 393.999 233.637  48.1842 41.0473 27.4012  
36532 36730 16060.8  3896.45 3746.17 1868.06  423.186 384.323 221.96  47.5208 39.8398 25.563  
36271.2 36318.3 16111.7  4090.26 4074.18 1816.7  477.405 452.372 222.423  58.7346 53.2405 25.8994  
36271.2 36318.3 16111.7  4085.97 4067.03 1825.19  484.25 458.953 216.109  55.7479 53.6784 23.7148  
36271.2 36318.3 16111.7  4105.63 4078.12 1822.78  467.435 448.391 218.375  53.9345 53.4625 23.9671  
36271.2 36318.3 16111.7  4096.52 4051.23 1838.58  475.525 475.217 203.403  54.6478 53.4437 23.3023  
36271.2 36318.3 16111.7  4111.68 4069.56 1834.98  463.767 458.006 207.112  51.6291 52.1056 23.3105  
36271.2 36318.3 16111.7  4111.68 4069.56 1834.98  462.585 459.777 205.61  52.2793 50.6064 24.4955  
36271.2 36318.3 16111.7  4111.68 4069.56 1834.98  457.956 457.446 204.89  56.34 52.6599 25.1319  
36271.2 36318.3 16111.7  4115.51 4076.66 1826.33  459.191 453.454 213.23  52.2342 49.9467 25.5512  
36271.2 36318.3 16111.7  4090.26 4074.18 1816.7  482.27 454.707 223.203  54.0152 51.0476 25.1917  
36271.2 36318.3 16111.7  4115.51 4076.66 1826.33  457.026 450.636 214.662  54.2675 52.7838 24.0676  
36271.2 36318.3 16111.7  4085.97 4067.03 1825.19  481.139 458.659 214.926  59.2818 54.1067 24.9035  
36271.2 36318.3 16111.7  4090.26 4074.18 1816.7  481.553 455.661 221.703  54.65 50.2082 26.522  
36271.2 36318.3 16111.7  4070.36 4048.66 1828.62  498.022 475.149 213.062  57.4325 55.47 23.5384  
36271.2 36318.3 16111.7  4064.75 4057.52 1816.42  501.705 469.18 222.25  59.6526 53.3138 26.1121  
36271.2 36318.3 16111.7  4086.28 4052.74 1834.91  483.26 474.27 204.987  56.6446 52.8923 25.0615  
36271.2 36318.3 16111.7  4115.06 4050.1 1834.45  457.884 476.622 205.401  53.8489 52.8524 25.304  
36271.2 36318.3 16111.7  4115.51 4076.66 1826.33  460.798 452.525 213.772  50.9275 51.1037 24.8514  
36271.2 36318.3 16111.7  4086.28 4052.74 1834.91  486.259 474.557 206.078  53.7212 52.515 23.9829  
36271.2 36318.3 16111.7  4064.75 4057.52 1816.42  504.145 470.475 221.955  57.2119 52.0188 26.4063  
36271.2 36318.3 16111.7  4116.16 4062.57 1836.01  459.67 462.757 206.029  51.1037 54.3849 23.1764  
13474.2 13447 5981.64  9040.67 9006.64 3992.81  6045.73 6014.54 2692.39  4050.03 4053.36 1816.6  
13474.2 13447 5981.64  8999.7 8949.08 4019.38  6027.02 6064.21 2690.54  4075.18 4102.73 1793.61  
13474.2 13447 5981.64  9003.45 9036.73 4005.1  6067.88 6031.49 2694.48  4041.57 4059.36 1808.86  
13474.2 13447 5981.64  9002.27 8977.24 4022.91  6046.12 6023.18 2693.82  4059.14 4080.02 1806.8  
13474.2 13447 5981.64  9032.62 8990.3 4011.62  6031.28 6048.48 2698.43  4068.99 4085.8 1805.5  
13474.2 13447 5981.64  9017.83 8950.43 4002.51  6063.82 6099.33 2683.55  4053.28 4083.69 1809.85  
13474.2 13447 5981.64  8992.38 8992.98 4020.7  6051.09 6036.99 2696.92  4080.1 4081.68 1803.99  
13474.2 13447 5981.64  9012.01 9052.24 3986.39  6042.97 5998.79 2705.86  4071.93 4081.78 1811.35  
13474.2 13447 5981.64  9003.45 9036.73 4005.1  6054.04 6073.05 2677.52  4074.37 4043.05 1813.94  
13474.2 13447 5981.64  8970.02 8996.31 4012.74  6036.71 6048.73 2692.72  4076.12 4045.56 1809.92  
13474.2 13447 5981.64  9025.43 9033.45 4012.92  6046.82 6074.13 2674.97  4056.35 4064.65 1809.24  
13474.2 13447 5981.64  9040.67 9006.64 3992.81  6033.57 6013.64 2703.75  4069.3 4098.96 1801.44  
13474.2 13447 5981.64  9012.01 9052.24 3986.39  6065.73 6065.78 2688.81  4072.45 4059.92 1809.39  
13474.2 13447 5981.64  9025.43 9033.45 4012.92  6066.06 6043.53 2679.28  4053.9 4081.73 1799.39  
13474.2 13447 5981.64  9017.83 8950.43 4002.51  6049.33 6101.5 2678.39  4071.18 4061.98 1814.5  
13474.2 13447 5981.64  9033.6 9049.03 3994.08  6038.39 6058.6 2693.71  4070.73 4056.21 1813.8  
13474.2 13447 5981.64  9002.27 8977.24 4022.91  6047.85 6042.13 2696.19  4070.1 4054.56 1797.85  
13474.2 13447 5981.64  9040.67 9006.64 3992.81  6061.04 6052.31 2685.86  4046.71 4080.67 1812.28  
13474.2 13447 5981.64  9040.67 9006.64 3992.81  6056.3 6080.81 2686.72  4033.22 4053.09 1815.46  
13474.2 13447 5981.64  9025.43 9033.45 4012.92  6061.31 6071.97 2680.13  4051.59 4065.37 1807.55  
26418.7 26552.3 11679.1  9357.29 9310.37 4153.16  3324.02 3267.51 1521.22  1161.64 1150.18 526.245  
26418.7 26552.3 11679.1  9374.26 9320.05 4184.44  3313 3261.21 1500.96  1152.63 1144.49 523.054  
26418.7 26552.3 11679.1  9396.75 9316.75 4192.53  3281.2 3266.95 1480.84  1174.28 1146.36 533.95  
26418.7 26552.3 11679.1  9291.73 9289.64 4150.79  3369.52 3286.57 1515.57  1174.54 1151.26 531.342  
26418.7 26552.3 11679.1  9357.29 9310.37 4153.16  3286.14 3257.81 1505.84  1180.7 1152.94 539.969  
26418.7 26552.3 11679.1  9276.25 9280.5 4120.11  3358.84 3290.46 1527.25  1185.38 1152.04 540.865  
26418.7 26552.3 11679.1  9281.35 9273.15 4169.86  3370.03 3293.89 1492  1189.18 1157.12 543.645  
26418.7 26552.3 11679.1  9281.35 9273.15 4169.86  3364.93 3292.78 1507.43  1180.19 1156.45 525.819  
26418.7 26552.3 11679.1  9329.72 9294.91 4189.95  3320.96 3275.43 1489.41  1191.98 1155.03 530.093  
26418.7 26552.3 11679.1  9357.29 9310.37 4153.16  3289.79 3263.58 1498.93  1184.52 1151.92 547.025  
26418.7 26552.3 11679.1  9291.73 9289.64 4150.79  3369.52 3286.57 1515.57  1183.86 1153.15 538.176  
26418.7 26552.3 11679.1  9365.36 9304.11 4204.11  3301.42 3275.16 1473.42  1173.03 1150.46 528.175  
26418.7 26552.3 11679.1  9357.29 9310.37 4153.16  3319.03 3274.26 1511.11  1171.26 1148.09 538.471  
26418.7 26552.3 11679.1  9396.75 9316.75 4192.53  3287.54 3266.72 1474.67  1167.86 1146.47 540.181  
26418.7 26552.3 11679.1  9388.26 9300.75 4212.35  3269.94 3269.82 1461.19  1170.61 1152.32 524.303  
26418.7 26552.3 11679.1  9322.91 9301.49 4139.49  3290.41 3257.45 1498.35  1209.81 1163.55 551.301  
26418.7 26552.3 11679.1  9231.7 9255.92 4125.23  3397.04 3303.96 1536.28  1191.44 1160.35 535.885  
26418.7 26552.3 11679.1  9379.37 9307.12 4161.11  3272.01 3259.91 1500.75  1180.89 1157.2 534.206  
26418.7 26552.3 11679.1  9396.75 9316.75 4192.53  3287.54 3266.72 1474.67  1161.75 1147.73 534.794  
26418.7 26552.3 11679.1  9329.72 9294.91 4189.95  3318.59 3277.79 1471.45  1182.86 1153.53 534.496  
21248 21155.9 9388.73  10200.7 10255.8 4535.81  4903.2 4916.68 2180.27  2358.64 2350.76 1072.95  
21248 21155.9 9388.73  10192.2 10163.3 4524.2  4911.57 4977.91 2201.56  2364.63 2381.64 1065.34  
21248 21155.9 9388.73  10202.4 10220.6 4559.68  4897.7 4894.22 2187.88  2353.48 2366.47 1052.77  
21248 21155.9 9388.73  10202.4 10220.6 4559.68  4887.8 4875.57 2169.75  2365.46 2413.79 1055.82  
21248 21155.9 9388.73  10173.5 10154.4 4490.45  4926.48 4974.15 2220.16  2362.83 2392.99 1066.01  
21248 21155.9 9388.73  10181.8 10245.2 4501.85  4898.46 4862.99 2199.41  2372.87 2405.9 1083.41  
21248 21155.9 9388.73  10200.7 10255.8 4535.81  4902.74 4921.43 2205.93  2365.48 2370.2 1058  
21248 21155.9 9388.73  10192.2 10163.3 4524.2  4903 4923.64 2206.22  2366.98 2405.31 1067.95  
21248 21155.9 9388.73  10189.6 10198 4500.44  4912.92 4959.9 2213.81  2359.05 2381.74 1063.57  
21248 21155.9 9388.73  10181.8 10245.2 4501.85  4903.88 4886.58 2190.95  2360.97 2357.84 1080.99  
21248 21155.9 9388.73  10200.7 10255.8 4535.81  4902.74 4921.43 2205.93  2360.83 2370.1 1062.42  
21248 21155.9 9388.73  10199.6 10189.2 4555.74  4903.31 4955.92 2195.6  2361.11 2386.72 1057.45  
21248 21155.9 9388.73  10181.8 10245.2 4501.85  4912.54 4926.94 2223.52  2363.57 2350.92 1068.14  
21248 21155.9 9388.73  10181.8 10245.2 4501.85  4898.46 4862.99 2199.41  2375 2410.03 1078.31  
21248 21155.9 9388.73  10208.6 10207.7 4534.37  4908.24 4946.52 2197.49  2353.45 2372.66 1054.24  
21248 21155.9 9388.73  10191.4 10238.1 4557.21  4911.96 4939.07 2184.52  2361.08 2367.83 1050.06  
21248 21155.9 9388.73  10200.7 10255.8 4535.81  4883.95 4847.8 2192.12  2373.15 2404.13 1070.17  
21248 21155.9 9388.73  10191.4 10238.1 4557.21  4898.93 4890.26 2162.69  2367.83 2393.09 1061.26  
21248 21155.9 9388.73  10192.2 10163.3 4524.2  4888.29 4894.98 2198.09  2377.39 2431.83 1068.05  
21248 21155.9 9388.73  10173.5 10154.4 4490.45  4917.27 4969.13 2203.52  2367.58 2380.37 1079.31  
407.023 404.661 181.569  401.96 398.183 179.298  400.095 397.887 177.579  395.454 392.192 175.41  
407.023 404.661 181.569  399.364 395.198 179.143  396.104 393.167 177.777  395.52 392.268 175.409  
407.023 404.661 181.569  401.96 398.183 179.298  395.749 395.114 177.835  394.703 392.161 176.146  
407.023 404.661 181.569  401.96 398.183 179.298  396.194 394.405 177.935  396.142 393.974 175.806  
407.023 404.661 181.569  402.634 399.996 179.712  398.631 396.045 177.918  394.007 390.356 175.735  
407.023 404.661 181.569  400.049 397.042 179.565  396.097 393.149 177.773  391.858 391.251 176.058  
407.023 404.661 181.569  400.166 398.321 179.725  397.988 394.267 177.507  394.378 394.091 176.203  
407.023 404.661 181.569  403.444 400.056 178.958  398.737 397.291 178.082  394.771 393.355 176.302  
407.023 404.661 181.569  399.716 399.037 179.625  397.993 394.26 177.508  391.497 387.457 175.588  
407.023 404.661 181.569  404.219 403.075 179.521  395.378 391.265 177.356  394.024 390.373 175.743  
407.023 404.661 181.569  402.307 401.958 179.771  397.967 394.231 177.507  395.472 392.191 175.406  
407.023 404.661 181.569  402.749 401.254 179.87  398.306 397.975 177.975  394.783 393.336 176.294  
407.023 404.661 181.569  400.729 395.815 178.626  399.789 399.82 177.643  394.675 392.138 176.155  
407.023 404.661 181.569  404.219 403.075 179.521  395.727 395.065 177.833  394.68 392.113 176.144  
407.023 404.661 181.569  400.729 395.815 178.626  398.65 396.087 177.929  392.267 390.533 176.165  
407.023 404.661 181.569  400.166 398.321 179.725  397.988 394.267 177.507  394.038 390.39 175.739  
407.023 404.661 181.569  403.785 403.766 179.424  397.953 394.213 177.51  392.244 390.473 176.161  
407.023 404.661 181.569  402.634 399.996 179.712  399.77 399.778 177.632  391.451 387.393 175.586  
407.023 404.661 181.569  402.634 399.996 179.712  397.964 394.25 177.507  396.228 395.17 175.958  
407.023 404.661 181.569  400.166 398.321 179.725  396.77 391.923 176.843  394.39 394.115 176.21  
30644.4 30592.3 13563.1  7673.35 7654.48 3426.85  1936.8 1984.13 890.213  486.927 503.143 224.278  
30644.4 30592.3 13563.1  7653.98 7713.67 3445.09  1950.73 1934 875.818  490.405 495.308 218.522  
30644.4 30592.3 13563.1  7653.98 7713.67 3445.09  1944.38 1944 874.362  495.15 487.865 219.593  
30644.4 30592.3 13563.1  7653.98 7713.67 3445.09  1947.55 1925.42 873.839  492.114 504.72 221.284  
30644.4 30592.3 13563.1  7673.46 7703.44 3411.68  1936.73 1947.62 901.553  486.766 492.34 226.948  
30644.4 30592.3 13563.1  7666.27 7639.93 3442.93  1943.29 1992.47 873.316  487.292 509.541 223.713  
30644.4 30592.3 13563.1  7673.46 7703.44 3411.68  1936.19 1941.63 900.785  486.052 500.231 226.077  
30644.4 30592.3 13563.1  7661.28 7726.92 3428.98  1942.11 1915.62 885.855  491.381 499.118 223.006  
30644.4 30592.3 13563.1  7661.28 7726.92 3428.98  1940.81 1937.43 882.218  491.162 481.763 229.118  
30644.4 30592.3 13563.1  7673.35 7654.48 3426.85  1934.38 1979.73 878.635  486.442 505.045 233.265  
30644.4 30592.3 13563.1  7665.47 7716.2 3409.86  1943.88 1935.63 897.894  487.957 494.149 230.146  
30644.4 30592.3 13563.1  7678.82 7673.98 3450.75  1932.14 1963.5 871.588  483.998 502.58 220.642  
30644.4 30592.3 13563.1  7661.28 7726.92 3428.98  1945.48 1936.74 883.932  489.468 484.464 227.383  
30644.4 30592.3 13563.1  7679.65 7724.15 3435.6  1928.39 1917.65 880.912  486.789 501.811 224.125  
30644.4 30592.3 13563.1  7671.4 7680.64 3408.82  1936.34 1966.06 892.68  488.253 494.312 234.086  
30644.4 30592.3 13563.1  7653.98 7713.67 3445.09  1952.49 1937.54 871.696  489.208 494.132 221.747  
30644.4 30592.3 13563.1  7679.65 7724.15 3435.6  1928.17 1936.81 872.411  488.063 485.39 228.032  
30644.4 30592.3 13563.1  7666.27 7639.93 3442.93  1943.82 1998.5 874.06  486.892 505.024 223.159  
30644.4 30592.3 13563.1  7673.35 7654.48 3426.85  1932.89 1988.92 878.901  487.547 498.205 233.064  
30644.4 30592.3 13563.1  7652.99 7662.84 3460.47  1948.13 1982.73 854.085  491.877 495.699 226.601  
26475.9 26539.7 11643.1  9351.98 9299.88 4186.38  3271.98 3272.18 1488.89  1163.73 1163.35 552.697  
26475.9 26539.7 11643.1  9299.11 9279.92 4140.87  3306 3285.03 1517.69  1180.89 1167.42 562.141  
26475.9 26539.7 11643.1  9369.53 9309.29 4218.02  3274.07 3283.19 1492.55  1147.99 1145.64 522.396  
26475.9 26539.7 11643.1  9320.27 9318.52 4176.15  3299.91 3273.74 1508.1  1158.8 1144.67 537.249  
26475.9 26539.7 11643.1  9308.67 9264.82 4143.07  3301.09 3308.86 1535.64  1173.65 1155.47 543.858  
26475.9 26539.7 11643.1  9342.25 9315.27 4184.14  3258.79 3260.32 1482.6  1180.74 1160.95 555.829  
26475.9 26539.7 11643.1  9349.47 9272.37 4182.88  3266.01 3291.09 1488.29  1169.2 1168.93 555.33  
26475.9 26539.7 11643.1  9277.54 9283.11 4133.02  3312.18 3284.1 1519.75  1185.32 1161.5 559.969  
26475.9 26539.7 11643.1  9320.27 9318.52 4176.15  3295.8 3254.85 1496.16  1173.81 1161.98 553.349  
26475.9 26539.7 11643.1  9337.23 9328.28 4207.6  3302.87 3269.7 1502.15  1153.32 1146.54 530.588  
26475.9 26539.7 11643.1  9243.96 9274.41 4119.54  3333.77 3289.73 1528.26  1190.27 1163.89 562.037  
26475.9 26539.7 11643.1  9299.11 9279.92 4140.87  3327.6 3301.08 1545.17  1162.72 1150.75 539.213  
26475.9 26539.7 11643.1  9351.98 9299.88 4186.38  3267.39 3282.71 1496.63  1163.53 1152 539.799  
26475.9 26539.7 11643.1  9277.54 9283.11 4133.02  3345.13 3293.47 1551.08  1170.76 1157.98 546.103  
26475.9 26539.7 11643.1  9351.98 9299.88 4186.38  3279.44 3285.83 1501.58  1155.79 1149.98 536.675  
26475.9 26539.7 11643.1  9286.04 9309.65 4162.41  3314.46 3265.88 1504.04  1179.61 1154.26 551.616  
26475.9 26539.7 11643.1  9369.53 9309.29 4218.02  3260.71 3266.16 1468.87  1159.25 1156.21 538.386  
26475.9 26539.7 11643.1  9308.67 9264.82 4143.07  3317.76 3292.14 1531.73  1166.5 1174.28 554.861  
26475.9 26539.7 11643.1  9243.96 9274.41 4119.54  3336.85 3299.18 1539.14  1200.15 1161.12 566.639  
26475.9 26539.7 11643.1  9286.04 9309.65 4162.41  3332.45 3263.26 1519.35  1165.18 1161.59 544.449  
