4 22 22 4
500 200
2200 1000 2200 1000 
1518.23 322.98 1
0.0690567 1 10
1758.37
1758.47
1758.03
1761.72
1764.15
1758.67
1762.46
1767.64
1759.62
1767.2
1764.58
1762.12
1762.09
1758.37
1760.31
1763.93
1758.74
1759.74
1760.34
1761.2
1765.5
1762.82
44.4485 -0.26354
44.657 -1.6482
44.3166 -1.00701
45.9489 -1.38457
45.6572 1.26887
44.8447 -1.66273
45.6251 0.75429
46.2124 1.52508
43.5857 -0.15262
46.8337 -1.48027
46.1975 0.55207
45.7303 0.44398
46.0449 -1.18835
44.3316 -1.60683
43.9363 0.60899
43.3613 1.31997
43.9277 -1.5988
43.3868 -1.14868
45.6313 -1.30449
45.4579 0.47238
46.6182 -0.65136
45.8065 0.61536
44.2332 -0.90074
44.6912 -1.51284
46.0653 1.83651
43.797 0.28725
