4 18 4
6901.91 12060.5 13721.4 5156.3  4271.86 7464.98 8477.95 3190.45  2655.59 4625.35 5289.99 1997.92  1650.41 2908.24 3359.5 1244.43  
6901.91 12060.5 13721.4 5156.3  4280.96 7475.7 8514.91 3204.71  2640.92 4626.84 5258.73 1972.81  1647.57 2875.67 3296.93 1241.55  
6901.91 12060.5 13721.4 5156.3  4266.43 7485.23 8512.73 3183.24  2657.66 4617.77 5277 2000.65  1647.09 2899.24 3327.38 1236.99  
6901.91 12060.5 13721.4 5156.3  4256.68 7443.85 8429.17 3171.59  2665.16 4652.6 5368.62 2015.13  1647.59 2877.96 3287.96 1238.09  
6901.91 12060.5 13721.4 5156.3  4256.68 7443.85 8429.17 3171.59  2663.56 4671.41 5381.42 2007.2  1644.77 2878.57 3286.95 1234.36  
6901.91 12060.5 13721.4 5156.3  4278.33 7496.08 8573.76 3206.74  2658.85 4639.14 5305.72 1998.64  1648.89 2883.46 3304.22 1240.94  
6360.07 11088 12642.4 4763.84  4126.46 7185.14 8160.76 3086.98  2689.75 4720.01 5389.36 2013.65  1743.38 3070.9 3552.68 1315.68  
6360.07 11088 12642.4 4763.84  4123.49 7195.23 8255.01 3102.9  2687.28 4729.2 5378.2 2003.45  1748.75 3051.42 3469.83 1310.07  
6360.07 11088 12642.4 4763.84  4117.37 7155.41 8199.91 3101.8  2690.96 4704.8 5355.44 2013.77  1750.85 3073.76 3507.17 1310.87  
6360.07 11088 12642.4 4763.84  4127.03 7243.87 8249.46 3081.16  2685.99 4706.17 5403.9 2020.08  1747.93 3038.5 3478.91 1317.97  
6360.07 11088 12642.4 4763.84  4126.38 7175.55 8198.47 3101.37  2679.98 4678.18 5365.42 2017.4  1750.53 3101.09 3531.67 1303.29  
6360.07 11088 12642.4 4763.84  4123.64 7214.11 8180.85 3074.6  2685.02 4703.18 5359.03 2008.98  1751.98 3066.61 3541.79 1324.62  
1441.22 2529.17 2906.76 1082.02  1307.75 2302.34 2660.94 984.276  1213.75 2126.92 2453.08 914.332  1116.13 1964.49 2259.71 837.612  
1441.22 2529.17 2906.76 1082.02  1321.79 2308.03 2661.84 997.215  1222.82 2146.51 2462.01 916.905  1118.15 1970.25 2261.51 837.44  
1441.22 2529.17 2906.76 1082.02  1321.79 2308.03 2661.84 997.215  1225.37 2152.2 2461.6 916.786  1116.26 1956.83 2256.9 840.851  
1441.22 2529.17 2906.76 1082.02  1330.43 2336.33 2674.4 995.901  1213.8 2138.32 2457.05 909.718  1130.42 1974.14 2261.96 849.203  
1441.22 2529.17 2906.76 1082.02  1327.66 2330.15 2674.84 996.03  1214.02 2138.81 2457.01 909.708  1114.54 1961.35 2258.29 837.051  
1441.22 2529.17 2906.76 1082.02  1328.35 2320.69 2668.62 999.909  1229.85 2151.31 2458.24 921.319  1119.39 1974 2260.9 836.773  
