2 50 50 3
500 200
2200 1000 
1518.23 322.98 1
0.0690567 1 10
357.908
358.12
367.759
357.823
364.604
365.033
363.48
360.619
358.004
363.814
357.83
362.351
360.735
359.311
365.474
361.703
358.607
358.693
367.958
357.9
367.999
365.973
367.775
358.251
359.324
358.982
358.369
361.62
363.951
359.436
366.034
358.173
366.563
363.877
360.344
361.248
359.934
360.826
366.281
360.784
361.815
358.08
360.388
358.345
358.148
359.226
362.842
357.932
359.421
360.221
47.0055 -0.26383
46.2013 0.02115
43.6085 1.52112
46.7382 0.60669
44.3615 2.04738
44.1195 -1.04237
44.334 -0.41009
45.1031 -0.48522
47.0329 0.93224
44.3373 -0.85666
46.6915 -0.10545
44.5936 0.85849
45.0392 0.83592
46.0526 -1.30469
43.8918 0.00737
44.7731 0.93188
45.8898 -0.18693
46.0671 1.2548
43.5245 1.22847
46.7524 0.80939
43.5351 1.34012
43.8138 -0.23673
43.504 -0.29022
47.0667 -0.7632
46.2576 1.98575
45.9016 -0.8051
46.5966 1.40339
44.748 -0.01294
44.204 0.63138
45.4606 -0.03505
43.7858 0.07672
46.4087 -0.5395
43.8043 1.44283
44.4356 1.77578
45.2136 1.06346
45.2834 -1.53943
45.5492 -1.06197
45.1248 -0.83133
43.7903 -0.54839
45.5161 -1.62399
44.88 -1.0157
46.3974 0.8671
45.5222 1.86712
46.0084 0.33414
46.353 0.92661
45.6824 -0.61159
44.4471 -0.08768
46.9062 -0.36832
46.2304 2.03139
45.244 1.00999
45.9462 0.14486
45.7843 1.13397
