2 18 3
21931.6 15823.5  13622.1 9870.92  8440.63 6085.4  
21931.6 15823.5  13514.2 9796.52  8471.61 6132.39  
21931.6 15823.5  13622.1 9870.92  8474.91 6106.83  
21931.6 15823.5  13638.9 9861.77  8403.73 6105.58  
21931.6 15823.5  13563.4 9769.61  8477.73 6184.16  
21931.6 15823.5  13654.5 9845.75  8475.52 6152.41  
44488.9 32022.2  10295.6 7562.12  2459.69 1832.92  
44488.9 32022.2  10335.4 7566.02  2429.18 1828.74  
44488.9 32022.2  10308.3 7534.18  2450.12 1854.19  
44488.9 32022.2  10363.3 7615.8  2398.72 1790.17  
44488.9 32022.2  10339.5 7623.66  2433.5 1806.52  
44488.9 32022.2  10339.5 7623.66  2426.88 1798.53  
35102.5 25448.3  13936.2 10053.4  5397.84 3924.91  
35102.5 25448.3  13806.2 9947.36  5533.16 4011.29  
35102.5 25448.3  13806.2 9947.36  5467.31 3967.04  
35102.5 25448.3  13882.8 10058.6  5415.1 3926.47  
35102.5 25448.3  13880.9 10074.7  5436.67 3892.61  
35102.5 25448.3  13881.7 10019  5444.61 3962.84  
