3 22 22 4
500 200
2200 1000 2200 
1518.23 322.98 1
0.0690567 1 10
1148.21
1150.29
1148.13
1148.13
1152.73
1151.9
1147
1148.62
1152.18
1149.21
1147.1
1153.47
1150.3
1153.59
1148.1
1148.7
1152.26
1147.05
1151.92
1149.12
1155.26
1154.24
45.727 -0.26368
43.5618 -0.81352
43.9625 0.25706
44.4762 1.49119
46.8767 -0.222
46.3495 -1.35255
44.9796 0.1721
43.7904 0.51993
43.4419 -1.49032
45.5855 -1.16846
44.5771 0.22331
47.0293 0.65123
43.6747 1.70391
47.0595 0.42437
45.7814 0.30818
44.0672 -0.7542
46.7761 0.98726
44.727 0.05306
46.4453 1.84212
46.1052 0.64089
46.944 -1.53575
46.6775 -1.69081
44.8613 0.6784
44.9137 -0.16842
46.9376 -0.40747
