3 50 4
21569.7 34359.8 38282.3  1092.24 1881.28 2463.27  59.8709 112.677 149.74  3.04597 5.85678 9.05255  
3169.51 5076.62 5710.76  2707.75 4357.43 4906.24  2356.37 3761.06 4193.42  2014.16 3233.34 3625.47  
19288.1 30859.5 34495.9  2915.25 4667.77 5420.36  441.613 706.626 835.659  67.8944 106.826 129.359  
8583.74 13778.5 15501.3  5306.43 8507.38 9642.29  3350.25 5339.45 5959.34  2061.26 3302.28 3708.95  
2713.05 4345.06 4828  2386.54 3827.65 4269.94  2091.9 3360.52 3751.76  1850.58 2970.26 3341.03  
1356.82 2177.28 2443.17  1274.14 2043.42 2276.1  1192.42 1918.57 2161.91  1130.83 1809.12 2017.54  
20662.5 32971.6 36711.4  1871.46 3076.32 3771.42  172.628 280.577 372.081  16.6849 28.5021 44.6643  
21569.7 34359.8 38282.3  1090.36 1874.59 2410.93  61.6202 118.505 198.297  3.15856 6.64454 12.5465  
21569.7 34359.8 38282.3  1095.97 1887.68 2456.53  56.2387 106.234 156.556  2.95029 5.89865 8.98061  
22667.1 36253.2 40739.7  57.4781 106.005 164.969  0.400846 0.753034 0.32051  0.00269685 0.00843613 0.00115928  
8583.74 13778.5 15501.3  5365.07 8555.17 9598.27  3293.21 5284.26 5999.15  2058.4 3288.97 3719.57  
20662.5 32971.6 36711.4  1872.16 3065.71 3786.39  172.68 290.709 362.073  16.0308 29.0404 40.6055  
11344.3 18140.8 20344  5673.97 9088.89 10160.2  2847.45 4557.73 5174.33  1428.25 2281.09 2584.31  
11344.3 18140.8 20344  5687.54 9076.07 10159.4  2842.04 4557.8 5171.04  1422.62 2288.92 2602.17  
2713.05 4345.06 4828  2399.08 3833.05 4281.36  2103.9 3362.63 3737.22  1837.95 2938.76 3252.08  
1356.82 2177.28 2443.17  1280.84 2046.3 2282.19  1190.94 1917.07 2147.13  1132.67 1809.03 2019.37  
8583.74 13778.5 15501.3  5306.43 8507.38 9642.29  3350.25 5339.45 5959.34  2061.26 3302.28 3708.95  
8583.74 13778.5 15501.3  5279.8 8495.97 9618.14  3308.49 5299.4 5976.57  2077.28 3312.67 3699.44  
1356.82 2177.28 2443.17  1263.74 2033.39 2303.65  1189 1912.43 2165.67  1122.48 1805 2030.87  
3169.51 5076.62 5710.76  2732.09 4372.55 4902.51  2351.5 3756.19 4216.61  2020.96 3222.95 3622.22  
2713.05 4345.06 4828  2382.36 3814.5 4231.66  2096.52 3344.03 3698.9  1858.6 2975.97 3338.04  
21569.7 34359.8 38282.3  1093.38 1879.66 2447.84  58.6955 113.801 164.73  3.07771 6.32006 9.39695  
3169.51 5076.62 5710.76  2732.09 4372.55 4902.51  2354.11 3753.65 4190.9  2021.5 3236.73 3635.81  
22667.1 36253.2 40739.7  57.6106 106.513 164.377  0.269068 0.250136 0.909146  0.00191688 0.0036515 0.00455317  
22667.1 36253.2 40739.7  57.4704 105.419 164.342  0.40822 1.3285 0.940805  0.00305022 0.0192351 0.00728905  
8583.74 13778.5 15501.3  5365.07 8555.17 9598.27  3293.21 5284.26 5999.15  2058.4 3288.97 3719.57  
2713.05 4345.06 4828  2395.12 3819.99 4243.27  2090.89 3361.44 3754.91  1846.35 2944.77 3261.4  
22667.1 36253.2 40739.7  57.6106 106.513 164.377  0.270119 0.252892 0.908596  0.000891111 0.000962716 0.00508303  
2713.05 4345.06 4828  2379.83 3796.37 4190.42  2113.78 3378.52 3784.06  1856.83 2974.01 3332.84  
3169.51 5076.62 5710.76  2720.36 4345.54 4905.52  2342.96 3757.24 4233.18  2020.9 3240 3627.21  
19288.1 30859.5 34495.9  2904.01 4657.98 5438.39  450.445 712.402 823.102  69.9795 110.317 124.06  
1356.82 2177.28 2443.17  1277.03 2047.63 2294.69  1196.12 1920.93 2164.98  1125.53 1807.4 2024.62  
7463.13 11916.2 13427.6  5008.95 8025.42 9045.76  3376.44 5409.24 6051.95  2254.8 3604.63 4067.28  
22667.1 36253.2 40739.7  57.8194 106.578 163.352  0.0621671 0.186983 1.91943  0.000134527 0.00160837 0.0183633  
11344.3 18140.8 20344  5656.67 9075.63 10262.9  2860.61 4554.96 5088.37  1422.62 2276.37 2593.36  
21569.7 34359.8 38282.3  1095.97 1887.68 2456.53  55.9553 105.1 152.337  3.21134 6.93909 12.8827  
22667.1 36253.2 40739.7  57.4781 106.005 164.969  0.403173 0.755832 0.316394  0.000408754 0.00580087 0.00521523  
20662.5 32971.6 36711.4  1863.67 3046.62 3696.03  179.663 307.199 438.494  17.4086 31.2982 53.3452  
3169.51 5076.62 5710.76  2732.09 4372.55 4902.51  2354.11 3753.65 4190.9  2021.5 3236.73 3635.81  
7463.13 11916.2 13427.6  5012.04 7986.51 8966.65  3375.42 5422.06 6077.92  2240.69 3578.6 4052.15  
8583.74 13778.5 15501.3  5279.8 8495.97 9618.14  3319.11 5306.51 5987.94  2101.71 3330.58 3704.45  
22667.1 36253.2 40739.7  57.6106 106.513 164.377  0.270303 0.251371 0.905773  0.00070874 0.0024707 0.0078073  
8583.74 13778.5 15501.3  5362.52 8567.01 9605.05  3330.58 5309.48 5969.19  2038.11 3282.12 3707.24  
20662.5 32971.6 36711.4  1873.88 3074.22 3794.22  171.48 285.256 359.404  15.5944 26.2337 35.9603  
3169.51 5076.62 5710.76  2718.03 4366.51 4889.74  2347.94 3762.23 4218.7  1999.49 3213.86 3645.58  
11344.3 18140.8 20344  5673.97 9088.89 10160.2  2837.82 4541.97 5187.92  1433.07 2288.96 2577.59  
11344.3 18140.8 20344  5682.21 9050.48 10138.1  2846.47 4573.92 5153.78  1424.63 2292.16 2605.4  
11344.3 18140.8 20344  5673.97 9088.89 10160.2  2848.81 4551.43 5170.67  1419.89 2271.58 2603.55  
21569.7 34359.8 38282.3  1095.19 1886.42 2439.81  56.9419 106.945 169.706  3.01887 6.42353 12.403  
22667.1 36253.2 40739.7  57.6106 106.513 164.377  0.270303 0.251371 0.905773  0.00070874 0.0024707 0.0078073  
