3 150 4
8583.74 13778.5 15501.3  5362.52 8567.01 9605.05  3330.58 5309.48 5969.19  2038.11 3282.12 3707.24  
8583.74 13778.5 15501.3  5344.36 8537.34 9630.27  3333.18 5324.68 5923.78  2051.55 3294.31 3702.08  
8583.74 13778.5 15501.3  5334.92 8555.19 9580.01  3298.47 5284.29 6002.41  2062.99 3293.42 3725.51  
8583.74 13778.5 15501.3  5331.98 8548.99 9630.95  3307.76 5301.62 5928.31  2087.23 3307.76 3719.55  
8583.74 13778.5 15501.3  5279.8 8495.97 9618.14  3308.49 5299.4 5976.57  2077.28 3312.67 3699.44  
8583.74 13778.5 15501.3  5358.19 8561.47 9540.45  3297.33 5274.86 6017.02  2078.57 3315.63 3697.78  
8583.74 13778.5 15501.3  5279.8 8495.97 9618.14  3319.11 5306.51 5987.94  2101.71 3330.58 3704.45  
8583.74 13778.5 15501.3  5344.36 8537.34 9630.27  3324.58 5309.59 5979.53  2053.44 3290.57 3717.4  
8583.74 13778.5 15501.3  5306.43 8507.38 9642.29  3350.25 5339.45 5959.34  2061.26 3302.28 3708.95  
8583.74 13778.5 15501.3  5308.89 8495.95 9635.75  3330.24 5332.5 5977.89  2064.62 3297.52 3715.94  
8583.74 13778.5 15501.3  5306.43 8507.38 9642.29  3331.17 5328.18 5975.41  2076.29 3313.48 3690.41  
8583.74 13778.5 15501.3  5352.47 8567.02 9598.96  3332.8 5316.84 5975.71  2061.96 3288.29 3726.08  
8583.74 13778.5 15501.3  5309.88 8531.51 9548.2  3336.04 5319.1 6014.81  2072.01 3305.36 3730.75  
8583.74 13778.5 15501.3  5365.07 8555.17 9598.27  3293.21 5284.26 5999.15  2058.4 3288.97 3719.57  
8583.74 13778.5 15501.3  5331.98 8548.99 9630.95  3329.26 5305.2 5979.29  2076.4 3308.87 3677.97  
1356.82 2177.28 2443.17  1280.04 2044.8 2294.52  1201.82 1923.89 2144.65  1132.07 1808.72 2018.78  
1356.82 2177.28 2443.17  1280.84 2046.3 2282.19  1192.03 1918.39 2161.55  1130.45 1808.96 2017.2  
1356.82 2177.28 2443.17  1274.5 2043.33 2303.77  1196.93 1922.57 2152.99  1127.09 1806.26 2036.82  
1356.82 2177.28 2443.17  1280.84 2046.3 2282.19  1190.94 1917.07 2147.13  1132.67 1809.03 2019.37  
1356.82 2177.28 2443.17  1280.84 2046.3 2282.19  1200.49 1925.05 2158.54  1130.86 1809.74 2031.04  
1356.82 2177.28 2443.17  1263.74 2033.39 2303.65  1189 1912.43 2165.67  1122.48 1805 2030.87  
1356.82 2177.28 2443.17  1262.16 2034.99 2290.43  1199.22 1921.68 2166.58  1116.78 1799.43 2025.01  
1356.82 2177.28 2443.17  1263.74 2033.39 2303.65  1199.13 1921.78 2165.79  1128.13 1804.44 2034.65  
1356.82 2177.28 2443.17  1278.4 2046.3 2280.71  1202.88 1925.05 2159.99  1130.86 1809.74 2031.04  
1356.82 2177.28 2443.17  1277.03 2047.63 2294.69  1198.89 1918.31 2164.82  1124.74 1806.25 2035.39  
1356.82 2177.28 2443.17  1274.14 2043.42 2276.1  1192.42 1918.57 2161.91  1130.83 1809.12 2017.54  
1356.82 2177.28 2443.17  1280.84 2046.3 2282.19  1198.11 1921.01 2167.07  1120.93 1803.72 2032.07  
1356.82 2177.28 2443.17  1274.5 2043.33 2303.77  1198.48 1921.18 2165.78  1132.6 1808.97 2016.98  
1356.82 2177.28 2443.17  1274.5 2043.33 2303.77  1199.05 1918.57 2164.28  1129.2 1810.3 2028.12  
1356.82 2177.28 2443.17  1277.03 2047.63 2294.69  1196.12 1920.93 2164.98  1125.53 1807.4 2024.62  
19288.1 30859.5 34495.9  2919.89 4658.14 5383.47  438.162 714.325 861.549  66.8182 108.164 136.677  
19288.1 30859.5 34495.9  2916.65 4661.31 5416.53  441.021 709.239 826.873  66.8278 110.09 139.756  
19288.1 30859.5 34495.9  2912.89 4664.72 5383.87  443.61 709.219 866.484  68.0397 107.361 134.15  
19288.1 30859.5 34495.9  2903.17 4658.17 5373  451.558 711.838 862.545  69.7205 110.162 145.468  
19288.1 30859.5 34495.9  2909.77 4667.78 5416.93  447.078 702.748 825.943  67.6113 110.033 141.035  
19288.1 30859.5 34495.9  2915.25 4667.77 5420.36  441.613 706.626 835.659  67.8944 106.826 129.359  
19288.1 30859.5 34495.9  2898.63 4657.98 5435.02  456.35 711.935 821.545  69.4926 110.612 128.893  
19288.1 30859.5 34495.9  2904.01 4657.98 5438.39  450.445 712.402 823.102  69.9795 110.317 124.06  
19288.1 30859.5 34495.9  2913.98 4648.4 5405.44  443.333 720.028 846.412  67.3555 112.04 132.893  
19288.1 30859.5 34495.9  2912.89 4664.72 5383.87  442.736 707.751 869.934  68.7805 108.606 131.237  
19288.1 30859.5 34495.9  2907.98 4648.82 5335.85  448.427 719.745 905.173  67.8962 111.769 141.767  
19288.1 30859.5 34495.9  2913.65 4648.81 5339.4  442.103 721.249 907.671  68.5399 110.42 137.477  
19288.1 30859.5 34495.9  2913.65 4648.81 5339.4  441.52 721.723 902.3  69.2974 109.638 139.341  
19288.1 30859.5 34495.9  2917.17 4645.01 5372.18  440.471 725.468 871.036  66.9447 110.074 140.742  
19288.1 30859.5 34495.9  2916.65 4661.31 5416.53  441.472 711.105 838.816  66.8365 108.124 128.851  
21569.7 34359.8 38282.3  1090.36 1874.59 2410.93  61.6202 118.505 198.297  3.15856 6.64454 12.5465  
21569.7 34359.8 38282.3  1091.5 1872.83 2425.57  60.226 119.313 181.14  3.401 7.5436 14.8109  
21569.7 34359.8 38282.3  1094.14 1880.98 2434.41  57.7378 111.669 173.027  3.25814 7.06352 14.22  
21569.7 34359.8 38282.3  1097.01 1893.03 2461.84  55.2835 101.611 152.016  2.8643 5.19472 8.28512  
21569.7 34359.8 38282.3  1093.38 1879.66 2447.84  58.6955 113.801 164.73  3.07771 6.32006 9.39695  
21569.7 34359.8 38282.3  1095.19 1886.42 2439.81  57.0926 107.644 171.632  2.87703 5.75316 10.4512  
21569.7 34359.8 38282.3  1095.19 1886.42 2439.81  56.9419 106.945 169.706  3.01887 6.42353 12.403  
21569.7 34359.8 38282.3  1095.29 1897.06 2478.92  56.715 96.5399 132.939  3.13869 6.19953 10.0676  
21569.7 34359.8 38282.3  1095.19 1886.42 2439.81  56.9419 106.945 169.706  3.01681 6.39262 12.2135  
21569.7 34359.8 38282.3  1090.36 1874.59 2410.93  61.5334 119.001 198.789  3.24609 6.19913 12.0515  
21569.7 34359.8 38282.3  1095.97 1887.68 2456.53  55.9553 105.1 152.337  3.21134 6.93909 12.8827  
21569.7 34359.8 38282.3  1094.14 1880.98 2434.41  58.0925 112.792 176.694  2.92954 6.03399 10.8389  
21569.7 34359.8 38282.3  1092.24 1881.28 2463.27  59.8709 112.677 149.74  3.04597 5.85678 9.05255  
21569.7 34359.8 38282.3  1095.97 1887.68 2456.53  56.2387 106.234 156.556  2.95029 5.89865 8.98061  
21569.7 34359.8 38282.3  1093.38 1879.66 2447.84  58.7259 114.285 165.243  3.04769 5.87093 9.03781  
11344.3 18140.8 20344  5682.21 9050.48 10138.1  2846.47 4573.92 5153.78  1424.63 2292.16 2605.4  
11344.3 18140.8 20344  5673.97 9088.89 10160.2  2837.82 4541.97 5187.92  1433.07 2288.96 2577.59  
11344.3 18140.8 20344  5681.25 9082.19 10221.7  2831.61 4532.83 5146.85  1423.59 2295.18 2576.52  
11344.3 18140.8 20344  5673.97 9088.89 10160.2  2848.81 4551.43 5170.67  1419.89 2271.58 2603.55  
11344.3 18140.8 20344  5687.54 9076.07 10159.4  2832.82 4526.24 5142.89  1421.72 2299.81 2624.86  
11344.3 18140.8 20344  5687.54 9076.07 10159.4  2842.04 4557.8 5171.04  1422.62 2288.92 2602.17  
11344.3 18140.8 20344  5681.25 9082.19 10221.7  2838.49 4561.07 5140.49  1429.09 2282.77 2570.63  
11344.3 18140.8 20344  5656.67 9075.63 10262.9  2839.81 4554.69 5137.06  1439.81 2287.5 2565.75  
11344.3 18140.8 20344  5687.54 9076.07 10159.4  2831.07 4548.32 5188.3  1430.35 2288.95 2575.92  
11344.3 18140.8 20344  5656.67 9075.63 10262.9  2860.61 4554.96 5088.37  1422.62 2276.37 2593.36  
11344.3 18140.8 20344  5687.54 9076.07 10159.4  2845.18 4554.73 5139.5  1423.3 2285.74 2600.02  
11344.3 18140.8 20344  5676.01 9057.03 10200.8  2847.79 4567.27 5150.46  1420.67 2285.72 2598.6  
11344.3 18140.8 20344  5662.83 9019.31 10166.1  2842.02 4582.74 5188.55  1437.22 2300.08 2572.46  
11344.3 18140.8 20344  5659.33 9063.27 10255.8  2846.86 4532.52 5095.23  1435.87 2306.46 2576.15  
11344.3 18140.8 20344  5673.97 9088.89 10160.2  2847.45 4557.73 5174.33  1428.25 2281.09 2584.31  
2713.05 4345.06 4828  2390.47 3819.99 4240.45  2088.3 3338.47 3689.99  1859.08 2965.83 3310.51  
2713.05 4345.06 4828  2382.36 3814.5 4231.66  2096.52 3344.03 3698.9  1858.6 2975.97 3338.04  
2713.05 4345.06 4828  2386.54 3827.65 4269.94  2091.9 3360.52 3751.76  1850.58 2970.26 3341.03  
2713.05 4345.06 4828  2379.83 3796.37 4190.42  2107.51 3380.73 3804.8  1846.19 2945.29 3261.75  
2713.05 4345.06 4828  2379.83 3796.37 4190.42  2113.78 3378.52 3784.06  1856.83 2974.01 3332.84  
2713.05 4345.06 4828  2384.12 3830.25 4296.33  2113.27 3374.46 3771.5  1853.25 2960.33 3292.16  
2713.05 4345.06 4828  2379.83 3796.37 4190.42  2089.56 3341.26 3695.78  1842.97 2968.06 3346.02  
2713.05 4345.06 4828  2399.08 3833.05 4281.36  2105.2 3376.33 3793.96  1844.18 2941.47 3252.45  
2713.05 4345.06 4828  2370.79 3803.53 4216.9  2114.86 3377.66 3780.92  1851.6 2969.07 3323.34  
2713.05 4345.06 4828  2395.12 3819.99 4243.27  2090.89 3361.44 3754.91  1846.35 2944.77 3261.4  
2713.05 4345.06 4828  2375.16 3816.86 4255.42  2103.29 3371.31 3766.27  1847.25 2943.98 3258.67  
2713.05 4345.06 4828  2386.54 3827.65 4269.94  2106.7 3376.98 3795.32  1850.69 2966.28 3315.36  
2713.05 4345.06 4828  2399.08 3833.05 4281.36  2107.45 3374.13 3770.83  1845.87 2955.78 3287.17  
2713.05 4345.06 4828  2399.08 3833.05 4281.36  2103.9 3362.63 3737.22  1837.95 2938.76 3252.08  
2713.05 4345.06 4828  2395.12 3819.99 4243.27  2104.37 3364.18 3741.69  1856.6 2962.77 3304.09  
3169.51 5076.62 5710.76  2732.09 4372.55 4902.51  2351.5 3756.19 4216.61  2020.96 3222.95 3622.22  
3169.51 5076.62 5710.76  2707.75 4357.43 4906.24  2341.67 3758.3 4208.08  2005.43 3215.66 3646.98  
3169.51 5076.62 5710.76  2707.75 4357.43 4906.24  2345.82 3750.47 4230.15  2026.05 3239.29 3629.82  
3169.51 5076.62 5710.76  2732.09 4372.55 4902.51  2354.11 3753.65 4190.9  2021.5 3236.73 3635.81  
3169.51 5076.62 5710.76  2718.03 4366.51 4889.74  2347.94 3762.23 4218.7  1999.49 3213.86 3645.58  
3169.51 5076.62 5710.76  2707.75 4357.43 4906.24  2356.37 3761.06 4193.42  2014.16 3233.34 3625.47  
3169.51 5076.62 5710.76  2698.58 4342.14 4918.52  2354.02 3750.02 4205.76  2014.65 3234.67 3641.31  
3169.51 5076.62 5710.76  2703.51 4342.14 4921.51  2329.75 3739.42 4233.3  2004 3220.38 3639.1  
3169.51 5076.62 5710.76  2720.36 4345.54 4905.52  2342.96 3757.24 4233.18  2020.9 3240 3627.21  
3169.51 5076.62 5710.76  2730.86 4354.42 4889.01  2353.14 3761.48 4195.8  2003.79 3226.97 3639.78  
3169.51 5076.62 5710.76  2707.75 4357.43 4906.24  2329.17 3737.32 4235.43  2030.61 3239.03 3607.02  
3169.51 5076.62 5710.76  2730.86 4354.42 4889.01  2321.73 3737.74 4235.27  2005 3218.92 3645.59  
3169.51 5076.62 5710.76  2718.03 4366.51 4889.74  2347.94 3762.23 4218.7  2015.63 3216.39 3635.96  
3169.51 5076.62 5710.76  2736.41 4363.56 4869.17  2348.73 3747.04 4212.6  2000.5 3216.38 3651.53  
3169.51 5076.62 5710.76  2720.36 4345.54 4905.52  2352.03 3765.16 4219.17  2019.63 3238.9 3629.16  
7463.13 11916.2 13427.6  5025.96 8053.33 9022.1  3326.58 5319.2 6047.3  2276.81 3629.81 4037.87  
7463.13 11916.2 13427.6  5008.95 8025.42 9045.76  3376.44 5409.24 6051.95  2254.8 3604.63 4067.28  
7463.13 11916.2 13427.6  5025.96 8053.33 9022.1  3373.01 5373.76 6005.86  2237.45 3599.47 4100.76  
7463.13 11916.2 13427.6  4974.56 7926.98 8955.7  3389.94 5415.18 6027.41  2256.47 3619.99 4091.2  
7463.13 11916.2 13427.6  4992.92 7970.72 8997.58  3380.2 5404.71 6050.99  2258.82 3624 4083.39  
7463.13 11916.2 13427.6  4959.97 7932.79 9003.61  3358.63 5394.49 6085.14  2263.12 3604.85 4037.74  
7463.13 11916.2 13427.6  5012.04 7986.51 8966.65  3375.42 5422.06 6077.92  2240.69 3578.6 4052.15  
7463.13 11916.2 13427.6  4992.92 7970.72 8997.58  3359.77 5352.16 6001.71  2276.76 3646.08 4060.63  
7463.13 11916.2 13427.6  4975.7 7986.5 9050.91  3372.84 5388.46 6053.94  2261.69 3609.25 4051.39  
7463.13 11916.2 13427.6  5004.39 8003.54 9027.6  3333.58 5335.28 6045.46  2256.81 3601.13 4042.84  
7463.13 11916.2 13427.6  5004.39 8003.54 9027.6  3344.16 5371.43 6077.24  2253.37 3589.42 4032.51  
7463.13 11916.2 13427.6  5023.71 8019.91 8997.21  3357.1 5377.57 6071.56  2242.85 3582.16 4044.25  
7463.13 11916.2 13427.6  4993.35 7941.98 8924.01  3370.13 5417.86 6107.87  2270.72 3636.56 4075.1  
7463.13 11916.2 13427.6  4992.92 7970.72 8997.58  3344.88 5367.64 6075.12  2255.35 3618.54 4077.94  
7463.13 11916.2 13427.6  4993.35 7941.98 8924.01  3368.55 5425.26 6112.14  2262.5 3626.69 4087.48  
20662.5 32971.6 36711.4  1872.16 3065.71 3786.39  172.68 290.709 362.073  16.0308 29.0404 40.6055  
20662.5 32971.6 36711.4  1871.46 3076.32 3771.42  172.718 280.168 371.798  16.5708 28.6473 44.3789  
20662.5 32971.6 36711.4  1873.88 3074.22 3794.22  171.564 284.85 359.128  15.501 26.6204 36.4311  
20662.5 32971.6 36711.4  1869.47 3078.46 3794.61  174.857 280.436 355.61  16.5365 26.7553 39.0187  
20662.5 32971.6 36711.4  1863.67 3046.62 3696.03  179.663 307.199 438.494  17.4086 31.2982 53.3452  
20662.5 32971.6 36711.4  1873.88 3074.22 3794.22  171.197 284.283 356.197  15.8367 27.0386 38.7607  
20662.5 32971.6 36711.4  1875.04 3076.32 3773.8  170.43 283.333 377.772  15.4667 26.0106 37.492  
20662.5 32971.6 36711.4  1871.46 3076.32 3771.42  172.628 280.577 372.081  16.6849 28.5021 44.6643  
20662.5 32971.6 36711.4  1868.29 3065.7 3737.73  176.367 293.198 412.75  16.1915 26.5783 38.3522  
20662.5 32971.6 36711.4  1863.67 3046.62 3696.03  180.494 309.267 449.242  16.6796 29.5207 43.4964  
20662.5 32971.6 36711.4  1864.61 3042.16 3693.15  178.97 313.883 449.173  17.1166 29.3409 46.0302  
20662.5 32971.6 36711.4  1871.08 3052.52 3729.23  173.926 304.746 420.125  15.9044 28.2546 40.0433  
20662.5 32971.6 36711.4  1865.22 3071.99 3763.86  179.155 287.486 389.103  16.394 25.9776 35.8016  
20662.5 32971.6 36711.4  1871.46 3076.32 3771.42  172.718 280.168 371.798  16.5763 28.936 45.2334  
20662.5 32971.6 36711.4  1873.88 3074.22 3794.22  171.48 285.256 359.404  15.5944 26.2337 35.9603  
22667.1 36253.2 40739.7  57.4704 105.419 164.342  0.40822 1.3285 0.940805  0.00305022 0.0192351 0.00728905  
22667.1 36253.2 40739.7  57.7204 105.842 163.75  0.15903 0.908687 1.53579  0.00221721 0.016144 0.00460686  
22667.1 36253.2 40739.7  57.3472 104.906 163.705  0.531019 1.84128 1.57879  0.00348109 0.0193783 0.00649361  
22667.1 36253.2 40739.7  57.8194 106.578 163.352  0.0621671 0.186983 1.91943  0.000134527 0.00160837 0.0183633  
22667.1 36253.2 40739.7  57.1042 105.063 164.894  0.776574 1.69117 0.389137  0.000889058 0.0127981 0.00700646  
22667.1 36253.2 40739.7  57.6106 106.513 164.377  0.270119 0.252892 0.908596  0.000889919 0.000965132 0.00508794  
22667.1 36253.2 40739.7  57.4781 106.005 164.969  0.403173 0.755832 0.316394  0.000408754 0.00580087 0.00521523  
22667.1 36253.2 40739.7  57.4781 106.005 164.969  0.400846 0.753034 0.32051  0.00269685 0.00843613 0.00115928  
22667.1 36253.2 40739.7  57.7282 106.438 164.388  0.152909 0.327163 0.897578  0.000513683 0.00126639 0.00506116  
22667.1 36253.2 40739.7  57.6106 106.513 164.377  0.270303 0.251371 0.905773  0.00070874 0.0024707 0.0078073  
22667.1 36253.2 40739.7  57.3472 104.906 163.705  0.531019 1.84128 1.57879  0.00347683 0.0192836 0.00651812  
22667.1 36253.2 40739.7  57.7648 106.214 164.179  0.116702 0.551246 1.09827  0.000136826 0.000946968 0.0133144  
22667.1 36253.2 40739.7  57.595 105.32 163.101  0.284742 1.43555 2.18464  0.00192812 0.0113629 0.00450404  
22667.1 36253.2 40739.7  57.6106 106.513 164.377  0.269068 0.250136 0.909146  0.00191688 0.0036515 0.00455317  
22667.1 36253.2 40739.7  57.6106 106.513 164.377  0.270119 0.252892 0.908596  0.000891111 0.000962716 0.00508303  
