2 33 4
27421 19160.9  14824 10186.5  7783.08 5404.69  4242.54 2884.29  
49558.8 34008.6  7955.93 5668.09  1317.42 1025.44  211.999 168.278  
45070.4 31378.9  10693.8 7314.03  2528.3 1694.58  600.012 396.421  
7662.42 5261.68  6660.6 4594.08  5811.99 4012.47  5043.74 3503.33  
49558.8 34008.6  7968.16 5707.88  1305.59 985.442  210.436 166.466  
4086.75 2853.33  3788.94 2652.26  3552.37 2470.91  3273.15 2288.23  
52397.3 36117.6  5917.04 4237.72  677.895 480.84  82.2523 61.1274  
52397.3 36117.6  5910.8 4209.09  683.058 502.723  83.3896 66.876  
4086.75 2853.33  3788.94 2652.26  3552.37 2470.91  3273.15 2288.23  
49746.2 34664  7759.38 5246.21  1330.67 843.304  210.531 128.293  
49746.2 34664  7759.38 5246.21  1330.67 843.304  210.531 128.293  
22893.4 15921.6  13879.8 9694.35  8667.6 5943.38  5236.9 3629.29  
4086.75 2853.33  3816.07 2656.4  3542.75 2465.21  3271.95 2288.34  
22893.4 15921.6  14097.6 9685.8  8566.62 5934.59  5242.76 3631.39  
27674.8 19003  14678 10073.6  7771.37 5433.95  4166.72 2925.16  
49746.2 34664  7866.16 5289.52  1246.5 805.947  190.501 123.348  
27421 19160.9  14722.4 10171  7830.01 5411.93  4244.76 2887.89  
45070.4 31378.9  10548.7 7254.29  2657.6 1743.28  613.134 403.36  
49746.2 34664  7787.94 5265.8  1297.21 825.297  213.608 127.016  
22893.4 15921.6  13987.6 9715.84  8581.52 5937.41  5253.37 3620.41  
52397.3 36117.6  5907.73 4183.54  688.877 527.462  80.4536 67.1438  
52397.3 36117.6  5932.12 4249.5  669.943 474.564  75.8568 55.5473  
52397.3 36117.6  5897.51 4222.95  697.911 493.116  81.9395 63.0698  
49746.2 34664  7866.16 5289.52  1237.62 804.55  199.068 124.535  
45070.4 31378.9  10587.5 7281.32  2614.91 1723.45  619.211 397.714  
49746.2 34664  7759.38 5246.21  1330.67 843.304  210.531 128.293  
45070.4 31378.9  10723.5 7294.18  2509.27 1702.73  597 406.632  
49746.2 34664  7866.16 5289.52  1246.5 805.947  190.501 123.348  
4086.75 2853.33  3777.37 2644.24  3573.49 2472.02  3272.49 2288.71  
49558.8 34008.6  7981.22 5718.66  1290.98 968.382  212.994 174.629  
7662.42 5261.68  6656.72 4566.26  5785.76 4018.68  5041.01 3444.48  
7662.42 5261.68  6669.01 4575.3  5778.22 3990.81  5057.48 3477.85  
7662.42 5261.68  6656.72 4566.26  5785.76 4018.68  5041.01 3444.48  
