2 100 4
22393.6 15469.9  13855.7 9611.81  8593.22 5958.16  5398.09 3701.03  
22393.6 15469.9  13917.1 9549.55  8600.19 6003.07  5345.85 3709.18  
22393.6 15469.9  13906.6 9542.45  8622.96 5986.05  5333.04 3753.8  
22393.6 15469.9  13918.1 9602.07  8638.56 5977.12  5353.27 3735.41  
22393.6 15469.9  13925.8 9608.04  8628.5 5937.76  5349.96 3745.19  
22393.6 15469.9  13807.3 9577.57  8680.63 5986.45  5379.3 3741.16  
22393.6 15469.9  13906.6 9542.45  8587.17 6026.73  5381.12 3701.33  
22393.6 15469.9  13838.5 9546.73  8673.56 6001.76  5347.8 3710.71  
22393.6 15469.9  13838.5 9546.73  8599.65 5982.63  5406.28 3719.06  
22393.6 15469.9  13817.2 9637.87  8674.96 5962.86  5374.69 3724.92  
22893.4 15921.6  14032.7 9692.15  8613.07 5947.95  5261.09 3631.57  
22893.4 15921.6  14056.5 9710.57  8536.21 5926.42  5255.72 3634.71  
22893.4 15921.6  14056.5 9710.57  8582.54 5925.03  5242.04 3638.12  
22893.4 15921.6  13987.6 9715.84  8581.52 5937.41  5253.37 3620.41  
22893.4 15921.6  14059.6 9711.84  8597.75 5936.52  5191.64 3622.8  
22893.4 15921.6  14032.7 9692.15  8505.09 5938.21  5303.02 3635.37  
22893.4 15921.6  13990.7 9717.14  8516.14 5924.6  5277.43 3624.95  
22893.4 15921.6  13879.8 9694.35  8667.6 5943.38  5236.9 3629.29  
22893.4 15921.6  13990.7 9717.14  8514.22 5923.81  5278.14 3625.22  
22893.4 15921.6  14097.6 9685.8  8566.62 5934.59  5242.76 3631.39  
27674.8 19003  14709 10205.9  7778.34 5449.18  4162.78 2883.41  
27674.8 19003  14678 10073.6  7771.37 5433.95  4166.72 2925.16  
27674.8 19003  14588.7 10062.3  7851.86 5498.06  4191.46 2916.53  
27674.8 19003  14709 10205.9  7791.71 5398.78  4171.09 2950.03  
27674.8 19003  14605.9 10020.5  7839.77 5484.16  4197.9 2980.79  
27674.8 19003  14654.1 10110  7821.37 5475.93  4191.84 2948.92  
27674.8 19003  14705.2 10260.3  7780.14 5423.87  4145.13 2856.42  
27674.8 19003  14677 10239.5  7819.42 5363.97  4158.58 2907.23  
27674.8 19003  14661.8 10171.3  7842.96 5466.1  4136.05 2877.82  
27674.8 19003  14654.1 10110  7785.8 5449.69  4167.96 2930.92  
27421 19160.9  14824 10186.5  7829.84 5406.14  4142.52 2860.66  
27421 19160.9  14634.4 10168.1  7938.11 5429.43  4202.77 2874.66  
27421 19160.9  14751.3 10192  7863.61 5403.56  4130.42 2855.1  
27421 19160.9  14722.4 10171  7892.5 5424.58  4207.35 2875.98  
27421 19160.9  14832.4 10192.9  7779.19 5401.64  4183.79 2875.64  
27421 19160.9  14722.4 10171  7830.01 5411.93  4244.76 2887.89  
27421 19160.9  14646.4 10176.1  7967.02 5419.26  4142.23 2863.26  
27421 19160.9  14722.4 10171  7733.01 5374.06  4233.64 2882.75  
27421 19160.9  14824 10186.5  7783.08 5404.69  4242.54 2884.29  
27421 19160.9  14751.3 10192  7922.42 5415.24  4187.38 2876.12  
49746.2 34664  7759.38 5246.21  1330.67 843.304  210.531 128.293  
49746.2 34664  7866.16 5289.52  1246.5 805.947  190.501 123.348  
49746.2 34664  7872.55 5293.78  1226.45 801.653  201.508 123.07  
49746.2 34664  7787.94 5265.8  1306.59 826.69  205.772 125.875  
49746.2 34664  7911.33 5290.9  1209.25 805.428  183.383 122.317  
49746.2 34664  7787.94 5265.8  1297.21 825.297  213.608 127.016  
49746.2 34664  7807.44 5278.79  1287.02 813.697  206.355 125.501  
49746.2 34664  7866.16 5289.52  1237.62 804.55  199.068 124.535  
49746.2 34664  7811.97 5282.09  1292.38 812.273  196.081 124.083  
49746.2 34664  7787.94 5265.8  1288.4 819.558  219.729 131.063  
52397.3 36117.6  5897.51 4222.95  697.911 493.116  81.9395 63.0698  
52397.3 36117.6  5917.04 4237.72  677.895 480.84  82.2523 61.1274  
52397.3 36117.6  5932.12 4249.5  669.943 474.564  75.8568 55.5473  
52397.3 36117.6  5881.2 4163.57  713.452 552.086  81.9991 63.2789  
52397.3 36117.6  5929.98 4223.61  671.416 494.243  76.5903 61.1014  
52397.3 36117.6  5910.8 4209.09  683.058 502.723  83.3896 66.876  
52397.3 36117.6  5870 4202.25  726.37 517.244  80.9412 59.911  
52397.3 36117.6  5917.04 4237.72  679.491 484.807  80.9569 57.3618  
52397.3 36117.6  5907.73 4183.54  688.877 527.462  80.4536 67.1438  
52397.3 36117.6  5937.69 4206.33  659.49 505.188  80.1714 66.5116  
4086.75 2853.33  3785.83 2650.17  3525.22 2465.59  3308.04 2298.96  
4086.75 2853.33  3825.84 2648.88  3525.37 2467.63  3321.55 2297.66  
4086.75 2853.33  3777.37 2644.24  3573.49 2472.02  3272.49 2288.71  
4086.75 2853.33  3788.94 2652.26  3552.37 2470.91  3273.15 2288.23  
4086.75 2853.33  3777.37 2644.24  3556.02 2473.39  3306.49 2298.83  
4086.75 2853.33  3815.21 2656.05  3502.48 2450.6  3288.59 2286.24  
4086.75 2853.33  3745.86 2636.98  3520.09 2460.99  3327.49 2298.95  
4086.75 2853.33  3816.07 2656.4  3542.75 2465.21  3271.95 2288.34  
4086.75 2853.33  3793.31 2640.63  3572.38 2472.27  3305 2299.47  
4086.75 2853.33  3786.7 2650.53  3555.37 2472.95  3280.43 2293.34  
49558.8 34008.6  7960.2 5671.62  1305.46 1004.37  218.283 182.692  
49558.8 34008.6  7955.93 5668.09  1317.42 1025.44  211.999 168.278  
49558.8 34008.6  7960.2 5671.62  1310.65 1019.77  212.855 168.063  
49558.8 34008.6  7955.93 5668.09  1315.84 1018.41  212.854 174.711  
49558.8 34008.6  7981.22 5718.66  1290.98 968.382  212.994 174.629  
49558.8 34008.6  7964.84 5706.71  1308.91 992.468  211.806 164.622  
49558.8 34008.6  7960.2 5671.62  1311.99 1015.43  212.467 173.195  
49558.8 34008.6  7968.16 5707.88  1306.41 991.572  210.399 162.927  
49558.8 34008.6  7968.16 5707.88  1305.59 985.442  210.436 166.466  
49558.8 34008.6  7982.88 5719.25  1293.02 975.984  209.881 167.801  
7662.42 5261.68  6646.54 4534.59  5781.12 3996.03  5015.48 3431.1  
7662.42 5261.68  6676.81 4606.17  5805.42 4007.9  5042.5 3502.36  
7662.42 5261.68  6646.54 4534.59  5810.18 3995.67  5052.43 3479.87  
7662.42 5261.68  6676.81 4606.17  5777.21 3986.86  5046.14 3505.08  
7662.42 5261.68  6660.6 4594.08  5811.99 4012.47  5043.74 3503.33  
7662.42 5261.68  6669.01 4575.3  5778.22 3990.81  5057.48 3477.85  
7662.42 5261.68  6669.01 4575.3  5806.44 4011.88  5043.37 3505.84  
7662.42 5261.68  6656.72 4566.26  5785.76 4018.68  5041.01 3444.48  
7662.42 5261.68  6667.61 4574.74  5784.36 4017.6  5027.94 3434.7  
7662.42 5261.68  6635.78 4551.01  5801.08 4007.48  5030.86 3458.19  
45070.4 31378.9  10579.3 7234.29  2605.94 1749.03  626.465 414.78  
45070.4 31378.9  10723.5 7294.18  2509.27 1702.73  597 406.632  
45070.4 31378.9  10670.4 7297.82  2551.73 1710.79  605.186 397.644  
45070.4 31378.9  10670.4 7297.82  2566.41 1711.27  593.976 397.272  
45070.4 31378.9  10693.8 7314.03  2528.3 1694.58  600.012 396.421  
45070.4 31378.9  10723.5 7294.18  2511.16 1713.6  596.705 396.858  
45070.4 31378.9  10587.5 7281.32  2594.72 1719.58  638.738 403.356  
45070.4 31378.9  10548.7 7254.29  2657.6 1743.28  613.134 403.36  
45070.4 31378.9  10587.5 7281.32  2614.91 1723.45  619.211 397.714  
45070.4 31378.9  10548.7 7254.29  2651.85 1739.4  624.174 408.537  
