2 50 50 4
500 200
2200 1000 
1518.23 322.98 1
0.0690567 1 10
639.673
640.979
640.477
640.101
640.187
641.121
639.878
639.165
641.602
640.915
639.604
640.971
639.135
640.952
639.177
640.651
641.134
639.278
639.575
639.669
641.078
640.238
640.372
639.839
639.455
640.02
639.195
639.656
641.233
639.475
640.299
639.147
641.259
639.18
639.636
639.914
639.754
639.221
639.896
640.458
640.323
640.446
640.576
640.563
639.68
640.371
639.605
639.453
640.038
639.38
44.2532 -0.26377
45.8925 1.94344
45.244 1.76755
44.3395 0.96049
43.8737 -0.36447
44.2645 1.84177
44.5922 -1.68132
45.325 -0.08316
43.3557 -1.54089
44.8366 2.02683
44.3518 -0.726
44.074 1.52764
45.2404 -0.32099
43.4675 -0.61306
45.3946 -0.62436
46.7316 0.25745
46.2443 1.78685
44.7841 -0.73
45.4398 -1.53427
45.7466 0.74199
43.4048 -0.56228
45.7062 1.43779
44.0469 0.84928
46.2055 0.22676
45.7827 0.27641
45.7352 1.19907
44.9152 -0.56868
45.9917 -1.07134
43.4395 0.52998
45.913 -0.71785
43.8195 -0.64034
45.0569 -0.41698
43.7593 1.34237
45.1133 0.01706
45.7645 0.67062
44.418 -1.53411
44.9055 1.02183
44.8592 -0.60761
44.1645 -0.99225
43.7996 0.34274
45.8164 1.44966
44.0703 0.98643
46.4898 0.87627
43.9574 -1.64958
45.5207 0.92253
44.2357 1.14216
44.5462 -1.20813
45.7558 0.3169
45.0466 1.37019
44.612 -0.72486
45.7066 0.42541
43.3816 -0.4663
