2 66 4
8083.1 5809.05  6911.64 4950.29  6011.32 4346.06  5156.76 3712.23  
8083.1 5809.05  6893.95 4941.76  5941.81 4266.96  5140.56 3688.39  
15599.4 11227.2  11293.5 8103.71  8297.93 6008.96  6124.28 4437.62  
39886.8 28648.2  12396.4 9072.79  3905.99 2885.57  1247.45 955.365  
0 0  0 0  0 0  0 0  
15599.4 11227.2  11385.4 8238.57  8361.01 6045.8  6082.43 4432.09  
15599.4 11227.2  11414.8 8286.53  8274.3 5931.74  6058.35 4388.16  
1735.15 1258.23  1680.47 1219.77  1623.71 1181.88  1572.99 1146.16  
21934.7 15890.3  13568.2 9775.38  8498.93 6147.74  5295.67 3862.96  
21934.7 15890.3  13585.7 9838.57  8504.32 6170.39  5294.3 3816.26  
8083.1 5809.05  6911.64 4950.29  5994.98 4316.41  5159.03 3716.32  
15599.4 11227.2  11385.4 8238.57  8327.66 6002.31  6099.15 4400.77  
20838.7 15073.6  13318.8 9673.79  8569.49 6165.49  5451.88 3978.64  
8083.1 5809.05  6893.95 4941.76  6013.51 4342.88  5139.22 3709.7  
0 0  0 0  0 0  0 0  
21934.7 15890.3  13662.9 9864.9  8499.31 6158.9  5252.14 3815.37  
15599.4 11227.2  11385.4 8238.57  8349.71 6068.03  6102.2 4416.12  
21934.7 15890.3  13662.9 9864.9  8498.87 6152.59  5274.9 3826.26  
8083.1 5809.05  6893.95 4941.76  6013.51 4342.88  5139.22 3709.7  
0 0  0 0  0 0  0 0  
57265.8 41495.9  723.516 498.075  10.5241 5.90015  0.120251 0.10399  
1735.15 1258.23  1682.79 1215.27  1621.15 1181.63  1573.08 1147.51  
0 0  0 0  0 0  0 0  
39886.8 28648.2  12359 8974.15  3964.1 3013.64  1223.04 918.903  
41037.8 29787.1  11923 8640.68  3572.25 2520.26  1039.84 745.175  
21934.7 15890.3  13644 9901.45  8435.13 6068.27  5246.07 3800.37  
8083.1 5809.05  6893.95 4941.76  5941.81 4266.96  5140.56 3688.39  
57265.8 41495.9  725.618 497.403  8.37279 6.56053  0.169495 0.115504  
15599.4 11227.2  11336.7 8120.68  8362.84 6099.78  6079.46 4401.27  
41037.8 29787.1  11990.2 8662.48  3500.15 2512.74  1038.93 735.716  
0 0  0 0  0 0  0 0  
57265.8 41495.9  719.305 495.038  14.5616 8.9158  0.290578 0.124946  
39886.8 28648.2  12427 9061.41  3902 2935.38  1229.17 929.022  
20838.7 15073.6  13319.5 9683.82  8558.58 6165.8  5486.27 3960.95  
1735.15 1258.23  1685.17 1218.22  1630.22 1184.52  1579.17 1145.01  
15599.4 11227.2  11322.5 8117.69  8377.97 6078.23  6071.11 4424.02  
57265.8 41495.9  723.516 498.075  10.5241 5.90015  0.120251 0.10399  
8083.1 5809.05  6958.49 5000.38  5981.21 4329.85  5119.96 3674.06  
57265.8 41495.9  725.618 497.403  8.44325 6.59436  0.0993937 0.0820106  
21934.7 15890.3  13662.9 9864.9  8498.87 6152.59  5274.9 3826.26  
30435.5 22196.2  14261.1 10362.6  6980.67 4991.53  3318.6 2340.31  
21934.7 15890.3  13548.2 9861.96  8542.8 6160.03  5301.72 3824.56  
30435.5 22196.2  14342.7 10412.2  6919.23 4945.44  3293.17 2345.32  
8083.1 5809.05  6958.49 5000.38  5997.02 4337.47  5146.23 3727.72  
8083.1 5809.05  6949.64 4998.53  5982.44 4330.1  5163.09 3735.56  
41037.8 29787.1  11975.7 8632.64  3519.65 2530.62  1039.81 740.526  
39886.8 28648.2  12396.4 9072.79  3905.99 2885.57  1247.45 955.365  
57265.8 41495.9  724.564 495.568  9.43889 8.38416  0.157195 0.125877  
15599.4 11227.2  11415.5 8253.08  8297.99 5988.02  6099.31 4405.08  
21934.7 15890.3  13644 9901.45  8482.7 6152.96  5287.9 3808.36  
30435.5 22196.2  14261.1 10362.6  6990.94 4987.76  3279.85 2343.6  
39886.8 28648.2  12360.7 9000.8  3947.08 2961.63  1233.49 935.979  
30435.5 22196.2  14261.1 10362.6  6990.94 4987.76  3279.85 2343.6  
57265.8 41495.9  725.522 497.858  8.51115 6.15418  0.126902 0.0673963  
30435.5 22196.2  14485.6 10462.5  6864.83 4913.13  3265.45 2339.41  
20838.7 15073.6  13303.3 9650.46  8541.74 6166.84  5489.44 3991.16  
21934.7 15890.3  13585.7 9838.57  8504.32 6170.39  5294.3 3816.26  
1735.15 1258.23  1685.17 1218.22  1630.22 1184.52  1572.66 1146.13  
39886.8 28648.2  12477.9 9145.23  3882.04 2881.23  1204.47 901.569  
15599.4 11227.2  11430.3 8256.18  8315.63 5997.63  6090.6 4401.69  
39886.8 28648.2  12427 9061.41  3902 2935.38  1229.17 929.022  
57265.8 41495.9  725.522 497.858  8.5232 6.14241  0.114943 0.0790285  
20838.7 15073.6  13249.3 9619.7  8570.57 6224.19  5513.83 3976.54  
15599.4 11227.2  11430.3 8256.18  8348.63 6065.6  6081.74 4383.59  
15599.4 11227.2  11340 8212.67  8272.99 5940.94  6135.05 4457.13  
57265.8 41495.9  723.516 498.075  10.5086 5.90511  0.134897 0.0988746  
