2 200 4
21934.7 15890.3  13548.2 9861.96  8542.8 6160.03  5301.72 3824.56  
21934.7 15890.3  13682.2 9888.89  8468.27 6157.73  5271.77 3786.87  
21934.7 15890.3  13662.9 9864.9  8498.87 6152.59  5274.9 3826.26  
21934.7 15890.3  13568.2 9886.76  8463.6 6142.99  5323.9 3817.7  
21934.7 15890.3  13682.9 9899.01  8420.52 6138.37  5289.61 3790.35  
21934.7 15890.3  13624.9 9827.07  8489.98 6181.2  5270 3821.23  
21934.7 15890.3  13568.2 9775.38  8498.93 6147.74  5295.67 3862.96  
21934.7 15890.3  13644 9901.45  8435.13 6068.27  5246.07 3800.37  
21934.7 15890.3  13568.2 9775.38  8498.64 6179.04  5288.1 3841.57  
21934.7 15890.3  13682.2 9888.89  8455.93 6105.09  5261.39 3807.24  
21934.7 15890.3  13662.9 9864.9  8403.07 6088.52  5266.62 3802.34  
21934.7 15890.3  13682.9 9899.01  8383.71 6098.67  5266.42 3785.82  
21934.7 15890.3  13662.9 9864.9  8499.31 6158.9  5252.14 3815.37  
21934.7 15890.3  13624.4 9877.06  8477.76 6109.52  5274.98 3810.01  
21934.7 15890.3  13585.7 9838.57  8431.96 6098.35  5322.05 3828.1  
21934.7 15890.3  13585.7 9838.57  8504.32 6170.39  5294.3 3816.26  
21934.7 15890.3  13663.7 9825.5  8427.75 6166.2  5234.06 3806.47  
21934.7 15890.3  13682.2 9888.89  8455.62 6136.16  5239.63 3775.58  
21934.7 15890.3  13644 9901.45  8482.7 6152.96  5287.9 3808.36  
21934.7 15890.3  13585.7 9838.57  8444.54 6145.74  5286.86 3815.32  
39886.8 28648.2  12460.6 9123.37  3868.58 2873.31  1228.99 932.888  
39886.8 28648.2  12478.1 9191.65  3866.58 2831.8  1213.43 904.184  
39886.8 28648.2  12462.4 9151.02  3887.39 2870.42  1206.85 903.99  
39886.8 28648.2  12360.7 9000.8  3947.08 2961.63  1233.49 935.979  
39886.8 28648.2  12462.4 9151.02  3887.87 2879.08  1214.48 909.879  
39886.8 28648.2  12359 8974.15  3964.1 3013.64  1223.04 918.903  
39886.8 28648.2  12478.5 9154.45  3881.82 2877.82  1207.52 903.79  
39886.8 28648.2  12427 9061.41  3884.95 2890.37  1230.63 943.136  
39886.8 28648.2  12396.4 9072.79  3905.99 2885.57  1247.45 955.365  
39886.8 28648.2  12396.4 9072.79  3938.19 2930.87  1215.16 908.219  
39886.8 28648.2  12460.6 9123.37  3857.38 2850.48  1225.01 928.873  
39886.8 28648.2  12428.7 9088.57  3890.29 2896.86  1232.62 929.486  
39886.8 28648.2  12478.5 9154.45  3856.26 2852.14  1223.44 919.192  
39886.8 28648.2  12477.9 9145.23  3882.04 2881.23  1204.47 901.569  
39886.8 28648.2  12428.7 9088.57  3890.29 2896.86  1227.86 928.416  
39886.8 28648.2  12478.1 9191.65  3882.08 2852.33  1207.61 900.328  
39886.8 28648.2  12460.6 9123.37  3868.58 2873.31  1217.37 913.485  
39886.8 28648.2  12427 9061.41  3902 2935.38  1229.17 929.022  
39886.8 28648.2  12429.5 9134.95  3899.87 2870.34  1227.15 920.083  
39886.8 28648.2  12429.5 9134.95  3904.73 2868.6  1223.79 921.261  
41037.8 29787.1  12023.3 8642.53  3500.81 2526.57  1019.34 738.636  
41037.8 29787.1  11974.1 8659.13  3501.43 2515.95  1053.77 734.416  
41037.8 29787.1  11923 8640.68  3572.25 2520.26  1039.84 745.175  
41037.8 29787.1  12023.8 8651.34  3476.53 2520.62  1027.51 736.469  
41037.8 29787.1  11907.1 8646.39  3558.57 2524.1  1059.43 735.14  
41037.8 29787.1  12023.3 8642.53  3491.02 2529.78  1013.51 735.36  
41037.8 29787.1  12008 8648.05  3511.98 2515.04  1022.33 743.655  
41037.8 29787.1  11873.8 8630.46  3591.91 2539.98  1060.84 735.47  
41037.8 29787.1  11923.6 8649.8  3566.93 2523.06  1034.47 736.602  
41037.8 29787.1  11975.7 8632.64  3534.83 2525.91  1027.62 746.578  
41037.8 29787.1  11990.2 8662.48  3500.15 2512.74  1038.93 735.716  
41037.8 29787.1  11990.2 8662.48  3494.94 2514.58  1033.85 731.985  
41037.8 29787.1  11975.7 8632.64  3519.65 2530.62  1039.81 740.526  
41037.8 29787.1  11975.7 8632.64  3490.47 2530.01  1051.55 743.839  
41037.8 29787.1  11923 8640.68  3562.02 2533.72  1045.7 735.363  
41037.8 29787.1  12023.3 8642.53  3471.76 2528.72  1040.03 734.896  
41037.8 29787.1  11923 8640.68  3556.73 2524.84  1047.88 742.882  
41037.8 29787.1  11990.2 8662.48  3494.94 2514.58  1038.15 732.847  
41037.8 29787.1  11972.5 8632.23  3507.45 2536  1043.47 739.357  
41037.8 29787.1  11941.3 8643.46  3559.25 2518.29  1036.05 743.853  
8083.1 5809.05  6904.4 4974.33  6012.05 4338.35  5131.12 3719.48  
8083.1 5809.05  6931.61 4989.84  6008.25 4336.2  5168.69 3737.33  
8083.1 5809.05  6977.45 5034.73  6001.84 4329.96  5120.68 3667.08  
8083.1 5809.05  6958.49 5000.38  5981.21 4329.85  5119.96 3674.06  
8083.1 5809.05  6911.64 4950.29  5994.98 4316.41  5159.03 3716.32  
8083.1 5809.05  6949.64 4998.53  5982.44 4330.1  5163.09 3735.56  
8083.1 5809.05  6968.43 5032.84  5979.83 4325.34  5133.56 3699.56  
8083.1 5809.05  6922.36 5008.21  5937.9 4257.89  5138.9 3725.91  
8083.1 5809.05  6950.07 5024  5956.52 4260.45  5130.98 3681.67  
8083.1 5809.05  6911.64 4950.29  5987.73 4336.8  5174.11 3738.98  
8083.1 5809.05  6904.4 4974.33  5955.62 4269.87  5159.51 3740.71  
8083.1 5809.05  6893.95 4941.76  5964.56 4275.9  5159.4 3725.41  
8083.1 5809.05  6920.33 4952.11  5960.9 4274.48  5128.04 3688.23  
8083.1 5809.05  6977.45 5034.73  5930.3 4254.28  5130.82 3681.05  
8083.1 5809.05  6893.95 4941.76  6013.51 4342.88  5139.22 3709.7  
8083.1 5809.05  6893.95 4941.76  5941.81 4266.96  5140.56 3688.39  
8083.1 5809.05  6911.64 4950.29  6011.32 4346.06  5156.76 3712.23  
8083.1 5809.05  6958.49 5000.38  5997.02 4337.47  5146.23 3727.72  
8083.1 5809.05  6977.11 5029.67  5994.42 4333.4  5121.99 3670.92  
8083.1 5809.05  6958.49 5000.38  5981.21 4329.85  5168.47 3732.99  
0 0  0 0  0 0  0 0  
0 0  0 0  0 0  0 0  
0 0  0 0  0 0  0 0  
0 0  0 0  0 0  0 0  
0 0  0 0  0 0  0 0  
0 0  0 0  0 0  0 0  
0 0  0 0  0 0  0 0  
0 0  0 0  0 0  0 0  
0 0  0 0  0 0  0 0  
0 0  0 0  0 0  0 0  
0 0  0 0  0 0  0 0  
0 0  0 0  0 0  0 0  
0 0  0 0  0 0  0 0  
0 0  0 0  0 0  0 0  
0 0  0 0  0 0  0 0  
0 0  0 0  0 0  0 0  
0 0  0 0  0 0  0 0  
0 0  0 0  0 0  0 0  
0 0  0 0  0 0  0 0  
0 0  0 0  0 0  0 0  
30435.5 22196.2  14425.6 10428.5  6932.97 4963.93  3247.67 2322.93  
30435.5 22196.2  14425.6 10428.5  6932.97 4963.93  3274.64 2335.67  
30435.5 22196.2  14527.4 10449.4  6744.83 4894.75  3269.39 2346.89  
30435.5 22196.2  14261.1 10362.6  6951.38 4980.24  3276.49 2335.17  
30435.5 22196.2  14464.1 10470.2  6884.36 4931.01  3275.94 2323  
30435.5 22196.2  14485.6 10462.5  6864.83 4913.13  3265.45 2339.41  
30435.5 22196.2  14545 10485.5  6860.71 4931.83  3190.85 2304.01  
30435.5 22196.2  14261.1 10362.6  6990.94 4987.76  3279.85 2343.6  
30435.5 22196.2  14425.6 10428.5  6807.31 4924.38  3294.27 2340.06  
30435.5 22196.2  14261.1 10362.6  6980.67 4991.53  3318.6 2340.31  
30435.5 22196.2  14485.6 10462.5  6805.15 4911.33  3259.72 2331.27  
30435.5 22196.2  14342.7 10412.2  6919.23 4945.44  3293.17 2345.32  
30435.5 22196.2  14525.4 10481.5  6726.27 4880.12  3317.32 2346.81  
30435.5 22196.2  14261.1 10362.6  6980.67 4991.53  3289.69 2339.44  
30435.5 22196.2  14425.6 10428.5  6797.38 4905.59  3342.02 2358.33  
30435.5 22196.2  14342.7 10412.2  6976.68 4972.57  3230.82 2312.24  
30435.5 22196.2  14464.1 10470.2  6884.36 4931.01  3266.49 2325.91  
30435.5 22196.2  14485.6 10462.5  6892.87 4928.87  3250.73 2331.1  
30435.5 22196.2  14545 10485.5  6803.19 4915.48  3266.65 2326  
30435.5 22196.2  14322.9 10421.8  6889.78 4932.75  3323.94 2342.91  
57265.8 41495.9  723.516 498.075  10.5192 5.93103  0.124594 0.0735166  
57265.8 41495.9  723.516 498.075  10.5086 5.90511  0.134897 0.0988746  
57265.8 41495.9  725.618 497.403  8.43126 6.59232  0.111194 0.0836338  
57265.8 41495.9  724.438 497.615  9.60937 6.35818  0.11175 0.105254  
57265.8 41495.9  719.305 495.038  14.6101 8.86635  0.242224 0.173884  
57265.8 41495.9  722.316 498.291  11.6538 5.6794  0.188891 0.109037  
57265.8 41495.9  725.522 497.858  8.5232 6.14241  0.114943 0.0790285  
57265.8 41495.9  725.618 497.403  8.44325 6.59436  0.0993937 0.0820106  
57265.8 41495.9  724.564 495.568  9.46862 8.3654  0.128123 0.14442  
57265.8 41495.9  724.564 495.568  9.4875 8.39947  0.109536 0.110814  
57265.8 41495.9  724.564 495.568  9.43889 8.38416  0.157195 0.125877  
57265.8 41495.9  722.366 496.675  11.6009 7.26177  0.191073 0.140899  
57265.8 41495.9  722.527 494.645  11.4958 9.31849  0.136725 0.116065  
57265.8 41495.9  722.527 494.645  11.4958 9.31849  0.136792 0.115887  
57265.8 41495.9  719.305 495.038  14.5616 8.9158  0.290578 0.124946  
57265.8 41495.9  723.516 498.075  10.5241 5.90015  0.120251 0.10399  
57265.8 41495.9  720.208 497.335  13.7258 6.61565  0.225877 0.128087  
57265.8 41495.9  725.618 497.403  8.37279 6.56053  0.169495 0.115504  
57265.8 41495.9  722.366 496.675  11.6341 7.308  0.159338 0.0959427  
57265.8 41495.9  725.522 497.858  8.51115 6.15418  0.126902 0.0673963  
15599.4 11227.2  11336.7 8120.68  8362.84 6099.78  6079.46 4401.27  
15599.4 11227.2  11336.7 8120.68  8319.09 6023.22  6081.25 4388.18  
15599.4 11227.2  11385.4 8238.57  8349.71 6068.03  6102.2 4416.12  
15599.4 11227.2  11322.5 8117.69  8377.97 6078.23  6071.11 4424.02  
15599.4 11227.2  11293.5 8103.71  8297.93 6008.96  6124.28 4437.62  
15599.4 11227.2  11385.4 8238.57  8361.01 6045.8  6082.43 4432.09  
15599.4 11227.2  11430.3 8256.18  8315.27 6052.49  6107.3 4417.23  
15599.4 11227.2  11385.4 8238.57  8338.29 6004.55  6096.57 4404.54  
15599.4 11227.2  11384.7 8196.8  8361.2 6057.01  6107.2 4431.94  
15599.4 11227.2  11430.3 8256.18  8315.63 5997.63  6090.6 4401.69  
15599.4 11227.2  11414.8 8286.53  8274.3 5931.74  6058.35 4388.16  
15599.4 11227.2  11355.2 8182.55  8368.88 6085.44  6113.1 4428.14  
15599.4 11227.2  11336.7 8120.68  8341.26 6064.47  6085.22 4410.65  
15599.4 11227.2  11385.4 8238.57  8327.66 6002.31  6099.15 4400.77  
15599.4 11227.2  11322.5 8117.69  8298.91 5976.25  6116.24 4442.62  
15599.4 11227.2  11430.3 8256.18  8348.63 6065.6  6081.74 4383.59  
15599.4 11227.2  11355.2 8182.55  8369.16 6060.83  6064.71 4411.35  
15599.4 11227.2  11355.2 8182.55  8303.03 6028.86  6122.89 4441.63  
15599.4 11227.2  11340 8212.67  8272.99 5940.94  6135.05 4457.13  
15599.4 11227.2  11415.5 8253.08  8297.99 5988.02  6099.31 4405.08  
20838.7 15073.6  13301.6 9680.07  8516.95 6188.84  5492.47 3962.99  
20838.7 15073.6  13356.5 9622.58  8545.26 6187.69  5462.95 3947.9  
20838.7 15073.6  13356.7 9671.36  8531.7 6199.17  5474.14 3976.13  
20838.7 15073.6  13356.1 9661.5  8487.43 6168.06  5482.85 3989.32  
20838.7 15073.6  13301.6 9680.07  8540.34 6200.07  5506.13 3947.56  
20838.7 15073.6  13319.5 9683.82  8558.58 6165.8  5486.27 3960.95  
20838.7 15073.6  13318.8 9673.79  8569.49 6165.49  5451.88 3978.64  
20838.7 15073.6  13356.7 9671.36  8555.56 6191.3  5465.6 3978.96  
20838.7 15073.6  13303.9 9562.99  8541.01 6166.62  5483.61 3996.79  
20838.7 15073.6  13339.9 9628.65  8503.3 6207.29  5467.91 3979.79  
20838.7 15073.6  13356.5 9622.58  8555.92 6183.77  5458.93 3985.44  
20838.7 15073.6  13249.3 9619.7  8570.57 6224.19  5513.83 3976.54  
20838.7 15073.6  13356.5 9622.58  8497.4 6209.5  5486.49 3989.96  
20838.7 15073.6  13356.7 9671.36  8520.64 6203.2  5478.1 3974.68  
20838.7 15073.6  13356.5 9622.58  8544.76 6212.78  5447.22 3980.02  
20838.7 15073.6  13303.3 9650.46  8541.74 6166.84  5489.44 3991.16  
20838.7 15073.6  13249.3 9619.7  8583.71 6188.7  5486.58 3996.92  
20838.7 15073.6  13249.3 9619.7  8570.57 6224.19  5507.12 3962.99  
20838.7 15073.6  13357.2 9632.27  8545.03 6184.22  5462.81 3945.68  
20838.7 15073.6  13318.8 9673.79  8545.25 6198.29  5476.24 3961.9  
1735.15 1258.23  1683.03 1219  1619 1182.3  1586.27 1146.42  
1735.15 1258.23  1668.92 1218.76  1628.51 1184.05  1573.27 1147.34  
1735.15 1258.23  1678.52 1216.83  1634.89 1181.83  1579.23 1145.13  
1735.15 1258.23  1685.31 1214.53  1634.69 1181.9  1572.52 1146.32  
1735.15 1258.23  1685.17 1218.22  1630.22 1184.52  1572.66 1146.13  
1735.15 1258.23  1685.25 1219.46  1634.83 1178.18  1585.73 1146.53  
1735.15 1258.23  1685.23 1213.31  1634.69 1181.94  1585.73 1146.6  
1735.15 1258.23  1685.25 1219.46  1634.83 1178.18  1585.81 1147.7  
1735.15 1258.23  1678.05 1216.76  1630.35 1183.34  1579.38 1145.08  
1735.15 1258.23  1680.47 1219.77  1623.71 1181.88  1572.99 1146.16  
1735.15 1258.23  1685.23 1213.31  1634.75 1177.18  1583.49 1143.96  
1735.15 1258.23  1682.79 1215.27  1621.15 1181.63  1573.08 1147.51  
1735.15 1258.23  1683.03 1219  1619 1182.3  1573.06 1146.17  
1735.15 1258.23  1683.03 1219  1627.85 1180.36  1575.21 1146.6  
1735.15 1258.23  1682.79 1215.27  1621.15 1181.63  1584.2 1147.28  
1735.15 1258.23  1683.03 1219  1630.2 1183.27  1581.51 1147.85  
1735.15 1258.23  1671.22 1219.24  1623.99 1181.89  1586.53 1141.81  
1735.15 1258.23  1682.79 1215.27  1621.15 1181.63  1586.21 1146.55  
1735.15 1258.23  1685.17 1218.22  1630.22 1184.52  1579.17 1145.01  
1735.15 1258.23  1680.55 1221.03  1628.38 1180.36  1579.59 1148.62  
