2 50 50 2
500 200
2200 1000 
1518.23 322.98 1
0.0690567 1 10
775.352
777.213
776.524
775.935
775.937
777.211
775.587
774.852
777.568
777.027
775.261
776.995
774.797
776.821
774.853
776.834
777.432
774.907
775.312
775.546
776.97
776.266
776.231
775.784
775.271
775.993
774.826
775.488
777.208
775.271
776.058
774.788
777.307
774.852
775.505
775.618
775.573
774.851
775.589
776.289
776.383
776.329
776.739
776.358
775.543
776.261
775.265
775.266
775.949
775.015
44.2532 -0.26377
45.8925 1.94344
45.244 1.76755
44.3395 0.96049
43.8737 -0.36447
44.2645 1.84177
44.5922 -1.68132
45.325 -0.08316
43.3557 -1.54089
44.8366 2.02683
44.3518 -0.726
44.074 1.52764
45.2404 -0.32099
43.4675 -0.61306
45.3946 -0.62436
46.7316 0.25745
46.2443 1.78685
44.7841 -0.73
45.4398 -1.53427
45.7466 0.74199
43.4048 -0.56228
45.7062 1.43779
44.0469 0.84928
46.2055 0.22676
45.7827 0.27641
45.7352 1.19907
44.9152 -0.56868
45.9917 -1.07134
43.4395 0.52998
45.913 -0.71785
43.8195 -0.64034
45.0569 -0.41698
43.7593 1.34237
45.1133 0.01706
45.7645 0.67062
44.418 -1.53411
44.9055 1.02183
44.8592 -0.60761
44.1645 -0.99225
43.7996 0.34274
45.8164 1.44966
44.0703 0.98643
46.4898 0.87627
43.9574 -1.64958
45.5207 0.92253
44.2357 1.14216
44.5462 -1.20813
45.7558 0.3169
45.0466 1.37019
44.612 -0.72486
45.7066 0.42541
43.3816 -0.4663
