2 66 2
8083.1 5809.05  6920.01 4947.22  
41037.8 29787.1  11972.5 8632.23  
1735.15 1258.23  1673.7 1218.35  
57265.8 41495.9  725.522 497.858  
1735.15 1258.23  1678.05 1216.76  
30435.5 22196.2  14345.3 10379.7  
15599.4 11227.2  11340 8212.67  
41037.8 29787.1  12008 8648.05  
8083.1 5809.05  6911.64 4950.29  
39886.8 28648.2  12477.9 9145.23  
1735.15 1258.23  1668.92 1218.76  
41037.8 29787.1  11972.5 8632.23  
21934.7 15890.3  13548.2 9861.96  
8083.1 5809.05  6904.4 4974.33  
0 0  0 0  
30435.5 22196.2  14527.4 10449.4  
21934.7 15890.3  13682.9 9899.01  
21934.7 15890.3  13548.2 9861.96  
1735.15 1258.23  1671.22 1219.24  
0 0  0 0  
41037.8 29787.1  12008 8648.05  
41037.8 29787.1  12008 8648.05  
20838.7 15073.6  13303.9 9562.99  
39886.8 28648.2  12359 8974.15  
8083.1 5809.05  6968.43 5032.84  
30435.5 22196.2  14342.7 10412.2  
41037.8 29787.1  12023.3 8642.53  
21934.7 15890.3  13662.9 9864.9  
41037.8 29787.1  11873.8 8630.46  
30435.5 22196.2  14444.2 10466  
30435.5 22196.2  14525.4 10481.5  
1735.15 1258.23  1671.22 1219.24  
1735.15 1258.23  1680.55 1221.03  
15599.4 11227.2  11340 8212.67  
41037.8 29787.1  12008 8648.05  
8083.1 5809.05  6977.45 5034.73  
21934.7 15890.3  13682.9 9899.01  
30435.5 22196.2  14403.7 10446.7  
57265.8 41495.9  725.722 495.36  
57265.8 41495.9  719.305 495.038  
8083.1 5809.05  6920.33 4952.11  
21934.7 15890.3  13682.2 9888.89  
20838.7 15073.6  13249.3 9619.7  
57265.8 41495.9  725.618 497.403  
57265.8 41495.9  725.629 495.807  
39886.8 28648.2  12376.2 9004.1  
30435.5 22196.2  14345.3 10379.7  
15599.4 11227.2  11384.7 8196.8  
30435.5 22196.2  14281.7 10402.1  
57265.8 41495.9  725.618 497.403  
15599.4 11227.2  11384.7 8196.8  
57265.8 41495.9  719.305 495.038  
41037.8 29787.1  12023.3 8642.53  
0 0  0 0  
39886.8 28648.2  12359 8974.15  
15599.4 11227.2  11355.2 8182.55  
30435.5 22196.2  14345.3 10379.7  
21934.7 15890.3  13663.7 9825.5  
41037.8 29787.1  12008 8648.05  
57265.8 41495.9  720.208 497.335  
41037.8 29787.1  11873.8 8630.46  
39886.8 28648.2  12443.9 9082.88  
8083.1 5809.05  6904.4 4974.33  
0 0  0 0  
20838.7 15073.6  13265.2 9662.55  
39886.8 28648.2  12478.1 9191.65  
