2 200 2
21934.7 15890.3  13548.2 9861.96  
21934.7 15890.3  13682.9 9899.01  
21934.7 15890.3  13682.9 9899.01  
21934.7 15890.3  13682.2 9888.89  
21934.7 15890.3  13644.7 9911.75  
21934.7 15890.3  13663.7 9825.5  
21934.7 15890.3  13662.9 9864.9  
21934.7 15890.3  13682.2 9888.89  
21934.7 15890.3  13682.9 9899.01  
21934.7 15890.3  13568.2 9886.76  
21934.7 15890.3  13568.2 9886.76  
21934.7 15890.3  13682.2 9888.89  
21934.7 15890.3  13682.9 9899.01  
21934.7 15890.3  13568.2 9886.76  
21934.7 15890.3  13663.7 9825.5  
21934.7 15890.3  13624.9 9827.07  
21934.7 15890.3  13644.7 9911.75  
21934.7 15890.3  13624.4 9877.06  
21934.7 15890.3  13568.2 9775.38  
21934.7 15890.3  13624.9 9827.07  
39886.8 28648.2  12376.2 9004.1  
39886.8 28648.2  12428.7 9088.57  
39886.8 28648.2  12478.1 9191.65  
39886.8 28648.2  12427 9061.41  
39886.8 28648.2  12375.6 8995.22  
39886.8 28648.2  12443.9 9082.88  
39886.8 28648.2  12360.7 9000.8  
39886.8 28648.2  12428.7 9088.57  
39886.8 28648.2  12477.9 9145.23  
39886.8 28648.2  12396.4 9072.79  
39886.8 28648.2  12444.5 9091.93  
39886.8 28648.2  12360.7 9000.8  
39886.8 28648.2  12462.4 9151.02  
39886.8 28648.2  12359 8974.15  
39886.8 28648.2  12478.5 9154.45  
39886.8 28648.2  12360.7 9000.8  
39886.8 28648.2  12462.4 9151.02  
39886.8 28648.2  12376.2 9004.1  
39886.8 28648.2  12375.6 8995.22  
39886.8 28648.2  12359 8974.15  
41037.8 29787.1  11975.7 8632.64  
41037.8 29787.1  11974.1 8659.13  
41037.8 29787.1  11989.7 8653.52  
41037.8 29787.1  12023.8 8651.34  
41037.8 29787.1  11923 8640.68  
41037.8 29787.1  12008.7 8613.14  
41037.8 29787.1  12023.8 8651.34  
41037.8 29787.1  11941.3 8643.46  
41037.8 29787.1  11972.5 8632.23  
41037.8 29787.1  11972.5 8632.23  
41037.8 29787.1  11975.7 8632.64  
41037.8 29787.1  12008 8648.05  
41037.8 29787.1  12023.3 8642.53  
41037.8 29787.1  12008 8648.05  
41037.8 29787.1  12008 8648.05  
41037.8 29787.1  11989.7 8653.52  
41037.8 29787.1  11873.8 8630.46  
41037.8 29787.1  12023.3 8642.53  
41037.8 29787.1  11873.8 8630.46  
41037.8 29787.1  12023.3 8642.53  
8083.1 5809.05  6920.33 4952.11  
8083.1 5809.05  6968.43 5032.84  
8083.1 5809.05  6968.43 5032.84  
8083.1 5809.05  6958.49 5000.38  
8083.1 5809.05  6950.07 5024  
8083.1 5809.05  6958.16 4995.41  
8083.1 5809.05  6949.64 4998.53  
8083.1 5809.05  6904.4 4974.33  
8083.1 5809.05  6968.43 5032.84  
8083.1 5809.05  6904.4 4974.33  
8083.1 5809.05  6911.64 4950.29  
8083.1 5809.05  6949.64 4998.53  
8083.1 5809.05  6904.4 4974.33  
8083.1 5809.05  6968.43 5032.84  
8083.1 5809.05  6911.64 4950.29  
8083.1 5809.05  6922.36 5008.21  
8083.1 5809.05  6920.01 4947.22  
8083.1 5809.05  6977.45 5034.73  
8083.1 5809.05  6977.45 5034.73  
8083.1 5809.05  6977.11 5029.67  
0 0  0 0  
0 0  0 0  
0 0  0 0  
0 0  0 0  
0 0  0 0  
0 0  0 0  
0 0  0 0  
0 0  0 0  
0 0  0 0  
0 0  0 0  
0 0  0 0  
0 0  0 0  
0 0  0 0  
0 0  0 0  
0 0  0 0  
0 0  0 0  
0 0  0 0  
0 0  0 0  
0 0  0 0  
0 0  0 0  
30435.5 22196.2  14342.7 10412.2  
30435.5 22196.2  14342.7 10412.2  
30435.5 22196.2  14345.3 10379.7  
30435.5 22196.2  14525.4 10481.5  
30435.5 22196.2  14281.7 10402.1  
30435.5 22196.2  14342.7 10412.2  
30435.5 22196.2  14527.4 10449.4  
30435.5 22196.2  14322.9 10421.8  
30435.5 22196.2  14403.7 10446.7  
30435.5 22196.2  14468.4 10416  
30435.5 22196.2  14444.2 10466  
30435.5 22196.2  14261.1 10362.6  
30435.5 22196.2  14403.7 10446.7  
30435.5 22196.2  14468.4 10416  
30435.5 22196.2  14322.9 10421.8  
30435.5 22196.2  14485.6 10462.5  
30435.5 22196.2  14342.7 10412.2  
30435.5 22196.2  14527.4 10449.4  
30435.5 22196.2  14345.3 10379.7  
30435.5 22196.2  14345.3 10379.7  
57265.8 41495.9  722.527 494.645  
57265.8 41495.9  722.527 494.645  
57265.8 41495.9  722.316 498.291  
57265.8 41495.9  722.366 496.675  
57265.8 41495.9  725.629 495.807  
57265.8 41495.9  725.618 497.403  
57265.8 41495.9  725.618 497.403  
57265.8 41495.9  725.618 497.403  
57265.8 41495.9  719.305 495.038  
57265.8 41495.9  725.722 495.36  
57265.8 41495.9  725.618 497.403  
57265.8 41495.9  725.629 495.807  
57265.8 41495.9  725.629 495.807  
57265.8 41495.9  725.522 497.858  
57265.8 41495.9  725.722 495.36  
57265.8 41495.9  725.629 495.807  
57265.8 41495.9  725.522 497.858  
57265.8 41495.9  720.208 497.335  
57265.8 41495.9  722.527 494.645  
57265.8 41495.9  722.527 494.645  
15599.4 11227.2  11336.7 8120.68  
15599.4 11227.2  11340 8212.67  
15599.4 11227.2  11355.2 8182.55  
15599.4 11227.2  11415.5 8253.08  
15599.4 11227.2  11340 8212.67  
15599.4 11227.2  11385.4 8238.57  
15599.4 11227.2  11310.6 8157.11  
15599.4 11227.2  11414.8 8286.53  
15599.4 11227.2  11430.3 8256.18  
15599.4 11227.2  11310.6 8157.11  
15599.4 11227.2  11398.7 8191.69  
15599.4 11227.2  11429.7 8247.87  
15599.4 11227.2  11429.9 8289.69  
15599.4 11227.2  11384.7 8196.8  
15599.4 11227.2  11355.2 8182.55  
15599.4 11227.2  11340 8212.67  
15599.4 11227.2  11310.6 8157.11  
15599.4 11227.2  11336.7 8120.68  
15599.4 11227.2  11430.3 8256.18  
15599.4 11227.2  11398.7 8191.69  
20838.7 15073.6  13339.1 9667.68  
20838.7 15073.6  13265.2 9662.55  
20838.7 15073.6  13303.3 9650.46  
20838.7 15073.6  13357.2 9632.27  
20838.7 15073.6  13339.1 9667.68  
20838.7 15073.6  13319.5 9683.82  
20838.7 15073.6  13249.3 9619.7  
20838.7 15073.6  13265.2 9662.55  
20838.7 15073.6  13301.6 9680.07  
20838.7 15073.6  13319.5 9683.82  
20838.7 15073.6  13265.2 9662.55  
20838.7 15073.6  13303.9 9562.99  
20838.7 15073.6  13357.2 9632.27  
20838.7 15073.6  13303.3 9650.46  
20838.7 15073.6  13304.7 9611.73  
20838.7 15073.6  13356.5 9622.58  
20838.7 15073.6  13319.5 9683.82  
20838.7 15073.6  13249.3 9619.7  
20838.7 15073.6  13339.1 9667.68  
20838.7 15073.6  13356.5 9622.58  
1735.15 1258.23  1685.17 1218.22  
1735.15 1258.23  1671.22 1219.24  
1735.15 1258.23  1685.31 1214.53  
1735.15 1258.23  1671.13 1217.96  
1735.15 1258.23  1678.05 1216.76  
1735.15 1258.23  1680.55 1221.03  
1735.15 1258.23  1680.55 1221.03  
1735.15 1258.23  1671.22 1219.24  
1735.15 1258.23  1668.92 1218.76  
1735.15 1258.23  1682.79 1215.27  
1735.15 1258.23  1678.05 1216.76  
1735.15 1258.23  1671.13 1217.96  
1735.15 1258.23  1671.22 1219.24  
1735.15 1258.23  1673.7 1218.35  
1735.15 1258.23  1673.7 1218.35  
1735.15 1258.23  1671.13 1217.96  
1735.15 1258.23  1685.17 1218.22  
1735.15 1258.23  1671.22 1219.24  
1735.15 1258.23  1680.55 1221.03  
1735.15 1258.23  1678.05 1216.76  
