2 50 2
10035 10900.2  7925.12 8607.81  
10543.8 11390.5  8208.58 8870.13  
31535.9 34268.2  10764.1 11675  
31535.9 34268.2  10764.1 11675  
10035 10900.2  7895.54 8573.5  
31535.9 34268.2  10842 11651.9  
29179 31570.5  11415 12411.2  
0 0  0 0  
29179 31570.5  11379.5 12323.1  
31535.9 34268.2  10764.1 11675  
0 0  0 0  
28290.3 30484.1  11583.9 12603.3  
10543.8 11390.5  8214.3 8908.93  
10035 10900.2  7934.42 8557.72  
10035 10900.2  7964.6 8567.8  
18215.8 19561.7  11250.4 12131.1  
10035 10900.2  7897.77 8610.35  
18032.4 19722.3  11245.9 12219.5  
29179 31570.5  11372.9 12432.2  
10035 10900.2  7934.42 8557.72  
24648.9 26940.4  12050.6 12960.2  
0 0  0 0  
31535.9 34268.2  10855.3 11617.3  
31535.9 34268.2  10842.4 11618.5  
0 0  0 0  
18032.4 19722.3  11164.1 12192.3  
10543.8 11390.5  8222.28 8869.61  
10035 10900.2  7925.12 8607.81  
24648.9 26940.4  12050.6 12960.2  
24648.9 26940.4  11994 13000.3  
29179 31570.5  11414.9 12446.3  
10543.8 11390.5  8183.68 8923.71  
29179 31570.5  11455.6 12371.9  
28290.3 30484.1  11583.9 12603.3  
0 0  0 0  
18215.8 19561.7  11283.9 12129.6  
8151.43 8793.9  6754.61 7259.57  
24648.9 26940.4  12014.6 12907.2  
29179 31570.5  11415 12411.2  
31535.9 34268.2  10814.1 11603.6  
18215.8 19561.7  11283.9 12129.6  
18215.8 19561.7  11286.6 12148.1  
10543.8 11390.5  8208.58 8870.13  
24648.9 26940.4  11980.4 13001.6  
18215.8 19561.7  11274.3 12238.2  
10543.8 11390.5  8208.58 8870.13  
24648.9 26940.4  11825.8 12846.8  
24648.9 26940.4  11980.4 13001.6  
31535.9 34268.2  10791.4 11689.4  
31535.9 34268.2  10761 11625  
