2 150 2
18215.8 19561.7  11250.4 12131.1  
18215.8 19561.7  11264.9 12093.9  
18215.8 19561.7  11286.6 12148.1  
18215.8 19561.7  11274.3 12238.2  
18215.8 19561.7  11250.4 12131.1  
18215.8 19561.7  11286.6 12148.1  
18215.8 19561.7  11286.6 12148.1  
18215.8 19561.7  11273 12149.4  
18215.8 19561.7  11283.9 12129.6  
18215.8 19561.7  11264.9 12093.9  
18215.8 19561.7  11293.2 12237.5  
18215.8 19561.7  11295.4 12290.5  
18215.8 19561.7  11293.2 12237.5  
18215.8 19561.7  11295.4 12290.5  
18215.8 19561.7  11274.3 12238.2  
10543.8 11390.5  8230.09 8855.54  
10543.8 11390.5  8208.58 8870.13  
10543.8 11390.5  8208.58 8870.13  
10543.8 11390.5  8191.22 8910.12  
10543.8 11390.5  8208.58 8870.13  
10543.8 11390.5  8183.68 8923.71  
10543.8 11390.5  8183.68 8923.71  
10543.8 11390.5  8214.3 8908.93  
10543.8 11390.5  8230.09 8855.54  
10543.8 11390.5  8221.97 8895.1  
10543.8 11390.5  8214.3 8908.93  
10543.8 11390.5  8193.09 8922.82  
10543.8 11390.5  8191.22 8910.12  
10543.8 11390.5  8214.3 8908.93  
10543.8 11390.5  8222.28 8869.61  
31535.9 34268.2  10803.9 11688.2  
31535.9 34268.2  10764.1 11675  
31535.9 34268.2  10761 11625  
31535.9 34268.2  10764.1 11675  
31535.9 34268.2  10831.8 11670  
31535.9 34268.2  10804 11655.4  
31535.9 34268.2  10791.4 11689.4  
31535.9 34268.2  10791.4 11689.4  
31535.9 34268.2  10803.9 11688.2  
31535.9 34268.2  10842.4 11618.5  
31535.9 34268.2  10855.3 11617.3  
31535.9 34268.2  10814.1 11603.6  
31535.9 34268.2  10804 11655.4  
31535.9 34268.2  10842 11651.9  
31535.9 34268.2  10803.9 11688.2  
10035 10900.2  7934.42 8557.72  
10035 10900.2  7925.12 8607.81  
10035 10900.2  7964.6 8567.8  
10035 10900.2  7866.82 8588.35  
10035 10900.2  7925.12 8607.81  
10035 10900.2  7934.42 8557.72  
10035 10900.2  7956.72 8605.79  
10035 10900.2  7947.44 8606.66  
10035 10900.2  7955.16 8568.67  
10035 10900.2  7954.88 8593.3  
10035 10900.2  7897.77 8610.35  
10035 10900.2  7964.6 8567.8  
10035 10900.2  7925.12 8607.81  
10035 10900.2  7895.54 8573.5  
10035 10900.2  7947.44 8606.66  
8151.43 8793.9  6733.87 7325.32  
8151.43 8793.9  6754.61 7259.57  
8151.43 8793.9  6759.4 7292.02  
8151.43 8793.9  6759.15 7312.98  
8151.43 8793.9  6753.87 7227.75  
8151.43 8793.9  6753.87 7227.75  
8151.43 8793.9  6747.35 7239.52  
8151.43 8793.9  6747.35 7239.52  
8151.43 8793.9  6741.78 7282.7  
8151.43 8793.9  6735.41 7335.77  
8151.43 8793.9  6760.72 7323.61  
8151.43 8793.9  6760.72 7323.61  
8151.43 8793.9  6741.78 7282.7  
8151.43 8793.9  6760.72 7323.61  
8151.43 8793.9  6765.82 7280.45  
0 0  0 0  
0 0  0 0  
0 0  0 0  
0 0  0 0  
0 0  0 0  
0 0  0 0  
0 0  0 0  
0 0  0 0  
0 0  0 0  
0 0  0 0  
0 0  0 0  
0 0  0 0  
0 0  0 0  
0 0  0 0  
0 0  0 0  
29179 31570.5  11372.9 12432.2  
29179 31570.5  11414.9 12446.3  
29179 31570.5  11414.9 12446.3  
29179 31570.5  11404.7 12266.6  
29179 31570.5  11425.7 12356.1  
29179 31570.5  11425.7 12356.1  
29179 31570.5  11469.2 12370.7  
29179 31570.5  11444.4 12426.8  
29179 31570.5  11415 12411.2  
29179 31570.5  11455.6 12371.9  
29179 31570.5  11444.4 12426.8  
29179 31570.5  11379.5 12323.1  
29179 31570.5  11455.6 12371.9  
29179 31570.5  11369.6 12378.9  
29179 31570.5  11401.8 12447.5  
28290.3 30484.1  11593.7 12491.4  
28290.3 30484.1  11602.8 12638.8  
28290.3 30484.1  11562 12678.3  
28290.3 30484.1  11559.4 12660.3  
28290.3 30484.1  11583.9 12603.3  
28290.3 30484.1  11559.3 12492.9  
28290.3 30484.1  11559.4 12660.3  
28290.3 30484.1  11593.7 12491.4  
28290.3 30484.1  11559.4 12660.3  
28290.3 30484.1  11602.8 12638.8  
28290.3 30484.1  11617 12601.3  
28290.3 30484.1  11562 12678.3  
28290.3 30484.1  11614.2 12582.6  
28290.3 30484.1  11603.2 12602.6  
28290.3 30484.1  11617 12601.3  
24648.9 26940.4  12014.6 12907.2  
24648.9 26940.4  12072.8 13014.6  
24648.9 26940.4  12059 13015.9  
24648.9 26940.4  11936.9 12894.9  
24648.9 26940.4  11868.5 12951.5  
24648.9 26940.4  12014.6 12907.2  
24648.9 26940.4  12050.6 12960.2  
24648.9 26940.4  11994 13000.3  
24648.9 26940.4  11881.9 12950.2  
24648.9 26940.4  12072.8 13014.6  
24648.9 26940.4  12050.6 12960.2  
24648.9 26940.4  11825.8 12846.8  
24648.9 26940.4  11980.4 13001.6  
24648.9 26940.4  11868.5 12951.5  
24648.9 26940.4  12050.6 12960.2  
18032.4 19722.3  11245.9 12219.5  
18032.4 19722.3  11143.3 12189.5  
18032.4 19722.3  11060.5 12146.1  
18032.4 19722.3  11248.5 12236.6  
18032.4 19722.3  11248.5 12236.6  
18032.4 19722.3  11207.5 12223  
18032.4 19722.3  11309.3 12251.3  
18032.4 19722.3  11105.4 12145.7  
18032.4 19722.3  11103.2 12176.2  
18032.4 19722.3  11351.6 12231  
18032.4 19722.3  11207.5 12223  
18032.4 19722.3  11280.7 12236.2  
18032.4 19722.3  11164.1 12192.3  
18032.4 19722.3  11280.7 12236.2  
18032.4 19722.3  11245.9 12219.5  
