4 33 4
5750 6461.6 10062.9 13643.2  3669.84 4112.44 6416.47 8753.26  2355.91 2646.7 4121.12 5607.54  1518.36 1715.68 2657.03 3577.63  
14124.9 15883.9 24768.4 33694.4  1653.23 1862.33 2852.72 3816.63  196.69 224.92 336.286 434.068  22.0896 25.1811 37.371 48.5603  
8119.33 9169.19 14239 19185.9  4011.62 4478.23 6982.97 9520.47  1942.66 2212.69 3428.98 4638.73  970.149 1089.32 1699.45 2339.73  
9422.69 10509.2 16416.7 22394.3  3855.15 4316.43 6722.97 9156.04  1603.79 1864.68 2860.71 3798.85  657.856 764.833 1172.58 1562.55  
8289.53 9350.24 14530.2 19607.7  3986.16 4474.22 6957.09 9429.94  1919.48 2169.6 3374.81 4603.12  930.331 1040.81 1626.47 2248.25  
5750 6461.6 10062.9 13643.2  3687.47 4117.27 6418.58 8730.79  2361.64 2655.79 4132.03 5612.4  1502.47 1713.83 2650.46 3563.4  
5750 6461.6 10062.9 13643.2  3684.76 4135.68 6441.84 8753.51  2360.13 2653.34 4128.34 5607.61  1508.02 1702.67 2645.1 3589.45  
6062.58 6814.21 10595.7 14310  3751.61 4246.42 6592.06 8898.58  2346.94 2629.51 4098.08 5587.97  1449.23 1612.75 2515.94 3442.01  
2877.87 3211.34 5013.08 6827.44  2356.37 2627.3 4096.95 5567.98  1933.48 2156.88 3367 4592.41  1579.38 1758.79 2748.68 3761.1  
4312.01 4836.98 7540.19 10244.3  3143.62 3539.26 5509.61 7475.31  2289.34 2584.71 4019.52 5450.04  1682.36 1892.65 2943.5 3994.17  
14124.9 15883.9 24768.4 33694.4  1663.81 1864.13 2858.33 3828.41  187.105 224.018 331.676 422.127  21.2016 24.5493 36.6363 48.6202  
6062.58 6814.21 10595.7 14310  3766.42 4245.07 6603.99 8955.08  2332.08 2630.94 4086.25 5531.54  1441 1629.72 2528.63 3423.4  
8289.53 9350.24 14530.2 19607.7  3987.39 4486.73 6973.85 9448.32  1918.84 2163.1 3366.13 4593.67  926.443 1038.04 1619.37 2229.52  
8119.33 9169.19 14239 19185.9  3956.9 4489.26 6961.75 9390.83  1976.04 2210.08 3450.25 4736.56  981.212 1081.74 1692.76 2339.62  
2877.87 3211.34 5013.08 6827.44  2356.68 2622.85 4097.25 5591.08  1925.07 2138.75 3344.83 4578.99  1580.83 1762.76 2752.55 3759.36  
15649.9 17575.4 27343.2 36971.4  342.176 415.574 642.601 1002.45  7.70721 8.86489 13.8846 25.4197  0.193174 0.186113 0.30101 0.670016  
8119.33 9169.19 14239 19185.9  4012.87 4490.99 7000.08 9539.25  1961.12 2201.65 3424.74 4663.78  967.052 1087.75 1693.97 2323.11  
2877.87 3211.34 5013.08 6827.44  2356.68 2622.85 4097.25 5591.08  1934.16 2177.46 3383.16 4568.86  1579.21 1755.95 2745.77 3761.18  
14124.9 15883.9 24768.4 33694.4  1633.35 1850.3 2831.28 3783.14  213.028 232.165 351.561 463.217  25.0672 29.2754 42.6194 52.1949  
4312.01 4836.98 7540.19 10244.3  3138.51 3518.61 5489.17 7481.05  2302.37 2600.6 4036.2 5445.51  1673.82 1891.8 2939.84 3985.09  
9422.69 10509.2 16416.7 22394.3  3877.95 4380.66 6793.16 9167.83  1590.36 1826.96 2819.41 3791.89  653.049 748.163 1154.33 1558.75  
2877.87 3211.34 5013.08 6827.44  2361.12 2646.21 4123.06 5598.14  1931.96 2182.8 3390.56 4579.32  1583.12 1785.29 2777.87 3769.68  
14198.6 15780.8 24680.2 33740  1591.45 1938.02 2917.39 3780.4  186.589 249.143 357.227 426.135  20.7445 28.0848 39.78 47.422  
4312.01 4836.98 7540.19 10244.3  3143.62 3539.26 5509.61 7475.31  2289.34 2584.71 4019.52 5450.04  1682.36 1892.65 2943.5 3994.17  
5750 6461.6 10062.9 13643.2  3680.43 4148.42 6447.96 8722.58  2360.5 2629.11 4106.13 5619.69  1509.44 1706.79 2650.88 3596.22  
5750 6461.6 10062.9 13643.2  3687.47 4117.27 6418.58 8730.79  2361.64 2655.79 4132.03 5612.4  1502.47 1713.83 2650.46 3563.4  
15649.9 17575.4 27343.2 36971.4  342.533 414.905 641.77 1001.8  7.39456 9.4719 14.6673 26.1549  0.14988 0.245229 0.345517 0.584748  
14198.6 15780.8 24680.2 33740  1600.96 1966.43 2947.45 3784.98  177.966 222.019 328.113 419.516  19.734 26.4922 38.4378 48.9998  
9422.69 10509.2 16416.7 22394.3  3877.95 4380.66 6793.16 9167.83  1583.91 1816.7 2808.32 3791.8  656.629 751.905 1157.88 1555.63  
9422.69 10509.2 16416.7 22394.3  3875.1 4400.26 6817.74 9191.7  1591.23 1801.96 2791.33 3778.47  654.213 751.308 1156.38 1552.59  
5750 6461.6 10062.9 13643.2  3687.47 4117.27 6418.58 8730.79  2361.64 2655.79 4132.03 5612.4  1502.47 1713.83 2650.46 3563.4  
8289.53 9350.24 14530.2 19607.7  3960.57 4475.93 6942.12 9362.1  1946.9 2164.25 3385.65 4668.27  932.393 1042.38 1626.71 2240.69  
5750 6461.6 10062.9 13643.2  3678.95 4111.53 6417.97 8760.34  2361.03 2642.23 4116.84 5606.11  1513.25 1717.6 2658.01 3575.6  
