4 100 4
6062.58 6814.21 10595.7 14310  3766.42 4245.07 6603.99 8955.08  2332.08 2630.94 4086.25 5531.54  1441 1629.72 2528.63 3423.4  
6062.58 6814.21 10595.7 14310  3754.3 4228.24 6569.04 8876.06  2334.22 2603.51 4060.21 5540.29  1454.54 1650.42 2563.23 3481.31  
6062.58 6814.21 10595.7 14310  3754.3 4228.24 6569.04 8876.06  2332.11 2619.18 4074.31 5531.96  1460.64 1639.23 2556.23 3499.64  
6062.58 6814.21 10595.7 14310  3767.25 4195.25 6548.53 8933.04  2329.39 2653.79 4111.71 5543.09  1454.34 1631.8 2540.21 3462.33  
6062.58 6814.21 10595.7 14310  3769.15 4226.55 6580.54 8932.15  2337.86 2641.07 4107.01 5578.61  1446.07 1639.29 2544.01 3447.92  
6062.58 6814.21 10595.7 14310  3751.61 4246.42 6592.06 8898.58  2344.5 2633.53 4102.65 5591.28  1451.66 1632.16 2538.52 3453.73  
6062.58 6814.21 10595.7 14310  3748.14 4210.94 6544.58 8846.66  2338.27 2636.48 4098.76 5561.35  1461.31 1641.38 2563 3521.12  
6062.58 6814.21 10595.7 14310  3762.88 4208.93 6555.63 8902.21  2321.94 2612.25 4058.71 5496.29  1446.14 1650.44 2557.13 3456.17  
6062.58 6814.21 10595.7 14310  3773.63 4213.18 6573.88 8963.51  2338.59 2642.1 4104.98 5563.46  1442.76 1630.23 2528.93 3421.74  
6062.58 6814.21 10595.7 14310  3751.61 4246.42 6592.06 8898.58  2346.94 2629.51 4098.08 5587.97  1449.23 1612.75 2515.94 3442.01  
2877.87 3211.34 5013.08 6827.44  2356.68 2622.85 4097.25 5591.08  1934.16 2177.46 3383.16 4568.86  1579.21 1755.95 2745.77 3761.18  
2877.87 3211.34 5013.08 6827.44  2354.91 2634.86 4112.42 5605.87  1934.37 2161.96 3372.81 4594.94  1587.44 1793.45 2783.17 3752.95  
2877.87 3211.34 5013.08 6827.44  2356.68 2622.85 4097.25 5591.08  1925.07 2138.75 3344.83 4578.99  1580.83 1762.76 2752.55 3759.36  
2877.87 3211.34 5013.08 6827.44  2354.91 2634.86 4112.42 5605.87  1927.51 2165.89 3375.89 4594.03  1588.17 1787.66 2775.84 3745.73  
2877.87 3211.34 5013.08 6827.44  2357.57 2646.9 4116.99 5567.43  1933.9 2159.82 3371.99 4601.85  1583.41 1789.29 2782.29 3771.15  
2877.87 3211.34 5013.08 6827.44  2360.37 2638.53 4112.8 5586.96  1929.43 2145.5 3350.93 4573.15  1588.73 1784.98 2777.39 3765.99  
2877.87 3211.34 5013.08 6827.44  2356.37 2627.3 4096.95 5567.98  1930.38 2179.96 3391.25 4597.32  1580.46 1760.1 2751.54 3768.02  
2877.87 3211.34 5013.08 6827.44  2352.61 2611.42 4081.13 5571.76  1937.8 2178.93 3391.04 4597.53  1581.02 1781.77 2774.98 3774.05  
2877.87 3211.34 5013.08 6827.44  2356.37 2627.3 4096.95 5567.98  1933.48 2156.88 3367 4592.41  1579.38 1758.79 2748.68 3761.1  
2877.87 3211.34 5013.08 6827.44  2361.12 2646.21 4123.06 5598.14  1931.96 2182.8 3390.56 4579.32  1583.12 1785.29 2777.87 3769.68  
4312.01 4836.98 7540.19 10244.3  3149.69 3512.23 5484.14 7482.53  2301.75 2598.36 4033.09 5441.89  1680.63 1881.77 2933.1 3998.29  
4312.01 4836.98 7540.19 10244.3  3151.27 3538.49 5510.88 7481.26  2301.32 2591.29 4025.89 5442.23  1681.16 1890.68 2942.13 3997.85  
4312.01 4836.98 7540.19 10244.3  3153.6 3522.74 5490.99 7461.85  2297.38 2576.37 4016.94 5474.26  1681.37 1901.87 2949.44 3977.99  
4312.01 4836.98 7540.19 10244.3  3126.32 3514.56 5480.27 7464.38  2308.05 2597.74 4034.15 5446.77  1684.1 1901.22 2950.96 3987.04  
4312.01 4836.98 7540.19 10244.3  3154.6 3532.99 5504.67 7476.77  2300.74 2588.75 4028.19 5465.97  1673.62 1882.2 2931.59 3992.56  
4312.01 4836.98 7540.19 10244.3  3128.27 3546.23 5506.28 7432.9  2304.2 2570.1 4012.82 5482.07  1686.59 1894.3 2946.89 4000.15  
4312.01 4836.98 7540.19 10244.3  3147.57 3549.39 5516.12 7454.83  2288.28 2581.99 4017.79 5455.55  1685.45 1893.18 2942.45 3984.89  
4312.01 4836.98 7540.19 10244.3  3138.51 3518.61 5489.17 7481.05  2302.37 2600.6 4036.2 5445.51  1673.82 1891.8 2939.84 3985.09  
4312.01 4836.98 7540.19 10244.3  3143.62 3539.26 5509.61 7475.31  2285.46 2569.56 4004.47 5454.02  1685.52 1902.16 2951.06 3982.16  
4312.01 4836.98 7540.19 10244.3  3143.62 3539.26 5509.61 7475.31  2289.34 2584.71 4019.52 5450.04  1682.36 1892.65 2943.5 3994.17  
5750 6461.6 10062.9 13643.2  3657.86 4144.73 6436.47 8696.91  2372.3 2645.98 4125.62 5624.57  1516.77 1704.35 2648.21 3591.67  
5750 6461.6 10062.9 13643.2  3684.76 4135.68 6441.84 8753.51  2360.13 2653.34 4128.34 5607.61  1508.02 1702.67 2645.1 3589.45  
5750 6461.6 10062.9 13643.2  3683.1 4130.33 6425.12 8700.26  2359.54 2635.54 4114.31 5627.71  1510.72 1715.87 2659.28 3591.48  
5750 6461.6 10062.9 13643.2  3678.95 4111.53 6417.97 8760.34  2361.03 2642.23 4116.84 5606.11  1513.25 1717.6 2658.01 3575.6  
5750 6461.6 10062.9 13643.2  3671.63 4149.3 6446.51 8715.74  2355.27 2633.57 4110.41 5621.03  1518.15 1704.51 2650.47 3601.06  
5750 6461.6 10062.9 13643.2  3687.47 4117.27 6418.58 8730.79  2361.64 2655.79 4132.03 5612.4  1502.47 1713.83 2650.46 3563.4  
5750 6461.6 10062.9 13643.2  3680.43 4148.42 6447.96 8722.58  2360.5 2629.11 4106.13 5619.69  1509.44 1706.79 2650.88 3596.22  
5750 6461.6 10062.9 13643.2  3684.76 4135.68 6441.84 8753.51  2359.07 2649.9 4117.64 5573.5  1505.95 1693.97 2639.14 3604.48  
5750 6461.6 10062.9 13643.2  3669.84 4112.44 6416.47 8753.26  2355.91 2646.7 4121.12 5607.54  1518.36 1715.68 2657.03 3577.63  
5750 6461.6 10062.9 13643.2  3657.86 4144.73 6436.47 8696.91  2352.15 2659.66 4125.84 5568.33  1525.84 1694.16 2645.56 3624.58  
15649.9 17575.4 27343.2 36971.4  341.858 411.929 637.538 996.357  8.01048 12.3732 18.7081 31.0815  0.207929 0.317401 0.533118 1.09205  
15649.9 17575.4 27343.2 36971.4  342.176 415.574 642.601 1002.45  7.70721 8.86489 13.8846 25.4197  0.193174 0.186113 0.30101 0.670016  
15649.9 17575.4 27343.2 36971.4  342.533 414.905 641.77 1001.8  7.37734 9.51697 14.6962 26.073  0.166012 0.201631 0.316736 0.659594  
15649.9 17575.4 27343.2 36971.4  341.164 415.038 640.469 995.335  8.67888 9.38831 15.9304 32.1551  0.232566 0.197354 0.385429 1.0445  
15649.9 17575.4 27343.2 36971.4  342.85 412.391 639.585 1003.43  7.07243 11.9209 16.7642 24.42  0.154554 0.30954 0.432377 0.690505  
15649.9 17575.4 27343.2 36971.4  342.427 413.69 640.082 999.769  7.48342 10.5746 16.1977 27.9798  0.166001 0.354141 0.4967 0.77918  
15649.9 17575.4 27343.2 36971.4  342.595 414.309 642.149 1006.16  7.32412 10.0838 14.3098 21.8151  0.157708 0.231558 0.327334 0.570617  
15649.9 17575.4 27343.2 36971.4  340.814 415.696 641.284 995.974  9.07812 8.70185 15.1414 31.8492  0.184424 0.22514 0.358196 0.71716  
15649.9 17575.4 27343.2 36971.4  342.533 414.905 641.77 1001.8  7.39456 9.4719 14.6673 26.1549  0.14988 0.245229 0.345517 0.584748  
15649.9 17575.4 27343.2 36971.4  340.814 415.696 641.284 995.974  9.01964 8.7453 15.1363 31.536  0.241439 0.184084 0.364264 1.02068  
14198.6 15780.8 24680.2 33740  1602.14 1957.64 2936.88 3775.08  176.173 227.329 335.218 429.167  20.4214 29.8331 41.8366 49.4584  
14198.6 15780.8 24680.2 33740  1591.45 1938.02 2917.39 3780.4  186.589 249.143 357.227 426.135  20.7445 28.0848 39.78 47.422  
14198.6 15780.8 24680.2 33740  1592.67 1928.92 2906.46 3770.15  185.407 255.283 365.158 435.291  20.6084 30.5476 42.301 48.4227  
14198.6 15780.8 24680.2 33740  1600.96 1966.43 2947.45 3784.98  177.966 222.019 328.113 419.516  19.734 26.4922 38.4378 48.9998  
14198.6 15780.8 24680.2 33740  1591.45 1938.02 2917.39 3780.4  186.785 248.754 356.845 425.876  20.4441 28.049 39.6917 47.3859  
14198.6 15780.8 24680.2 33740  1600.13 1951.81 2933.14 3785.55  177.947 232.402 338.482 419.898  20.6788 30.5381 42.2604 48.2192  
14198.6 15780.8 24680.2 33740  1596.84 1937.5 2914.25 3764.73  181.62 247.408 357.341 437.374  20.3321 29.9221 42.2789 51.1698  
14198.6 15780.8 24680.2 33740  1602.14 1957.64 2936.88 3775.08  176.039 228.409 336.495 430.35  20.5399 28.8915 40.713 48.4102  
14198.6 15780.8 24680.2 33740  1593.2 1934.83 2914 3778.01  184.282 250.547 358.794 428.247  21.0059 29.1322 40.8318 47.4455  
14198.6 15780.8 24680.2 33740  1600.13 1951.81 2933.14 3785.55  178.708 234.857 340.725 419.012  20.04 28.5194 40.4478 49.1732  
9422.69 10509.2 16416.7 22394.3  3852.2 4336.71 6748.4 9180.73  1606.71 1844.52 2835.53 3774.48  653.362 758.32 1164.54 1558  
9422.69 10509.2 16416.7 22394.3  3852.2 4336.71 6748.4 9180.73  1606.71 1844.52 2835.53 3774.48  656.246 764.934 1172.16 1561.1  
9422.69 10509.2 16416.7 22394.3  3868.98 4374.56 6792.46 9198.86  1586.21 1804.1 2791.1 3769.1  660.064 766.266 1172.64 1554.84  
9422.69 10509.2 16416.7 22394.3  3873.14 4367.59 6784.66 9193.24  1589.12 1807.69 2792.56 3756.85  653.554 758.028 1164.35 1558.07  
9422.69 10509.2 16416.7 22394.3  3855.15 4316.43 6722.97 9156.04  1603.79 1864.68 2860.71 3798.85  657.856 764.833 1172.58 1562.55  
9422.69 10509.2 16416.7 22394.3  3856.43 4329.63 6740.47 9175.01  1595.3 1827.12 2818.08 3780.76  662.096 779.063 1187.31 1562.02  
9422.69 10509.2 16416.7 22394.3  3875.1 4400.26 6817.74 9191.7  1591.23 1801.96 2791.33 3778.47  654.213 751.308 1156.38 1552.59  
9422.69 10509.2 16416.7 22394.3  3852.2 4336.71 6748.4 9180.73  1607.22 1849.88 2842.56 3782.03  655.437 753.804 1159.37 1553.87  
9422.69 10509.2 16416.7 22394.3  3877.95 4380.66 6793.16 9167.83  1590.36 1826.96 2819.41 3791.89  653.049 748.163 1154.33 1558.75  
9422.69 10509.2 16416.7 22394.3  3877.95 4380.66 6793.16 9167.83  1583.91 1816.7 2808.32 3791.8  656.629 751.905 1157.88 1555.63  
8119.33 9169.19 14239 19185.9  3992.95 4499.29 6995.19 9484.65  1979.64 2202.83 3441.66 4730.22  966.773 1084.56 1689.74 2318.51  
8119.33 9169.19 14239 19185.9  3968.94 4469.44 6939.26 9374.49  1977.6 2219.44 3467.88 4774.82  974.074 1084.06 1691.17 2324.2  
8119.33 9169.19 14239 19185.9  4011.62 4478.23 6982.97 9520.47  1961.75 2208.12 3433.38 4673.21  960.857 1088.32 1690.5 2306.54  
8119.33 9169.19 14239 19185.9  4012.87 4490.99 7000.08 9539.25  1968.88 2200.77 3430.76 4693.29  962.131 1089.83 1692.79 2309.61  
8119.33 9169.19 14239 19185.9  3999.13 4498.81 7006.31 9537.43  1955.45 2198.54 3414.27 4631.13  970.32 1082.75 1688.4 2319.08  
8119.33 9169.19 14239 19185.9  3997.03 4492.55 6987.55 9479.1  1975.51 2209.63 3449.39 4735.84  968.296 1084.42 1692.41 2331.4  
8119.33 9169.19 14239 19185.9  4012.87 4490.99 7000.08 9539.25  1961.12 2201.65 3424.74 4663.78  967.052 1087.75 1693.97 2323.11  
8119.33 9169.19 14239 19185.9  3992.95 4499.29 6995.19 9484.65  1971.83 2203.6 3435.48 4700.36  975.583 1082.17 1694.06 2347  
8119.33 9169.19 14239 19185.9  3956.9 4489.26 6961.75 9390.83  1976.04 2210.08 3450.25 4736.56  981.212 1081.74 1692.76 2339.62  
8119.33 9169.19 14239 19185.9  4011.62 4478.23 6982.97 9520.47  1942.66 2212.69 3428.98 4638.73  970.149 1089.32 1699.45 2339.73  
8289.53 9350.24 14530.2 19607.7  3987.39 4486.73 6973.85 9448.32  1918.84 2163.1 3366.13 4593.67  926.443 1038.04 1619.37 2229.52  
8289.53 9350.24 14530.2 19607.7  3960.57 4475.93 6942.12 9362.1  1946.9 2164.25 3385.65 4668.27  932.393 1042.38 1626.71 2240.69  
8289.53 9350.24 14530.2 19607.7  3999.04 4492.02 6994.11 9513.9  1924.93 2159.21 3362.46 4592.55  914.587 1035.9 1605.89 2181.12  
8289.53 9350.24 14530.2 19607.7  4003.75 4478.23 6987.5 9547.67  1897.65 2162.24 3343.77 4501.24  929.24 1039.73 1617.54 2210.8  
8289.53 9350.24 14530.2 19607.7  3986.16 4474.22 6957.09 9429.94  1919.48 2169.6 3374.81 4603.12  930.331 1040.81 1626.47 2248.25  
8289.53 9350.24 14530.2 19607.7  3989.48 4492.98 6992.55 9506.45  1917.77 2159.85 3356.47 4563.83  933.001 1037.27 1620.1 2233.88  
8289.53 9350.24 14530.2 19607.7  3987.39 4486.73 6973.85 9448.32  1912.39 2154.2 3347.82 4552.57  939.109 1043.23 1634.64 2271.51  
8289.53 9350.24 14530.2 19607.7  3987.39 4486.73 6973.85 9448.32  1930.97 2161.96 3372.97 4626.46  926.763 1037.97 1616.86 2217.89  
8289.53 9350.24 14530.2 19607.7  3973.92 4494.39 6979.95 9446.53  1939.97 2154.69 3366.07 4624.65  919.741 1037.01 1611.32 2199.05  
8289.53 9350.24 14530.2 19607.7  4003.75 4478.23 6987.5 9547.67  1910.42 2167.51 3359.09 4542.7  932.748 1037.54 1620.19 2233.17  
14124.9 15883.9 24768.4 33694.4  1647.42 1868.68 2855.04 3800.04  199.662 217.189 331.333 446.442  24.6801 26.4189 39.7464 52.4038  
14124.9 15883.9 24768.4 33694.4  1663.81 1864.13 2858.33 3828.41  185.448 223.222 330.149 419.702  22.8768 25.5705 38.3496 50.8431  
14124.9 15883.9 24768.4 33694.4  1663.81 1864.13 2858.33 3828.41  187.105 224.018 331.676 422.127  21.2016 24.5493 36.6363 48.6202  
14124.9 15883.9 24768.4 33694.4  1636.51 1861.51 2842.56 3780.92  209.613 224.813 343.652 463.004  25.4087 26.1485 39.9575 54.4532  
14124.9 15883.9 24768.4 33694.4  1662.4 1875.48 2868.33 3822.3  187.648 213.692 322.263 426.58  22.0056 23.7965 36.26 50.049  
14124.9 15883.9 24768.4 33694.4  1653.23 1862.33 2852.72 3816.63  196.69 224.92 336.286 434.068  22.0896 25.1811 37.371 48.5603  
14124.9 15883.9 24768.4 33694.4  1645.83 1846.16 2833.91 3808.89  201.228 239.138 351.704 436.855  24.7566 27.2872 40.7719 53.0041  
14124.9 15883.9 24768.4 33694.4  1633.35 1850.3 2831.28 3783.14  213.028 232.165 351.561 463.217  25.0672 29.2754 42.6194 52.1949  
14124.9 15883.9 24768.4 33694.4  1654.29 1879.17 2866.63 3800.52  195.437 208.776 322.727 448.713  22.1363 24.7856 37.1786 49.4824  
14124.9 15883.9 24768.4 33694.4  1633.35 1850.3 2831.28 3783.14  214.321 235.579 355.297 463.786  23.9341 26.5951 39.6161 51.5056  
