5 66 4
11371.7 5680.05 9473.01 5661.04 9486.14  9201.55 4616.09 7649.78 4569.87 7685.58  7451.83 3732.51 6206.98 3710.34 6233.21  6017.94 3030.22 4998.34 2986.79 5037.39  
47905 23907.5 39912.8 23864.3 39920.4  9634.08 4871.69 8004.4 4846.03 8032.31  1953.43 970.349 1653.69 1017.38 1635.86  404.878 198.257 343.138 217.468 327.177  
47805.5 23984 39686.8 23709.9 39821.3  9713.26 4810.57 8183.63 4967.96 8111.23  1976.9 963.381 1692.51 1045.27 1651.38  397.686 192.859 341.761 215.294 328.04  
45993.1 22981 38341.3 22890.9 38461  10642.7 5367.19 8845.81 5346.45 8860.88  2555.95 1263.03 2134.23 1325.56 2056.5  616.622 295.3 519.59 333.009 476.545  
22697.6 11290.8 18959.3 11337.6 18937  13973.6 6970.35 11682.6 6986.93 11713.9  8793.33 4365.37 7335.9 4425.97 7256.32  5508.83 2787.07 4559.18 2739.27 4586.51  
25155.9 12572 20926.9 12516.5 20929.2  14574.6 7312.32 12130.8 7256.48 12190.6  8484.71 4232.95 7068.64 4259.11 7027.73  4942.15 2462.46 4137.74 2493.4 4126.52  
41729.7 20878.9 34783.5 20746.7 34965.8  12755.3 6350.92 10630 6440.8 10504  3805.36 1901.15 3179.84 1939.6 3146.95  1179.52 596.408 975.242 601.956 960.874  
47905 23907.5 39912.8 23864.3 39920.4  9634.08 4871.69 8004.4 4846.03 8032.31  1965.02 968.892 1662.67 1029.35 1623.06  396.043 200.932 334.841 207.007 337.623  
41729.7 20878.9 34783.5 20746.7 34965.8  12620.2 6340.61 10495.6 6326.42 10495.3  3919.15 1920.21 3285.72 2027.44 3163.48  1190.77 591.633 990.482 616.021 956.491  
47905 23907.5 39912.8 23864.3 39920.4  9634.08 4871.69 8004.4 4846.03 8032.31  1958.66 968.157 1660.94 1024.18 1633.86  398.19 199.37 335.57 210.208 329.283  
11371.7 5680.05 9473.01 5661.04 9486.14  9190.97 4606.95 7651.2 4568.03 7692.5  7425.83 3695.25 6210.75 3717.42 6209.14  6066.15 3027.24 5056.09 3032.99 5046.74  
59248.6 29366.8 49475.3 29677.5 49093.5  741.876 623.55 518.428 317.476 895.533  9.38777 9.48816 6.23569 4.98377 10.7932  0.109217 0.173951 0.0664283 0.0570285 0.188687  
11371.7 5680.05 9473.01 5661.04 9486.14  9191.17 4557.75 7687.86 4608.2 7648.56  7454.66 3722.33 6219.51 3721.29 6229.36  6044.93 3005.99 5049.67 3031.14 5028.55  
25155.9 12572 20926.9 12516.5 20929.2  14542.2 7276.2 12078.3 7254.72 12041.1  8512.59 4227.78 7133.33 4289.95 7104.22  4934.89 2478.93 4114.37 2473.26 4132.22  
41729.7 20878.9 34783.5 20746.7 34965.8  12755.3 6350.92 10630 6440.8 10504  3805.36 1901.15 3179.84 1939.6 3146.95  1191.81 607.725 978.257 603.812 966.774  
22697.6 11290.8 18959.3 11337.6 18937  13973.6 6970.35 11682.6 6986.93 11713.9  8793.33 4365.37 7335.9 4425.97 7256.32  5508.83 2787.07 4559.18 2739.27 4586.51  
11371.7 5680.05 9473.01 5661.04 9486.14  9167.57 4591.19 7642.06 4559.94 7688.48  7439.23 3724.45 6201.02 3705.62 6229.41  6073.49 3032.27 5051 3035.09 5027.67  
11371.7 5680.05 9473.01 5661.04 9486.14  9199.32 4618.63 7637.8 4565.46 7667.73  7478.44 3732.72 6225.58 3733.77 6209.19  6060.01 3025.5 5047.14 3028.73 5035.41  
41729.7 20878.9 34783.5 20746.7 34965.8  12769.9 6363.38 10628 6443.36 10494.7  3820.19 1918.04 3187.7 1939.5 3173.87  1165.47 579.905 974.933 602.944 951.804  
47805.5 23984 39686.8 23709.9 39821.3  9722.84 4795.1 8195.8 4989.62 8071.72  1959.45 973.149 1667.86 1020.93 1663.97  407.149 197.029 355.721 220.966 349.511  
25155.9 12572 20926.9 12516.5 20929.2  14583.7 7255.65 12150.2 7309.48 12056  8496.56 4258.06 7091.91 4250.72 7126.33  4931.4 2464.36 4120.21 2481.95 4115.82  
45993.1 22981 38341.3 22890.9 38461  10729.6 5357.78 8948.53 5433.68 8863.57  2510.13 1261.63 2083.5 1285.49 2046.86  583.647 304.178 477.661 295.08 482.441  
11371.7 5680.05 9473.01 5661.04 9486.14  9201.55 4616.09 7649.78 4569.87 7685.58  7471.36 3723.89 6234.01 3734.98 6225.55  6024.31 3016.74 5024.03 3004.01 5048.51  
47805.5 23984 39686.8 23709.9 39821.3  9722.84 4795.1 8195.8 4989.62 8071.72  1969.28 975.745 1682.83 1028.14 1682.94  397.363 195.791 341.337 212.574 336.096  
45993.1 22981 38341.3 22890.9 38461  10642.7 5367.19 8845.81 5346.45 8860.88  2555.95 1263.03 2134.23 1325.56 2056.5  616.622 295.3 519.59 333.009 476.545  
57182.6 28639 47648.3 28406.4 47953.2  2675.17 1301.92 2227.3 1496.83 1960.62  135.913 56.6355 118.617 91.7923 82.5882  6.01352 2.31925 5.51346 4.74699 3.42494  
47905 23907.5 39912.8 23864.3 39920.4  9634.08 4871.69 8004.4 4846.03 8032.31  1953.43 970.349 1653.69 1017.38 1635.86  404.878 198.257 343.138 217.468 327.177  
59248.6 29366.8 49475.3 29677.5 49093.5  741.876 623.55 518.428 317.476 895.533  9.34854 9.39476 6.22973 4.98676 10.7246  0.147581 0.263855 0.0719291 0.0540168 0.252466  
57182.6 28639 47648.3 28406.4 47953.2  2689.82 1302.52 2243.26 1511.09 1963.61  121.742 55.9432 103.409 78.2282 79.7985  5.53108 2.406 4.76712 4.05376 3.24317  
41729.7 20878.9 34783.5 20746.7 34965.8  12620.2 6340.61 10495.6 6326.42 10495.3  3919.15 1920.21 3285.72 2027.44 3163.48  1190.77 591.633 990.482 616.021 956.491  
22697.6 11290.8 18959.3 11337.6 18937  14153.5 7085.67 11769.4 7054.55 11771.1  8750.61 4356.68 7311.41 4395.51 7284.14  5442.6 2753.13 4515.86 2707.25 4559.9  
59248.6 29366.8 49475.3 29677.5 49093.5  735.425 608.888 516.614 318.509 876.725  15.7479 23.9569 8.01906 3.94566 29.4254  0.198879 0.361892 0.0963523 0.0622918 0.358894  
41729.7 20878.9 34783.5 20746.7 34965.8  12755.3 6350.92 10630 6440.8 10504  3805.36 1901.15 3179.84 1939.6 3146.95  1191.81 607.725 978.257 603.812 966.774  
57182.6 28639 47648.3 28406.4 47953.2  2700.47 1302.13 2252.64 1521.8 1959.47  111.138 56.4099 93.7742 67.4591 83.5653  5.51037 2.32799 5.03743 4.13206 3.59328  
47905 23907.5 39912.8 23864.3 39920.4  9661.42 4857.62 8051.92 4882.88 8041.19  1936.69 974.387 1625.64 998.772 1620.27  396.226 207.601 325.542 201.564 331.557  
47905 23907.5 39912.8 23864.3 39920.4  9626.29 4831.77 8044.01 4872.49 8044.19  1964.53 1005.51 1624.17 998.264 1627.22  401.217 203.525 333.09 209.403 326.309  
45993.1 22981 38341.3 22890.9 38461  10769 5386.47 8957.39 5445.29 8860.29  2466.65 1252.68 2052.08 1253.54 2058.08  586.825 289.157 494.869 310.48 476.356  
47805.5 23984 39686.8 23709.9 39821.3  9614.94 4793.01 8064.22 4890.54 8024.61  2056.65 974.798 1787.18 1110.21 1708.17  415.66 197.381 365.415 228.713 351.803  
21448 10751.4 17861.2 10646.7 17985.3  13695.8 6881.62 11400.6 6804.95 11494  8795.83 4374.1 7361.01 4420.25 7339.5  5705.31 2857.52 4745.3 2857.94 4732.35  
57182.6 28639 47648.3 28406.4 47953.2  2689.82 1302.52 2243.26 1511.09 1963.61  121.742 55.9432 103.409 78.2282 79.7985  5.53108 2.406 4.76712 4.05376 3.24317  
47905 23907.5 39912.8 23864.3 39920.4  9625.18 4859.34 8018.48 4848.72 8058.28  1960.38 980.153 1642.5 1015.24 1615.11  405.41 199.605 340.434 216.656 322.867  
41729.7 20878.9 34783.5 20746.7 34965.8  12721.9 6365.62 10583.9 6398.28 10516.9  3816.86 1905.99 3186.94 1945.61 3147.26  1197.7 587.95 1001.76 625.692 956.006  
41729.7 20878.9 34783.5 20746.7 34965.8  12723.3 6329.5 10617.5 6429.63 10498.6  3837.1 1932.11 3186.75 1942.81 3164.98  1179.7 589.857 979.076 607.444 952.112  
21448 10751.4 17861.2 10646.7 17985.3  13754.1 6836.56 11503.9 6894.72 11475.6  8775.21 4390.03 7324.33 4388.62 7346.08  5713.71 2883.78 4726.57 2843.86 4734.81  
45993.1 22981 38341.3 22890.9 38461  10728.7 5330.81 8962.9 5454.74 8828.29  2501.27 1282.41 2063.91 1260.54 2078.15  597.312 311.376 485.497 301.627 485.677  
22697.6 11290.8 18959.3 11337.6 18937  14094.7 6980.48 11776.4 7086.39 11655.2  8805.64 4441.98 7304.26 4375.83 7354.44  5458.35 2754.29 4535.59 2720.65 4571.56  
45993.1 22981 38341.3 22890.9 38461  10755.2 5348.64 8973.19 5464.01 8832.78  2484.13 1277.89 2052.25 1249 2081.28  583.105 300.079 480.477 297.846 479.873  
41729.7 20878.9 34783.5 20746.7 34965.8  12723.3 6329.5 10617.5 6429.63 10498.6  3862.38 1948.27 3198.83 1952.43 3172.82  1174.39 589.759 973.696 602.662 952.467  
21448 10751.4 17861.2 10646.7 17985.3  13695.8 6881.62 11400.6 6804.95 11494  8867.71 4392.38 7423.13 4470.39 7355.59  5656.81 2836.86 4710.78 2831.13 4717.21  
47805.5 23984 39686.8 23709.9 39821.3  9614.94 4793.01 8064.22 4890.54 8024.61  2044.96 974.814 1771.46 1098.7 1701.12  425.118 198.285 377.789 237.081 359.596  
22697.6 11290.8 18959.3 11337.6 18937  14151.3 7049.52 11788.1 7081.56 11724.4  8751.47 4370.23 7304.33 4385.28 7301.78  5422.51 2719.25 4521.88 2716.52 4536.2  
45993.1 22981 38341.3 22890.9 38461  10756.7 5375.92 8959.01 5443.12 8868.13  2489.42 1261.33 2065.56 1267.12 2055.16  578.008 291.875 481.141 299.934 472.773  
57182.6 28639 47648.3 28406.4 47953.2  2689.82 1302.52 2243.26 1511.09 1963.61  120.728 55.7178 102.546 77.3427 79.6342  6.51618 2.61561 5.61382 4.92581 3.39676  
41729.7 20878.9 34783.5 20746.7 34965.8  12689.3 6343.82 10571.2 6386.92 10511.4  3886.02 1938.26 3231.04 1981.96 3163.83  1180.3 582.238 986.808 614.516 948.966  
41729.7 20878.9 34783.5 20746.7 34965.8  12769.9 6363.38 10628 6443.36 10494.7  3813.91 1927.67 3168.18 1925.44 3167.81  1177.41 577.982 992.181 615.648 958.361  
21448 10751.4 17861.2 10646.7 17985.3  13731.6 6905.64 11414.6 6817.36 11500.1  8817.5 4412.75 7351.52 4407.83 7365.19  5699.87 2845.03 4749.52 2863.17 4723.43  
57182.6 28639 47648.3 28406.4 47953.2  2656.65 1290.85 2218.66 1489.15 1955.68  152.084 66.8343 125.821 97.8948 87.2259  8.11992 3.10352 6.80588 6.1396 3.70708  
47905 23907.5 39912.8 23864.3 39920.4  9650.45 4848.12 8053.4 4880.94 8048.32  1949.19 991.821 1616.27 995.382 1610.78  394.984 201.274 331.804 205.786 333.421  
21448 10751.4 17861.2 10646.7 17985.3  13842.1 6892.76 11546.5 6927.94 11503.5  8811.63 4441.74 7312.28 4378.74 7361.17  5714.73 2839.51 4770.24 2881.59 4720.88  
25155.9 12572 20926.9 12516.5 20929.2  14610.1 7257.99 12203.1 7332.58 12127.4  8453.75 4258.6 7040.39 4211.42 7111.47  4940.23 2474.46 4119.33 2481.53 4117.9  
59248.6 29366.8 49475.3 29677.5 49093.5  742.571 625.123 517.513 317.326 892.712  8.6168 7.78259 7.10694 5.12723 13.3476  0.183504 0.303641 0.109581 0.0635576 0.451059  
25155.9 12572 20926.9 12516.5 20929.2  14542.2 7276.2 12078.3 7254.72 12041.1  8510.55 4230.03 7122.58 4285.99 7088.18  4939.4 2473.97 4137.92 2481.94 4167.49  
47905 23907.5 39912.8 23864.3 39920.4  9650.45 4848.12 8053.4 4880.94 8048.32  1950.46 990.187 1623.74 998.179 1621.89  393.669 203.115 325.9 202.876 326.968  
25155.9 12572 20926.9 12516.5 20929.2  14542.2 7276.2 12078.3 7254.72 12041.1  8472.86 4238.37 7060.34 4244.38 7053.63  4942.27 2476.21 4145.95 2482.83 4187.13  
45993.1 22981 38341.3 22890.9 38461  10756.7 5375.92 8959.01 5443.12 8868.13  2489.42 1261.33 2065.56 1267.12 2055.16  578.008 291.875 481.141 299.934 472.773  
57182.6 28639 47648.3 28406.4 47953.2  2693.31 1305.16 2242.87 1511.76 1961.86  117.953 52.8546 103.858 77.7284 81.1865  5.79969 2.83883 4.68254 3.85662 3.58549  
