5 200 4
21448 10751.4 17861.2 10646.7 17985.3  13857.8 6906.25 11544.4 6930.68 11493.3  8876.51 4428.34 7397.61 4448.7 7367.19  5671.04 2846.14 4719.77 2836.74 4728.11  
21448 10751.4 17861.2 10646.7 17985.3  13695.8 6881.62 11400.6 6804.95 11494  8867.71 4392.38 7423.13 4470.39 7355.59  5656.81 2836.86 4710.78 2831.13 4717.21  
21448 10751.4 17861.2 10646.7 17985.3  13770.8 6885.09 11482.7 6870.03 11511.6  8816.73 4400.78 7361.09 4417.34 7358.01  5695.42 2828.11 4758.87 2873.49 4711.8  
21448 10751.4 17861.2 10646.7 17985.3  13695.8 6881.62 11400.6 6804.95 11494  8853.28 4436.77 7365.49 4420.24 7371.3  5737.41 2851.96 4782.69 2891.59 4726.38  
21448 10751.4 17861.2 10646.7 17985.3  13807.6 6869.53 11533 6915.96 11497.6  8871.5 4451.93 7369.59 4424.62 7374.62  5638.88 2834.04 4695.29 2817.39 4718.47  
21448 10751.4 17861.2 10646.7 17985.3  13695.8 6881.62 11400.6 6804.95 11494  8795.83 4374.1 7361.01 4420.25 7339.5  5705.31 2857.52 4745.3 2857.94 4732.35  
21448 10751.4 17861.2 10646.7 17985.3  13640.5 6847.52 11370.5 6782.98 11471.2  8883.5 4458 7374.79 4429.82 7372.73  5754.82 2844.34 4811.89 2914.05 4732.51  
21448 10751.4 17861.2 10646.7 17985.3  13821.9 6922.45 11494.3 6885 11507.3  8879.37 4413.89 7416.96 4463.3 7368.7  5639.44 2816.36 4713.83 2832.65 4715.15  
21448 10751.4 17861.2 10646.7 17985.3  13754.1 6836.56 11503.9 6894.72 11475.6  8775.21 4390.03 7324.33 4388.62 7346.08  5713.71 2883.78 4726.57 2843.86 4734.81  
21448 10751.4 17861.2 10646.7 17985.3  13842.1 6892.76 11546.5 6927.94 11503.5  8882.14 4433.18 7396.86 4449.68 7363.53  5646.76 2813.89 4723.25 2841.36 4712.74  
21448 10751.4 17861.2 10646.7 17985.3  13842.1 6892.76 11546.5 6927.94 11503.5  8791.4 4398.06 7338.36 4396.86 7360.94  5685.95 2846.42 4735.43 2849.92 4728.49  
21448 10751.4 17861.2 10646.7 17985.3  13716.3 6851.55 11453.1 6848.42 11489.2  8894.88 4424.3 7423.06 4468.63 7371.39  5723.49 2854.96 4764.87 2876.73 4726.51  
21448 10751.4 17861.2 10646.7 17985.3  13716.3 6851.55 11453.1 6848.42 11489.2  8836.04 4412.71 7371.63 4424.98 7366.04  5661.59 2823.97 4725.8 2846.17 4706.63  
21448 10751.4 17861.2 10646.7 17985.3  13842.1 6892.76 11546.5 6927.94 11503.5  8811.63 4441.74 7312.28 4378.74 7361.17  5714.73 2839.51 4770.24 2881.59 4720.88  
21448 10751.4 17861.2 10646.7 17985.3  13640.5 6847.52 11370.5 6782.98 11471.2  8887.41 4404.49 7433.9 4478.21 7363.74  5670.25 2828.3 4733.02 2850.47 4713.89  
21448 10751.4 17861.2 10646.7 17985.3  13770.8 6885.09 11482.7 6870.03 11511.6  8841 4391.15 7393.75 4447.21 7349.26  5686.78 2831.53 4747.18 2862.85 4714.93  
21448 10751.4 17861.2 10646.7 17985.3  13640.5 6847.52 11370.5 6782.98 11471.2  8815.35 4386.15 7371.68 4427.98 7347.63  5785.87 2875.69 4812.14 2915.87 4737.33  
21448 10751.4 17861.2 10646.7 17985.3  13807.6 6869.53 11533 6915.96 11497.6  8813.51 4441.11 7318.47 4381.14 7370.04  5637.41 2807.58 4716.33 2837.84 4702.23  
21448 10751.4 17861.2 10646.7 17985.3  13731.6 6905.64 11414.6 6817.36 11500.1  8817.5 4412.75 7351.52 4407.83 7365.19  5699.87 2845.03 4749.52 2863.17 4723.43  
21448 10751.4 17861.2 10646.7 17985.3  13747.8 6919.6 11412.4 6820.18 11489.6  8776.16 4385.92 7332.89 4392.61 7354.38  5725.08 2841.16 4785.3 2889.68 4735.84  
47905 23907.5 39912.8 23864.3 39920.4  9650.45 4848.12 8053.4 4880.94 8048.32  1949.19 991.821 1616.27 995.382 1610.78  394.984 201.274 331.804 205.786 333.421  
47905 23907.5 39912.8 23864.3 39920.4  9649.13 4823.51 8066.16 4899.67 8016.21  1948.68 1014.13 1606.26 977.191 1648.1  397.111 202.141 331.618 206.809 329.948  
47905 23907.5 39912.8 23864.3 39920.4  9659.91 4832.84 8064.7 4901.57 8009.21  1932.92 1001.23 1605.8 973.563 1654.32  399.632 206.086 331.239 205.941 332.609  
47905 23907.5 39912.8 23864.3 39920.4  9600.61 4842.71 8008.92 4840.12 8054.08  1977.39 986.357 1653.14 1025.68 1613.38  412.454 208.529 339.965 215.557 327.739  
47905 23907.5 39912.8 23864.3 39920.4  9661.42 4857.62 8051.92 4882.88 8041.19  1936.69 974.387 1625.64 998.772 1620.27  396.226 207.601 325.542 201.564 331.557  
47905 23907.5 39912.8 23864.3 39920.4  9636.34 4869 8016.97 4850.69 8051.02  1956.81 970.285 1650.91 1020.47 1618.93  399.767 202.443 332.741 208.966 326.42  
47905 23907.5 39912.8 23864.3 39920.4  9659.2 4860.26 8039.57 4878.29 8022.8  1938.5 972.305 1635.52 1002.43 1634.89  395.774 205.073 329.171 203.295 335.328  
47905 23907.5 39912.8 23864.3 39920.4  9634.08 4871.69 8004.4 4846.03 8032.31  1953.43 970.349 1653.69 1017.38 1635.86  404.878 198.257 343.138 217.468 327.177  
47905 23907.5 39912.8 23864.3 39920.4  9636.34 4869 8016.97 4850.69 8051.02  1956.58 975.823 1645.66 1015.5 1621.75  399.941 198.015 336.903 212.895 324.166  
47905 23907.5 39912.8 23864.3 39920.4  9626.29 4831.77 8044.01 4872.49 8044.19  1964.53 1005.51 1624.17 998.264 1627.22  401.217 203.525 333.09 209.403 326.309  
47905 23907.5 39912.8 23864.3 39920.4  9625.18 4859.34 8018.48 4848.72 8058.28  1960.38 980.153 1642.5 1015.24 1615.11  405.41 199.605 340.434 216.656 322.867  
47905 23907.5 39912.8 23864.3 39920.4  9626.29 4831.77 8044.01 4872.49 8044.19  1964.53 1005.51 1624.17 998.264 1627.22  402.052 203.396 333.002 210.211 323.671  
47905 23907.5 39912.8 23864.3 39920.4  9626.29 4831.77 8044.01 4872.49 8044.19  1966.86 1007.52 1623.87 998.678 1625.76  399.848 202.329 333.264 209.164 327.181  
47905 23907.5 39912.8 23864.3 39920.4  9625.18 4859.34 8018.48 4848.72 8058.28  1967.32 986.036 1641.57 1016.49 1610.74  399.91 194.967 341.184 215.659 326.345  
47905 23907.5 39912.8 23864.3 39920.4  9634.08 4871.69 8004.4 4846.03 8032.31  1965.02 968.892 1662.67 1029.35 1623.06  396.043 200.932 334.841 207.007 337.623  
47905 23907.5 39912.8 23864.3 39920.4  9636.34 4869 8016.97 4850.69 8051.02  1949.2 965.624 1646.75 1017.33 1615.84  405.415 205.643 336.628 211.556 329.947  
47905 23907.5 39912.8 23864.3 39920.4  9650.45 4848.12 8053.4 4880.94 8048.32  1950.46 990.187 1623.74 998.179 1621.89  393.669 203.115 325.9 202.876 326.968  
47905 23907.5 39912.8 23864.3 39920.4  9634.08 4871.69 8004.4 4846.03 8032.31  1965.48 968.371 1665.19 1030.29 1626.74  395.05 201.173 331.869 205.785 333.456  
47905 23907.5 39912.8 23864.3 39920.4  9634.08 4871.69 8004.4 4846.03 8032.31  1958.66 968.157 1660.94 1024.18 1633.86  398.19 199.37 335.57 210.208 329.283  
47905 23907.5 39912.8 23864.3 39920.4  9600.61 4842.71 8008.92 4840.12 8054.08  1985.15 991.124 1657.32 1028.85 1616.48  403.682 204.114 334.849 211.184 325.789  
57182.6 28639 47648.3 28406.4 47953.2  2675.17 1301.92 2227.3 1496.83 1960.62  135.17 56.6104 117.772 90.9264 82.4564  6.71675 2.33847 6.32442 5.57116 3.55453  
57182.6 28639 47648.3 28406.4 47953.2  2678.72 1304.61 2226.89 1497.51 1958.84  132.357 53.6426 119.405 91.5473 84.2338  6.01826 2.60816 5.14611 4.32708 3.55955  
57182.6 28639 47648.3 28406.4 47953.2  2675.17 1301.92 2227.3 1496.83 1960.62  135.913 56.6355 118.617 91.7923 82.5882  6.01352 2.31925 5.51346 4.74699 3.42494  
57182.6 28639 47648.3 28406.4 47953.2  2667.82 1297.34 2224.55 1494.04 1959.57  142.728 60.5558 121.642 94.8444 83.5334  6.52095 2.94849 5.24649 4.48928 3.5329  
57182.6 28639 47648.3 28406.4 47953.2  2667.82 1297.34 2224.55 1494.04 1959.57  140.918 60.3512 119.927 93.0079 83.3334  8.22787 3.13271 6.88113 6.23038 3.7228  
57182.6 28639 47648.3 28406.4 47953.2  2689.82 1302.52 2243.26 1511.09 1963.61  121.742 55.9432 103.409 78.2282 79.7985  5.53108 2.406 4.76712 4.05376 3.24317  
57182.6 28639 47648.3 28406.4 47953.2  2697.04 1299.54 2253.03 1521.14 1961.2  115.013 58.9233 94.0783 68.7256 82.0402  5.02826 2.39237 4.33728 3.51094 3.39855  
57182.6 28639 47648.3 28406.4 47953.2  2693.31 1305.16 2242.87 1511.76 1961.86  118.106 53.2315 103.664 77.4527 81.4391  5.69321 2.46791 4.92311 4.18058 3.34755  
57182.6 28639 47648.3 28406.4 47953.2  2656.65 1290.85 2218.66 1489.15 1955.68  152.084 66.8343 125.821 97.8948 87.2259  8.11992 3.10352 6.80588 6.1396 3.70708  
57182.6 28639 47648.3 28406.4 47953.2  2656.65 1290.85 2218.66 1489.15 1955.68  153.61 67.2475 126.861 99.0681 87.3338  6.78444 2.76144 5.86557 5.09109 3.62233  
57182.6 28639 47648.3 28406.4 47953.2  2689.94 1295.1 2250.37 1518.45 1960.18  121.804 63.1735 96.6113 71.2774 83.0195  5.38079 2.58156 4.48752 3.68509 3.44146  
57182.6 28639 47648.3 28406.4 47953.2  2689.82 1302.52 2243.26 1511.09 1963.61  121.073 55.9165 102.672 77.4893 79.6766  6.16938 2.43144 5.46943 4.75433 3.36008  
57182.6 28639 47648.3 28406.4 47953.2  2689.82 1302.52 2243.26 1511.09 1963.61  120.728 55.7178 102.546 77.3427 79.6342  6.51618 2.61561 5.61382 4.92581 3.39676  
57182.6 28639 47648.3 28406.4 47953.2  2656.89 1283.39 2225.88 1496.67 1952.13  152.307 74.2085 119.142 91.0202 90.6816  7.75152 3.2301 6.29774 5.53841 3.81433  
57182.6 28639 47648.3 28406.4 47953.2  2693.31 1305.16 2242.87 1511.76 1961.86  117.953 52.8546 103.858 77.7284 81.1865  5.79969 2.83883 4.68254 3.85662 3.58549  
57182.6 28639 47648.3 28406.4 47953.2  2679.14 1288.83 2244.68 1513.73 1956.41  131.544 68.7986 101.934 75.576 86.6547  6.33318 3.20128 4.79013 4.02335 3.56376  
57182.6 28639 47648.3 28406.4 47953.2  2689.94 1295.1 2250.37 1518.45 1960.18  121.626 62.6828 96.9303 71.5875 82.941  5.51344 3.06187 4.13369 3.33648 3.51315  
57182.6 28639 47648.3 28406.4 47953.2  2700.47 1302.13 2252.64 1521.8 1959.47  111.138 56.4099 93.7742 67.4591 83.5653  5.51037 2.32799 5.03743 4.13206 3.59328  
57182.6 28639 47648.3 28406.4 47953.2  2693.31 1305.16 2242.87 1511.76 1961.86  118.106 53.2315 103.664 77.4527 81.4391  5.70147 2.47299 4.92219 4.18263 3.34457  
57182.6 28639 47648.3 28406.4 47953.2  2671.61 1291.64 2234.77 1503.54 1958.74  139.491 66.207 111.997 85.9457 84.3628  5.97189 2.98369 4.692 3.90688 3.52605  
11371.7 5680.05 9473.01 5661.04 9486.14  9156.47 4558.83 7656.18 4576.33 7664.4  7487.15 3722.93 6241.55 3749.53 6199.33  6061.07 3031.1 5049.3 3025.36 5053.92  
11371.7 5680.05 9473.01 5661.04 9486.14  9199.32 4618.63 7637.8 4565.46 7667.73  7478.44 3732.72 6225.58 3733.77 6209.19  6060.01 3025.5 5047.14 3028.73 5035.41  
11371.7 5680.05 9473.01 5661.04 9486.14  9192.06 4580.81 7675.54 4590.42 7679.1  7454.49 3717.99 6221.84 3724.65 6223.58  6065.01 3019.95 5048.86 3037.39 5010.72  
11371.7 5680.05 9473.01 5661.04 9486.14  9201.55 4616.09 7649.78 4569.87 7685.58  7471.36 3723.89 6234.01 3734.98 6225.55  6024.31 3016.74 5024.03 3004.01 5048.51  
11371.7 5680.05 9473.01 5661.04 9486.14  9215.06 4596.3 7684.52 4598.37 7683.05  7450.15 3715.07 6220.14 3723.15 6222.83  6048.11 3038.54 5025.17 3007.42 5047.6  
11371.7 5680.05 9473.01 5661.04 9486.14  9201.55 4616.09 7649.78 4569.87 7685.58  7451.83 3732.51 6206.98 3710.34 6233.21  6020.69 2993.86 5038.43 3019.44 5031.25  
11371.7 5680.05 9473.01 5661.04 9486.14  9141.5 4604.9 7596.72 4524.97 7680.8  7469.97 3744.11 6206.1 3716.67 6214.04  6073.06 3008.87 5074.41 3054.12 5023.53  
11371.7 5680.05 9473.01 5661.04 9486.14  9201.55 4616.09 7649.78 4569.87 7685.58  7470.31 3704.98 6243.88 3749.31 6200.75  6017.22 2999.02 5031.45 3012.11 5037.38  
11371.7 5680.05 9473.01 5661.04 9486.14  9191.17 4557.75 7687.86 4608.2 7648.56  7478.83 3725.13 6226.16 3740.03 6188.33  6060.55 3022.95 5045.7 3031.1 5023.09  
11371.7 5680.05 9473.01 5661.04 9486.14  9190.97 4606.95 7651.2 4568.03 7692.5  7413.69 3732.58 6162.52 3675.71 6222.42  6068.46 3020.19 5065.23 3040.88 5044.22  
11371.7 5680.05 9473.01 5661.04 9486.14  9213.76 4572.96 7696.68 4616.01 7652.44  7409.42 3739.02 6153.99 3666.79 6230.03  6023.62 3037.17 4999.48 2986.31 5044.28  
11371.7 5680.05 9473.01 5661.04 9486.14  9167.57 4591.19 7642.06 4559.94 7688.48  7485.05 3716.83 6244.23 3752.64 6194.79  6065.26 3016.6 5058.57 3040.66 5025.7  
11371.7 5680.05 9473.01 5661.04 9486.14  9201.55 4616.09 7649.78 4569.87 7685.58  7451.83 3732.51 6206.98 3710.34 6233.21  6017.94 3030.22 4998.34 2986.79 5037.39  
11371.7 5680.05 9473.01 5661.04 9486.14  9221.83 4584.25 7683.74 4613.53 7628.52  7474.75 3718.14 6236.31 3742.47 6206.1  6056.92 3017.66 5052.15 3032.42 5034.88  
11371.7 5680.05 9473.01 5661.04 9486.14  9190.97 4606.95 7651.2 4568.03 7692.5  7425.83 3695.25 6210.75 3717.42 6209.14  6066.15 3027.24 5056.09 3032.99 5046.74  
11371.7 5680.05 9473.01 5661.04 9486.14  9191.17 4557.75 7687.86 4608.2 7648.56  7454.66 3722.33 6219.51 3721.29 6229.36  6044.93 3005.99 5049.67 3031.14 5028.55  
11371.7 5680.05 9473.01 5661.04 9486.14  9201.55 4616.09 7649.78 4569.87 7685.58  7452.71 3711.34 6226.72 3728.53 6222.36  6050.19 3035.49 5030.48 3011.76 5047.21  
11371.7 5680.05 9473.01 5661.04 9486.14  9190.97 4606.95 7651.2 4568.03 7692.5  7480.03 3734.93 6223.05 3733.28 6204.51  6062.74 3025.65 5052.83 3031.19 5043.15  
11371.7 5680.05 9473.01 5661.04 9486.14  9167.57 4591.19 7642.06 4559.94 7688.48  7439.23 3724.45 6201.02 3705.62 6229.41  6073.49 3032.27 5051 3035.09 5027.67  
11371.7 5680.05 9473.01 5661.04 9486.14  9215.06 4596.3 7684.52 4598.37 7683.05  7477.23 3734.93 6226.29 3731.07 6220.52  6003.54 3027.41 4989.16 2976.4 5044.91  
22697.6 11290.8 18959.3 11337.6 18937  14100.9 7012.5 11776.7 7066.84 11728.7  8745.43 4349.71 7300.25 4395.68 7250.78  5464.45 2783.49 4517.35 2702.57 4588.7  
22697.6 11290.8 18959.3 11337.6 18937  14153.5 7085.67 11769.4 7054.55 11771.1  8750.61 4356.68 7311.41 4395.51 7284.14  5442.6 2753.13 4515.86 2707.25 4559.9  
22697.6 11290.8 18959.3 11337.6 18937  14100.9 7012.5 11776.7 7066.84 11728.7  8770.29 4431.43 7273.81 4352.56 7342.16  5455.16 2723.13 4549.01 2742.66 4527.94  
22697.6 11290.8 18959.3 11337.6 18937  14094.7 6980.48 11776.4 7086.39 11655.2  8805.64 4441.98 7304.26 4375.83 7354.44  5458.35 2754.29 4535.59 2720.65 4571.56  
22697.6 11290.8 18959.3 11337.6 18937  13973.6 6970.35 11682.6 6986.93 11713.9  8793.33 4365.37 7335.9 4425.97 7256.32  5508.83 2787.07 4559.18 2739.27 4586.51  
22697.6 11290.8 18959.3 11337.6 18937  14094.7 6980.48 11776.4 7086.39 11655.2  8804.24 4419.32 7315.85 4392.58 7325.19  5395.59 2723.21 4496.95 2689.35 4556.34  
22697.6 11290.8 18959.3 11337.6 18937  14060.6 6957.48 11763.1 7074.63 11649.4  8808.57 4441.99 7310.62 4378.54 7363.16  5435.27 2740.44 4521.46 2710.99 4559.37  
22697.6 11290.8 18959.3 11337.6 18937  14047.2 6979.26 11747.5 7045.61 11706.5  8813.62 4433.75 7316.54 4389.5 7341.5  5410.08 2704.96 4515.33 2716.68 4513.13  
22697.6 11290.8 18959.3 11337.6 18937  14060.6 6957.48 11763.1 7074.63 11649.4  8781.87 4384.62 7313.63 4400.04 7284.15  5466.03 2761.3 4539.04 2721.74 4579.73  
22697.6 11290.8 18959.3 11337.6 18937  14047.6 7014.16 11728.1 7017.95 11753  8790.4 4430.79 7292.14 4370.91 7332.93  5446.82 2709.83 4549.18 2745.94 4513.72  
22697.6 11290.8 18959.3 11337.6 18937  14047.2 6979.26 11747.5 7045.61 11706.5  8812.41 4411.24 7328.12 4406.34 7312.23  5479.97 2771.79 4536.68 2725.6 4564.09  
22697.6 11290.8 18959.3 11337.6 18937  14060.6 6957.48 11763.1 7074.63 11649.4  8752.25 4383.84 7295.68 4374.71 7316.21  5474.83 2748.99 4545.75 2738.89 4539.01  
22697.6 11290.8 18959.3 11337.6 18937  14151.3 7049.52 11788.1 7081.56 11724.4  8751.47 4370.23 7304.33 4385.28 7301.78  5422.51 2719.25 4521.88 2716.52 4536.2  
22697.6 11290.8 18959.3 11337.6 18937  14064.6 7063.95 11706.5 6992.82 11789.9  8815.64 4387.87 7342.39 4428.08 7274.41  5465.17 2729.27 4554.84 2746.76 4532.7  
22697.6 11290.8 18959.3 11337.6 18937  14153.5 7085.67 11769.4 7054.55 11771.1  8781.9 4379.69 7318.5 4404.66 7281.47  5382.27 2685.58 4506.37 2707.64 4511.43  
22697.6 11290.8 18959.3 11337.6 18937  14064.6 7063.95 11706.5 6992.82 11789.9  8750.9 4365.84 7305.04 4388.29 7292.14  5490.42 2751.51 4561.81 2751.28 4544.12  
22697.6 11290.8 18959.3 11337.6 18937  14135.6 7035.92 11790.2 7078.82 11734.6  8790.12 4420.98 7299.04 4378.69 7324.36  5385.89 2688.7 4505.87 2708.27 4509.03  
22697.6 11290.8 18959.3 11337.6 18937  14100.9 7012.5 11776.7 7066.84 11728.7  8801.89 4407.25 7315.75 4400 7297.49  5394.09 2715.77 4496.88 2693.89 4539.1  
22697.6 11290.8 18959.3 11337.6 18937  14137.5 7071.82 11771.5 7051.77 11781.6  8756.63 4361.87 7310.6 4396.55 7280.2  5460.65 2750.04 4535.03 2725.89 4551.81  
22697.6 11290.8 18959.3 11337.6 18937  14047.6 7014.16 11728.1 7017.95 11753  8757.07 4362.69 7308.92 4396.09 7277.21  5459.46 2748.91 4535.32 2725.69 4552.69  
25155.9 12572 20926.9 12516.5 20929.2  14585.5 7292.83 12129.9 7281.1 12103.1  8494.4 4220.85 7111.68 4278.89 7078.39  4932.7 2463.05 4126.65 2484.32 4125.49  
25155.9 12572 20926.9 12516.5 20929.2  14547.2 7309.89 12076.1 7232.55 12116.6  8495.02 4212.38 7103.33 4285.7 7031.05  4940.12 2471.27 4127.81 2484.26 4131.26  
25155.9 12572 20926.9 12516.5 20929.2  14606.7 7261.88 12184.7 7325.82 12100.1  8455.21 4256.98 7048.05 4214.23 7122.95  4931.33 2460.1 4112.45 2484.84 4083.95  
25155.9 12572 20926.9 12516.5 20929.2  14547.2 7309.89 12076.1 7232.55 12116.6  8487.7 4247.62 7080.91 4250.52 7093.05  4946.12 2440.09 4162.91 2515.62 4117.36  
25155.9 12572 20926.9 12516.5 20929.2  14585.5 7292.83 12129.9 7281.1 12103.1  8464.06 4244.02 7070.92 4232.78 7121.69  4936.46 2452.61 4125.78 2495.77 4083.23  
25155.9 12572 20926.9 12516.5 20929.2  14542.2 7276.2 12078.3 7254.72 12041.1  8510.55 4230.03 7122.58 4285.99 7088.18  4939.4 2473.97 4137.92 2481.94 4167.49  
25155.9 12572 20926.9 12516.5 20929.2  14542.2 7276.2 12078.3 7254.72 12041.1  8503.22 4219.63 7134.63 4288.31 7110.44  4946.79 2484.5 4125.76 2479.6 4144.96  
25155.9 12572 20926.9 12516.5 20929.2  14542.2 7276.2 12078.3 7254.72 12041.1  8512.59 4227.78 7133.33 4289.95 7104.22  4934.89 2478.93 4114.37 2473.26 4132.22  
25155.9 12572 20926.9 12516.5 20929.2  14583.7 7255.65 12150.2 7309.48 12056  8496.56 4258.06 7091.91 4250.72 7126.33  4931.4 2464.36 4120.21 2481.95 4115.82  
25155.9 12572 20926.9 12516.5 20929.2  14610.1 7257.99 12203.1 7332.58 12127.4  8484.1 4235.36 7080.98 4257.3 7068.2  4921.96 2479.34 4103.07 2461.4 4139.68  
25155.9 12572 20926.9 12516.5 20929.2  14596 7280.97 12186 7301.74 12186.6  8450.58 4236.4 7015.7 4224.9 6993.44  4933.45 2481.3 4112.41 2470 4137.96  
25155.9 12572 20926.9 12516.5 20929.2  14610.1 7257.99 12203.1 7332.58 12127.4  8453.75 4258.6 7040.39 4211.42 7111.47  4940.23 2474.46 4119.33 2481.53 4117.9  
25155.9 12572 20926.9 12516.5 20929.2  14542.2 7276.2 12078.3 7254.72 12041.1  8472.86 4238.37 7060.34 4244.38 7053.63  4942.27 2476.21 4145.95 2482.83 4187.13  
25155.9 12572 20926.9 12516.5 20929.2  14571.1 7316.34 12111.8 7249.48 12162.3  8485.07 4209.7 7088.4 4278.63 7012.12  4921.36 2475.48 4100.84 2463.62 4124.75  
25155.9 12572 20926.9 12516.5 20929.2  14547.2 7309.89 12076.1 7232.55 12116.6  8480.07 4236.88 7093.38 4252.92 7116  4945.82 2448.48 4138.89 2507.65 4079.98  
25155.9 12572 20926.9 12516.5 20929.2  14574.6 7312.32 12130.8 7256.48 12190.6  8484.71 4232.95 7068.64 4259.11 7027.73  4942.15 2462.46 4137.74 2493.4 4126.52  
25155.9 12572 20926.9 12516.5 20929.2  14610.1 7257.99 12203.1 7332.58 12127.4  8468.73 4233.99 7050.29 4243.89 7026.55  4933.16 2472.09 4121.71 2477.41 4136.94  
25155.9 12572 20926.9 12516.5 20929.2  14574.6 7312.32 12130.8 7256.48 12190.6  8499 4212.73 7111.29 4289.21 7041.89  4927.06 2470.11 4101.67 2472.84 4095.96  
25155.9 12572 20926.9 12516.5 20929.2  14610.1 7257.99 12203.1 7332.58 12127.4  8463.47 4267.06 7039.07 4213.12 7105.07  4917.7 2471.8 4102.77 2463.48 4129.33  
25155.9 12572 20926.9 12516.5 20929.2  14585.5 7292.83 12129.9 7281.1 12103.1  8464.06 4244.02 7070.92 4232.78 7121.69  4946.21 2465.98 4137.19 2494.11 4123.83  
59248.6 29366.8 49475.3 29677.5 49093.5  740.443 616.681 518.542 319.174 884.704  10.7682 16.1116 6.10568 3.30604 21.2254  0.160671 0.412304 0.081544 0.0371544 0.573548  
59248.6 29366.8 49475.3 29677.5 49093.5  739.619 615.497 518.646 319.042 885.46  11.6171 17.4031 6.01106 3.43306 20.6403  0.136268 0.3073 0.0723733 0.0419962 0.404941  
59248.6 29366.8 49475.3 29677.5 49093.5  736.234 610.05 516.513 318.639 875.983  14.8691 22.4442 8.11391 3.83089 29.7877  0.267202 0.703346 0.10262 0.047532 0.724415  
59248.6 29366.8 49475.3 29677.5 49093.5  741.876 623.55 518.428 317.476 895.533  9.38777 9.48816 6.23569 4.98377 10.7932  0.109217 0.173951 0.0664283 0.0570285 0.188687  
59248.6 29366.8 49475.3 29677.5 49093.5  739.619 615.497 518.646 319.042 885.46  11.5744 17.301 6.01397 3.42793 20.692  0.178894 0.411297 0.0698184 0.0469275 0.361664  
59248.6 29366.8 49475.3 29677.5 49093.5  739.158 616.497 516.31 318.212 879.56  12.0035 16.1988 8.31593 4.25359 26.3037  0.21073 0.509562 0.104097 0.0519658 0.643156  
59248.6 29366.8 49475.3 29677.5 49093.5  735.425 608.888 516.614 318.509 876.725  15.7604 23.8948 8.01852 3.95943 29.2031  0.185367 0.417771 0.0965031 0.0485809 0.569559  
59248.6 29366.8 49475.3 29677.5 49093.5  740.443 616.681 518.542 319.174 884.704  10.7682 16.1116 6.10568 3.30604 21.2254  0.161077 0.415806 0.0815005 0.0370796 0.57658  
59248.6 29366.8 49475.3 29677.5 49093.5  741.876 623.55 518.428 317.476 895.533  9.35025 9.41195 6.20159 4.97498 10.6533  0.146332 0.249892 0.100019 0.0654746 0.327664  
59248.6 29366.8 49475.3 29677.5 49093.5  737.816 613.463 518.074 318.501 885.005  13.3829 19.4501 6.57644 3.95295 21.2475  0.172998 0.29706 0.0787639 0.0626891 0.259855  
59248.6 29366.8 49475.3 29677.5 49093.5  742.609 621.59 519.145 318.833 890.96  8.63242 11.352 5.52142 3.63532 15.2896  0.131099 0.267293 0.0633838 0.0494019 0.263905  
59248.6 29366.8 49475.3 29677.5 49093.5  735.425 608.888 516.614 318.509 876.725  15.7479 23.9569 8.01906 3.94566 29.4254  0.198879 0.361892 0.0963523 0.0622918 0.358894  
59248.6 29366.8 49475.3 29677.5 49093.5  737.816 613.463 518.074 318.501 885.005  13.2865 19.0304 6.55211 3.96837 20.766  0.267982 0.708942 0.102736 0.0474771 0.729886  
59248.6 29366.8 49475.3 29677.5 49093.5  742.609 621.59 519.145 318.833 890.96  8.57936 11.179 5.49938 3.63957 15.0327  0.182902 0.432859 0.0850725 0.045276 0.512311  
59248.6 29366.8 49475.3 29677.5 49093.5  737.816 613.463 518.074 318.501 885.005  13.269 18.9935 6.55271 3.96625 20.7825  0.285415 0.745207 0.102159 0.049571 0.713801  
59248.6 29366.8 49475.3 29677.5 49093.5  737.816 613.463 518.074 318.501 885.005  13.269 18.9935 6.55271 3.96625 20.7825  0.285825 0.749629 0.102276 0.0494778 0.719781  
59248.6 29366.8 49475.3 29677.5 49093.5  735.425 608.888 516.614 318.509 876.725  15.6991 23.6474 8.02212 3.96522 29.0784  0.245457 0.656134 0.0929539 0.042858 0.689688  
59248.6 29366.8 49475.3 29677.5 49093.5  742.571 625.123 517.513 317.326 892.712  8.6168 7.78259 7.10694 5.12723 13.3476  0.183504 0.303641 0.109581 0.0635576 0.451059  
59248.6 29366.8 49475.3 29677.5 49093.5  741.876 623.55 518.428 317.476 895.533  9.34854 9.39476 6.22973 4.98676 10.7246  0.147581 0.263855 0.0719291 0.0540168 0.252466  
59248.6 29366.8 49475.3 29677.5 49093.5  742.452 621.93 518.352 318.551 888.957  8.81573 11.1419 6.28939 3.90345 17.2889  0.104954 0.14175 0.0880564 0.0630538 0.265662  
45993.1 22981 38341.3 22890.9 38461  10728.7 5330.81 8962.9 5454.74 8828.29  2501.27 1282.41 2063.91 1260.54 2078.15  597.312 311.376 485.497 301.627 485.677  
45993.1 22981 38341.3 22890.9 38461  10741 5399.09 8918.52 5409.4 8871.1  2510.53 1236.78 2108.62 1306.87 2040.4  580.727 293.995 485.232 300.868 481.795  
45993.1 22981 38341.3 22890.9 38461  10741 5399.09 8918.52 5409.4 8871.1  2508.02 1240.68 2105.67 1301.36 2050.35  581.979 290.428 487.591 304.963 474.573  
45993.1 22981 38341.3 22890.9 38461  10658.5 5343.73 8886.53 5380.58 8857.17  2543.87 1280.96 2103.33 1299.88 2059.37  618.424 301.029 514.694 329.549 476.035  
45993.1 22981 38341.3 22890.9 38461  10728.5 5388.36 8920.17 5407.19 8879.07  2511.06 1238.41 2105.32 1305.82 2035.04  588.422 301.679 484.397 301.36 480.375  
45993.1 22981 38341.3 22890.9 38461  10670.6 5385.95 8856.66 5356.22 8865.6  2555.33 1240.24 2154.15 1344.93 2045.38  598.1 298.301 498.092 312.982 480.445  
45993.1 22981 38341.3 22890.9 38461  10755.2 5348.64 8973.19 5464.01 8832.78  2484.13 1277.89 2052.25 1249 2081.28  583.105 300.079 480.477 297.846 479.873  
45993.1 22981 38341.3 22890.9 38461  10728.7 5330.81 8962.9 5454.74 8828.29  2490.7 1290.86 2045.39 1244.13 2081.57  600.805 301.796 497.961 312.546 482.297  
45993.1 22981 38341.3 22890.9 38461  10766.6 5389.42 8943.67 5440.19 8840.04  2468.51 1250.43 2062.5 1257.39 2073.63  593.351 290.945 501.344 315.179 480.124  
45993.1 22981 38341.3 22890.9 38461  10741 5399.09 8918.52 5409.4 8871.1  2485.1 1233.25 2088.65 1286.4 2047.83  598.034 295.119 500.084 315.86 476.272  
45993.1 22981 38341.3 22890.9 38461  10728.7 5330.81 8962.9 5454.74 8828.29  2519.87 1296.23 2068.04 1265.97 2076.64  582.351 300.18 482.408 297.344 487.264  
45993.1 22981 38341.3 22890.9 38461  10756.7 5375.92 8959.01 5443.12 8868.13  2489.68 1254.17 2072.13 1273.32 2051.56  584.029 297.838 482.25 300.612 475.921  
45993.1 22981 38341.3 22890.9 38461  10756.7 5375.92 8959.01 5443.12 8868.13  2489.42 1261.33 2065.56 1267.12 2055.16  578.008 291.875 481.141 299.934 472.773  
45993.1 22981 38341.3 22890.9 38461  10729.6 5357.78 8948.53 5433.68 8863.57  2510.13 1261.63 2083.5 1285.49 2046.86  583.647 304.178 477.661 295.08 482.441  
45993.1 22981 38341.3 22890.9 38461  10670.6 5385.95 8856.66 5356.22 8865.6  2548.68 1249.33 2141.31 1330.83 2056.03  604.704 292.375 508.544 324.352 472.547  
45993.1 22981 38341.3 22890.9 38461  10728.5 5388.36 8920.17 5407.19 8879.07  2490.87 1246.85 2077.82 1279.89 2042.55  599.181 292.145 503.622 319.365 473.857  
45993.1 22981 38341.3 22890.9 38461  10769 5386.47 8957.39 5445.29 8860.29  2466.65 1252.68 2052.08 1253.54 2058.08  586.825 289.157 494.869 310.48 476.356  
45993.1 22981 38341.3 22890.9 38461  10728.7 5330.81 8962.9 5454.74 8828.29  2490.7 1290.86 2045.39 1244.13 2081.57  605.337 305.059 498.959 313.905 481.947  
45993.1 22981 38341.3 22890.9 38461  10769 5386.47 8957.39 5445.29 8860.29  2466.65 1252.68 2052.08 1253.54 2058.08  589.174 290.575 496.146 311.464 477.283  
45993.1 22981 38341.3 22890.9 38461  10642.7 5367.19 8845.81 5346.45 8860.88  2555.95 1263.03 2134.23 1325.56 2056.5  616.622 295.3 519.59 333.009 476.545  
47805.5 23984 39686.8 23709.9 39821.3  9722.84 4795.1 8195.8 4989.62 8071.72  1959.45 973.149 1667.86 1020.93 1663.97  407.149 197.029 355.721 220.966 349.511  
47805.5 23984 39686.8 23709.9 39821.3  9661.17 4808.64 8124.99 4921.06 8098.38  2017.87 965.453 1736.35 1081.29 1657.75  411.772 192.893 360.709 229.015 337.131  
47805.5 23984 39686.8 23709.9 39821.3  9713.26 4810.57 8183.63 4967.96 8111.23  1978.33 960.81 1692.33 1048.81 1639.5  401.758 195.056 349.042 217.548 341.445  
47805.5 23984 39686.8 23709.9 39821.3  9693.85 4784.16 8160.88 4971.53 8030.37  1997 982.708 1715.38 1048.36 1709.93  402.354 198.65 348.809 215.06 349.756  
47805.5 23984 39686.8 23709.9 39821.3  9738.53 4799.27 8219.61 5001.03 8101.7  1936.42 969.387 1637.01 1002.27 1637.45  413.969 197.686 362.892 226.765 351.107  
47805.5 23984 39686.8 23709.9 39821.3  9713.26 4810.57 8183.63 4967.96 8111.23  1982.03 961.127 1699.89 1052.2 1649.39  397.663 195.367 340.972 213.226 333.18  
47805.5 23984 39686.8 23709.9 39821.3  9722.84 4795.1 8195.8 4989.62 8071.72  1969.28 975.745 1682.83 1028.14 1682.94  397.363 195.791 341.337 212.574 336.096  
47805.5 23984 39686.8 23709.9 39821.3  9661.17 4808.64 8124.99 4921.06 8098.38  2019.87 962.35 1738.92 1086.01 1649.69  408.326 195.759 355.464 223.038 341.874  
47805.5 23984 39686.8 23709.9 39821.3  9713.26 4810.57 8183.63 4967.96 8111.23  1978.33 960.81 1692.33 1048.81 1639.5  399.785 194.544 345.993 216.057 337.649  
47805.5 23984 39686.8 23709.9 39821.3  9722.84 4795.1 8195.8 4989.62 8071.72  1964.72 970.908 1675.46 1027.87 1662.24  404.856 199.443 352.241 216.763 353.997  
47805.5 23984 39686.8 23709.9 39821.3  9661.17 4808.64 8124.99 4921.06 8098.38  2023.13 963.187 1743.99 1088.49 1655.83  406.516 195.156 353.07 221.816 339.073  
47805.5 23984 39686.8 23709.9 39821.3  9713.26 4810.57 8183.63 4967.96 8111.23  1976.9 963.381 1692.51 1045.27 1651.38  397.686 192.859 341.761 215.294 328.04  
47805.5 23984 39686.8 23709.9 39821.3  9614.94 4793.01 8064.22 4890.54 8024.61  2056.65 974.798 1787.18 1110.21 1708.17  415.66 197.381 365.415 228.713 351.803  
47805.5 23984 39686.8 23709.9 39821.3  9713.26 4810.57 8183.63 4967.96 8111.23  1976.39 963.91 1689.83 1044.25 1647.53  401.344 192.082 347.977 219.657 331.32  
47805.5 23984 39686.8 23709.9 39821.3  9722.84 4795.1 8195.8 4989.62 8071.72  1969.28 975.745 1682.83 1028.14 1682.94  400.886 195.098 346.984 216.669 338.614  
47805.5 23984 39686.8 23709.9 39821.3  9644.93 4804.32 8100.36 4909.26 8067.37  2031.33 968.374 1758.68 1091.67 1686.4  412.81 194.566 360.4 228.409 338.627  
47805.5 23984 39686.8 23709.9 39821.3  9722.84 4795.1 8195.8 4989.62 8071.72  1972.22 971.565 1690.52 1034.56 1682.41  398.884 198.92 340.249 211.445 337.954  
47805.5 23984 39686.8 23709.9 39821.3  9667.79 4795.19 8123.88 4937.95 8038.67  1998.38 974.929 1719.5 1055.33 1696.08  418.593 196.543 370.142 232.242 353.217  
47805.5 23984 39686.8 23709.9 39821.3  9614.94 4793.01 8064.22 4890.54 8024.61  2044.96 974.814 1771.46 1098.7 1701.12  425.118 198.285 377.789 237.081 359.596  
47805.5 23984 39686.8 23709.9 39821.3  9738.53 4799.27 8219.61 5001.03 8101.7  1946.29 972.01 1652.06 1009.53 1656.45  405.191 194.623 349.404 220.968 331.799  
41729.7 20878.9 34783.5 20746.7 34965.8  12769.9 6363.38 10628 6443.36 10494.7  3813.91 1927.67 3168.18 1925.44 3167.81  1174.45 576.03 991.025 614.579 957.872  
41729.7 20878.9 34783.5 20746.7 34965.8  12653.3 6362.78 10508.5 6337.97 10500.9  3925.93 1924.37 3288.31 2030.03 3164.47  1174.44 580.04 986.279 611.05 957.009  
41729.7 20878.9 34783.5 20746.7 34965.8  12653.3 6362.78 10508.5 6337.97 10500.9  3911.1 1925.04 3274.65 2015.81 3171.16  1173.45 576.4 986.042 612.979 948.989  
41729.7 20878.9 34783.5 20746.7 34965.8  12723.3 6329.5 10617.5 6429.63 10498.6  3837.1 1932.11 3186.75 1942.81 3164.98  1179.7 589.857 979.076 607.444 952.112  
41729.7 20878.9 34783.5 20746.7 34965.8  12723.3 6329.5 10617.5 6429.63 10498.6  3862.38 1948.27 3198.83 1952.43 3172.82  1174.39 589.759 973.696 602.662 952.467  
41729.7 20878.9 34783.5 20746.7 34965.8  12620.2 6340.61 10495.6 6326.42 10495.3  3919.15 1920.21 3285.72 2027.44 3163.48  1190.77 591.633 990.482 616.021 956.491  
41729.7 20878.9 34783.5 20746.7 34965.8  12723.3 6329.5 10617.5 6429.63 10498.6  3816.39 1919.85 3174.1 1933.99 3154.29  1206.44 609.627 990.907 615.416 965.419  
41729.7 20878.9 34783.5 20746.7 34965.8  12769.9 6363.38 10628 6443.36 10494.7  3840.07 1920.19 3205.41 1955.86 3171.61  1153.13 582.534 960.834 589.499 956.382  
41729.7 20878.9 34783.5 20746.7 34965.8  12639 6312.9 10544 6366.81 10491  3910.87 1953.12 3246.1 1992.3 3176.47  1186.94 586.832 988.934 616.633 949.421  
41729.7 20878.9 34783.5 20746.7 34965.8  12769.9 6363.38 10628 6443.36 10494.7  3813.91 1927.67 3168.18 1925.44 3167.81  1177.41 577.982 992.181 615.648 958.361  
41729.7 20878.9 34783.5 20746.7 34965.8  12755.3 6350.92 10630 6440.8 10504  3805.36 1901.15 3179.84 1939.6 3146.95  1191.81 607.725 978.257 603.812 966.774  
41729.7 20878.9 34783.5 20746.7 34965.8  12755.3 6350.92 10630 6440.8 10504  3805.36 1901.15 3179.84 1939.6 3146.95  1179.52 596.408 975.242 601.956 960.874  
41729.7 20878.9 34783.5 20746.7 34965.8  12721.9 6365.62 10583.9 6398.28 10516.9  3816.86 1905.99 3186.94 1945.61 3147.26  1197.7 587.95 1001.76 625.692 956.006  
41729.7 20878.9 34783.5 20746.7 34965.8  12639 6312.9 10544 6366.81 10491  3895.27 1943.58 3237.72 1986.01 3170.28  1198.99 601.046 989.671 615.617 958.446  
41729.7 20878.9 34783.5 20746.7 34965.8  12755.3 6350.92 10630 6440.8 10504  3794.47 1905.13 3165.53 1926.36 3150.55  1192.95 604.686 981.173 607.197 962.783  
41729.7 20878.9 34783.5 20746.7 34965.8  12607 6259.73 10549.6 6381.5 10443.7  3917.37 1980.38 3233.81 1975.89 3203.26  1218.85 613.44 1001.14 623.578 969.222  
41729.7 20878.9 34783.5 20746.7 34965.8  12723.3 6329.5 10617.5 6429.63 10498.6  3831.42 1940.6 3172.16 1930.49 3166.32  1195.96 595.118 992.245 617.839 957.008  
41729.7 20878.9 34783.5 20746.7 34965.8  12769.9 6363.38 10628 6443.36 10494.7  3820.19 1918.04 3187.7 1939.5 3173.87  1165.47 579.905 974.933 602.944 951.804  
41729.7 20878.9 34783.5 20746.7 34965.8  12639 6312.9 10544 6366.81 10491  3935.93 1959.17 3263.57 2009.94 3171.42  1184.96 592.356 984.103 610.361 957.585  
41729.7 20878.9 34783.5 20746.7 34965.8  12689.3 6343.82 10571.2 6386.92 10511.4  3886.02 1938.26 3231.04 1981.96 3163.83  1180.3 582.238 986.808 614.516 948.966  
