2 22 22 3
500 200
2200 1000 
1518.23 322.98 1
0.0690567 1 10
908.613
911.561
907.264
906.458
906.289
909.426
908.37
908.594
914.11
909.822
906.226
906.344
908.158
907.518
908.205
911.238
907.431
912.067
906.415
908.602
911.759
908.206
46.0229 -0.26389
46.5102 1.85913
45.7077 1.27469
45.4022 0.25289
44.8493 0.69898
43.9745 -0.16624
44.0757 0.86114
44.8813 -0.88727
46.9755 -0.35489
43.838 0.02012
45.2964 0.5151
45.1132 0.18934
44.8381 1.99282
44.9029 1.76395
46.1238 0.6391
46.5493 1.60631
45.5352 1.59954
43.6154 -0.52065
45.344 0.23096
44.0235 0.8768
43.6654 -0.51774
45.6561 1.84901
46.6958 -1.42972
44.1931 2.0071
