2 50 3
10851.5 28993.1  6515.13 17451.4  3950.71 10455  
14142.7 37749.9  6777.24 18071.6  3275.41 8769.63  
11430.8 30467.7  6627.1 17580.1  3832.26 10329.6  
26863 71848.7  400.484 856.053  6.39053 15.1161  
14142.7 37749.9  6802.8 18160.2  3281.11 8666.99  
12433.3 33373.8  6711.37 17966.1  3691.42 9778.65  
11113.2 29745.6  6571.59 17579.9  3907.51 10338.9  
11113.2 29745.6  6586.45 17496  3910.38 10432.1  
12433.3 33373.8  6711.37 17966.1  3691.42 9778.65  
18384.9 49276.7  5969.94 15830.2  1966.28 5166.5  
18384.9 49276.7  5969.94 15830.2  1966.28 5166.5  
23148.3 61536.8  3491.85 9490.59  533.622 1436.39  
12433.3 33373.8  6802.12 18070.7  3660.67 9755.83  
23148.3 61536.8  3491.85 9490.59  531.935 1421.57  
14149.6 37747.5  6767.65 18149.3  3298.3 8718.17  
18384.9 49276.7  5969.94 15830.2  1975.51 5170.07  
10851.5 28993.1  6507.64 17272  3932.76 10558.1  
11430.8 30467.7  6637.01 17595.4  3853.45 10308.8  
18384.9 49276.7  5949.03 15850.8  1987.3 5146.35  
23148.3 61536.8  3491.85 9490.59  532.357 1428.48  
11113.2 29745.6  6571.59 17579.9  3918.27 10364.6  
11113.2 29745.6  6514.52 17448.9  3887.77 10364  
11113.2 29745.6  6561.19 17563.8  3885.53 10358.7  
18384.9 49276.7  5985.93 15879  1964.83 5135.61  
11430.8 30467.7  6620.07 17702.1  3866.42 10273.4  
18384.9 49276.7  5969.94 15830.2  1966.28 5166.5  
11430.8 30467.7  6636.37 17599.6  3852.35 10337.8  
18384.9 49276.7  6014.09 15890.3  1930.48 5081.52  
12433.3 33373.8  6709.33 17979.9  3721.42 9797.05  
14142.7 37749.9  6807.91 18089  3255.75 8743.96  
26863 71848.7  399.613 860.838  7.23261 10.3317  
26863 71848.7  399.613 860.838  7.23261 10.3317  
26863 71848.7  399.613 860.838  7.23261 10.3317  
11113.2 29745.6  6571.59 17579.9  3918.27 10364.6  
10851.5 28993.1  6537.31 17434.7  3916.48 10385.3  
10334.9 27512.8  6372.45 16992.5  4004.07 10632.9  
11113.2 29745.6  6571.59 17579.9  3892.47 10378.9  
11113.2 29745.6  6586.45 17496  3877.5 10353.2  
12433.3 33373.8  6761.86 18028.6  3657.37 9750.38  
23148.3 61536.8  3494.11 9455.46  530.02 1451.02  
10851.5 28993.1  6537.31 17434.7  3916.48 10385.3  
10334.9 27512.8  6404 17136.2  3982.32 10640.5  
11430.8 30467.7  6627.1 17580.1  3832.26 10329.6  
12433.3 33373.8  6709.33 17979.9  3721.42 9797.05  
10334.9 27512.8  6413.95 17151.6  3986.18 10612.7  
26863 71848.7  397.728 857.488  9.05947 13.6936  
11430.8 30467.7  6620.07 17702.1  3866.42 10273.4  
14149.6 37747.5  6799.21 18161.4  3279.38 8667.57  
18384.9 49276.7  5941.17 15823.9  1987.37 5148.91  
11430.8 30467.7  6620.07 17702.1  3840.86 10290.5  
