2 150 3
10334.9 27512.8  6393.46 16976.4  3992.11 10713.3  
10334.9 27512.8  6367.8 16911.8  4009.76 10712.8  
10334.9 27512.8  6398.59 17058.2  3990.17 10682.3  
10334.9 27512.8  6413.95 17151.6  3967.42 10607.9  
10334.9 27512.8  6420.38 17032.9  3969.58 10579.9  
10334.9 27512.8  6398.59 17058.2  3994.56 10605.7  
10334.9 27512.8  6413.95 17151.6  3988.76 10570.6  
10334.9 27512.8  6367.8 16911.8  4009.34 10715.3  
10334.9 27512.8  6372.45 16992.5  4004.07 10632.9  
10334.9 27512.8  6386.04 17092.9  3982.54 10557.4  
10334.9 27512.8  6413.95 17151.6  3986.18 10612.7  
10334.9 27512.8  6372.45 16992.5  4004.07 10632.9  
10334.9 27512.8  6367.8 16911.8  3996.01 10725.5  
10334.9 27512.8  6404 17136.2  3982.32 10640.5  
10334.9 27512.8  6419.76 17037  3956.76 10588.4  
23148.3 61536.8  3494.11 9455.46  532.706 1463.07  
23148.3 61536.8  3498.38 9470.51  527.438 1451.09  
23148.3 61536.8  3482.57 9351.99  542.006 1542.93  
23148.3 61536.8  3482.57 9351.99  541.178 1541.5  
23148.3 61536.8  3482.57 9351.99  539.706 1537.67  
23148.3 61536.8  3491.85 9490.59  532.357 1428.48  
23148.3 61536.8  3480.59 9392.71  541.807 1510.84  
23148.3 61536.8  3490.03 9415.9  533.839 1491.3  
23148.3 61536.8  3498.02 9472.67  527.756 1449.27  
23148.3 61536.8  3483.41 9438.33  541.238 1470.56  
23148.3 61536.8  3491.85 9490.59  533.622 1436.39  
23148.3 61536.8  3491.1 9409.53  532.544 1489.49  
23148.3 61536.8  3494.11 9455.46  530.02 1451.02  
23148.3 61536.8  3495.29 9424.31  529.231 1470.93  
23148.3 61536.8  3491.85 9490.59  531.935 1421.57  
14149.6 37747.5  6802.35 18103.2  3259.27 8752.39  
14149.6 37747.5  6812.03 18123.5  3253.93 8743.97  
14149.6 37747.5  6767.65 18149.3  3298.3 8718.17  
14149.6 37747.5  6799.89 18157  3270.65 8722.44  
14149.6 37747.5  6799.21 18161.4  3279.38 8667.57  
14149.6 37747.5  6812.69 18119.2  3264.02 8742.02  
14149.6 37747.5  6806.74 18031.4  3278 8779.12  
14149.6 37747.5  6806.74 18031.4  3267.1 8787.51  
14149.6 37747.5  6768.34 18144.8  3276.43 8732.87  
14149.6 37747.5  6791.38 18127.5  3275.06 8737.76  
14149.6 37747.5  6768.34 18144.8  3295.41 8676.22  
14149.6 37747.5  6806.09 18035.7  3272.18 8795.34  
14149.6 37747.5  6804.33 18090.2  3273.09 8767.06  
14149.6 37747.5  6799.89 18157  3281.57 8714.16  
14149.6 37747.5  6804.33 18090.2  3273.09 8767.06  
10851.5 28993.1  6489.44 17369  3953.37 10509.3  
10851.5 28993.1  6537.31 17434.7  3916.48 10385.3  
10851.5 28993.1  6544.88 17467.4  3938.85 10448.6  
10851.5 28993.1  6520.27 17382.2  3927.74 10514.1  
10851.5 28993.1  6494.4 17305.5  3951.4 10534.7  
10851.5 28993.1  6463.12 17291  3961.27 10487.6  
10851.5 28993.1  6520.27 17382.2  3927.37 10516.8  
10851.5 28993.1  6515.13 17451.4  3924.74 10469.1  
10851.5 28993.1  6507.64 17272  3932.76 10558.1  
10851.5 28993.1  6545.51 17463.1  3912.72 10464.5  
10851.5 28993.1  6463.12 17291  3950.03 10553.2  
10851.5 28993.1  6494.4 17305.5  3941.09 10502.9  
10851.5 28993.1  6515.13 17451.4  3950.71 10455  
10851.5 28993.1  6537.31 17434.7  3924.08 10451.5  
10851.5 28993.1  6533.05 17347.3  3922.69 10528.1  
18384.9 49276.7  5969.94 15830.2  1966.28 5166.5  
18384.9 49276.7  5969.94 15830.2  1975.51 5170.07  
18384.9 49276.7  6014.09 15890.3  1930.48 5081.52  
18384.9 49276.7  5924.91 15774.3  1988.81 5178.33  
18384.9 49276.7  6014.09 15890.3  1921.14 5077.22  
18384.9 49276.7  5941.17 15823.9  1987.37 5148.91  
18384.9 49276.7  5941.17 15823.9  1987.37 5148.91  
18384.9 49276.7  5974.53 15772.4  1947.54 5156.36  
18384.9 49276.7  5949.03 15850.8  1987.3 5146.35  
18384.9 49276.7  5969.94 15830.2  1951.75 5147.33  
18384.9 49276.7  5945.68 15759.1  1976.39 5169.72  
18384.9 49276.7  5985.93 15879  1964.83 5135.61  
18384.9 49276.7  6021.14 15920.3  1940.99 5107.61  
18384.9 49276.7  5993.65 15905.4  1942.71 5089.93  
18384.9 49276.7  6021.68 15916.3  1940.46 5111.58  
11113.2 29745.6  6561.19 17563.8  3885.53 10358.7  
11113.2 29745.6  6571.59 17579.9  3892.47 10378.9  
11113.2 29745.6  6571.59 17579.9  3907.51 10338.9  
11113.2 29745.6  6514.52 17448.9  3887.77 10364  
11113.2 29745.6  6604.61 17539.6  3894 10355.1  
11113.2 29745.6  6586.45 17496  3877.5 10353.2  
11113.2 29745.6  6604.61 17539.6  3851.48 10327.2  
11113.2 29745.6  6586.45 17496  3910.38 10432.1  
11113.2 29745.6  6571.59 17579.9  3899.81 10359.8  
11113.2 29745.6  6573.52 17531.6  3897.48 10410.7  
11113.2 29745.6  6546.13 17462.9  3909.04 10436.2  
11113.2 29745.6  6570.92 17584.2  3918.53 10362.8  
11113.2 29745.6  6542.38 17518.7  3893.13 10377.1  
11113.2 29745.6  6571.59 17579.9  3918.27 10364.6  
11113.2 29745.6  6570.92 17584.2  3917.1 10393.5  
12433.3 33373.8  6761.86 18028.6  3684.79 9783.98  
12433.3 33373.8  6709.33 17979.9  3725.73 9815.43  
12433.3 33373.8  6711.37 17966.1  3707.46 9815.1  
12433.3 33373.8  6709.33 17979.9  3721.42 9797.05  
12433.3 33373.8  6793.59 18041.3  3654.08 9744.26  
12433.3 33373.8  6711.37 17966.1  3691.42 9778.65  
12433.3 33373.8  6709.33 17979.9  3720.35 9804.27  
12433.3 33373.8  6801.46 18075.1  3662.06 9746.5  
12433.3 33373.8  6801.46 18075.1  3650.49 9728.75  
12433.3 33373.8  6759.85 18042.1  3679.91 9768.93  
12433.3 33373.8  6802.12 18070.7  3660.67 9755.83  
12433.3 33373.8  6802.12 18070.7  3660.67 9755.83  
12433.3 33373.8  6761.86 18028.6  3657.37 9750.38  
12433.3 33373.8  6759.85 18042.1  3685.37 9780.25  
12433.3 33373.8  6761.86 18028.6  3684.44 9786.45  
14142.7 37749.9  6802.8 18160.2  3262.24 8723.68  
14142.7 37749.9  6810.35 18030.2  3273.89 8794.81  
14142.7 37749.9  6777.24 18071.6  3275.41 8769.63  
14142.7 37749.9  6805.96 18102  3271.08 8749.65  
14142.7 37749.9  6763.22 18113.5  3282.94 8745.67  
14142.7 37749.9  6807.91 18089  3277.27 8732.05  
14142.7 37749.9  6807.91 18089  3255.75 8743.96  
14142.7 37749.9  6805.96 18102  3260.97 8751.74  
14142.7 37749.9  6816.28 18118  3265.75 8741.42  
14142.7 37749.9  6792.96 18139.5  3288.76 8721.96  
14142.7 37749.9  6802.8 18160.2  3258.39 8707.09  
14142.7 37749.9  6771.22 18148.1  3300.37 8715.51  
14142.7 37749.9  6816.28 18118  3264.58 8691.2  
14142.7 37749.9  6802.8 18160.2  3281.11 8666.99  
14142.7 37749.9  6805.96 18102  3276.16 8757.55  
26863 71848.7  401.436 861.343  5.4219 9.88539  
26863 71848.7  402.229 859.381  4.63641 11.8076  
26863 71848.7  399.536 860.934  7.25182 10.2474  
26863 71848.7  397.959 854.474  8.79085 16.5979  
26863 71848.7  397.728 857.488  9.08867 13.6798  
26863 71848.7  398.908 859.817  7.94058 11.3976  
26863 71848.7  400.484 856.053  6.3464 15.0905  
26863 71848.7  400.484 856.053  6.39053 15.1161  
26863 71848.7  399.613 860.838  7.23261 10.3317  
26863 71848.7  401.623 858.303  5.2642 12.8907  
26863 71848.7  400.484 856.053  6.36178 15.1171  
26863 71848.7  399.613 860.838  7.23261 10.3317  
26863 71848.7  399.659 857.955  7.21682 13.2021  
26863 71848.7  402.304 859.289  4.5504 11.8659  
26863 71848.7  397.728 857.488  9.05947 13.6936  
11430.8 30467.7  6620.07 17702.1  3863.05 10223.6  
11430.8 30467.7  6620.07 17702.1  3840.86 10290.5  
11430.8 30467.7  6636.37 17599.6  3852.35 10337.8  
11430.8 30467.7  6614.49 17621.6  3855.5 10319.2  
11430.8 30467.7  6634.67 17652.8  3860.29 10294  
11430.8 30467.7  6637.01 17595.4  3855.93 10267.9  
11430.8 30467.7  6627.1 17580.1  3832.26 10329.6  
11430.8 30467.7  6632.72 17665.5  3844.63 10254  
11430.8 30467.7  6614.49 17621.6  3868.37 10309.4  
11430.8 30467.7  6632.72 17665.5  3837.09 10274.9  
11430.8 30467.7  6634.67 17652.8  3856.93 10244.1  
11430.8 30467.7  6637.01 17595.4  3853.45 10308.8  
11430.8 30467.7  6620.07 17702.1  3866.42 10273.4  
11430.8 30467.7  6601.51 17657.4  3862.11 10296.8  
11430.8 30467.7  6637.01 17595.4  3851.69 10342  
