3 33 2
180.18 453.311 362.346  176.841 447.429 357.171  
10663.6 26647.6 21405.8  4409.17 10977.4 8789.71  
12150.9 30381.2 24290.2  4036.79 10043.9 8041.37  
13718.5 34389.8 27573.4  3387.55 8359.03 6653.88  
6171.84 15343.4 12248.5  4045.69 10047.4 7999.39  
6171.84 15343.4 12248.5  4078.95 10179.6 8168.45  
904.468 2268.82 1812.72  856.925 2156.07 1717.05  
13718.5 34389.8 27573.4  3362.94 8391.06 6650.8  
11771 29203.1 23518.1  4120.15 10336.4 8264.2  
6880.59 17240.1 13779.4  4280.08 10695.5 8559.72  
11771 29203.1 23518.1  4139.43 10385 8282.75  
14456.7 36314.8 28939  2928.5 7274.74 5856.19  
13718.5 34389.8 27573.4  3387.55 8359.03 6653.88  
12150.9 30381.2 24290.2  4007.51 10024.5 8065.62  
10663.6 26647.6 21405.8  4379.7 10965.4 8780.96  
10663.6 26647.6 21405.8  4399.55 11014.7 8799.93  
180.18 453.311 362.346  176.841 447.429 357.171  
6880.59 17240.1 13779.4  4272.94 10677 8564.87  
11771 29203.1 23518.1  4159.84 10437.7 8284.24  
10663.6 26647.6 21405.8  4379.7 10965.4 8780.96  
6880.59 17240.1 13779.4  4290.88 10664.5 8532.59  
13718.5 34389.8 27573.4  3374.25 8372.03 6665.53  
6880.59 17240.1 13779.4  4254.87 10694.5 8501.1  
6880.59 17240.1 13779.4  4281.19 10699.4 8542.76  
6880.59 17240.1 13779.4  4281.19 10699.4 8542.76  
10663.6 26647.6 21405.8  4379.7 10965.4 8780.96  
12150.9 30381.2 24290.2  4036.79 10043.9 8041.37  
180.18 453.311 362.346  179.471 449.115 358.389  
10725.1 27148.5 21529.3  4354.64 10882.4 8760.13  
6171.84 15343.4 12248.5  4075.26 10173.1 8124  
180.18 453.311 362.346  177.175 448.338 356.276  
12150.9 30381.2 24290.2  4036.79 10043.9 8041.37  
12150.9 30381.2 24290.2  4002.9 10072.4 8011.78  
