3 100 2
6880.59 17240.1 13779.4  4259.71 10704.9 8529.36  
6880.59 17240.1 13779.4  4280.08 10695.5 8559.72  
6880.59 17240.1 13779.4  4272.94 10677 8564.87  
6880.59 17240.1 13779.4  4254.87 10694.5 8501.1  
6880.59 17240.1 13779.4  4276.27 10688.9 8514  
6880.59 17240.1 13779.4  4281.19 10699.4 8542.76  
6880.59 17240.1 13779.4  4238.65 10650.4 8544.56  
6880.59 17240.1 13779.4  4276.27 10688.9 8514  
6880.59 17240.1 13779.4  4281.19 10699.4 8542.76  
6880.59 17240.1 13779.4  4290.88 10664.5 8532.59  
10725.1 27148.5 21529.3  4437.41 10965.7 8845.03  
10725.1 27148.5 21529.3  4354.64 10882.4 8760.13  
10725.1 27148.5 21529.3  4386.72 10905.7 8737.1  
10725.1 27148.5 21529.3  4437.41 10965.7 8845.03  
10725.1 27148.5 21529.3  4436.28 10961.7 8862.31  
10725.1 27148.5 21529.3  4403.73 10889.7 8721.04  
10725.1 27148.5 21529.3  4340.03 10851.5 8675.39  
10725.1 27148.5 21529.3  4401.6 10937.1 8823.45  
10725.1 27148.5 21529.3  4437.41 10965.7 8845.03  
10725.1 27148.5 21529.3  4397.75 10930.5 8777.69  
14456.7 36314.8 28939  2931.81 7281.7 5875.4  
14456.7 36314.8 28939  2958.82 7269.91 5862.47  
14456.7 36314.8 28939  2944.08 7274.1 5853.93  
14456.7 36314.8 28939  2969.1 7291.56 5922.23  
14456.7 36314.8 28939  2969.1 7291.56 5922.23  
14456.7 36314.8 28939  2949.32 7282.97 5916.17  
14456.7 36314.8 28939  2954.18 7295.37 5912.64  
14456.7 36314.8 28939  2969.86 7294.26 5910.48  
14456.7 36314.8 28939  2928.5 7274.74 5856.19  
14456.7 36314.8 28939  2969.1 7291.56 5922.23  
180.18 453.311 362.346  177.688 447.056 358.464  
180.18 453.311 362.346  176.897 445.093 357.704  
180.18 453.311 362.346  177.688 447.056 358.464  
180.18 453.311 362.346  177.175 448.338 356.276  
180.18 453.311 362.346  179.471 449.115 358.389  
180.18 453.311 362.346  179.424 448.949 359.1  
180.18 453.311 362.346  178.57 449.345 357.827  
180.18 453.311 362.346  178.573 446.785 359.038  
180.18 453.311 362.346  176.841 447.429 357.171  
180.18 453.311 362.346  177.688 447.056 358.464  
12150.9 30381.2 24290.2  4007.51 10024.5 8065.62  
12150.9 30381.2 24290.2  4007.45 10082.2 8038.42  
12150.9 30381.2 24290.2  4019.91 10055.7 8071.87  
12150.9 30381.2 24290.2  4036.79 10043.9 8041.37  
12150.9 30381.2 24290.2  4007.51 10024.5 8065.62  
12150.9 30381.2 24290.2  4002.9 10072.4 8011.78  
12150.9 30381.2 24290.2  4032.08 10033.8 8013.78  
12150.9 30381.2 24290.2  4036.79 10043.9 8041.37  
12150.9 30381.2 24290.2  4007.51 10024.5 8065.62  
12150.9 30381.2 24290.2  4019.91 10055.7 8071.87  
10663.6 26647.6 21405.8  4409.17 10977.4 8789.71  
10663.6 26647.6 21405.8  4398.38 11074 8787.42  
10663.6 26647.6 21405.8  4358.25 10973.1 8767.27  
10663.6 26647.6 21405.8  4379.7 10965.4 8780.96  
10663.6 26647.6 21405.8  4409.17 10977.4 8789.71  
10663.6 26647.6 21405.8  4413.16 11049 8806.77  
10663.6 26647.6 21405.8  4379.7 10965.4 8780.96  
10663.6 26647.6 21405.8  4377.74 11021.5 8785.91  
10663.6 26647.6 21405.8  4391.12 11055.2 8792.63  
10663.6 26647.6 21405.8  4399.55 11014.7 8799.93  
13718.5 34389.8 27573.4  3387.55 8359.03 6653.88  
13718.5 34389.8 27573.4  3381.8 8344.21 6657.96  
13718.5 34389.8 27573.4  3362.94 8391.06 6650.8  
13718.5 34389.8 27573.4  3387.55 8359.03 6653.88  
13718.5 34389.8 27573.4  3374.25 8372.03 6665.53  
13718.5 34389.8 27573.4  3363.8 8394.16 6637.84  
13718.5 34389.8 27573.4  3387.55 8359.03 6653.88  
13718.5 34389.8 27573.4  3371.21 8317.79 6652.69  
13718.5 34389.8 27573.4  3387.55 8359.03 6653.88  
13718.5 34389.8 27573.4  3381.8 8344.21 6657.96  
11771 29203.1 23518.1  4139.43 10385 8282.75  
11771 29203.1 23518.1  4120.15 10336.4 8264.2  
11771 29203.1 23518.1  4161.92 10501.5 8317.01  
11771 29203.1 23518.1  4132.82 10485.3 8325.41  
11771 29203.1 23518.1  4132.82 10485.3 8325.41  
11771 29203.1 23518.1  4159.84 10437.7 8284.24  
11771 29203.1 23518.1  4152.66 10418.8 8289.43  
11771 29203.1 23518.1  4145.61 10517.9 8331.86  
11771 29203.1 23518.1  4125.58 10291.4 8227.03  
11771 29203.1 23518.1  4161.92 10501.5 8317.01  
904.468 2268.82 1812.72  856.925 2156.07 1717.05  
904.468 2268.82 1812.72  856.935 2143.79 1722.86  
904.468 2268.82 1812.72  856.935 2143.79 1722.86  
904.468 2268.82 1812.72  861.505 2143.33 1722.23  
904.468 2268.82 1812.72  855.952 2153.98 1711.36  
904.468 2268.82 1812.72  850.23 2151.24 1709.61  
904.468 2268.82 1812.72  856.925 2156.07 1717.05  
904.468 2268.82 1812.72  850.014 2150.47 1712.9  
904.468 2268.82 1812.72  861.023 2154.17 1723.16  
904.468 2268.82 1812.72  863.195 2147.94 1717.7  
6171.84 15343.4 12248.5  4078.95 10179.6 8168.45  
6171.84 15343.4 12248.5  4070.81 10216.8 8161.74  
6171.84 15343.4 12248.5  4070.81 10216.8 8161.74  
6171.84 15343.4 12248.5  4073.17 10111.4 8091.23  
6171.84 15343.4 12248.5  4078.95 10179.6 8168.45  
6171.84 15343.4 12248.5  4075.26 10173.1 8124  
6171.84 15343.4 12248.5  4075.26 10173.1 8124  
6171.84 15343.4 12248.5  4055.71 10182.7 8095.5  
6171.84 15343.4 12248.5  4045.69 10047.4 7999.39  
6171.84 15343.4 12248.5  4078.01 10121.9 8119.66  
