4 50 2
4044.51 8066.85 8074.88 8562.13  2855.81 5679.48 5686.15 6014.31  
7549.99 15108.4 15057 16111.6  3473.24 6940.56 6974.83 7435.59  
2787.95 5587.59 5595.76 5973.97  2229.97 4455.25 4468.88 4747.73  
13607.3 27356.5 27343.8 29379.1  381.52 627.698 635.505 605.621  
5008.31 10056.8 10064.9 10782.1  3198.41 6424.41 6404.11 6909.43  
4044.51 8066.85 8074.88 8562.13  2874.7 5721.16 5700.55 6063.49  
4044.51 8066.85 8074.88 8562.13  2883.13 5773.33 5762.16 6176.56  
5315.87 10608.7 10539.7 11264.7  3292.8 6573.88 6592.57 7010.87  
9090.19 18154 18123.7 19303.3  3171.64 6377.61 6416.53 6920.82  
4413.72 8885.79 8936.86 9565.6  2980.67 5990.74 6049.6 6450.21  
7549.99 15108.4 15057 16111.6  3476.72 6933.1 6901.65 7400.23  
5315.87 10608.7 10539.7 11264.7  3285.94 6567.1 6520.61 7010.49  
5008.31 10056.8 10064.9 10782.1  3232.97 6454.06 6425.14 6878.14  
2787.95 5587.59 5595.76 5973.97  2236.12 4469.03 4471.64 4764.15  
9090.19 18154 18123.7 19303.3  3182.42 6380.67 6406.38 6893.33  
11307.4 22590.9 22612.5 24038.9  2178.01 4375.84 4351.64 4796.95  
2787.95 5587.59 5595.76 5973.97  2222.29 4452.85 4475.89 4766.41  
9090.19 18154 18123.7 19303.3  3171.64 6377.61 6416.53 6920.82  
7549.99 15108.4 15057 16111.6  3474.54 6949.05 6931.08 7450.74  
4413.72 8885.79 8936.86 9565.6  3034.4 6086.54 6085.48 6530.66  
13607.3 27356.5 27343.8 29379.1  377.202 623.88 637.487 607.212  
9090.19 18154 18123.7 19303.3  3189.33 6379.64 6360.81 6865.33  
5861.5 11712.8 11727.8 12467.2  3397.03 6816.82 6831.05 7329.88  
4413.72 8885.79 8936.86 9565.6  3008.26 6028.09 6073.8 6461.25  
4044.51 8066.85 8074.88 8562.13  2867.08 5704.03 5697.11 6043.01  
4044.51 8066.85 8074.88 8562.13  2874.7 5721.16 5700.55 6063.49  
11307.4 22590.9 22612.5 24038.9  2179.61 4367.53 4323.84 4767.63  
5861.5 11712.8 11727.8 12467.2  3385.36 6768.9 6802.6 7240.34  
13607.3 27356.5 27343.8 29379.1  382.96 629.479 642.303 606.913  
13607.3 27356.5 27343.8 29379.1  382.96 629.479 642.303 606.913  
4044.51 8066.85 8074.88 8562.13  2874.7 5721.16 5700.55 6063.49  
5008.31 10056.8 10064.9 10782.1  3218.22 6445.11 6412.4 6900.87  
4044.51 8066.85 8074.88 8562.13  2874.7 5721.16 5700.55 6063.49  
4044.51 8066.85 8074.88 8562.13  2871.07 5745.49 5762.84 6142.59  
5008.31 10056.8 10064.9 10782.1  3216.99 6437.08 6453.53 6886.65  
13607.3 27356.5 27343.8 29379.1  379.128 625.598 634.578 606.368  
4413.72 8885.79 8936.86 9565.6  3034.4 6086.54 6085.48 6530.66  
4044.51 8066.85 8074.88 8562.13  2871.07 5745.49 5762.84 6142.59  
5861.5 11712.8 11727.8 12467.2  3413.91 6834.8 6801 7320.83  
4044.51 8066.85 8074.88 8562.13  2871.07 5745.49 5762.84 6142.59  
5861.5 11712.8 11727.8 12467.2  3413.48 6832.01 6815.25 7315.86  
2787.95 5587.59 5595.76 5973.97  2229.97 4455.25 4468.88 4747.73  
4413.72 8885.79 8936.86 9565.6  2980.67 5990.74 6049.6 6450.21  
11307.4 22590.9 22612.5 24038.9  2174.87 4368.19 4354.84 4787.03  
9090.19 18154 18123.7 19303.3  3185.62 6373.82 6339.15 6860.57  
9090.19 18154 18123.7 19303.3  3187.4 6394.42 6388.27 6912.26  
2787.95 5587.59 5595.76 5973.97  2240.69 4466.53 4449.04 4741.62  
4413.72 8885.79 8936.86 9565.6  3034.4 6086.54 6085.48 6530.66  
5315.87 10608.7 10539.7 11264.7  3297.44 6585.17 6587.78 7025.16  
4044.51 8066.85 8074.88 8562.13  2859.38 5720.01 5751.47 6112.81  
