4 150 2
5315.87 10608.7 10539.7 11264.7  3285.94 6567.1 6520.61 7010.49  
5315.87 10608.7 10539.7 11264.7  3290.77 6554.39 6527.61 6962.27  
5315.87 10608.7 10539.7 11264.7  3279.08 6534.08 6475.02 6943.26  
5315.87 10608.7 10539.7 11264.7  3295.86 6603.06 6602.55 7077.9  
5315.87 10608.7 10539.7 11264.7  3285.94 6567.1 6520.61 7010.49  
5315.87 10608.7 10539.7 11264.7  3292.8 6573.88 6592.57 7010.87  
5315.87 10608.7 10539.7 11264.7  3297.44 6585.17 6587.78 7025.16  
5315.87 10608.7 10539.7 11264.7  3279.08 6534.08 6475.02 6943.26  
5315.87 10608.7 10539.7 11264.7  3291.95 6596.92 6579.75 7072.92  
5315.87 10608.7 10539.7 11264.7  3292.8 6573.88 6592.57 7010.87  
5315.87 10608.7 10539.7 11264.7  3297.44 6585.17 6587.78 7025.16  
5315.87 10608.7 10539.7 11264.7  3297.44 6585.17 6587.78 7025.16  
5315.87 10608.7 10539.7 11264.7  3279.08 6534.08 6475.02 6943.26  
5315.87 10608.7 10539.7 11264.7  3292.8 6573.88 6592.57 7010.87  
5315.87 10608.7 10539.7 11264.7  3297.44 6585.17 6587.78 7025.16  
9090.19 18154 18123.7 19303.3  3171.64 6377.61 6416.53 6920.82  
9090.19 18154 18123.7 19303.3  3173.67 6360.99 6402.42 6869.55  
9090.19 18154 18123.7 19303.3  3171.64 6377.61 6416.53 6920.82  
9090.19 18154 18123.7 19303.3  3182.42 6380.67 6406.38 6893.33  
9090.19 18154 18123.7 19303.3  3188.93 6377.08 6373.96 6860.72  
9090.19 18154 18123.7 19303.3  3187.4 6394.42 6388.27 6912.26  
9090.19 18154 18123.7 19303.3  3185.62 6373.82 6339.15 6860.57  
9090.19 18154 18123.7 19303.3  3187.4 6394.42 6388.27 6912.26  
9090.19 18154 18123.7 19303.3  3176.71 6391.62 6398.1 6940.09  
9090.19 18154 18123.7 19303.3  3177.68 6334.03 6333.16 6781.04  
9090.19 18154 18123.7 19303.3  3187.4 6394.42 6388.27 6912.26  
9090.19 18154 18123.7 19303.3  3187 6391.81 6401.66 6907.56  
9090.19 18154 18123.7 19303.3  3171.64 6377.61 6416.53 6920.82  
9090.19 18154 18123.7 19303.3  3188.93 6377.08 6373.96 6860.72  
9090.19 18154 18123.7 19303.3  3189.33 6379.64 6360.81 6865.33  
4413.72 8885.79 8936.86 9565.6  3048.64 6095.25 6097.29 6508.95  
4413.72 8885.79 8936.86 9565.6  3008.26 6028.09 6073.8 6461.25  
4413.72 8885.79 8936.86 9565.6  3040.07 6076.1 6093.46 6486.21  
4413.72 8885.79 8936.86 9565.6  3048.64 6095.25 6097.29 6508.95  
4413.72 8885.79 8936.86 9565.6  2980.67 5990.74 6049.6 6450.21  
4413.72 8885.79 8936.86 9565.6  2993.76 6019.14 6062.24 6483.18  
4413.72 8885.79 8936.86 9565.6  3007.66 6052.8 6048.09 6525.42  
4413.72 8885.79 8936.86 9565.6  3034.8 6089.12 6072.31 6535.22  
4413.72 8885.79 8936.86 9565.6  3034.8 6089.12 6072.31 6535.22  
4413.72 8885.79 8936.86 9565.6  3048.64 6095.25 6097.29 6508.95  
4413.72 8885.79 8936.86 9565.6  3034.4 6086.54 6085.48 6530.66  
4413.72 8885.79 8936.86 9565.6  3034.8 6089.12 6072.31 6535.22  
4413.72 8885.79 8936.86 9565.6  3007.66 6052.8 6048.09 6525.42  
4413.72 8885.79 8936.86 9565.6  3008.26 6028.09 6073.8 6461.25  
4413.72 8885.79 8936.86 9565.6  2980.67 5990.74 6049.6 6450.21  
4044.51 8066.85 8074.88 8562.13  2859.38 5720.01 5751.47 6112.81  
4044.51 8066.85 8074.88 8562.13  2846.37 5675.1 5707.91 6034.49  
4044.51 8066.85 8074.88 8562.13  2883.13 5773.33 5762.16 6176.56  
4044.51 8066.85 8074.88 8562.13  2878.69 5730.86 5696.46 6075.75  
4044.51 8066.85 8074.88 8562.13  2859.38 5720.01 5751.47 6112.81  
4044.51 8066.85 8074.88 8562.13  2874.7 5721.16 5700.55 6063.49  
4044.51 8066.85 8074.88 8562.13  2884.88 5760.03 5737.25 6134.69  
4044.51 8066.85 8074.88 8562.13  2874.7 5721.16 5700.55 6063.49  
4044.51 8066.85 8074.88 8562.13  2874.7 5721.16 5700.55 6063.49  
4044.51 8066.85 8074.88 8562.13  2867.08 5704.03 5697.11 6043.01  
4044.51 8066.85 8074.88 8562.13  2859.38 5720.01 5751.47 6112.81  
4044.51 8066.85 8074.88 8562.13  2873.04 5732.7 5737.91 6101.34  
4044.51 8066.85 8074.88 8562.13  2855.81 5679.48 5686.15 6014.31  
4044.51 8066.85 8074.88 8562.13  2855.81 5679.48 5686.15 6014.31  
4044.51 8066.85 8074.88 8562.13  2871.07 5745.49 5762.84 6142.59  
11307.4 22590.9 22612.5 24038.9  2176.24 4358.24 4335.92 4754.64  
11307.4 22590.9 22612.5 24038.9  2179.61 4367.53 4323.84 4767.63  
11307.4 22590.9 22612.5 24038.9  2178.01 4375.84 4351.64 4796.95  
11307.4 22590.9 22612.5 24038.9  2179.61 4367.53 4323.84 4767.63  
11307.4 22590.9 22612.5 24038.9  2174.87 4368.19 4354.84 4787.03  
11307.4 22590.9 22612.5 24038.9  2170.36 4344.99 4333.27 4738.39  
11307.4 22590.9 22612.5 24038.9  2179.61 4367.53 4323.84 4767.63  
11307.4 22590.9 22612.5 24038.9  2152.4 4332.68 4350.27 4765.73  
11307.4 22590.9 22612.5 24038.9  2160.03 4335.36 4343.55 4747.31  
11307.4 22590.9 22612.5 24038.9  2170.7 4373.89 4358.51 4816.25  
11307.4 22590.9 22612.5 24038.9  2170.7 4373.89 4358.51 4816.25  
11307.4 22590.9 22612.5 24038.9  2176.24 4358.24 4335.92 4754.64  
11307.4 22590.9 22612.5 24038.9  2179.61 4367.53 4323.84 4767.63  
11307.4 22590.9 22612.5 24038.9  2171.63 4336.26 4305.01 4708.99  
11307.4 22590.9 22612.5 24038.9  2152.4 4332.68 4350.27 4765.73  
5861.5 11712.8 11727.8 12467.2  3387.94 6754.31 6773.36 7192.11  
5861.5 11712.8 11727.8 12467.2  3413.48 6832.01 6815.25 7315.86  
5861.5 11712.8 11727.8 12467.2  3397.03 6816.82 6831.05 7329.88  
5861.5 11712.8 11727.8 12467.2  3373.39 6764.7 6813.06 7268.36  
5861.5 11712.8 11727.8 12467.2  3413.91 6834.8 6801 7320.83  
5861.5 11712.8 11727.8 12467.2  3385.36 6768.9 6802.6 7240.34  
5861.5 11712.8 11727.8 12467.2  3413.91 6834.8 6801 7320.83  
5861.5 11712.8 11727.8 12467.2  3415.97 6819.01 6771.78 7271.15  
5861.5 11712.8 11727.8 12467.2  3401.53 6783.92 6786.57 7226.75  
5861.5 11712.8 11727.8 12467.2  3402.02 6828.94 6825.94 7345.22  
5861.5 11712.8 11727.8 12467.2  3402.02 6828.94 6825.94 7345.22  
5861.5 11712.8 11727.8 12467.2  3402.02 6828.94 6825.94 7345.22  
5861.5 11712.8 11727.8 12467.2  3415.55 6816.27 6785.78 7266.27  
5861.5 11712.8 11727.8 12467.2  3401.53 6783.92 6786.57 7226.75  
5861.5 11712.8 11727.8 12467.2  3402.02 6828.94 6825.94 7345.22  
13607.3 27356.5 27343.8 29379.1  380.626 627.677 640.087 608.108  
13607.3 27356.5 27343.8 29379.1  382.96 629.479 642.303 606.913  
13607.3 27356.5 27343.8 29379.1  382.512 629.147 638.655 606.901  
13607.3 27356.5 27343.8 29379.1  382.992 629.741 640.921 607.332  
13607.3 27356.5 27343.8 29379.1  380.039 626.273 642 606.39  
13607.3 27356.5 27343.8 29379.1  380.593 627.41 641.493 607.682  
13607.3 27356.5 27343.8 29379.1  381.52 627.698 635.505 605.621  
13607.3 27356.5 27343.8 29379.1  382.96 629.479 642.303 606.913  
13607.3 27356.5 27343.8 29379.1  379.128 625.598 634.578 606.368  
13607.3 27356.5 27343.8 29379.1  382.96 629.479 642.303 606.913  
13607.3 27356.5 27343.8 29379.1  381.52 627.698 635.505 605.621  
13607.3 27356.5 27343.8 29379.1  384.27 629.815 641.345 604.472  
13607.3 27356.5 27343.8 29379.1  377.202 623.88 637.487 607.212  
13607.3 27356.5 27343.8 29379.1  382.96 629.479 642.303 606.913  
13607.3 27356.5 27343.8 29379.1  380.039 626.273 642 606.39  
2787.95 5587.59 5595.76 5973.97  2237.54 4458.87 4452.27 4731.97  
2787.95 5587.59 5595.76 5973.97  2218.14 4460.5 4470.04 4799.07  
2787.95 5587.59 5595.76 5973.97  2222.29 4452.85 4475.89 4766.41  
2787.95 5587.59 5595.76 5973.97  2240.69 4466.53 4449.04 4741.62  
2787.95 5587.59 5595.76 5973.97  2213.04 4432.74 4466.91 4742.99  
2787.95 5587.59 5595.76 5973.97  2214.81 4452.42 4473.45 4788.9  
2787.95 5587.59 5595.76 5973.97  2239.62 4478.66 4459 4777.21  
2787.95 5587.59 5595.76 5973.97  2228.54 4466.88 4478.7 4783.12  
2787.95 5587.59 5595.76 5973.97  2232.1 4476.68 4465.84 4796.42  
2787.95 5587.59 5595.76 5973.97  2222.29 4452.85 4475.89 4766.41  
2787.95 5587.59 5595.76 5973.97  2231.82 4474.83 4475.35 4793.12  
2787.95 5587.59 5595.76 5973.97  2239.34 4476.84 4468.35 4773.97  
2787.95 5587.59 5595.76 5973.97  2236.12 4469.03 4471.64 4764.15  
2787.95 5587.59 5595.76 5973.97  2229.97 4455.25 4468.88 4747.73  
2787.95 5587.59 5595.76 5973.97  2231.82 4474.83 4475.35 4793.12  
5008.31 10056.8 10064.9 10782.1  3232.97 6454.06 6425.14 6878.14  
5008.31 10056.8 10064.9 10782.1  3216.99 6437.08 6453.53 6886.65  
5008.31 10056.8 10064.9 10782.1  3218.22 6445.11 6412.4 6900.87  
5008.31 10056.8 10064.9 10782.1  3216.99 6437.08 6453.53 6886.65  
5008.31 10056.8 10064.9 10782.1  3197.16 6416.24 6445.95 6894.97  
5008.31 10056.8 10064.9 10782.1  3216.99 6437.08 6453.53 6886.65  
5008.31 10056.8 10064.9 10782.1  3218.22 6445.11 6412.4 6900.87  
5008.31 10056.8 10064.9 10782.1  3198.41 6424.41 6404.11 6909.43  
5008.31 10056.8 10064.9 10782.1  3232.57 6451.43 6438.61 6873.48  
5008.31 10056.8 10064.9 10782.1  3227.93 6440.19 6443.36 6859.33  
5008.31 10056.8 10064.9 10782.1  3227.93 6440.19 6443.36 6859.33  
5008.31 10056.8 10064.9 10782.1  3218.22 6445.11 6412.4 6900.87  
5008.31 10056.8 10064.9 10782.1  3187.97 6395.67 6441.83 6870.49  
5008.31 10056.8 10064.9 10782.1  3197.16 6416.24 6445.95 6894.97  
5008.31 10056.8 10064.9 10782.1  3216.99 6437.08 6453.53 6886.65  
7549.99 15108.4 15057 16111.6  3480.77 6939.44 6925.24 7405.38  
7549.99 15108.4 15057 16111.6  3478.23 6952.68 6969.69 7450.93  
7549.99 15108.4 15057 16111.6  3480.34 6936.66 6939.55 7400.42  
7549.99 15108.4 15057 16111.6  3476.72 6933.1 6901.65 7400.23  
7549.99 15108.4 15057 16111.6  3473.24 6940.56 6974.83 7435.59  
7549.99 15108.4 15057 16111.6  3466.55 6949.56 6980.62 7480.84  
7549.99 15108.4 15057 16111.6  3461.47 6937.23 6985.85 7465.22  
7549.99 15108.4 15057 16111.6  3453.95 6929.84 6907.27 7464.83  
7549.99 15108.4 15057 16111.6  3473.24 6940.56 6974.83 7435.59  
7549.99 15108.4 15057 16111.6  3478.66 6955.51 6955.11 7455.98  
7549.99 15108.4 15057 16111.6  3476.72 6933.1 6901.65 7400.23  
7549.99 15108.4 15057 16111.6  3474.54 6949.05 6931.08 7450.74  
7549.99 15108.4 15057 16111.6  3478.23 6952.68 6969.69 7450.93  
7549.99 15108.4 15057 16111.6  3474.54 6949.05 6931.08 7450.74  
7549.99 15108.4 15057 16111.6  3465.86 6933.3 6897.62 7435.2  
