5 16 2
44925.3 22419.8 37370.5 22377.9 37280.1  11234.5 5651.32 9369.23 5647.74 9408.06  
49461.2 24405.8 41413.5 24864.9 40963.8  8697.63 4558.92 7115.25 4258.92 7404.92  
49461.2 24405.8 41413.5 24864.9 40963.8  8697.63 4558.92 7115.25 4258.92 7404.92  
5971.63 2950.46 4993.22 2998.77 4938.9  5346.36 2633.71 4468.5 2692.17 4393.18  
49461.2 24405.8 41413.5 24864.9 40963.8  8705.34 4570.09 7103.55 4256.72 7382.11  
21573.8 10753.4 17970.1 10757.4 17928.9  13795.1 6857.07 11525.6 6914.77 11477.8  
19775.5 9859.8 16464.4 9858.21 16421.8  13248.8 6593.71 11043.2 6631.17 10981.3  
19775.5 9859.8 16464.4 9858.21 16421.8  13194.9 6637.31 10944.8 6546.74 10996.3  
19775.5 9859.8 16464.4 9858.21 16421.8  13190.3 6606.71 10946.8 6566.81 10927.8  
21573.8 10753.4 17970.1 10757.4 17928.9  13762.6 6868.85 11493.9 6876.43 11517.8  
19775.5 9859.8 16464.4 9858.21 16421.8  13210.3 6541.6 11030.6 6638.32 10907.4  
5971.63 2950.46 4993.22 2998.77 4938.9  5359.29 2647.12 4488.34 2693.63 4447.12  
44925.3 22419.8 37370.5 22377.9 37280.1  11266.6 5635.37 9425.04 5690.37 9419.63  
49461.2 24405.8 41413.5 24864.9 40963.8  8697.63 4558.92 7115.25 4258.92 7404.92  
44925.3 22419.8 37370.5 22377.9 37280.1  11259.8 5679.4 9410.09 5649.14 9524.96  
5971.63 2950.46 4993.22 2998.77 4938.9  5393.84 2682.13 4497.86 2696.26 4475.74  
