5 50 2
21573.8 10753.4 17970.1 10757.4 17928.9  13795.1 6857.07 11525.6 6914.77 11477.8  
21573.8 10753.4 17970.1 10757.4 17928.9  13773.5 6925.55 11437.4 6839.04 11500.7  
21573.8 10753.4 17970.1 10757.4 17928.9  13762.6 6868.85 11493.9 6876.43 11517.8  
21573.8 10753.4 17970.1 10757.4 17928.9  13787.2 6903.3 11454.5 6868.87 11444.7  
21573.8 10753.4 17970.1 10757.4 17928.9  13795.1 6857.07 11525.6 6914.77 11477.8  
21573.8 10753.4 17970.1 10757.4 17928.9  13762.6 6868.85 11493.9 6876.43 11517.8  
21573.8 10753.4 17970.1 10757.4 17928.9  13810.4 6870.32 11523.5 6917.43 11467.7  
21573.8 10753.4 17970.1 10757.4 17928.9  13795.1 6857.07 11525.6 6914.77 11477.8  
21573.8 10753.4 17970.1 10757.4 17928.9  13761.3 6834.26 11512.4 6903.07 11472  
21573.8 10753.4 17970.1 10757.4 17928.9  13770.2 6816.06 11510.1 6924.77 11390.3  
44925.3 22419.8 37370.5 22377.9 37280.1  11259.8 5679.4 9410.09 5649.14 9524.96  
44925.3 22419.8 37370.5 22377.9 37280.1  11257 5682.52 9395.3 5643.68 9502.8  
44925.3 22419.8 37370.5 22377.9 37280.1  11259.8 5679.4 9410.09 5649.14 9524.96  
44925.3 22419.8 37370.5 22377.9 37280.1  11257 5682.52 9395.3 5643.68 9502.8  
44925.3 22419.8 37370.5 22377.9 37280.1  11289 5666.11 9451.13 5686.61 9513.35  
44925.3 22419.8 37370.5 22377.9 37280.1  11259.8 5679.4 9410.09 5649.14 9524.96  
44925.3 22419.8 37370.5 22377.9 37280.1  11266.6 5635.37 9425.04 5690.37 9419.63  
44925.3 22419.8 37370.5 22377.9 37280.1  11234.5 5651.32 9369.23 5647.74 9408.06  
44925.3 22419.8 37370.5 22377.9 37280.1  11234.5 5651.32 9369.23 5647.74 9408.06  
44925.3 22419.8 37370.5 22377.9 37280.1  11257 5682.52 9395.3 5643.68 9502.8  
49461.2 24405.8 41413.5 24864.9 40963.8  8697.63 4558.92 7115.25 4258.92 7404.92  
49461.2 24405.8 41413.5 24864.9 40963.8  8705.34 4570.09 7103.55 4256.72 7382.11  
49461.2 24405.8 41413.5 24864.9 40963.8  8697.63 4558.92 7115.25 4258.92 7404.92  
49461.2 24405.8 41413.5 24864.9 40963.8  8705.34 4570.09 7103.55 4256.72 7382.11  
49461.2 24405.8 41413.5 24864.9 40963.8  8705.34 4570.09 7103.55 4256.72 7382.11  
49461.2 24405.8 41413.5 24864.9 40963.8  8627.65 4495.2 7079.43 4244.81 7329.97  
49461.2 24405.8 41413.5 24864.9 40963.8  8697.63 4558.92 7115.25 4258.92 7404.92  
49461.2 24405.8 41413.5 24864.9 40963.8  8707.24 4567.65 7114.03 4260.55 7398.57  
49461.2 24405.8 41413.5 24864.9 40963.8  8627.65 4495.2 7079.43 4244.81 7329.97  
49461.2 24405.8 41413.5 24864.9 40963.8  8707.24 4567.65 7114.03 4260.55 7398.57  
5971.63 2950.46 4993.22 2998.77 4938.9  5359.29 2647.12 4488.34 2693.63 4447.12  
5971.63 2950.46 4993.22 2998.77 4938.9  5368.54 2660.09 4473.5 2690.79 4419.62  
5971.63 2950.46 4993.22 2998.77 4938.9  5346.36 2633.71 4468.5 2692.17 4393.18  
5971.63 2950.46 4993.22 2998.77 4938.9  5392.57 2683.57 4491.1 2693.78 4465.65  
5971.63 2950.46 4993.22 2998.77 4938.9  5329.09 2618.76 4470.82 2689.18 4404.48  
5971.63 2950.46 4993.22 2998.77 4938.9  5376.89 2662.35 4485.98 2696.68 4435.6  
5971.63 2950.46 4993.22 2998.77 4938.9  5346.36 2633.71 4468.5 2692.17 4393.18  
5971.63 2950.46 4993.22 2998.77 4938.9  5346.36 2633.71 4468.5 2692.17 4393.18  
5971.63 2950.46 4993.22 2998.77 4938.9  5376.89 2662.35 4485.98 2696.68 4435.6  
5971.63 2950.46 4993.22 2998.77 4938.9  5393.84 2682.13 4497.86 2696.26 4475.74  
19775.5 9859.8 16464.4 9858.21 16421.8  13237.3 6577.48 11061.8 6634.73 11015.7  
19775.5 9859.8 16464.4 9858.21 16421.8  13248.8 6593.71 11043.2 6631.17 10981.3  
19775.5 9859.8 16464.4 9858.21 16421.8  13190.3 6606.71 10946.8 6566.81 10927.8  
19775.5 9859.8 16464.4 9858.21 16421.8  13210.3 6541.6 11030.6 6638.32 10907.4  
19775.5 9859.8 16464.4 9858.21 16421.8  13190.3 6606.71 10946.8 6566.81 10927.8  
19775.5 9859.8 16464.4 9858.21 16421.8  13210.3 6541.6 11030.6 6638.32 10907.4  
19775.5 9859.8 16464.4 9858.21 16421.8  13213.4 6538.13 11046.9 6644.33 10931.8  
19775.5 9859.8 16464.4 9858.21 16421.8  13229.7 6621.81 10993.5 6590.69 10984  
19775.5 9859.8 16464.4 9858.21 16421.8  13210.3 6541.6 11030.6 6638.32 10907.4  
19775.5 9859.8 16464.4 9858.21 16421.8  13194.9 6637.31 10944.8 6546.74 10996.3  
