1 22 22 3
500 200
2200 
1518.23 322.98 1
0.0690567 1 10
919.51
917.614
929.594
921.442
919.273
917.81
920.471
917.95
919.659
917.674
917.787
921.516
922.745
920.837
918.636
918.327
926.466
921.628
926.014
917.608
922.061
919.925
46.3188 -0.2641
45.7238 0.77152
43.7182 -1.46793
46.3282 -0.98541
46.5566 1.61996
45.3343 1.02006
46.9066 1.55018
45.9722 1.46578
46.7742 0.78053
45.8253 1.2087
46.0157 0.80689
46.9318 -0.27256
46.0014 -1.47853
46.4811 -0.65674
46.4661 0.97002
45.2968 0.20657
44.2944 -1.54844
46.2385 -1.09437
44.2427 -1.38019
45.6766 1.11271
44.1216 0.50026
44.6347 1.62857
44.7955 0.22243
