1 50 3
86801.9  11423.6  1526.91  
71606.2  20347.9  5742.65  
76815.3  17794.7  4133.54  
76815.3  17712.2  4192.47  
37892.2  23545.9  14573.3  
63350.5  23080.8  8620.04  
63350.5  23136.9  8589  
4986.36  4724.72  4492.79  
4986.36  4721.49  4494.73  
4986.36  4724.72  4494.57  
71606.2  20383.6  5687.34  
70731.4  20511.7  6163.79  
4986.36  4724.72  4494.57  
83724.5  13594.6  2232.21  
4986.36  4724.72  4501.36  
71606.2  20334.4  5766.52  
76815.3  17794.7  4133.54  
83724.5  13627.2  2210.28  
71606.2  20138.8  5849.44  
76815.3  17755.6  4154.45  
76815.3  17755.6  4154.45  
71606.2  20370.6  5733.84  
86801.9  11448.4  1508.79  
83724.5  13597.8  2234.82  
37892.2  23531.4  14561.5  
71606.2  20106.3  5920.3  
18924.5  15255.2  12463.9  
4986.36  4724.72  4501.36  
71606.2  20106.3  5920.3  
4986.36  4729.79  4502.1  
70731.4  20619.5  6055.94  
70731.4  20639.9  6073.46  
37892.2  23545.9  14555.8  
18924.5  15336.1  12369.1  
63350.5  23361.2  8437.09  
71606.2  20199.5  5877.38  
37892.2  23495.5  14534.1  
18924.5  15336.3  12371  
71606.2  20379.2  5679.31  
76815.3  17805.5  4112.5  
70731.4  20527.9  6120.02  
18924.5  15257.6  12468.6  
4986.36  4721.49  4494.73  
86801.9  11423.6  1530.97  
70731.4  20527.9  6171.73  
86801.9  11413.3  1539.82  
70731.4  20577.1  6104.77  
37892.2  23545.9  14555.8  
70731.4  20639.9  6073.46  
4986.36  4736.93  4500.75  
