1 150 3
37892.2  23536.4  14545.1  
37892.2  23446.1  14624.3  
37892.2  23545.9  14602.8  
37892.2  23446.1  14610.9  
37892.2  23486.3  14603.2  
37892.2  23545.9  14555.8  
37892.2  23531.4  14517.3  
37892.2  23521.7  14520.9  
37892.2  23531.4  14561.5  
37892.2  23545.9  14573.3  
37892.2  23474.2  14607.9  
37892.2  23486.3  14531.6  
37892.2  23495.5  14534.1  
37892.2  23486.3  14625.4  
37892.2  23380.6  14571.3  
63350.5  23080.8  8620.04  
63350.5  23150.4  8419.44  
63350.5  23226.1  8531.17  
63350.5  23160.1  8594.29  
63350.5  22871.1  8778.44  
63350.5  23361.2  8389.68  
63350.5  23080.8  8561.22  
63350.5  23138.6  8607.92  
63350.5  23361.2  8437.09  
63350.5  23383.7  8451.86  
63350.5  22871.1  8638.65  
63350.5  23294.6  8427.5  
63350.5  23160.1  8594.29  
63350.5  23136.9  8589  
63350.5  23281.3  8497.22  
18924.5  15221.1  12451.6  
18924.5  15257.6  12468.6  
18924.5  15303.9  12462.5  
18924.5  15353.2  12431.6  
18924.5  15277.9  12407.4  
18924.5  15303.9  12436  
18924.5  15336.3  12371  
18924.5  15257.6  12444.7  
18924.5  15336.1  12369.1  
18924.5  15277.9  12467.5  
18924.5  15303.9  12375.1  
18924.5  15255.2  12463.9  
18924.5  15288.9  12462.7  
18924.5  15353.2  12453.2  
18924.5  15362.8  12343.2  
86801.9  11441.7  1511.26  
86801.9  11412  1540.32  
86801.9  11399.3  1545.8  
86801.9  11423.6  1526.91  
86801.9  11423.6  1526.95  
86801.9  11441.7  1514.53  
86801.9  11448.4  1510.17  
86801.9  11423.6  1530.97  
86801.9  11413.3  1539.17  
86801.9  11430.9  1525.41  
86801.9  11399.3  1551.37  
86801.9  11448.4  1508.79  
86801.9  11423.6  1526.91  
86801.9  11413.3  1539.82  
86801.9  11448.4  1508.79  
86556  11635.7  1552.49  
86556  11523.9  1648.76  
86556  11599.4  1588.06  
86556  11630.7  1564.54  
86556  11635.7  1541.45  
86556  11661.5  1527.09  
86556  11656.4  1523.82  
86556  11572.9  1594.93  
86556  11572.9  1610.25  
86556  11572.9  1611.62  
86556  11661.5  1531.8  
86556  11635.7  1556.72  
86556  11574.8  1604.91  
86556  11577.8  1603.8  
86556  11625.4  1558.4  
70731.4  20619.5  6055.94  
70731.4  20527.9  6171.73  
70731.4  20639.9  6092.4  
70731.4  20639.9  6073.46  
70731.4  20675.5  6048.48  
70731.4  20511.7  6163.79  
70731.4  20675.5  6078.02  
70731.4  20639.9  6041.78  
70731.4  20511.7  6194.01  
70731.4  20577.1  6104.77  
70731.4  20604.9  6093.9  
70731.4  20619.5  6060.62  
70731.4  20527.9  6120.02  
70731.4  20706.9  6052.15  
70731.4  20527.9  6124.73  
76815.3  17798.2  4129.01  
76815.3  17712.2  4192.47  
76815.3  17712.2  4185.86  
76815.3  17805.5  4112.5  
76815.3  17760.2  4149.09  
76815.3  17712.2  4192.47  
76815.3  17787.2  4117.47  
76815.3  17699.7  4206.46  
76815.3  17794.7  4133.54  
76815.3  17755.6  4154.45  
76815.3  17805.5  4103.48  
76815.3  17755.6  4138.63  
76815.3  17712.2  4187.66  
76815.3  17805.5  4118.83  
76815.3  17729.6  4158.41  
71606.2  20334.4  5766.52  
71606.2  20106.3  5920.3  
71606.2  20370.6  5733.84  
71606.2  20383.6  5687.34  
71606.2  20379.2  5725.24  
71606.2  20199.5  5842.86  
71606.2  20379.2  5679.31  
71606.2  20379.2  5690.63  
71606.2  20347.9  5750.24  
71606.2  20285.1  5787.46  
71606.2  20138.8  5849.44  
71606.2  20199.5  5877.38  
71606.2  20310.3  5739.68  
71606.2  20334.4  5746.75  
71606.2  20347.9  5742.65  
4986.36  4724.72  4492.79  
4986.36  4736.93  4493.96  
4986.36  4714.9  4490.23  
4986.36  4721.49  4504.33  
4986.36  4739.89  4499.2  
4986.36  4729.79  4502.1  
4986.36  4724.72  4501.36  
4986.36  4736.93  4499.35  
4986.36  4736.93  4500.75  
4986.36  4724.72  4494.57  
4986.36  4729.79  4480.16  
4986.36  4714.9  4500.45  
4986.36  4721.49  4494.73  
4986.36  4734.99  4500.84  
4986.36  4734.99  4500.84  
83724.5  13619  2196.51  
83724.5  13532.8  2277.86  
83724.5  13627.2  2210.28  
83724.5  13551.7  2262.36  
83724.5  13619  2217.19  
83724.5  13551.7  2269.48  
83724.5  13619  2204.83  
83724.5  13594.6  2233.77  
83724.5  13594.6  2232.21  
83724.5  13597.8  2234.82  
83724.5  13551.7  2272.22  
83724.5  13620.6  2207.27  
83724.5  13574.3  2250.47  
83724.5  13619  2201.79  
83724.5  13597.8  2234.82  
