1 50 50 5
500 200
2200 
1518.23 322.98 1
0.0690567 1 10
581.818
584.423
582.129
581.971
582.154
582.231
583.262
582.399
585.721
582.982
582.34
582.349
581.903
582.468
582.015
582.599
581.924
582.162
583.01
581.891
582.614
582.235
583.217
581.934
583.257
583.596
583.622
583.77
582.418
582.065
582.803
582.264
582.716
584.885
582.717
585.887
585.319
582.919
584.29
582.743
584.733
582.516
582.466
583.395
581.945
581.796
582.869
583
581.818
583.717
45.0404 -0.26395
46.8191 -0.06315
44.0722 1.02827
44.0662 -0.10091
45.3371 -0.64942
43.8295 0.70988
43.8175 -1.62789
44.6594 -1.28933
46.9179 -1.64202
43.3387 0.89689
43.9013 1.13565
45.6328 -0.47981
44.6369 -0.61053
43.7532 1.07232
44.621 1.27083
44.5908 -1.47951
45.1807 -0.37424
44.8984 1.46415
43.4287 -0.76655
45.0294 0.9442
43.7958 1.38466
43.7636 0.17449
46.1529 1.19104
45.0543 1.01714
43.4728 1.64416
46.2342 -1.0532
46.2245 1.58728
45.9953 -1.6564
45.7329 0.83417
44.5558 1.33056
43.7182 1.51084
45.3774 -0.78455
43.8943 1.64374
46.8149 1.53295
44.1119 1.84914
47.0142 -1.55006
46.8367 -1.46931
45.656 -1.27876
46.7769 0.33934
45.2143 1.96309
46.7419 1.57411
43.582 0.62843
43.5869 0.08857
46.3757 0.54134
44.2829 0.93476
44.841 -0.35882
44.2488 -1.60706
45.4724 2.0215
44.8633 -0.40648
46.5079 0.71944
46.4255 -0.41623
