1 66 5
53741.1  24699.7  11582.7  5326.54  2495.32  
34715.3  22535.3  14838.1  9636.32  6329.42  
93520.9  6051.94  396.776  28.4063  1.81301  
53741.1  24751.7  11582.8  5298.89  2488.39  
41812.8  24209.5  14100.4  8296.74  4805.59  
993.691  986.011  968.559  961.435  951.91  
993.691  978.302  968.635  966.963  949.508  
28905.5  20533  14586.8  10387.8  7400.32  
10943.4  9683.88  8698.33  7650.32  6911.97  
993.691  978.302  971.107  966.939  954.963  
37897.3  23510.7  14604.9  9045.17  5635.64  
68516.5  21626.5  6770.62  2109.53  670.803  
28905.5  20533  14604.2  10396.5  7382.97  
93520.9  6028.41  419.973  28.3736  2.15732  
93520.9  6028.41  419.973  28.3736  2.15732  
28905.5  20427  14557.6  10390.7  7381.16  
68516.5  21497  6861.65  2135.73  676.355  
10943.4  9723.25  8647.09  7659.43  6890.09  
37897.3  23502.4  14580.7  9080.16  5650.44  
37897.3  23497.3  14601.5  9075.37  5647.84  
93520.9  6020.3  430.006  26.7047  1.90196  
28905.5  20491.1  14610.1  10383.9  7397.03  
10943.4  9759.58  8685.06  7704.47  6863.81  
34715.3  22755.8  14769.9  9539.46  6310.38  
93520.9  6028.41  418.479  29.8761  2.14483  
28905.5  20533  14586.8  10387.8  7400.32  
28905.5  20458.1  14640.6  10389.9  7397.94  
14954.9  12690.7  10802.5  9194.95  7819.7  
41812.8  24311.9  14105.1  8260.17  4812.65  
37897.3  23528.6  14584.1  9048.24  5648.49  
10943.4  9723.25  8647.09  7659.43  6890.09  
37897.3  23497.3  14630.8  9067.8  5640.13  
68516.5  21497  6857.99  2139.57  675.774  
34715.3  22755.8  14769.9  9539.46  6310.38  
34715.3  22494.8  14704.7  9738.23  6391.14  
14954.9  12722.6  10764.6  9199.15  7832.78  
28905.5  20528.5  14588.2  10337.2  7402.85  
14954.9  12680.7  10814.1  9195.55  7788.39  
68516.5  21589.1  6769.64  2133.13  674.644  
28905.5  20440.4  14626.4  10367.2  7421.58  
37897.3  23497.3  14601.5  9075.37  5647.84  
93520.9  5995.47  453.357  28.35  1.77401  
41812.8  24311.9  14174.3  8223.18  4806.29  
28905.5  20458.1  14621.2  10399.3  7396.51  
993.691  986.011  968.559  961.435  951.91  
28905.5  20458.1  14640.6  10389.9  7397.94  
53741.1  24853.2  11472.5  5340.67  2467.26  
53741.1  24912.9  11492.4  5240.28  2472.48  
93520.9  6028.41  419.973  28.3736  2.15732  
993.691  978.302  968.635  966.963  949.508  
10943.4  9766.99  8648.71  7749.7  6883.05  
41812.8  24156.5  14204.3  8292.8  4822.62  
93520.9  6058.32  392.084  26.7703  1.7662  
37897.3  23510.7  14604.9  9087.85  5626.7  
53741.1  24886.2  11408.6  5353.18  2469.58  
28905.5  20528.5  14588.2  10337.2  7402.85  
93520.9  6058.32  390.667  28.0176  1.92142  
34715.3  22613.2  14675.9  9752.38  6356.53  
14954.9  12704.5  10784.6  9198.85  7819.72  
53741.1  24699.7  11525.1  5368.63  2506.42  
14954.9  12718.7  10784.3  9194.33  7779.7  
68516.5  21589.1  6755.26  2156.79  674.667  
14954.9  12718.7  10784.3  9194.33  7779.7  
28905.5  20533  14575.4  10389.9  7390.92  
28905.5  20533  14586.8  10387.8  7400.32  
68516.5  21658.3  6673.17  2151.78  686.97  
