1 200 5
37897.3  23495  14631.6  9070.61  5648.88  
37897.3  23510.7  14552.6  9087.54  5660.38  
37897.3  23423.2  14585.6  9121.31  5668.2  
37897.3  23453.2  14631.8  9084.18  5650.28  
37897.3  23510.7  14604.9  9045.17  5635.64  
37897.3  23510.7  14606.2  9087.39  5640.19  
37897.3  23495  14610.7  9084.71  5643.34  
37897.3  23495  14616  9076.53  5624.26  
37897.3  23528.6  14584.1  9048.24  5648.49  
37897.3  23510.7  14604.9  9087.85  5626.7  
37897.3  23502.4  14613.2  9047.21  5655.86  
37897.3  23495  14558.5  9098.24  5656.15  
37897.3  23497.3  14582.5  9060.69  5662.44  
37897.3  23497.3  14601.5  9075.37  5647.84  
37897.3  23502.4  14580.7  9080.16  5650.44  
37897.3  23418.3  14625.8  9107.98  5659.91  
37897.3  23476.8  14603.7  9103.95  5643.91  
37897.3  23476.8  14622.8  9081.87  5653.09  
37897.3  23495  14627  9073.38  5630.94  
37897.3  23497.3  14630.8  9067.8  5640.13  
93520.9  6067.11  383.911  25.9425  1.96608  
93520.9  5995.47  453.357  28.35  1.77401  
93520.9  6058.32  392.084  26.7703  1.7662  
93520.9  6018.17  428.715  29.7445  2.27126  
93520.9  6065  384.505  27.6664  1.77482  
93520.9  6063.45  389.512  24.3505  1.64133  
93520.9  6028.41  418.479  29.8761  2.14483  
93520.9  6073.9  379.169  24.2473  1.63502  
93520.9  6039.36  410.697  27.1466  1.74645  
93520.9  6018.17  429.715  29.0054  2.0239  
93520.9  6032.8  417.56  26.7385  1.83871  
93520.9  6058.32  390.667  28.0176  1.92142  
93520.9  6028.41  419.973  28.3736  2.15732  
93520.9  6028.41  416.858  31.5909  2.04403  
93520.9  6020.3  430.006  26.7047  1.90196  
93520.9  6037.84  409.894  29.0763  2.11249  
93520.9  6067.11  383.911  26.2909  1.65051  
93520.9  6051.94  396.776  28.4063  1.81301  
93520.9  6072.33  376.435  28.4056  1.7687  
93520.9  6051.94  397.655  27.4239  1.91353  
41812.8  24311.9  14105.1  8260.17  4812.65  
41812.8  24251.3  14210.5  8233.39  4789.53  
41812.8  24228.6  14174.4  8278.15  4807.31  
41812.8  24311.9  14174.3  8223.18  4806.29  
41812.8  24287.5  14175  8220.71  4775.71  
41812.8  24373.1  14084.3  8243.33  4794.41  
41812.8  24228.6  14209.2  8195.75  4794.44  
41812.8  24287.5  14149.7  8272.72  4795.37  
41812.8  24311.9  14153.7  8248.92  4804.1  
41812.8  24365.6  14142.2  8222.36  4774.94  
41812.8  24156.5  14204.3  8292.8  4822.62  
41812.8  24209.5  14100.4  8296.74  4805.59  
41812.8  24209.5  14100.4  8296.74  4821.76  
41812.8  24311.9  14189.5  8199.46  4794.41  
41812.8  24251.3  14194.5  8213.35  4783.84  
41812.8  24347.1  14079.5  8235.59  4820.48  
41812.8  24373.1  14093  8246.18  4774.06  
41812.8  24287.5  14120  8255.99  4821.73  
41812.8  24236.4  14216.6  8251.51  4797.55  
41812.8  24236.4  14185.1  8205.51  4835.15  
53741.1  24825.2  11527.7  5309.17  2454.3  
53741.1  24825.2  11468.4  5366.86  2458.24  
53741.1  24912.9  11467.1  5274.77  2457.58  
53741.1  24729.9  11494.9  5374.31  2503.38  
53741.1  24853.2  11509.1  5290.63  2474.52  
53741.1  24825.2  11487.6  5343.07  2466.98  
53741.1  24729.9  11519.3  5342.73  2481.54  
53741.1  24850.6  11444.7  5352.35  2471.45  
53741.1  24912.9  11492.4  5240.28  2472.48  
53741.1  24777.4  11466.2  5374.67  2498.5  
53741.1  24853.2  11472.5  5340.67  2467.26  
53741.1  24600.9  11648.1  5390.89  2473.92  
53741.1  24853.2  11512.5  5314.73  2464.99  
53741.1  24886.2  11408.6  5353.18  2469.58  
53741.1  24692.8  11468.2  5402.45  2514.65  
53741.1  24793.3  11485.2  5361.87  2481.17  
53741.1  24699.7  11582.7  5326.54  2495.32  
53741.1  24699.7  11525.1  5368.63  2506.42  
53741.1  24751.7  11582.8  5298.89  2488.39  
53741.1  24879.5  11473.4  5321.57  2468.23  
993.691  987.414  970.399  965.462  957.236  
993.691  984.939  972.71  963.057  945.654  
993.691  981.889  972.151  966.55  956.924  
993.691  986.011  968.559  961.435  951.91  
993.691  983.947  975.904  959.273  949.791  
993.691  985.7  970.416  966.53  956.904  
993.691  974.4  975.999  955.203  952.013  
993.691  980.174  974.205  966.243  945.655  
993.691  978.646  976.265  960.82  949.491  
993.691  974.4  977.696  955.187  957.057  
993.691  980.799  970.464  964.554  945.702  
993.691  974.4  968.673  959.439  958.466  
993.691  984.939  968.57  967.931  951.251  
993.691  978.302  971.107  966.939  954.963  
993.691  978.302  968.635  966.963  949.508  
993.691  986.011  968.559  965.494  956.93  
993.691  987.414  972.096  964.472  953.468  
993.691  978.302  972.776  965.529  954.96  
993.691  974.4  975.245  959.374  953.038  
993.691  981.889  974.188  967.905  951.832  
34715.3  22535.3  14807  9688.83  6362.27  
34715.3  22672.9  14655.8  9755.17  6351.1  
34715.3  22638.3  14694  9707.38  6274.55  
34715.3  22540.9  14915.4  9539.41  6345.49  
34715.3  22638.3  14720.5  9683.16  6253.17  
34715.3  22660.4  14857  9634.5  6307.2  
34715.3  22494.8  14668.2  9798.52  6359.39  
34715.3  22613.2  14675.9  9752.38  6356.53  
34715.3  22755.8  14769.9  9539.46  6310.38  
34715.3  22742.8  14845.1  9654.03  6296.03  
34715.3  22672.9  14708.7  9664.61  6295.13  
34715.3  22613.2  14729.1  9736.21  6261.18  
34715.3  22709.4  14631.3  9750.99  6301.2  
34715.3  22380.8  14782.2  9663.39  6420.15  
34715.3  22781.3  14831.6  9625.55  6229.03  
34715.3  22494.8  14704.7  9738.23  6391.14  
34715.3  22494.8  14668.2  9639.27  6350.66  
34715.3  22535.3  14838.1  9636.32  6329.42  
34715.3  22535.3  14807  9750.41  6338.75  
34715.3  22672.9  14844.2  9643.25  6277.62  
68516.5  21428.2  6917.08  2151.71  677.449  
68516.5  21589.1  6755.26  2156.79  674.667  
68516.5  21497  6857.99  2139.57  675.774  
68516.5  21345.3  6933.44  2191.47  687.864  
68516.5  21518.5  6817.73  2165.02  671.211  
68516.5  21345.3  6898.79  2224.49  697.313  
68516.5  21658.3  6708.49  2131.55  667.662  
68516.5  21658.3  6720.39  2132.57  665.135  
68516.5  21658.3  6673.17  2151.78  686.97  
68516.5  21518.5  6832.9  2127.55  689.905  
68516.5  21626.5  6770.62  2109.53  670.803  
68516.5  21626.5  6729.84  2146.31  665.963  
68516.5  21542.2  6795.16  2152.33  674.716  
68516.5  21383.9  6903.03  2171.17  696.325  
68516.5  21633.5  6764.44  2109.01  670.944  
68516.5  21626.5  6780.75  2093.48  671.596  
68516.5  21345.3  6965.77  2169.48  682.367  
68516.5  21497  6861.65  2135.73  676.355  
68516.5  21589.1  6769.64  2133.13  674.644  
68516.5  21535  6831.96  2131.39  673.89  
14954.9  12680.7  10798.5  9195.08  7783.11  
14954.9  12690.7  10824.1  9195  7815.65  
14954.9  12704.5  10784.6  9198.85  7819.72  
14954.9  12680.7  10811.2  9177.9  7824.8  
14954.9  12705.7  10761.3  9198.87  7808.75  
14954.9  12709  10806.9  9204.66  7812.03  
14954.9  12705.7  10794.8  9160.41  7820.94  
14954.9  12718.7  10759.3  9180  7797.32  
14954.9  12701.8  10810.9  9195.33  7816.71  
14954.9  12722.6  10764.6  9199.15  7832.78  
14954.9  12700.5  10801  9191.75  7821.31  
14954.9  12718.7  10784.3  9194.33  7779.7  
14954.9  12690.7  10802.5  9194.95  7819.7  
14954.9  12704.5  10786.4  9198.59  7832.31  
14954.9  12701.8  10819.1  9203.93  7800  
14954.9  12701.8  10808  9154.11  7816.49  
14954.9  12680.7  10814.1  9195.55  7788.39  
14954.9  12709  10821.4  9192.67  7783.46  
14954.9  12701.8  10810.9  9186.77  7805  
14954.9  12697.2  10823.1  9157.4  7806.97  
28905.5  20526.5  14604.6  10339.6  7386.64  
28905.5  20510.7  14579.4  10399.5  7394.93  
28905.5  20562.2  14589.7  10380.6  7355.64  
28905.5  20440.4  14626.4  10367.2  7421.58  
28905.5  20521.1  14606.2  10385.5  7386.69  
28905.5  20458.1  14640.6  10389.9  7397.94  
28905.5  20458.1  14629.7  10414  7389.1  
28905.5  20491.1  14610.1  10383.9  7397.03  
28905.5  20534.8  14574.8  10393.7  7357.84  
28905.5  20533  14604.2  10396.5  7382.97  
28905.5  20458.1  14570.9  10410  7407.97  
28905.5  20427  14579.9  10426.3  7408.82  
28905.5  20533  14575.4  10389.9  7390.92  
28905.5  20458.1  14621.2  10399.3  7396.51  
28905.5  20533  14586.8  10387.8  7400.32  
28905.5  20528.5  14588.2  10337.2  7402.85  
28905.5  20427  14557.6  10390.7  7381.16  
28905.5  20521.1  14607.5  10385.1  7380.04  
28905.5  20458.1  14608.5  10420.1  7404.03  
28905.5  20521.1  14576.4  10358.3  7405.48  
10943.4  9706.92  8705.11  7739.73  6898.88  
10943.4  9723.25  8689.03  7700  6844.4  
10943.4  9759.58  8685.06  7704.47  6863.81  
10943.4  9746.71  8670.17  7739.21  6839.66  
10943.4  9766.99  8669.83  7703.01  6864.83  
10943.4  9716.99  8673.43  7742.1  6900.99  
10943.4  9737.8  8645.52  7703.14  6896.82  
10943.4  9766.99  8648.71  7749.7  6883.05  
10943.4  9770.01  8683.92  7745.51  6879.33  
10943.4  9756.96  8670.93  7729.87  6883.88  
10943.4  9735.7  8625.22  7705.58  6910.36  
10943.4  9683.88  8698.33  7650.32  6911.97  
10943.4  9737.8  8692.43  7653  6906.39  
10943.4  9723.25  8647.09  7659.43  6890.09  
10943.4  9683.88  8677.04  7730.14  6870.14  
10943.4  9737.8  8690.08  7745.96  6861.13  
10943.4  9737.8  8690.08  7721.16  6868.26  
10943.4  9753.99  8669.39  7706.79  6818.59  
10943.4  9753.99  8679.19  7720.57  6856.2  
10943.4  9650.1  8680.74  7746.27  6824.32  
