3 22 22 5
500 200
2200 1000 2200 
1518.23 322.98 1
0.0690567 1 10
1152.21
1155.46
1151.89
1154.86
1158.64
1152.51
1153.15
1156.55
1158.05
1151.7
1154.73
1155.3
1158.04
1151.8
1153.69
1151.6
1153.77
1154.08
1152.82
1157.85
1157.91
1151.97
44.7445 -0.26374
43.8707 1.02445
46.0618 0.01063
46.8749 1.13739
43.6298 -1.5704
46.2045 -0.47642
44.7213 1.44333
43.5685 0.11787
43.3845 0.98281
45.0862 -0.29169
46.9168 0.84386
43.8142 -0.01792
43.4736 -0.89944
45.9098 -0.26725
44.2786 0.93991
45.8434 -0.07977
46.4216 -0.98652
46.01 2.03786
44.53 0.84461
43.3763 0.70829
43.3396 0.36665
44.785 0.39493
44.3184 -0.4611
45.7749 -1.15838
43.6778 1.30187
