3 18 5
12057.7 13755.9 12072.8  7492.16 8554.07 7467.73  4656.3 5296.31 4659.37  2865.65 3283.13 2883.25  1800.34 2059.97 1792.61  
12057.7 13755.9 12072.8  7493.57 8563.01 7482.42  4615.04 5292.81 4634.78  2903.17 3294.23 2888.67  1794.58 2051.84 1797.38  
12057.7 13755.9 12072.8  7471.54 8503.9 7491.97  4654.11 5339.89 4645.51  2871.89 3302.19 2874.93  1801.44 2040.96 1794.32  
12057.7 13755.9 12072.8  7499.17 8511.79 7479.18  4616.69 5285.4 4643.08  2897.4 3318.82 2894.16  1800.66 2066.56 1790.32  
12057.7 13755.9 12072.8  7465.91 8581.53 7450.1  4666.27 5285.97 4666.06  2870.53 3310.46 2877.01  1802.79 2044.8 1803.74  
12057.7 13755.9 12072.8  7492.16 8554.07 7467.73  4615.58 5296.2 4640.33  2878.63 3299.76 2886.05  1802.59 2062.09 1799.03  
4439.58 5073.48 4444.49  3824.21 4343.77 3830.01  3290.94 3760.33 3287.06  2817.27 3241.55 2817.42  2409.69 2775.59 2418.1  
4439.58 5073.48 4444.49  3810.74 4358.07 3820.78  3255.39 3748.2 3265.98  2837.39 3231.84 2826.74  2432.13 2778.72 2436.9  
4439.58 5073.48 4444.49  3811.2 4376.03 3805.36  3283.08 3729.91 3294.7  2825.66 3212.92 2834.06  2438.44 2772.27 2439.91  
4439.58 5073.48 4444.49  3798.51 4323.14 3818.01  3281.76 3767.49 3268.19  2813.79 3221.38 2825.22  2444.59 2771.12 2436.83  
4439.58 5073.48 4444.49  3798.51 4323.14 3818.01  3293.91 3759.29 3282.28  2833.43 3221.61 2836.46  2420.19 2789.59 2423.16  
4439.58 5073.48 4444.49  3810.49 4371.54 3797.98  3280.7 3764.58 3277.31  2831 3230.07 2835.49  2438.37 2777.32 2433.19  
23890.8 27537.9 23780  5942.74 6692.65 6024.3  1467.03 1599.51 1477.07  386.221 402.139 399.862  96.8973 96.9417 100.789  
23890.8 27537.9 23780  5867.32 6626.57 5902.86  1544.27 1666.03 1597.64  381.181 400.047 395.756  99.3241 98.1892 104.533  
23890.8 27537.9 23780  5893.29 6665.47 5949.75  1522.15 1631.06 1554.39  378.325 397.083 393.065  97.0821 96.3427 101.639  
23890.8 27537.9 23780  5867.32 6626.57 5902.86  1527.23 1654.97 1573.56  400.188 410.006 420.762  97.6847 98.79 103.498  
23890.8 27537.9 23780  5896.85 6615.26 5925.47  1529.44 1669.87 1583.73  373.843 407.476 394.014  93.3452 97.627 98.5012  
23890.8 27537.9 23780  5988.62 6698.51 6064.19  1462.77 1612.42 1487.4  351.62 386.219 357.948  90.5945 94.1663 93.1068  
