4 22 22 4
500 200
2200 1000 2200 1000 
1518.23 322.98 1
0.0690567 1 10
1249.46
1251.35
1250.12
1254.08
1253.24
1251.53
1252.15
1256.46
1250.82
1259.73
1254.51
1252.17
1254.18
1251.27
1250.45
1253.39
1251.76
1252.34
1252.6
1251.23
1256.94
1252.67
44.4485 -0.26354
44.657 -1.6482
44.3166 -1.00701
45.9489 -1.38457
45.6572 1.26887
44.8447 -1.66273
45.6251 0.75429
46.2124 1.52508
43.5857 -0.15262
46.8337 -1.48027
46.1975 0.55207
45.7303 0.44398
46.0449 -1.18835
44.3316 -1.60683
43.9363 0.60899
43.3613 1.31997
43.9277 -1.5988
43.3868 -1.14868
45.6313 -1.30449
45.4579 0.47238
46.6182 -0.65136
45.8065 0.61536
44.2332 -0.90074
44.6912 -1.51284
46.0653 1.83651
43.797 0.28725
