2  34  6.44  2.85  21255.2  21255.2  1  1

******************** Using iran model first stage solution ****************
21255.2  14
------------- Unsatisfy demand per scenario per model ---------------
68397.1  68394.5  2.6616
68382  68379.4  2.6616
11726.5  11723.8  2.6616
68464.3  68461.6  2.6616
68464.3  68461.6  2.6616
11726.5  11723.8  2.6616
68498.8  68496.2  2.6616
11712  11709.6  2.3289
81885.5  81883.2  2.3289
65373.9  65371.2  2.6616
68562.4  68559.7  2.6616
81856.1  81853.7  2.3289
68364.9  68362.3  2.6616
81862.4  81860.1  2.3289
81289.9  81287.5  2.3289
81306.9  81304.6  2.3289
65377.7  65375  2.6616
65375.3  65372.7  2.6616
81908.8  81906.5  2.3289
65426.8  65424.1  2.6616
81274.6  81272.3  2.3289
65437.4  65434.8  2.6616
11712  11709.6  2.3289
81865  81862.7  2.3289
11716.5  11714.2  2.3289
81862.4  81860.1  2.3289
65455.8  65453.1  2.6616
11715.4  11712.7  2.6616
11632.4  11630.1  2.3289
81902.1  81899.7  2.3289
68434.5  68431.8  2.6616
81274.6  81272.3  2.3289
81875.7  81873.3  2.3289
11748.3  11745.7  2.6616
------------- Recours cost per scenario per model ----------------------
5.36939e+06  5.36939e+06  5.58794e-09
5.36939e+06  5.36939e+06  5.58794e-09
5.40193e+06  5.40193e+06  4.65661e-09
5.36939e+06  5.36939e+06  5.58794e-09
5.36939e+06  5.36939e+06  5.58794e-09
5.40193e+06  5.40193e+06  4.65661e-09
5.36939e+06  5.36939e+06  5.58794e-09
5.40386e+06  5.40386e+06  0.000284815
5.52845e+06  5.52845e+06  0.000284816
5.36939e+06  5.36939e+06  5.58794e-09
5.36939e+06  5.36939e+06  5.58794e-09
5.52391e+06  5.52391e+06  0.000284816
5.36939e+06  5.36939e+06  5.58794e-09
5.52047e+06  5.52047e+06  0.000284817
5.47308e+06  5.47308e+06  0.000284816
5.47197e+06  5.47197e+06  0.000284816
5.36939e+06  5.36939e+06  5.58794e-09
5.36939e+06  5.36939e+06  5.58794e-09
5.52586e+06  5.52586e+06  0.000284814
5.36939e+06  5.36939e+06  5.58794e-09
5.47139e+06  5.47139e+06  0.000284815
5.36939e+06  5.36939e+06  5.58794e-09
5.40386e+06  5.40386e+06  0.000284815
5.51624e+06  5.51624e+06  0.000284817
5.40447e+06  5.40447e+06  0.000284814
5.52047e+06  5.52047e+06  0.000284817
5.36939e+06  5.36939e+06  5.58794e-09
5.40166e+06  5.40166e+06  7.45058e-09
5.40537e+06  5.40537e+06  0.000284815
5.52469e+06  5.52469e+06  0.000284816
5.36939e+06  5.36939e+06  5.58794e-09
5.47139e+06  5.47139e+06  0.000284815
5.52443e+06  5.52443e+06  0.000284817
5.40133e+06  5.40133e+06  5.58794e-09
------------- Number of mobile facility  per scenario per model ----------------------
8  0  
8  0  
8  0  
8  0  
8  0  
8  0  
8  0  
8  1  
8  1  
8  0  
8  0  
8  1  
8  0  
8  1  
8  1  
8  1  
8  0  
8  0  
8  1  
8  0  
8  1  
8  0  
8  1  
8  1  
8  1  
8  1  
8  0  
8  0  
8  1  
8  1  
8  0  
8  1  
8  1  
8  0  
------------- Resolution time per scenario per model ----------------------
0.09  0.05  
0.09  0.03  
0.09  0.03  
0.09  0.04  
0.09  0.03  
0.1  0.04  
0.1  0.03  
0.08  0.04  
0.09  0.05  
0.09  0.03  
0.09  0.04  
0.08  0.05  
0.09  0.04  
0.09  0.05  
0.09  0.05  
0.09  0.04  
0.09  0.05  
0.1  0.03  
0.09  0.05  
0.09  0.02  
0.09  0.06  
0.09  0.04  
0.13  0.05  
0.12  0.05  
0.09  0.05  
0.1  0.05  
0.08  0.04  
0.11  0.04  
0.09  0.04  
0.09  0.04  
0.11  0.03  
0.11  0.05  
0.1  0.05  
0.1  0.03  

******************** Using dbsWc first stage solution ****************
21255.2  14
------------------- Unsatisfy demand per scenario per model ---------------
68397.1  68394.5  2.6616
68382  68379.4  2.6616
11726.5  11723.8  2.6616
68464.3  68461.6  2.6616
68464.3  68461.6  2.6616
11726.5  11723.8  2.6616
68498.8  68496.2  2.6616
11712  11709.6  2.3289
81885.5  81883.2  2.3289
65373.9  65371.2  2.6616
68562.4  68559.7  2.6616
81856.1  81853.7  2.3289
68364.9  68362.3  2.6616
81862.4  81860.1  2.3289
81289.9  81287.5  2.3289
81306.9  81304.6  2.3289
65377.7  65375  2.6616
65375.3  65372.7  2.6616
81908.8  81906.5  2.3289
65426.8  65424.1  2.6616
81274.6  81272.3  2.3289
65437.4  65434.8  2.6616
11712  11709.6  2.3289
81865  81862.7  2.3289
11716.5  11714.2  2.3289
81862.4  81860.1  2.3289
65455.8  65453.1  2.6616
11715.4  11712.7  2.6616
11632.4  11630.1  2.3289
81902.1  81899.7  2.3289
68434.5  68431.8  2.6616
81274.6  81272.3  2.3289
81875.7  81873.3  2.3289
11748.3  11745.7  2.6616
------------------- Recours cost per scenario per model -------------------
5.36939e+06  5.36939e+06  5.58794e-09
5.36939e+06  5.36939e+06  5.58794e-09
5.40193e+06  5.40193e+06  4.65661e-09
5.36939e+06  5.36939e+06  5.58794e-09
5.36939e+06  5.36939e+06  5.58794e-09
5.40193e+06  5.40193e+06  4.65661e-09
5.36939e+06  5.36939e+06  5.58794e-09
5.40386e+06  5.40386e+06  0.000284815
5.52845e+06  5.52845e+06  0.000284816
5.36939e+06  5.36939e+06  5.58794e-09
5.36939e+06  5.36939e+06  5.58794e-09
5.52391e+06  5.52391e+06  0.000284816
5.36939e+06  5.36939e+06  5.58794e-09
5.52047e+06  5.52047e+06  0.000284817
5.47308e+06  5.47308e+06  0.000284816
5.47197e+06  5.47197e+06  0.000284816
5.36939e+06  5.36939e+06  5.58794e-09
5.36939e+06  5.36939e+06  5.58794e-09
5.52586e+06  5.52586e+06  0.000284814
5.36939e+06  5.36939e+06  5.58794e-09
5.47139e+06  5.47139e+06  0.000284815
5.36939e+06  5.36939e+06  5.58794e-09
5.40386e+06  5.40386e+06  0.000284815
5.51624e+06  5.51624e+06  0.000284817
5.40447e+06  5.40447e+06  0.000284814
5.52047e+06  5.52047e+06  0.000284817
5.36939e+06  5.36939e+06  5.58794e-09
5.40166e+06  5.40166e+06  7.45058e-09
5.40537e+06  5.40537e+06  0.000284815
5.52469e+06  5.52469e+06  0.000284816
5.36939e+06  5.36939e+06  5.58794e-09
5.47139e+06  5.47139e+06  0.000284815
5.52443e+06  5.52443e+06  0.000284817
5.40133e+06  5.40133e+06  5.58794e-09
------------- Number of mobile facility  per scenario per model ----------------------
8  0  
8  0  
8  0  
8  0  
8  0  
8  0  
8  0  
8  1  
8  1  
8  0  
8  0  
8  1  
8  0  
8  1  
8  1  
8  1  
8  0  
8  0  
8  1  
8  0  
8  1  
8  0  
8  1  
8  1  
8  1  
8  1  
8  0  
8  0  
8  1  
8  1  
8  0  
8  1  
8  1  
8  0  
------------- Resolution time per scenario per model ----------------------
0.1  0.04  
0.09  0.03  
0.1  0.04  
0.09  0.04  
0.09  0.04  
0.1  0.04  
0.1  0.03  
0.08  0.06  
0.08  0.04  
0.08  0.03  
0.1  0.04  
0.09  0.04  
0.1  0.03  
0.08  0.05  
0.09  0.05  
0.09  0.05  
0.09  0.04  
0.1  0.04  
0.09  0.04  
0.09  0.04  
0.09  0.05  
0.11  0.04  
0.08  0.06  
0.11  0.04  
0.11  0.06  
0.08  0.04  
0.09  0.04  
0.11  0.04  
0.09  0.04  
0.08  0.05  
0.11  0.04  
0.1  0.05  
0.09  0.04  
0.13  0.04  
