4  4
resolution time : 2.85
21255.2  21255.2
16  0
******************** fixed facilities: 14 ****************
0  1  2  3  4  5  6  7  8  10  13  14  18  21  
******************** Response cost ****************
1.42032e+07  0  1.42032e+07  1.42032e+07  1.42032e+07  0  1.42032e+07  1.42032e+07  0  0  1.42032e+07  1.42032e+07  0  1.42032e+07  1.42032e+07  1.42032e+07  
******************** Mobile facilities tour:  ****************
 scenario 0 : 2
9  16  
19  16  
9  19  
15  11  
------------------------------------
 scenario 1 : 0




------------------------------------
 scenario 2 : 4
9  16  15  12  
15  12  17  11  
16  12  15  17  
16  15  12  11  
------------------------------------
 scenario 3 : 2
16  11  
11  16  
11  16  
11  16  
------------------------------------
 scenario 4 : 3
20  15  16  
15  16  20  
11  15  12  
20  12  15  
------------------------------------
 scenario 5 : 0




------------------------------------
 scenario 6 : 3
19  17  12  
12  17  19  
19  16  11  
9  15  11  
------------------------------------
 scenario 7 : 3
9  17  20  
17  12  19  
19  15  9  
15  19  11  
------------------------------------
 scenario 8 : 0




------------------------------------
 scenario 9 : 0




------------------------------------
 scenario 10 : 3
9  19  16  
9  17  12  
19  20  16  
15  16  9  
------------------------------------
 scenario 11 : 2
16  11  
11  16  
11  16  
11  16  
------------------------------------
 scenario 12 : 0




------------------------------------
 scenario 13 : 4
9  11  15  12  
11  17  12  15  
15  16  11  12  
20  12  16  15  
------------------------------------
 scenario 14 : 2
19  16  
16  19  
16  11  
11  16  
------------------------------------
 scenario 15 : 2
20  15  
15  16  
11  9  
20  16  
------------------------------------
******************** Stock in hospital ****************
0  0  0  0  0  0  0  0  0  0  0  0  0  0  0  0  0  0  0  0  
0  0  0  0  0  0  0  0  0  0  0  0  0  0  0  0  0  0  0  0  
0  0  0  0  0  0  0  0  0  0  0  0  0  0  0  0  0  0  0  0  
0  0  0  0  0  0  0  0  0  0  0  0  0  0  0  0  0  0  0  0  
0  0  0  0  0  0  0  1000  0  0  0  0  0  0  0  0  0  0  0  0  
0  0  0  0  0  0  0  0  0  0  0  0  0  0  0  0  0  0  0  0  
0  0  0  0  0  0  0  0  0  0  0  0  0  0  0  0  0  0  0  0  
0  0  0  0  0  0  0  0  0  0  0  0  0  0  0  0  0  0  0  0  
0  0  0  0  0  0  0  0  0  0  0  0  0  0  0  0  0  0  0  0  
0  0  0  0  0  0  0  0  0  0  0  0  0  0  0  0  0  0  0  0  
0  0  0  0  0  0  0  0  0  0  0  0  0  0  0  0  0  0  0  0  
0  0  0  0  0  0  0  0  0  90.83  0  0  0  0  0  0  0  0  0  0  
0  0  0  0  0  0  0  0  0  0  0  0  0  0  0  0  0  0  0  0  
0  0  0  0  0  0  0  0  0  0  0  0  0  0  0  0  0  0  0  0  
0  0  0  0  0  0  0  0  289.244  79.47  220.63  0  0  0  0  0  0  0  0  0  
0  0  0  0  0  0  0  0  0  0  0  0  0  0  0  0  0  0  0  0  
******************** Quantity of blood collect in hospitals ****************
0  532.753  500  1120.08  938.755  200  671.347  0  752.15  500  500  500  500  0  0  1301.68  
0  0  0  0  0  0  0  0  0  0  0  0  0  0  0  0  
1000  2471.4  2500  1000  700  2000  2000  1168.94  1647.87  2277.95  2408.39  1219.76  627.751  1121.77  1282.33  468.946  
946.487  2500  2700  1000  1148.99  2500  2543.66  1000  1200  2500  2500  1000  549.999  940.395  1028.77  407.555  
1500  1700  2493.54  1000  1447.07  1261.65  2500  1200  792.74  2907.26  2500  1089.13  623.991  1117.96  1278.89  465.805  
0  0  0  0  0  0  0  0  0  0  0  0  0  0  0  0  
500  1952.17  247.83  700  1000  1000  491.37  8.63  500  816.368  500  1000  385.022  0  647.482  1249.69  
0  700  0  155.371  1000  251.53  0  200  0  500  151.23  915.141  1752.34  1200  500  700  
0  0  0  0  0  0  0  0  0  0  0  0  0  0  0  0  
0  0  0  0  0  0  0  0  0  0  0  0  0  0  0  0  
454.51  0  500  894.1  1000  0  0  1000  0  1411.69  500  500  0  756.46  500  500  
1200  2477.8  2700  1000  912.035  2500  2544.85  1000  1200  2500  2495.66  1000  545.201  944.623  1031.92  401.104  
0  0  0  0  0  0  0  0  0  0  0  0  0  0  0  0  
1247.66  1751.35  2700  952.34  1200  2000  2000  1000  1449.68  2399.63  2700  1083.18  622.136  1095.25  1251.23  470.207  
1200  2500  2539.34  1000  1164.35  2288  2500  1000  1164.55  2500  2700  1000  530.963  931.769  1033.09  392.196  
700  0  1000  0  500  0  1225.78  0  254.51  1445.49  1000  200  0  1000  500  140.108  
******************** Unsatisfy demand in hospital ****************
6360.07  10555.2  12142.4  3643.76  3184.73  6995.23  7583.66  3102.9  1935.07  4223.15  4901.96  1512.5  1247.58  3065.85  3470.19  0  
1441.22  2529.17  2906.76  1082.02  1323.06  2320.84  2671.73  994.771  1223.36  2136.78  2455.49  920.67  1114.17  1962.25  2258.65  836.288  
10255  17092.4  19823  7446.43  3564.21  5502.36  6643.97  2041.73  0  654.059  901.147  0  0  0  0  0  
10771.7  18034.3  20908.4  7805.9  2954.55  4675.81  5678.51  2088.43  309.32  146.29  437.84  113.25  0  0  0  0  
9755  17863.8  19829.5  8446.43  2838.57  6261.6  6081.49  1008.14  838.33  0  863.54  137.948  0  0  0  0  
1441.22  2529.17  2906.76  1082.02  1323.06  2320.84  2671.73  994.771  1225.27  2151.18  2460.81  916.98  1116.17  1955.9  2256.18  841.029  
6401.91  10108.3  13473.6  4456.3  3274.78  6435.01  7965.76  3194.67  2140.03  3838.67  4802.56  969.05  1271.2  2900.42  2692.05  0  
6360.07  10388  12642.4  4608.47  3117.37  6903.88  8199.91  2901.8  2683.69  4224.3  5270.88  1098.01  0  1888.06  3026.96  610.51  
1441.22  2529.17  2906.76  1082.02  1321.79  2308.03  2661.84  997.215  1225.37  2152.2  2461.6  916.786  1125.63  1975.27  2265.19  844.161  
1441.22  2529.17  2906.76  1082.02  1314.08  2314.56  2667.49  986.875  1218.02  2125.62  2449.59  918.817  1119.14  1971.39  2262.05  838.103  
5905.56  11088  12142.4  3869.74  3123.49  7195.23  8255.01  2102.9  2687.22  3311.46  4901.96  1512.5  1747.58  2309.39  2970.19  801.68  
10518.2  18056.5  20908.4  7805.9  3217.5  4815.39  5708.98  2101.04  280.38  0  411.128  100.89  0  0  0  0  
1441.22  2529.17  2906.76  1082.02  1323.06  2320.84  2671.73  994.771  1225.27  2151.18  2460.81  916.98  1116.17  1955.9  2256.18  841.029  
10007.3  17812.5  19623  7494.09  3083.1  5574.91  6686.89  2206.73  185.484  495.537  605.9  139.777  0  0  9.1  0  
10518.2  18034.3  21069.1  7805.9  3296.37  5033.96  5953.05  2132.81  0  0  0  80.66  0  0  0  0  
5660.07  11088  11642.4  4763.84  3629.41  7185.46  6959.64  3096.44  2428.5  3267.64  4357.46  1801.42  1750.67  2073.1  3040.74  1179.52  
