4  4
resolution time : 6.44
21255.2  21255.2
16  0
******************** fixed facilities: 14 ****************
0  1  2  3  4  5  6  7  8  10  13  14  18  21  
******************** Response cost ****************
1.42032e+07  1.42032e+07  1.42032e+07  1.42032e+07  1.42032e+07  1.42032e+07  1.42032e+07  1.42032e+07  1.42032e+07  1.42032e+07  1.42032e+07  1.42032e+07  1.42032e+07  1.42032e+07  1.42032e+07  1.42032e+07  
******************** Mobile facilities tour:  ****************
 scenario 0 : 8
9  11  12  15  16  17  19  20  



------------------------------------
 scenario 1 : 8
9  11  12  15  16  17  19  20  
16  


------------------------------------
 scenario 2 : 8
9  11  12  15  16  17  19  20  
16  
16  

------------------------------------
 scenario 3 : 8
9  11  12  15  16  17  19  20  
11  16  
11  16  

------------------------------------
 scenario 4 : 8
9  11  12  15  16  17  19  20  
16  
16  

------------------------------------
 scenario 5 : 8
9  11  12  15  16  17  19  20  
16  


------------------------------------
 scenario 6 : 8
9  11  12  15  16  17  19  20  



------------------------------------
 scenario 7 : 8
9  11  12  15  16  17  19  20  



------------------------------------
 scenario 8 : 8
9  11  12  15  16  17  19  20  



------------------------------------
 scenario 9 : 8
9  11  12  15  16  17  19  20  
16  
16  

------------------------------------
 scenario 10 : 8
9  11  12  15  16  17  19  20  



------------------------------------
 scenario 11 : 8
9  11  12  15  16  17  19  20  
11  16  
16  

------------------------------------
 scenario 12 : 8
9  11  12  15  16  17  19  20  



------------------------------------
 scenario 13 : 8
9  11  12  15  16  17  19  20  
11  16  
16  
16  
------------------------------------
 scenario 14 : 8
9  11  12  15  16  17  19  20  
11  16  
11  16  

------------------------------------
 scenario 15 : 8
9  11  12  15  16  17  19  20  



------------------------------------
******************** Stock in hospital ****************
0  0  0  0  0  0  0  0  0  0  0  0  0  0  0  0  
0  0  0  0  0  0  0  0  0  0  0  0  0  0  0  0  
0  0  0  0  0  0  0  0  0  0  0  0  0  0  0  0  
0  0  0  0  0  0  0  0  0  0  0  0  0  0  0  0  
0  0  0  0  0  0  0  0  0  0  0  0  0  0  0  0  
0  0  0  0  0  0  0  0  0  0  0  0  0  0  0  0  
0  0  0  0  0  0  0  0  0  0  0  0  0  0  0  0  
0  0  0  0  0  0  0  0  0  0  0  0  0  0  0  0  
0  0  0  0  0  0  0  0  0  0  0  0  0  0  0  0  
0  0  0  0  0  0  0  0  0  0  0  0  0  0  0  0  
0  0  0  0  0  0  0  0  0  0  0  0  0  0  0  0  
0  0  0  0  0  0  0  0  0  0  0  0  0  0  0  0  
0  0  0  0  0  0  0  0  0  0  0  0  0  0  0  0  
0  0  0  0  0  0  0  0  0  0  0  0  0  0  0  0  
0  0  0  0  0  0  0  0  0  0  0  0  0  0  0  0  
0  0  0  0  0  0  0  0  0  0  0  0  0  0  0  0  
******************** Quantity of blood collect in hospitals ****************
528.796  2500  2263.82  1000  989.102  2500  2008.61  1000  989.102  1697.94  2500  1000  500  2254.18  2000  1000  
500  2507.24  2272.43  1000  777.067  2320.84  2500  994.771  989.102  2136.78  2000  920.67  989.102  1962.25  2000  836.288  
989.102  2500  2500  1000  997.927  2500  2500  1000  1076.71  2500  2490.1  1000  627.751  1121.77  1282.33  468.946  
1138.1  2500  2500  1000  966.91  2500  2700  1000  1189.1  2500  2543.66  1000  549.999  940.395  1028.77  407.555  
1189.1  2500  2500  1000  803.688  2500  2500  1000  1079.85  2500  2493.54  1000  623.991  1117.96  1278.89  465.805  
500  2500  2256.62  1000  992.872  2320.84  2263.14  994.771  989.102  2151.18  2252.67  916.98  772.246  1955.9  2000  841.029  
528.796  2253.96  2000  1000  989.102  2500  2013.45  1000  500  2000  2500  1000  989.102  2198.16  2258.98  1000  
989.102  2500  2500  1000  528.796  2446.63  2000  1000  989.102  1753.96  2252.67  1000  500  2251.53  2019.76  1000  
989.102  2500  2500  1000  770.634  2301.22  2260.78  997.215  989.102  2152.2  2011.65  916.786  500  1975.27  2000  844.161  
989.102  2513.67  2272.43  1000  772.246  2314.56  2500  986.875  512.755  2125.62  2000  918.817  989.102  1971.39  2000  838.103  
989.102  2500  2000  1000  528.796  2446.63  2264.68  1000  500  2000  2007.75  1000  989.102  2005.49  2500  1000  
989.102  2500  2700  1000  1167.31  2500  2540.51  1000  1144.55  2500  2500  1000  545.201  944.623  1031.92  401.104  
776.016  2500  2000  1000  500  2320.84  2055.44  994.771  989.102  2151.18  2460.81  916.98  989.102  1955.9  2256.18  841.029  
1153.31  2500  2500  1000  944.219  2500  2512.1  1000  989.102  2500  2500  1000  622.136  1095.25  1260.33  470.207  
989.102  2500  2700  1000  1153.46  2500  2515.81  1000  1189.1  2500  2523.53  1000  530.963  931.769  1033.09  392.196  
989.102  1952.12  2251.23  1000  500  2500  2000  1000  528.796  2500  2264.74  1000  989.102  2000  2256.46  1000  
******************** Unsatisfy demand in hospital ****************
5831.27  8588  10378.6  3763.84  3134.39  4695.23  6246.4  2102.9  1698.12  3025.21  2901.96  1012.5  1247.58  811.67  1470.19  301.68  
941.22  21.9329  634.33  82.02  545.993  0  171.73  0  234.258  0  455.49  0  125.068  0  258.65  0  
10265.9  17063.8  19823  7446.43  3266.28  5002.36  6143.97  2210.67  571.164  432.01  819.44  219.76  0  0  0  0  
10580.1  18034.3  21108.4  7805.9  3136.63  4675.81  5522.17  2088.43  320.218  146.29  394.18  113.25  0  0  0  0  
10065.9  17063.8  19823  7446.43  3481.95  5023.25  6081.49  2208.14  551.223  407.26  870  227.08  0  0  0  0  
941.22  29.17  650.14  82.02  330.188  0  408.59  0  236.168  0  208.14  0  343.924  0  256.18  0  
6373.11  9806.54  11721.4  4156.3  3285.68  4935.01  6443.68  2203.3  2140.03  2655.04  2802.56  969.05  667.118  702.259  1080.55  249.69  
5370.97  8588  10142.4  3763.84  3588.57  4708.78  6199.91  2101.8  1694.59  2970.34  3169.44  1013.15  1252.34  836.53  1507.2  310.51  
452.118  29.17  406.76  82.02  551.156  6.80991  401.06  0  236.268  0  449.95  0  625.63  0  265.19  0  
452.118  15.4958  634.33  82.02  541.834  0  167.49  0  705.265  0  449.59  0  130.038  0  262.05  0  
5370.97  8588  10642.4  3763.84  3594.69  4748.6  5990.33  2102.9  2187.22  2723.15  3394.21  1012.5  758.478  1060.36  970.19  301.68  
10729.1  18034.3  20908.4  7805.9  2962.22  4724.56  5713.32  2101.04  335.832  90.83  406.79  100.89  0  0  0  0  
665.204  29.17  906.76  82.02  823.06  0  616.29  0  236.168  0  0  0  127.068  0  0  0  
10101.7  17063.8  19823  7446.43  3338.88  5074.91  6174.79  2206.73  646.058  395.17  805.9  222.96  0  0  0  0  
10729.1  18034.3  20908.4  7805.9  3018.02  4742.49  5716.61  2132.81  264.688  79.47  397.1  80.66  0  0  0  0  
5370.97  9135.88  10391.2  3763.84  3629.41  4685.46  6185.42  2096.44  2154.21  2213.13  3092.72  1001.42  761.568  1073.1  1284.28  319.63  
