4 16 4
6360.07 11088 12642.4 4763.84  4123.49 7195.23 8255.01 3102.9  2687.22 4723.15 5401.96 2012.5  1747.58 3065.85 3470.19 1301.68  
1441.22 2529.17 2906.76 1082.02  1323.06 2320.84 2671.73 994.771  1223.36 2136.78 2455.49 920.67  1114.17 1962.25 2258.65 836.288  
11255 19563.8 22323 8446.43  4264.21 7502.36 8643.97 3210.67  1647.87 2932.01 3309.54 1219.76  627.751 1121.77 1282.33 468.946  
11718.2 20534.3 23608.4 8805.9  4103.54 7175.81 8222.17 3088.43  1509.32 2646.29 2937.84 1113.25  549.999 940.395 1028.77 407.555  
11255 19563.8 22323 8446.43  4285.64 7523.25 8581.49 3208.14  1631.07 2907.26 3363.54 1227.08  623.991 1117.96 1278.89 465.805  
1441.22 2529.17 2906.76 1082.02  1323.06 2320.84 2671.73 994.771  1225.27 2151.18 2460.81 916.98  1116.17 1955.9 2256.18 841.029  
6901.91 12060.5 13721.4 5156.3  4274.78 7435.01 8457.13 3203.3  2640.03 4655.04 5302.56 1969.05  1656.22 2900.42 3339.53 1249.69  
6360.07 11088 12642.4 4763.84  4117.37 7155.41 8199.91 3101.8  2683.69 4724.3 5422.11 2013.15  1752.34 3088.06 3526.96 1310.51  
1441.22 2529.17 2906.76 1082.02  1321.79 2308.03 2661.84 997.215  1225.37 2152.2 2461.6 916.786  1125.63 1975.27 2265.19 844.161  
1441.22 2529.17 2906.76 1082.02  1314.08 2314.56 2667.49 986.875  1218.02 2125.62 2449.59 918.817  1119.14 1971.39 2262.05 838.103  
6360.07 11088 12642.4 4763.84  4123.49 7195.23 8255.01 3102.9  2687.22 4723.15 5401.96 2012.5  1747.58 3065.85 3470.19 1301.68  
11718.2 20534.3 23608.4 8805.9  4129.53 7224.56 8253.83 3101.04  1480.38 2590.83 2906.79 1100.89  545.201 944.623 1031.92 401.104  
1441.22 2529.17 2906.76 1082.02  1323.06 2320.84 2671.73 994.771  1225.27 2151.18 2460.81 916.98  1116.17 1955.9 2256.18 841.029  
11255 19563.8 22323 8446.43  4283.1 7574.91 8686.89 3206.73  1635.16 2895.17 3305.9 1222.96  622.136 1095.25 1260.33 470.207  
11718.2 20534.3 23608.4 8805.9  4171.48 7242.49 8232.42 3132.81  1453.79 2579.47 2920.63 1080.66  530.963 931.769 1033.09 392.196  
6360.07 11088 12642.4 4763.84  4129.41 7185.46 8185.42 3096.44  2683.01 4713.13 5357.46 2001.42  1750.67 3073.1 3540.74 1319.63  
