4 50 4
6901.91 12060.5 13721.4 5156.3  4271.86 7464.98 8477.95 3190.45  2655.59 4625.35 5289.99 1997.92  1650.41 2908.24 3359.5 1244.43  
6901.91 12060.5 13721.4 5156.3  4280.96 7475.7 8514.91 3204.71  2640.92 4626.84 5258.73 1972.81  1647.57 2875.67 3296.93 1241.55  
6901.91 12060.5 13721.4 5156.3  4266.43 7485.23 8512.73 3183.24  2657.66 4617.77 5277 2000.65  1647.09 2899.24 3327.38 1236.99  
6901.91 12060.5 13721.4 5156.3  4256.68 7443.85 8429.17 3171.59  2665.16 4652.6 5368.62 2015.13  1647.59 2877.96 3287.96 1238.09  
6901.91 12060.5 13721.4 5156.3  4256.68 7443.85 8429.17 3171.59  2663.56 4671.41 5381.42 2007.2  1644.77 2878.57 3286.95 1234.36  
6901.91 12060.5 13721.4 5156.3  4278.33 7496.08 8573.76 3206.74  2658.85 4639.14 5305.72 1998.64  1648.89 2883.46 3304.22 1240.94  
6901.91 12060.5 13721.4 5156.3  4274.78 7435.01 8457.13 3203.3  2640.03 4655.04 5302.56 1969.05  1656.22 2900.42 3339.53 1249.69  
6901.91 12060.5 13721.4 5156.3  4258 7495.21 8559.57 3180.96  2663.05 4651.94 5332.04 2003.66  1651.47 2863.18 3267.61 1244.52  
6901.91 12060.5 13721.4 5156.3  4277.83 7435.33 8482.7 3213.11  2653.7 4674.44 5345.7 1985.61  1647.69 2897.04 3341.7 1242.44  
6901.91 12060.5 13721.4 5156.3  4280.96 7475.7 8514.91 3204.71  2640.92 4626.84 5258.73 1972.81  1653.54 2895.69 3334.29 1247.74  
6360.07 11088 12642.4 4763.84  4127.03 7243.87 8249.46 3081.16  2683.84 4692.84 5335.37 2006.71  1747.52 3059.46 3495.05 1311.21  
6360.07 11088 12642.4 4763.84  4132.35 7215.04 8253.59 3102.49  2681.98 4702.86 5333.95 1999.32  1747.71 3074.74 3539 1315.09  
6360.07 11088 12642.4 4763.84  4117.37 7155.41 8199.91 3101.8  2683.69 4724.3 5422.11 2013.15  1750.95 3079.3 3482.24 1301.84  
6360.07 11088 12642.4 4763.84  4129.41 7185.46 8185.42 3096.44  2679.5 4713.84 5427.18 2015.02  1745.91 3072.94 3530.84 1311.9  
6360.07 11088 12642.4 4763.84  4129.41 7185.46 8185.42 3096.44  2683.01 4713.13 5357.46 2001.42  1750.67 3073.1 3540.74 1319.63  
6360.07 11088 12642.4 4763.84  4126.95 7234.59 8285.91 3095.07  2686.01 4709.41 5391.17 2015.23  1749.43 3069.69 3502.39 1310.11  
6360.07 11088 12642.4 4763.84  4135.33 7224.78 8240.76 3097.63  2680.84 4687.17 5386.78 2019.43  1747.1 3080.75 3509.53 1303.88  
6360.07 11088 12642.4 4763.84  4126.38 7175.55 8198.47 3101.37  2689.73 4717.19 5400.56 2017.85  1749.38 3075.14 3521.19 1312.15  
6360.07 11088 12642.4 4763.84  4117.37 7155.41 8199.91 3101.8  2683.69 4724.3 5422.11 2013.15  1752.34 3088.06 3526.96 1310.51  
6360.07 11088 12642.4 4763.84  4123.49 7195.23 8255.01 3102.9  2687.22 4723.15 5401.96 2012.5  1747.58 3065.85 3470.19 1301.68  
1441.22 2529.17 2906.76 1082.02  1331.36 2339.37 2670.41 994.384  1222.7 2135.32 2455.6 920.701  1125.67 1966.11 2259.71 847.362  
1441.22 2529.17 2906.76 1082.02  1323.06 2320.84 2671.73 994.771  1223.36 2136.78 2455.49 920.67  1114.17 1962.25 2258.65 836.288  
1441.22 2529.17 2906.76 1082.02  1323.06 2320.84 2671.73 994.771  1222.72 2145.49 2461.22 917.098  1132.69 1980.13 2261.46 848.593  
1441.22 2529.17 2906.76 1082.02  1321.79 2308.03 2661.84 997.215  1225.37 2152.2 2461.6 916.786  1125.63 1975.27 2265.19 844.161  
1441.22 2529.17 2906.76 1082.02  1323.06 2320.84 2671.73 994.771  1225.27 2151.18 2460.81 916.98  1116.17 1955.9 2256.18 841.029  
1441.22 2529.17 2906.76 1082.02  1318.61 2323.7 2670.54 988.111  1217.67 2124.9 2449.34 918.719  1121.51 1957.43 2254.45 845.735  
1441.22 2529.17 2906.76 1082.02  1331.36 2339.37 2670.41 994.384  1225.47 2152.5 2457.24 915.613  1117.19 1967.29 2261.21 837.764  
1441.22 2529.17 2906.76 1082.02  1314.08 2314.56 2667.49 986.875  1218.02 2125.62 2449.59 918.817  1119.14 1971.39 2262.05 838.103  
1441.22 2529.17 2906.76 1082.02  1318.61 2323.7 2670.54 988.111  1223.07 2145.26 2461.31 917.627  1128.41 1979.81 2264.14 844.707  
1441.22 2529.17 2906.76 1082.02  1335.86 2336.46 2671.34 1001.06  1221.71 2144.25 2461.25 916.6  1129.36 1973.66 2261.87 848.243  
11255 19563.8 22323 8446.43  4255 7429.14 8514.96 3203.7  1651.18 2960.8 3365.66 1223.52  631.41 1149.15 1327.18 470.931  
11255 19563.8 22323 8446.43  4255 7429.14 8514.96 3203.7  1650 2965.11 3404.53 1229.82  630.786 1140.16 1290.6 465.425  
11255 19563.8 22323 8446.43  4283.1 7574.91 8686.89 3206.73  1635.16 2895.17 3305.9 1222.96  622.136 1095.25 1260.33 470.207  
11255 19563.8 22323 8446.43  4279.5 7533.6 8654.46 3214.84  1629.01 2888.91 3314.52 1221.34  624.567 1108.84 1254.42 464.569  
11255 19563.8 22323 8446.43  4282.57 7522.92 8555.64 3198.34  1627.13 2895.41 3375.39 1231.55  627.952 1133.25 1303.28 468.89  
11255 19563.8 22323 8446.43  4285.64 7523.25 8581.49 3208.14  1631.07 2907.26 3363.54 1227.08  623.991 1117.96 1278.89 465.805  
11255 19563.8 22323 8446.43  4255 7429.14 8514.96 3203.7  1653.57 2977.13 3388.69 1224.05  629.927 1139.09 1313.01 470.598  
11255 19563.8 22323 8446.43  4286.13 7584.93 8673.67 3201.78  1622.41 2841.37 3280.57 1228.96  629.488 1125.24 1283.87 469.491  
11255 19563.8 22323 8446.43  4264.21 7502.36 8643.97 3210.67  1647.87 2932.01 3309.54 1219.76  627.751 1121.77 1282.33 468.946  
11255 19563.8 22323 8446.43  4288.69 7554.33 8652.99 3214.41  1632.67 2896.13 3318.9 1223.03  621.177 1114.86 1276.05 463.511  
11718.2 20534.3 23608.4 8805.9  4103.54 7175.81 8222.17 3088.43  1509.32 2646.29 2937.84 1113.25  549.999 940.395 1028.77 407.555  
11718.2 20534.3 23608.4 8805.9  4135.79 7272.42 8270.84 3088.49  1506.96 2584.2 2896.29 1130.66  523.407 912.038 1025.58 391.678  
11718.2 20534.3 23608.4 8805.9  4186.46 7272.67 8242.41 3136.89  1451.29 2573.78 2921.36 1080.91  533.88 924.672 1026.33 397.088  
11718.2 20534.3 23608.4 8805.9  4171.48 7242.49 8232.42 3132.81  1454.43 2568.79 2913.91 1084.85  534.158 941.076 1039.03 392.635  
11718.2 20534.3 23608.4 8805.9  4121.59 7243.81 8261.36 3084.63  1514.21 2609.78 2913.76 1130.46  532.287 922.586 1024.16 395.842  
11718.2 20534.3 23608.4 8805.9  4171.48 7242.49 8232.42 3132.81  1453.79 2579.47 2920.63 1080.66  530.963 931.769 1033.09 392.196  
11718.2 20534.3 23608.4 8805.9  4129.53 7224.56 8253.83 3101.04  1480.38 2590.83 2906.79 1100.89  545.201 944.623 1031.92 401.104  
11718.2 20534.3 23608.4 8805.9  4121.59 7243.81 8261.36 3084.63  1511.23 2616.63 2916.63 1124.48  530.546 915.587 1020.66 396.513  
11718.2 20534.3 23608.4 8805.9  4103.54 7175.81 8222.17 3088.43  1522.89 2660.71 2942.08 1122.04  532.796 927.348 1028.38 395.15  
11718.2 20534.3 23608.4 8805.9  4186.46 7272.67 8242.41 3136.89  1451.29 2573.78 2921.36 1080.91  526.602 918.546 1027.75 392.547  
