5 18 3
12629.4 12578 15815.8 10968.8 26896.1  8071.71 8022.2 10098.7 7021.65 17211  5181.78 5162.26 6460.01 4534.92 11017.8  
12629.4 12578 15815.8 10968.8 26896.1  8085.46 8093.06 10136.8 7051.35 17194.1  5199.74 5196.84 6487.7 4556.26 11042.2  
12629.4 12578 15815.8 10968.8 26896.1  8102.7 8055.26 10081.1 7078.3 17217.1  5202.41 5232.7 6499.3 4570.95 11017.1  
12629.4 12578 15815.8 10968.8 26896.1  8066.07 8034.58 10117 7012.83 17203.4  5187.11 5172.96 6473.67 4538.61 11030.1  
12629.4 12578 15815.8 10968.8 26896.1  8102.7 8055.26 10081.1 7078.3 17217.1  5191.5 5233.63 6502.66 4558.6 10997.3  
12629.4 12578 15815.8 10968.8 26896.1  8066.56 7998.84 10067.3 7020.77 17196  5219.16 5244.67 6492.1 4597.47 11029.7  
4573.97 4561.85 5689.05 3995.35 9693.65  3970.25 3939.61 4948.42 3454.86 8449.93  3450.22 3469.2 4310 3021.6 7300.35  
4573.97 4561.85 5689.05 3995.35 9693.65  3970.01 3957.41 4973.27 3450.92 8453.63  3450.68 3434.79 4262.01 3029.24 7293.19  
4573.97 4561.85 5689.05 3995.35 9693.65  3972.83 3951.24 4964.15 3455.3 8457.39  3446.7 3457.13 4267.9 3033.25 7264.64  
4573.97 4561.85 5689.05 3995.35 9693.65  3970.25 3939.61 4948.42 3454.86 8449.93  3457.61 3468.57 4307.74 3029.9 7313.83  
4573.97 4561.85 5689.05 3995.35 9693.65  3968.92 3938.85 4918.79 3468.02 8417.99  3461.63 3447.64 4307.07 3023.98 7346.12  
4573.97 4561.85 5689.05 3995.35 9693.65  3972.6 3980.39 4946.67 3478.21 8404.64  3457.52 3447.24 4285.54 3030.43 7316.33  
33035.3 33001 40973.9 28940.2 69831.9  2022.68 2053.35 2790.27 1746.76 4601.63  133.168 136.812 220.073 106.089 341.946  
33035.3 33001 40973.9 28940.2 69831.9  2033.89 2059.28 2831.22 1742.82 4659.11  121.936 129.855 178.783 109.718 285.463  
33035.3 33001 40973.9 28940.2 69831.9  2028.42 2044.03 2809.12 1739.92 4644.45  127.789 144.876 201.452 112.64 301.872  
33035.3 33001 40973.9 28940.2 69831.9  2032.42 2062.57 2836.52 1740.58 4657  124.249 127.752 177.347 111.743 291.708  
33035.3 33001 40973.9 28940.2 69831.9  2032.42 2062.57 2836.52 1740.58 4657  124.169 127.367 176.776 111.729 291.451  
33035.3 33001 40973.9 28940.2 69831.9  2028.42 2044.03 2809.12 1739.92 4644.45  127.394 145.141 200.709 112.636 300.003  
