4 50 5
8704.54 2759 5494.16 5972.15  6664.45 2120.26 4225.2 4597.11  5175.8 1636.5 3259.84 3545.8  3991.07 1255.37 2501.3 2718.43  3060.73 969.277 1930.79 2104.45  
14326.1 4554.26 9036.33 9873.13  8897.89 2822.5 5644.56 6115.84  5572.27 1752.49 3530.77 3789.55  3458.73 1085.68 2162.51 2356.04  2179.07 676.897 1370.54 1462.51  
36028.6 11369.7 22659.3 24578.8  1867.76 595.835 1262.48 1340.16  98.004 32.3095 73.4579 75.7354  5.29393 1.98211 4.49287 4.98965  0.289637 0.117573 0.28701 0.310462  
3786.07 1199.45 2391.77 2595.29  3406.64 1079.01 2155.68 2334.37  3069.05 968.484 1943.75 2091.85  2767.18 874.567 1745.36 1892.59  2479.61 783.708 1574.23 1694.2  
8704.54 2759 5494.16 5972.15  6700.01 2123.78 4224.34 4602.16  5170.61 1633.58 3252.95 3538.99  3963.96 1258.17 2517.99 2728.42  3072.51 969.458 1951.63 2098.3  
36028.6 11369.7 22659.3 24578.8  1861.58 595.844 1256.76 1342.55  103.847 32.3024 78.8322 73.5093  5.60552 1.98052 4.81844 4.84399  0.306524 0.117432 0.306176 0.301947  
8704.54 2759 5494.16 5972.15  6663.59 2115.29 4184.73 4590.56  5192.85 1637.53 3283.47 3540.75  3980.55 1259.16 2531.15 2725.68  3089.75 970.622 1946.17 2100.16  
33602.1 10655.8 21125.3 23089.6  3860.21 1192.08 2522.82 2585.93  468.82 134.027 304.72 286.673  60.9353 16.0516 41.4445 33.4109  6.98756 1.82098 4.99252 3.82085  
7949.93 2502.77 5032.74 5396.85  6241.11 1959.23 3959.97 4220.04  4944.83 1555.05 3133.2 3355.66  3933.67 1249.81 2490.22 2712.71  3122.25 984.792 1965.35 2134.23  
13602.6 4296.58 8631.88 9274.81  8745.19 2770.56 5519.37 6005.36  5595.28 1766.5 3540.8 3826.61  3571.04 1124.41 2261.04 2436.12  2307.88 729.149 1452.18 1586.84  
8704.54 2759 5494.16 5972.15  6659.7 2118.08 4194.07 4598.01  5175.59 1630.47 3248.23 3529.24  4008.19 1258.65 2540.71 2716.99  3086.53 972.955 1954.06 2106.38  
36028.6 11369.7 22659.3 24578.8  1869.25 596.521 1271.73 1340.19  96.5855 32.0125 65.3988 76.778  5.22279 1.63023 3.40092 4.03615  0.289816 0.0826303 0.194381 0.205127  
13640.2 4309.46 8573.89 9322.17  8717.96 2755.4 5480.07 5970.8  5597.9 1768.18 3533.27 3833.18  3598.45 1130.06 2277.29 2445.67  2309.23 726.818 1468.58 1575.5  
7949.93 2502.77 5032.74 5396.85  6295.4 1992.73 3970.57 4314.68  4970.34 1559.49 3134.47 3365.12  3927.7 1247.25 2485.14 2706.83  3098.02 981.344 1966.55 2127.4  
3786.07 1199.45 2391.77 2595.29  3406.64 1079.01 2155.68 2334.37  3057.37 969.752 1939.51 2098.93  2737.27 872.041 1727.08 1894  2494.66 784.223 1564.8 1695.28  
7172.57 2276.68 4516.2 4933.88  5831.96 1845.65 3693.11 3992.13  4721.21 1489.63 2960.61 3226.12  3845.02 1211.17 2424.86 2619.69  3103.18 978.919 1950.88 2121.55  
24272.7 7627.46 15301.6 16447.7  8762.32 2785.07 5518.32 6068.84  3150.05 996.927 2017.84 2170.83  1157.11 376.517 743.271 834.052  419.382 136.458 267.946 304.104  
3786.07 1199.45 2391.77 2595.29  3414.86 1076.11 2157.51 2323.24  3072.53 971.624 1938.94 2102.31  2742.41 873.152 1738.37 1894.08  2485.76 786.339 1562.08 1704.22  
8704.54 2759 5494.16 5972.15  6686.86 2120.18 4243.77 4588.69  5192.9 1629.76 3268.41 3519.41  4000.16 1256.75 2519.4 2717.15  3043.63 970.401 1922.12 2113.1  
8704.54 2759 5494.16 5972.15  6659.7 2118.08 4194.07 4598.01  5149.4 1634.29 3267.61 3541.7  3999.17 1261.41 2521.04 2731.75  3093.85 967.636 1943.18 2090.6  
3786.07 1199.45 2391.77 2595.29  3406.64 1079.01 2155.68 2334.37  3069.05 968.484 1943.75 2091.85  2767.18 874.567 1745.36 1892.59  2479.61 783.708 1574.23 1694.2  
7949.93 2502.77 5032.74 5396.85  6224.42 1967.34 3965.89 4247.5  4981.82 1579.75 3142.8 3425.73  3949.63 1244.96 2486.48 2695.29  3108.92 978.864 1964.36 2117.99  
3786.07 1199.45 2391.77 2595.29  3406.64 1079.01 2155.68 2334.37  3069.05 968.484 1943.75 2091.85  2767.18 874.567 1745.36 1892.59  2479.61 783.708 1574.23 1694.2  
13602.6 4296.58 8631.88 9274.81  8629.9 2739.12 5496.89 5930.77  5668.54 1778.4 3540.8 3851.42  3585.95 1131.35 2269.09 2453.71  2340.17 736.935 1459.84 1604.24  
13602.6 4296.58 8631.88 9274.81  8762.02 2770.89 5515.09 6004.4  5594.82 1759.14 3540.29 3803.32  3587.17 1139.6 2265.88 2480.7  2296.34 726.237 1452.17 1579.62  
7949.93 2502.77 5032.74 5396.85  6224.42 1967.34 3965.89 4247.5  4981.82 1579.75 3142.8 3425.73  3949.63 1244.96 2486.48 2695.29  3108.92 978.864 1964.36 2117.99  
36028.6 11369.7 22659.3 24578.8  1861.58 595.844 1256.76 1342.55  103.847 32.3024 78.8322 73.5093  5.60552 1.98052 4.81844 4.84399  0.306524 0.117432 0.306176 0.301947  
3786.07 1199.45 2391.77 2595.29  3414.86 1076.11 2157.51 2323.24  3038.04 968.958 1918.17 2104.66  2770.8 872.347 1750.57 1883.71  2470 785.586 1555.11 1706.19  
3786.07 1199.45 2391.77 2595.29  3414.86 1076.11 2157.51 2323.24  3072.53 971.624 1938.94 2102.31  2742.41 873.152 1738.37 1894.08  2485.76 786.339 1562.08 1704.22  
8704.54 2759 5494.16 5972.15  6663.59 2115.29 4184.73 4590.56  5192.85 1637.53 3283.47 3540.75  3980.54 1261.14 2521.55 2734.13  3087.27 967.588 1941.58 2091.97  
13602.6 4296.58 8631.88 9274.81  8629.9 2739.12 5496.89 5930.77  5665.42 1780.62 3548.19 3857.37  3629.77 1141.94 2272.8 2478.94  2308.59 727.101 1454.48 1579.62  
36028.6 11369.7 22659.3 24578.8  1861.58 595.844 1256.76 1342.55  103.847 32.3024 78.8322 73.5093  5.60552 1.98052 4.81844 4.84399  0.306524 0.117432 0.306176 0.301947  
13640.2 4309.46 8573.89 9322.17  8753.4 2762.75 5524.11 5977.99  5607.59 1767.51 3559.25 3823.57  3590.94 1136.74 2276.19 2468.59  2302.59 726.933 1456.24 1579.88  
24272.7 7627.46 15301.6 16447.7  8702.58 2738.95 5501.04 5935.64  3209.59 1041.66 2043.17 2297.62  1156.48 373.894 732.714 828.083  419.952 138.08 268.474 309.131  
36028.6 11369.7 22659.3 24578.8  1861.58 595.844 1256.76 1342.55  104.082 32.6134 79.3453 74.4026  5.40083 1.69705 4.39175 4.02538  0.27924 0.0911038 0.225234 0.230284  
7172.57 2276.68 4516.2 4933.88  5812.81 1845.77 3677 3999.53  4656.04 1483.43 2929.72 3224.91  3851.44 1213.71 2440.81 2623.06  3130.57 982.202 1972.43 2122.3  
7949.93 2502.77 5032.74 5396.85  6298.46 1987.12 3977.01 4294.8  4966.34 1575.6 3140.47 3415.82  3910.75 1222.91 2467.18 2636.29  3110.19 988.481 1965.66 2148.19  
3786.07 1199.45 2391.77 2595.29  3395.47 1079.08 2146.28 2338.7  3075.96 968.592 1943.21 2091.09  2762.29 874.444 1747.71 1892.55  2488.55 784.869 1575.88 1695.93  
36028.6 11369.7 22659.3 24578.8  1863.11 597.477 1261.27 1346.67  102.574 31.107 75.2455 70.619  5.38112 1.57507 3.99441 3.69641  0.274781 0.0866766 0.21379 0.217971  
33602.1 10655.8 21125.3 23089.6  3860.21 1192.08 2522.82 2585.93  474.575 134.211 307.495 285.843  55.0446 15.8009 38.4645 34.0896  7.10611 1.87921 5.17001 3.95317  
33602.1 10655.8 21125.3 23089.6  3860.21 1192.08 2522.82 2585.93  474.575 134.211 307.495 285.843  55.0446 15.8009 38.4645 34.0896  7.10611 1.87921 5.17001 3.95317  
33602.1 10655.8 21125.3 23089.6  3891.66 1195.43 2539.08 2587.8  445.448 131.799 293.644 286.076  53.4757 15.0787 36.8345 32.4093  6.46155 1.69821 4.51713 3.6015  
7172.57 2276.68 4516.2 4933.88  5831.96 1845.65 3693.11 3992.13  4721.21 1489.63 2960.61 3226.12  3845.02 1211.17 2424.86 2619.69  3103.18 978.919 1950.88 2121.55  
3786.07 1199.45 2391.77 2595.29  3384.07 1077.43 2145.02 2335.75  3047.18 968.948 1917.84 2103.06  2758.81 870.817 1752.19 1880.62  2483.41 787.626 1568.68 1707.23  
33602.1 10655.8 21125.3 23089.6  3890.66 1190.65 2524.54 2575.78  448.715 136.032 307.516 296.094  51.0539 15.4615 36.9582 34.0044  6.67307 1.85666 5.06871 3.97217  
13602.6 4296.58 8631.88 9274.81  8762.02 2770.89 5515.09 6004.4  5594.82 1759.14 3540.29 3803.32  3587.17 1139.6 2265.88 2480.7  2296.34 726.237 1452.17 1579.62  
8704.54 2759 5494.16 5972.15  6686.86 2120.18 4243.77 4588.69  5192.9 1629.76 3268.41 3519.41  4000.16 1256.75 2519.4 2717.15  3043.63 970.401 1922.12 2113.1  
3786.07 1199.45 2391.77 2595.29  3384.07 1077.43 2145.02 2335.75  3061.39 967.202 1943.71 2089.15  2770.19 874.853 1746.43 1892.73  2490.35 785.132 1576.09 1696.4  
8704.54 2759 5494.16 5972.15  6712.42 2117.41 4253.05 4573.22  5136.78 1630.61 3222.99 3542.34  4002.04 1257.37 2514.68 2719.83  3050.1 970.7 1931.37 2110.77  
33602.1 10655.8 21125.3 23089.6  3893.86 1193.88 2533.56 2583.64  442.128 132.24 295.87 287.537  53.9954 15.9516 39.2274 34.6217  6.98799 1.90518 5.29853 4.03505  
