4 150 5
14326.1 4554.26 9036.33 9873.13  8927.85 2822.39 5669.38 6104.64  5571.9 1755.51 3505.25 3804.94  3448.09 1087.13 2183.7 2357.8  2163.07 673.451 1351.92 1458.51  
14326.1 4554.26 9036.33 9873.13  8943.14 2815.9 5611.1 6094.33  5569.26 1755.7 3519.56 3802.77  3433.92 1088.26 2185.83 2363.39  2159.92 678.023 1376.56 1468.11  
14326.1 4554.26 9036.33 9873.13  8873.68 2819.24 5607.5 6118.06  5581.4 1753.73 3544.81 3788.72  3424.66 1081.81 2155.94 2351.1  2189.3 680.039 1378.58 1468.86  
14326.1 4554.26 9036.33 9873.13  8812.92 2804.23 5546.87 6094.68  5570.17 1757.45 3528.79 3805.92  3509.62 1090.73 2207.86 2352.9  2166.83 679.025 1379.05 1469.45  
14326.1 4554.26 9036.33 9873.13  8897.89 2822.5 5644.56 6115.84  5489.17 1740.99 3457.31 3784.02  3456.95 1085.52 2172.81 2353.32  2191.09 681.097 1391.5 1469.03  
14326.1 4554.26 9036.33 9873.13  8843.23 2814.83 5604.11 6110.2  5539.79 1750.69 3505.23 3795.14  3470.41 1088.85 2192.45 2357.22  2199.23 680.193 1381.01 1467.08  
14326.1 4554.26 9036.33 9873.13  8873.68 2819.24 5607.5 6118.06  5610.57 1756.59 3544.12 3792.82  3453.4 1085.37 2171.37 2353.95  2130.87 672.013 1350.63 1459.79  
14326.1 4554.26 9036.33 9873.13  8950.47 2823.54 5631.15 6112.81  5533.8 1752.17 3520.37 3797.67  3471.46 1085.42 2179.42 2349.17  2167.68 677.583 1376.07 1465.47  
14326.1 4554.26 9036.33 9873.13  8979.52 2823.42 5656.2 6101.66  5518.93 1750.41 3485.05 3802.63  3460.17 1090.35 2197.59 2362.79  2127.48 670.979 1343.63 1458.69  
14326.1 4554.26 9036.33 9873.13  8891.5 2819.59 5602.95 6117.04  5491.47 1742.08 3472.73 3783.57  3509.67 1090.73 2207.84 2352.89  2187.38 680.813 1395.1 1468.05  
14326.1 4554.26 9036.33 9873.13  8943.14 2815.9 5611.1 6094.33  5566.09 1757.97 3527.22 3808.84  3423.32 1085.7 2181.64 2358.06  2137.16 672.71 1350.62 1460.9  
14326.1 4554.26 9036.33 9873.13  8927.84 2826.83 5647.88 6123.57  5579.32 1753.49 3531.55 3791.34  3463.69 1088.01 2181.45 2358.37  2163.16 673.99 1361.83 1458.02  
14326.1 4554.26 9036.33 9873.13  8897.89 2822.5 5644.56 6115.84  5572.27 1752.49 3530.77 3789.55  3458.73 1085.68 2162.51 2356.04  2179.07 676.897 1370.54 1462.51  
14326.1 4554.26 9036.33 9873.13  8950.47 2823.54 5631.15 6112.81  5552.42 1754.86 3522.44 3802.46  3465.29 1088.74 2191.19 2358.23  2157.13 674.473 1361.84 1460.6  
14326.1 4554.26 9036.33 9873.13  8843.23 2814.83 5604.11 6110.2  5539.79 1750.69 3505.23 3795.14  3503.73 1091.78 2218.04 2355.08  2187.92 678.208 1368.39 1465.57  
3786.07 1199.45 2391.77 2595.29  3406.64 1079.01 2155.68 2334.37  3069.05 968.484 1943.75 2091.85  2767.18 874.567 1745.36 1892.59  2479.61 783.708 1574.23 1694.2  
3786.07 1199.45 2391.77 2595.29  3414.86 1076.11 2157.51 2323.24  3072.53 971.624 1938.94 2102.31  2742.41 873.152 1738.37 1894.08  2485.76 786.339 1562.08 1704.22  
3786.07 1199.45 2391.77 2595.29  3402.13 1079.21 2144.58 2338.31  3057.81 969.732 1940.62 2098.54  2764.88 871.857 1750.95 1883.12  2471.65 786.057 1565.67 1705.02  
3786.07 1199.45 2391.77 2595.29  3402.13 1079.21 2144.58 2338.31  3039.29 968.649 1919.44 2103.15  2757.8 870.669 1752.07 1880.35  2482.5 786.254 1574.55 1701.72  
3786.07 1199.45 2391.77 2595.29  3404.07 1077.82 2139.92 2334.59  3057.62 969.87 1941.08 2098.91  2754.19 874.497 1740.92 1895.68  2495.21 786.174 1570.31 1700.16  
3786.07 1199.45 2391.77 2595.29  3404.07 1077.82 2139.92 2334.59  3076.79 967.508 1939.79 2088.26  2768.01 872.32 1750.16 1884.21  2485.74 787.53 1574.08 1705.31  
3786.07 1199.45 2391.77 2595.29  3395.45 1077.39 2154.44 2331.47  3074.46 971.496 1939.25 2101.49  2744.14 873.037 1738.64 1893.34  2481.03 785.916 1572.93 1701.27  
3786.07 1199.45 2391.77 2595.29  3395.47 1079.08 2146.28 2338.7  3075.96 968.592 1943.21 2091.09  2762.29 874.444 1747.71 1892.55  2488.55 784.869 1575.88 1695.93  
3786.07 1199.45 2391.77 2595.29  3384.07 1077.43 2145.02 2335.75  3061.39 967.202 1943.71 2089.15  2770.19 874.853 1746.43 1892.73  2490.35 785.132 1576.09 1696.4  
3786.07 1199.45 2391.77 2595.29  3384.07 1077.43 2145.02 2335.75  3061.39 967.202 1943.71 2089.15  2770.19 874.853 1746.43 1892.73  2496.42 784.245 1571.6 1693.5  
3786.07 1199.45 2391.77 2595.29  3395.47 1079.08 2146.28 2338.7  3074.46 971.327 1940.06 2100.77  2753.37 874.226 1740.39 1895.09  2489.59 784.618 1576.93 1694.72  
3786.07 1199.45 2391.77 2595.29  3406.64 1079.01 2155.68 2334.37  3057.37 969.752 1939.51 2098.93  2737.27 872.041 1727.08 1894  2494.66 784.223 1564.8 1695.28  
3786.07 1199.45 2391.77 2595.29  3384.07 1077.43 2145.02 2335.75  3047.18 968.948 1917.84 2103.06  2758.81 870.817 1752.19 1880.62  2483.41 787.626 1568.68 1707.23  
3786.07 1199.45 2391.77 2595.29  3414.86 1076.11 2157.51 2323.24  3038.04 968.958 1918.17 2104.66  2770.8 872.347 1750.57 1883.71  2470 785.586 1555.11 1706.19  
3786.07 1199.45 2391.77 2595.29  3416.73 1074.76 2153.01 2319.64  3074.06 970.527 1935.27 2099.37  2761.8 872.221 1750.64 1884.89  2462.21 785.478 1555.12 1707.25  
13602.6 4296.58 8631.88 9274.81  8702.41 2743.32 5518.84 5926.24  5581.16 1776.06 3528.46 3862.36  3627.13 1141.93 2273.73 2479.16  2325.13 734.453 1453.49 1600.48  
13602.6 4296.58 8631.88 9274.81  8762.02 2770.89 5515.09 6004.4  5594.82 1759.14 3540.29 3803.32  3587.17 1139.6 2265.88 2480.7  2296.34 726.237 1452.17 1579.62  
13602.6 4296.58 8631.88 9274.81  8702.41 2743.32 5518.84 5926.24  5573 1761.39 3530.39 3816.45  3599.38 1145.36 2263.71 2497.34  2339.19 736.417 1458.73 1603  
13602.6 4296.58 8631.88 9274.81  8629.9 2739.12 5496.89 5930.77  5668.54 1778.4 3540.8 3851.42  3585.95 1131.35 2269.09 2453.71  2340.17 736.935 1459.84 1604.24  
13602.6 4296.58 8631.88 9274.81  8745.19 2770.56 5519.37 6005.36  5595.28 1766.5 3540.8 3826.61  3571.04 1124.41 2261.04 2436.12  2307.88 729.149 1452.18 1586.84  
13602.6 4296.58 8631.88 9274.81  8681.54 2750.78 5514.66 5954.7  5644.15 1781.45 3536.07 3866.64  3562.55 1127.59 2259.61 2448.09  2338.79 733.01 1458.56 1592.26  
13602.6 4296.58 8631.88 9274.81  8745.19 2770.56 5519.37 6005.36  5610.49 1774.12 3537.11 3849.07  3551.96 1123.16 2257.55 2436.36  2326.54 726.057 1455.59 1572.9  
13602.6 4296.58 8631.88 9274.81  8663.19 2735.58 5508.58 5910.88  5565.47 1766.42 3526.57 3834.72  3646.81 1148.16 2278.1 2494.52  2326.26 731.2 1456.14 1589.16  
13602.6 4296.58 8631.88 9274.81  8746.37 2747.67 5517.78 5932.52  5626.66 1775.32 3533.29 3850.78  3601.85 1140.76 2270.65 2480.67  2308.94 730.676 1451.43 1591.74  
13602.6 4296.58 8631.88 9274.81  8629.9 2739.12 5496.89 5930.77  5665.42 1780.62 3548.19 3857.37  3629.77 1141.94 2272.8 2478.94  2308.59 727.101 1454.48 1579.62  
13602.6 4296.58 8631.88 9274.81  8771.08 2759.64 5512.51 5967.49  5617.79 1771.03 3535.18 3838.3  3577.79 1136.19 2272.31 2470  2293.77 725.252 1453.72 1576.55  
13602.6 4296.58 8631.88 9274.81  8771.08 2759.64 5512.51 5967.49  5556.76 1770.22 3530.73 3847.63  3611.27 1138.17 2275.19 2469.69  2307.33 730.931 1453.58 1592.37  
13602.6 4296.58 8631.88 9274.81  8629.9 2739.12 5496.89 5930.77  5610.64 1772.68 3542.16 3843.11  3614.15 1139.68 2271.1 2474.84  2328.1 732.718 1456.14 1593.72  
13602.6 4296.58 8631.88 9274.81  8730.14 2747.35 5521.91 5933.45  5574.98 1769.74 3533.2 3842.18  3599.78 1134.71 2267.06 2462.41  2328.39 735.798 1455.42 1603.72  
13602.6 4296.58 8631.88 9274.81  8749.73 2762.76 5528.24 5977.68  5556.24 1754.49 3527.03 3798.28  3607.4 1140.99 2269.58 2480.62  2305.71 732.315 1448.48 1598.23  
8704.54 2759 5494.16 5972.15  6728.78 2115.02 4240.95 4565.41  5119.78 1633.1 3235.55 3550.47  3989.18 1257.34 2503.25 2724.6  3079.57 972.161 1942.02 2107.78  
8704.54 2759 5494.16 5972.15  6659.7 2118.08 4194.07 4598.01  5175.59 1630.47 3248.23 3529.24  4008.19 1258.65 2540.71 2716.99  3086.53 972.955 1954.06 2106.38  
8704.54 2759 5494.16 5972.15  6646.35 2117.81 4197.47 4598.78  5179.93 1637.06 3266.17 3545.41  3997.52 1259.2 2515.12 2726.37  3080.22 967.562 1935.32 2094.53  
8704.54 2759 5494.16 5972.15  6720.18 2115.31 4219.14 4572.79  5121.71 1633.04 3240.49 3548.78  4008.87 1257.12 2531.44 2714.07  3080.57 970.496 1956.88 2098.98  
8704.54 2759 5494.16 5972.15  6698.35 2115.31 4200.14 4580.94  5170.99 1635.52 3258.47 3543.86  3953.46 1258.21 2505.7 2733.17  3056.51 969.862 1937.35 2105.58  
8704.54 2759 5494.16 5972.15  6659.7 2118.08 4194.07 4598.01  5149.4 1634.29 3267.61 3541.7  3999.17 1261.41 2521.04 2731.75  3093.85 967.636 1943.18 2090.6  
8704.54 2759 5494.16 5972.15  6712.42 2117.41 4253.05 4573.22  5136.78 1630.61 3222.99 3542.34  4002.04 1257.37 2514.68 2719.83  3050.1 970.7 1931.37 2110.77  
8704.54 2759 5494.16 5972.15  6686.86 2120.18 4243.77 4588.69  5160.53 1633.74 3270.58 3537.34  4005.39 1257.41 2524.17 2717.26  3068.36 970.42 1941.73 2104.32  
8704.54 2759 5494.16 5972.15  6686.86 2120.18 4243.77 4588.69  5192.9 1629.76 3268.41 3519.41  4000.16 1256.75 2519.4 2717.15  3043.63 970.401 1922.12 2113.1  
8704.54 2759 5494.16 5972.15  6663.59 2115.29 4184.73 4590.56  5192.85 1637.53 3283.47 3540.75  3980.55 1259.16 2531.15 2725.68  3089.75 970.622 1946.17 2100.16  
8704.54 2759 5494.16 5972.15  6663.59 2115.29 4184.73 4590.56  5192.85 1637.53 3283.47 3540.75  3980.54 1261.14 2521.55 2734.13  3087.27 967.588 1941.58 2091.97  
8704.54 2759 5494.16 5972.15  6700.01 2123.78 4224.34 4602.16  5170.61 1633.58 3252.95 3538.99  3963.96 1258.17 2517.99 2728.42  3072.51 969.458 1951.63 2098.3  
8704.54 2759 5494.16 5972.15  6664.45 2120.26 4225.2 4597.11  5175.8 1636.5 3259.84 3545.8  3991.07 1255.37 2501.3 2718.43  3060.73 969.277 1930.79 2104.45  
8704.54 2759 5494.16 5972.15  6712.42 2117.41 4253.05 4573.22  5181.65 1637.04 3267.81 3544.72  3985.06 1260.69 2520.53 2732.14  3072.44 971.011 1942.19 2105.38  
8704.54 2759 5494.16 5972.15  6708.9 2123.38 4246.21 4594.4  5184.99 1631.07 3274.68 3523.56  3958.69 1258.84 2508.05 2733.74  3074.44 971.619 1935.02 2108.57  
24272.7 7627.46 15301.6 16447.7  8704.58 2749.35 5530.51 5961.88  3207.57 1031.02 2013.19 2270.72  1158.91 378.668 736.7 842.283  419.397 135.97 266.562 302.842  
24272.7 7627.46 15301.6 16447.7  8747.93 2766.27 5501.51 6014.99  3157.41 1009.97 2032.59 2207.75  1161.58 380.19 744.587 844.805  421.006 137.789 268.421 308.026  
24272.7 7627.46 15301.6 16447.7  8752.08 2787.85 5562.68 6069.44  3170.75 1004.84 2001.52 2196.25  1151.82 369.327 719.562 817.437  415.92 133.487 264.677 295.869  
24272.7 7627.46 15301.6 16447.7  8702.58 2738.95 5501.04 5935.64  3208.14 1044.61 2039.89 2308.26  1157.62 372.607 732.063 823.89  417.715 135.53 269.031 301.077  
24272.7 7627.46 15301.6 16447.7  8753.4 2769.18 5540.72 6014.33  3169.87 1016.67 2015.51 2231  1143.84 368.887 726.188 815.723  419.915 138.089 265.723 309.836  
24272.7 7627.46 15301.6 16447.7  8762.32 2785.07 5518.32 6068.84  3150.05 996.927 2017.84 2170.83  1157.11 376.517 743.271 834.052  419.382 136.458 267.946 304.104  
24272.7 7627.46 15301.6 16447.7  8702.58 2738.95 5501.04 5935.64  3209.59 1041.66 2043.17 2297.62  1156.48 373.894 732.714 828.083  419.952 138.08 268.474 309.131  
24272.7 7627.46 15301.6 16447.7  8752.08 2787.85 5562.68 6069.44  3178.29 1012.05 1996.3 2219.38  1139.17 358.691 720.612 785.11  420.043 135.89 266.168 302.549  
24272.7 7627.46 15301.6 16447.7  8753.4 2769.18 5540.72 6014.33  3177.46 1023.97 2010.28 2254.49  1142.22 364.526 725.003 802.291  417.144 136.07 269.066 302.979  
24272.7 7627.46 15301.6 16447.7  8728.36 2751.1 5496.23 5971.06  3178.44 1020.14 2023.3 2238.56  1160.66 383.378 753.91 853.147  418.262 136.499 268.753 304.195  
24272.7 7627.46 15301.6 16447.7  8732.43 2772.29 5556.28 6024.53  3192.29 1019.13 2003.68 2237.68  1148.76 368.483 726.659 813.52  416.556 134.314 261.418 299.196  
24272.7 7627.46 15301.6 16447.7  8702.58 2738.95 5501.04 5935.64  3185.27 1023.25 2022 2247.31  1174.67 387.667 746.933 866.026  424.434 142.392 273.348 321.254  
24272.7 7627.46 15301.6 16447.7  8704.58 2749.35 5530.51 5961.88  3200.92 1029.25 2022.02 2264.07  1160.94 375.745 724.732 835.203  421.131 138.355 268.816 309.726  
24272.7 7627.46 15301.6 16447.7  8709.23 2745.99 5519.33 5952.82  3203.14 1036.01 2016.84 2286.85  1158.5 376.134 737.339 833.953  418.508 136.702 271.74 304.17  
24272.7 7627.46 15301.6 16447.7  8762.32 2785.07 5518.32 6068.84  3171.73 1013.82 2024.52 2219.75  1144.63 365.375 733.095 802.872  413.597 131.897 269.114 290.171  
36028.6 11369.7 22659.3 24578.8  1857.47 593.367 1250.5 1336.49  107.66 34.7215 84.54 79.5129  5.90556 2.04377 5.35719 4.90995  0.311609 0.111799 0.314195 0.280491  
36028.6 11369.7 22659.3 24578.8  1862.06 598.266 1264.03 1348.87  103.617 30.1537 72.3536 67.9057  5.39084 1.73051 4.11486 4.17834  0.275995 0.0949157 0.218966 0.245224  
36028.6 11369.7 22659.3 24578.8  1869.25 596.521 1271.73 1340.19  96.5855 32.0125 65.3988 76.778  5.22279 1.63023 3.40092 4.03615  0.289816 0.0826303 0.194381 0.205127  
36028.6 11369.7 22659.3 24578.8  1863.11 597.477 1261.27 1346.67  102.574 31.107 75.2455 70.619  5.38112 1.57507 3.99441 3.69641  0.274781 0.0866766 0.21379 0.217971  
36028.6 11369.7 22659.3 24578.8  1870.26 595.759 1269.06 1338.06  95.4743 32.6062 67.1847 78.5482  5.3315 1.7871 4.24308 4.35828  0.275596 0.09326 0.232964 0.237115  
36028.6 11369.7 22659.3 24578.8  1867.76 595.835 1262.48 1340.16  98.2137 32.4414 73.8118 76.0729  5.10683 1.86582 4.182 4.69456  0.268621 0.102317 0.24461 0.268865  
36028.6 11369.7 22659.3 24578.8  1867.76 595.835 1262.48 1340.16  98.004 32.3095 73.4579 75.7354  5.29393 1.98211 4.49287 4.98965  0.289637 0.117573 0.28701 0.310462  
36028.6 11369.7 22659.3 24578.8  1863.11 597.477 1261.27 1346.67  102.323 30.8548 74.4573 69.9719  5.578 1.80588 4.66981 4.29901  0.32587 0.105781 0.317583 0.256392  
36028.6 11369.7 22659.3 24578.8  1863.71 593.4 1256.33 1334.22  102.05 34.7357 79.6085 81.6522  5.30947 1.99326 4.52005 5.0188  0.276437 0.114691 0.257018 0.309056  
36028.6 11369.7 22659.3 24578.8  1861.58 595.844 1256.76 1342.55  104.082 32.6134 79.3453 74.4026  5.40083 1.69705 4.39175 4.02538  0.27924 0.0911038 0.225234 0.230284  
36028.6 11369.7 22659.3 24578.8  1863.11 597.477 1261.27 1346.67  102.63 31.0661 75.0844 70.5025  5.31257 1.60278 4.11278 3.77742  0.28567 0.0983747 0.250197 0.249526  
36028.6 11369.7 22659.3 24578.8  1861.58 595.844 1256.76 1342.55  103.847 32.3024 78.8322 73.5093  5.60552 1.98052 4.81844 4.84399  0.306524 0.117432 0.306176 0.301947  
36028.6 11369.7 22659.3 24578.8  1864.81 591.789 1258.67 1328.23  101.034 36.4555 77.5471 87.9398  5.23203 1.89847 4.28859 4.75841  0.271081 0.101989 0.220069 0.272321  
36028.6 11369.7 22659.3 24578.8  1863.71 593.4 1256.33 1334.22  101.673 34.98 79.5692 82.5679  5.64804 1.77333 4.54446 4.1994  0.313061 0.0923329 0.271533 0.220471  
36028.6 11369.7 22659.3 24578.8  1857.47 593.367 1250.5 1336.49  107.986 34.9609 85.2551 80.1226  5.59725 1.81761 4.68408 4.33558  0.295356 0.0997287 0.276148 0.248513  
13640.2 4309.46 8573.89 9322.17  8753.4 2762.75 5524.11 5977.99  5607.59 1767.51 3559.25 3823.57  3590.94 1136.74 2276.19 2468.59  2302.59 726.933 1456.24 1579.88  
13640.2 4309.46 8573.89 9322.17  8746.38 2755.4 5504.85 5960.19  5589.15 1775.26 3544.79 3854.78  3599.2 1132.13 2275.45 2452.58  2308.76 728.442 1468.57 1580.81  
13640.2 4309.46 8573.89 9322.17  8727.46 2744.22 5478.12 5933.96  5612.78 1772.18 3549.96 3839.53  3599.3 1134.1 2287.1 2456.17  2306.89 731.722 1477.66 1589.54  
13640.2 4309.46 8573.89 9322.17  8727.46 2744.22 5478.12 5933.96  5619.99 1771.94 3568.32 3833.35  3594.93 1137.32 2276.6 2469.6  2305.87 730.653 1474.84 1586.95  
13640.2 4309.46 8573.89 9322.17  8717.96 2755.4 5480.07 5970.8  5597.9 1768.18 3533.27 3833.18  3597.44 1137.75 2286.23 2468.34  2307.04 727.031 1465.91 1577.18  
13640.2 4309.46 8573.89 9322.17  8717.96 2755.4 5480.07 5970.8  5597.9 1768.18 3533.27 3833.18  3598.45 1130.06 2277.29 2445.67  2309.23 726.818 1468.58 1575.5  
13640.2 4309.46 8573.89 9322.17  8757.6 2755.02 5533.31 5950.58  5603.33 1775.28 3550.18 3851.11  3559.85 1132.26 2244.91 2466.88  2313.63 727.399 1472.91 1575.64  
13640.2 4309.46 8573.89 9322.17  8717.96 2755.4 5480.07 5970.8  5606.78 1774.94 3572.05 3844.49  3595.28 1127.65 2263.52 2441.67  2306.55 730.202 1465.44 1587.5  
13640.2 4309.46 8573.89 9322.17  8725.1 2762.87 5499.66 5988.92  5561.62 1760.63 3500.54 3822.94  3596.95 1130.01 2271.42 2447.06  2326.99 730.645 1493.32 1579.09  
13640.2 4309.46 8573.89 9322.17  8752.8 2758.47 5544.88 5959.81  5608.19 1771.79 3538.48 3841.76  3570.51 1127.6 2242.04 2450.75  2308.07 728.272 1463.34 1581.54  
13640.2 4309.46 8573.89 9322.17  8752.8 2758.47 5544.88 5959.81  5551.86 1762.2 3484.62 3833.37  3602.47 1131.1 2271.55 2449.54  2317.39 733.334 1480.33 1592.22  
13640.2 4309.46 8573.89 9322.17  8752.8 2758.47 5544.88 5959.81  5551.86 1762.2 3484.62 3833.37  3599.42 1140.26 2285.45 2476.18  2320.91 727.073 1474.67 1572.92  
13640.2 4309.46 8573.89 9322.17  8727.46 2744.22 5478.12 5933.96  5619.99 1771.94 3568.32 3833.35  3577.12 1141.75 2281.22 2485.9  2304.93 730.231 1461.15 1588.84  
13640.2 4309.46 8573.89 9322.17  8698.71 2744.02 5452.86 5944.13  5627.26 1774.23 3584.86 3835.68  3603.52 1141.06 2292.56 2476.41  2289.33 727.753 1449.67 1586.29  
13640.2 4309.46 8573.89 9322.17  8698.71 2744.02 5452.86 5944.13  5627.61 1776.98 3571.42 3847.37  3591.67 1140.14 2287.31 2476.78  2291.46 725.087 1450.96 1577.08  
33602.1 10655.8 21125.3 23089.6  3903.64 1190.65 2536.07 2571.21  434.951 136.034 296.301 300.779  52.6739 15.5429 37.3805 33.8943  5.9245 1.77663 4.40627 3.95289  
33602.1 10655.8 21125.3 23089.6  3835.74 1184.13 2489.74 2571.69  498.964 141.808 339.629 299.191  55.9383 16.2674 40.0697 35.1045  6.47435 1.80073 4.70529 3.88455  
33602.1 10655.8 21125.3 23089.6  3903.64 1190.65 2536.07 2571.21  437.263 136.03 297.405 300.138  50.3664 15.6085 36.4783 34.6935  5.9004 1.72228 4.20823 3.81977  
33602.1 10655.8 21125.3 23089.6  3904.62 1195.35 2550.35 2583.03  437.861 131.869 286.165 289.181  49.2578 15.1084 33.8351 33.8023  5.49961 1.69322 3.89139 3.85698  
33602.1 10655.8 21125.3 23089.6  3903.64 1190.65 2536.07 2571.21  436.527 136.568 299.363 301.618  50.7861 15.0293 34.2648 33.1812  6.12676 1.74678 4.3771 3.82726  
33602.1 10655.8 21125.3 23089.6  3903.64 1190.65 2536.07 2571.21  438.733 136.029 298.766 299.608  49.0705 15.6097 35.2773 35.1654  5.76745 1.72923 4.11026 3.88313  
33602.1 10655.8 21125.3 23089.6  3860.21 1192.08 2522.82 2585.93  472.804 134.942 308.535 288.207  57.6653 15.2812 38.4073 32.0939  6.40719 1.7116 4.40159 3.66829  
33602.1 10655.8 21125.3 23089.6  3835.74 1184.13 2489.74 2571.69  497.234 141.807 338.062 299.719  56.9896 16.2226 41.1826 34.6115  6.98756 1.82098 4.99252 3.82085  
33602.1 10655.8 21125.3 23089.6  3860.21 1192.08 2522.82 2585.93  474.575 134.211 307.495 285.843  55.0446 15.8009 38.4645 34.0896  7.10611 1.87921 5.17001 3.95317  
33602.1 10655.8 21125.3 23089.6  3893.86 1193.88 2533.56 2583.64  442.128 132.24 295.87 287.537  53.9954 15.9516 39.2274 34.6217  6.98799 1.90518 5.29853 4.03505  
33602.1 10655.8 21125.3 23089.6  3860.21 1192.08 2522.82 2585.93  468.82 134.027 304.72 286.673  60.9353 16.0516 41.4445 33.4109  6.98756 1.82098 4.99252 3.82085  
33602.1 10655.8 21125.3 23089.6  3891.66 1195.43 2539.08 2587.8  445.448 131.799 293.644 286.076  53.4757 15.0787 36.8345 32.4093  6.46155 1.69821 4.51713 3.6015  
33602.1 10655.8 21125.3 23089.6  3890.66 1190.65 2524.54 2575.78  442.32 135.291 303.26 295.628  57.354 16.2662 41.4851 34.6434  6.75678 1.79995 4.82982 3.81917  
33602.1 10655.8 21125.3 23089.6  3906.79 1193.83 2544.93 2578.94  435.94 133.215 290.946 292.791  48.8384 15.2238 34.1259 34.1878  5.63677 1.74025 4.15953 3.93334  
33602.1 10655.8 21125.3 23089.6  3890.66 1190.65 2524.54 2575.78  448.715 136.032 307.516 296.094  51.0539 15.4615 36.9582 34.0044  6.67307 1.85666 5.06871 3.97217  
7949.93 2502.77 5032.74 5396.85  6252.55 1959.46 3957.06 4219.38  4979.28 1566.4 3137.28 3384.8  3934.8 1252.78 2487.39 2722.66  3106.67 981.652 1967.17 2126.62  
7949.93 2502.77 5032.74 5396.85  6295.4 1992.73 3970.57 4314.68  4958.44 1561.23 3143.26 3370.81  3930.19 1246.88 2483.3 2705.63  3099.98 981.056 1965.09 2126.46  
7949.93 2502.77 5032.74 5396.85  6295.4 1992.73 3970.57 4314.68  4970.34 1559.49 3134.47 3365.12  3927.7 1247.25 2485.14 2706.83  3098.02 981.344 1966.55 2127.4  
7949.93 2502.77 5032.74 5396.85  6272.51 1975.8 3975.48 4263.71  4922.86 1549.38 3128.26 3342.69  3944.44 1249.39 2489.41 2709.65  3119.73 981.4 1959.28 2125.26  
7949.93 2502.77 5032.74 5396.85  6266.3 1983.94 3977.79 4290.22  4985.04 1572.02 3142.96 3400.49  3940.18 1243.1 2483.95 2691.64  3093.26 968.137 1949.32 2089.97  
7949.93 2502.77 5032.74 5396.85  6284.17 1976.03 3972.51 4263.04  4955.85 1571.15 3144.68 3402.52  3940.65 1248.45 2480.67 2709.37  3111.2 977.024 1958.3 2113.1  
7949.93 2502.77 5032.74 5396.85  6284.17 1976.03 3972.51 4263.04  4968.82 1558.92 3123.53 3365.97  3893.49 1235.08 2482.17 2674.72  3095.26 975.197 1960.23 2109.57  
7949.93 2502.77 5032.74 5396.85  6255.88 1957.07 3949.07 4212.98  4950.83 1555.68 3133.17 3356.59  3951.69 1250.58 2486.82 2712.69  3115.37 990.365 1972.09 2151.77  
7949.93 2502.77 5032.74 5396.85  6287.57 1973.6 3964.36 4256.51  4944.3 1562.92 3142.81 3378.74  3897.86 1234.75 2479.84 2673.43  3090.46 978.975 1961.32 2122.27  
7949.93 2502.77 5032.74 5396.85  6241.11 1959.23 3959.97 4220.04  4944.83 1555.05 3133.2 3355.66  3933.67 1249.81 2490.22 2712.71  3122.25 984.792 1965.35 2134.23  
7949.93 2502.77 5032.74 5396.85  6287.57 1973.6 3964.36 4256.51  4971.96 1563.46 3135.76 3377.13  3928.59 1235.36 2472.01 2671.64  3102.18 982.945 1969.18 2131.09  
7949.93 2502.77 5032.74 5396.85  6282.7 1968.49 3951.04 4244.13  4936.22 1553.14 3135.07 3350.74  3920.24 1231.37 2473.69 2659.95  3118.17 987.098 1970.29 2141.18  
7949.93 2502.77 5032.74 5396.85  6224.42 1967.34 3965.89 4247.5  4981.82 1579.75 3142.8 3425.73  3949.63 1244.96 2486.48 2695.29  3108.92 978.864 1964.36 2117.99  
7949.93 2502.77 5032.74 5396.85  6252.59 1972.9 3973.27 4258.53  4962.43 1571.8 3144.52 3403.45  3937.9 1233.78 2468.34 2665.81  3122.41 987.31 1967.01 2141.93  
7949.93 2502.77 5032.74 5396.85  6298.46 1987.12 3977.01 4294.8  4966.34 1575.6 3140.47 3415.82  3910.75 1222.91 2467.18 2636.29  3110.19 988.481 1965.66 2148.19  
7172.57 2276.68 4516.2 4933.88  5841.75 1838.63 3669.57 3973.35  4690.93 1486.83 2943.36 3226.48  3846.75 1214.57 2437.75 2627.3  3119.36 982.745 1971.83 2126.15  
7172.57 2276.68 4516.2 4933.88  5738.03 1831.01 3611.25 3980.66  4754.39 1492.4 2989.42 3222.54  3820.94 1210.18 2406.59 2624.88  3121.73 984.011 1971.27 2129.85  
7172.57 2276.68 4516.2 4933.88  5738.03 1831.01 3611.25 3980.66  4755.55 1498.27 3006.27 3237.25  3818.5 1210.66 2408.8 2626.36  3119.42 980.149 1960.67 2120.36  
7172.57 2276.68 4516.2 4933.88  5789.17 1841.04 3647.75 3995.26  4701.97 1492.45 2964.81 3237.55  3856.77 1211.51 2432.63 2616.94  3115.21 981.848 1964.13 2125.75  
7172.57 2276.68 4516.2 4933.88  5841.75 1838.63 3669.57 3973.35  4720.53 1496.92 2982.11 3244.63  3843.29 1211.11 2425.24 2619.74  3104.33 981.53 1958.17 2128.03  
7172.57 2276.68 4516.2 4933.88  5789.17 1841.04 3647.75 3995.26  4748.51 1494.47 2992.98 3229.41  3835.5 1211.18 2416.56 2623.26  3083.75 980.035 1953.61 2127.93  
7172.57 2276.68 4516.2 4933.88  5812.81 1845.77 3677 3999.53  4741.38 1495.47 2993.82 3233.67  3809.37 1206.81 2393.49 2619.21  3064.42 974.559 1931.18 2118.94  
7172.57 2276.68 4516.2 4933.88  5831.96 1845.65 3693.11 3992.13  4721.21 1489.63 2960.61 3226.12  3845.02 1211.17 2424.86 2619.69  3103.18 978.919 1950.88 2121.55  
7172.57 2276.68 4516.2 4933.88  5824.22 1845.99 3674.09 3998.87  4739.22 1495.43 2994.37 3233.8  3807.63 1206.78 2393.93 2619.31  3089.55 975.885 1939.63 2116.81  
7172.57 2276.68 4516.2 4933.88  5789.17 1841.04 3647.75 3995.26  4744.7 1490.5 2982.55 3219.79  3846.53 1213.41 2434.46 2624.41  3061.3 975.143 1931.11 2121.39  
7172.57 2276.68 4516.2 4933.88  5824.22 1845.99 3674.09 3998.87  4741.87 1493.53 2988 3228.73  3804.91 1208.72 2400.47 2624.52  3119.22 982.433 1973.79 2124.76  
7172.57 2276.68 4516.2 4933.88  5841.75 1838.63 3669.57 3973.35  4734.75 1490.95 2978.44 3223.92  3837.52 1209.02 2417.48 2615.84  3055.07 976.339 1930.99 2126.37  
7172.57 2276.68 4516.2 4933.88  5812.81 1845.77 3677 3999.53  4656.04 1483.43 2929.72 3224.91  3851.44 1213.71 2440.81 2623.06  3130.57 982.202 1972.43 2122.3  
7172.57 2276.68 4516.2 4933.88  5846.44 1843.53 3682.4 3985.22  4691.25 1491.98 2958.33 3239.45  3776.56 1202.89 2380.39 2615.48  3100.2 977.732 1947.3 2119.05  
7172.57 2276.68 4516.2 4933.88  5793.31 1842.94 3674.83 3994.48  4747.73 1494.12 2987.86 3229.56  3832.69 1212.45 2417.69 2627.57  3112.71 982.079 1971.94 2125.2  
