3 18 3
12057.7 13755.9 12072.8  7492.16 8554.07 7467.73  4656.3 5296.31 4659.37  
12057.7 13755.9 12072.8  7441.05 8477.8 7474.88  4674.81 5319.39 4647.37  
12057.7 13755.9 12072.8  7493.57 8563.01 7482.42  4615.04 5292.81 4634.78  
12057.7 13755.9 12072.8  7499.17 8511.79 7479.18  4635.61 5301.66 4653.69  
12057.7 13755.9 12072.8  7471.54 8503.9 7491.97  4654.11 5339.89 4645.51  
12057.7 13755.9 12072.8  7435.03 8520.66 7463.5  4663.67 5266.3 4658.14  
4439.58 5073.48 4444.49  3828.17 4340.47 3820.2  3277.63 3765.06 3267.89  
4439.58 5073.48 4444.49  3798.51 4323.14 3818.01  3293.57 3743.55 3295.75  
4439.58 5073.48 4444.49  3798.51 4323.14 3818.01  3296.99 3740.71 3287.31  
4439.58 5073.48 4444.49  3811.2 4376.03 3805.36  3295.85 3737.36 3295.65  
4439.58 5073.48 4444.49  3781.84 4354.81 3795.87  3295.9 3739.15 3298.85  
4439.58 5073.48 4444.49  3824.6 4362.02 3814.36  3265.18 3739.2 3280.93  
23890.8 27537.9 23780  5896.85 6615.26 5925.47  1501.02 1657.52 1549.69  
23890.8 27537.9 23780  5893.29 6665.47 5949.75  1522.15 1631.06 1554.39  
23890.8 27537.9 23780  5960.58 6651.21 6003.8  1461.21 1627.73 1497.91  
23890.8 27537.9 23780  5939.5 6672.25 5989.72  1487.55 1625.91 1524.62  
23890.8 27537.9 23780  5978.18 6675.81 6032.33  1470.41 1627.93 1508.53  
23890.8 27537.9 23780  5922.22 6648.09 5961.71  1486.52 1638.75 1530.15  
