2 50 4
10035 10900.2  7956.72 8605.79  6271.52 6765.83  4968.95 5387.69  
31535.9 34268.2  10733.4 11675.5  3760.48 3992.15  1297.48 1352.55  
18032.4 19722.3  11236.4 12204.9  7029.23 7599.07  4346.32 4711.06  
29179 31570.5  11435.2 12282.8  4462.99 4957.63  1772.69 1937.42  
18032.4 19722.3  11322.5 12215.7  7044.53 7592.55  4377.83 4732.87  
0 0  0 0  0 0  0 0  
28290.3 30484.1  11614.2 12582.6  4748.95 5264  1968.72 2139.62  
31535.9 34268.2  10831.8 11670  3695.92 3984.49  1262.31 1367.84  
10035 10900.2  7926.93 8620.08  6248.74 6804.46  4948.82 5378.93  
10543.8 11390.5  8223.88 8908.03  6406.3 6924.38  5011.67 5435.05  
18032.4 19722.3  11164.1 12192.3  7078.07 7614.16  4400.16 4721.3  
31535.9 34268.2  10855.3 11617.3  3698.05 4005.94  1241.12 1386.89  
18215.8 19561.7  11250.4 12131.1  7009.75 7570.97  4367.01 4769.55  
10035 10900.2  7947.44 8606.66  6220 6789.87  4930.78 5385.5  
8151.43 8793.9  6733.87 7325.32  5597.21 6092.03  4672.15 5019.55  
0 0  0 0  0 0  0 0  
18215.8 19561.7  11274.3 12238.2  7006.59 7620.96  4358.07 4703.58  
18215.8 19561.7  11250.4 12131.1  7009.75 7570.97  4367.01 4769.55  
18032.4 19722.3  11322.3 12250.1  6998.55 7592.58  4370.62 4707.6  
8151.43 8793.9  6735.51 7315.19  5595.66 6085.08  4659.38 4994.18  
31535.9 34268.2  10791.4 11689.4  3735.6 3970.62  1275.89 1363.41  
31535.9 34268.2  10831.8 11670  3695.92 3984.49  1262.31 1367.84  
24648.9 26940.4  12050.6 12960.2  5797.74 6277.5  2796.75 3008.91  
10543.8 11390.5  8232.03 8868.7  6408.98 6963.3  4984.83 5389.44  
10035 10900.2  7917.81 8620.92  6248.87 6775.15  4986.68 5358.82  
0 0  0 0  0 0  0 0  
31535.9 34268.2  10801.4 11671.6  3733.56 3970.43  1253.02 1374.51  
18215.8 19561.7  11283.9 12129.6  7010.62 7605.43  4360.62 4784.64  
31535.9 34268.2  10803.9 11688.2  3731.95 3959.55  1266.52 1363.76  
0 0  0 0  0 0  0 0  
0 0  0 0  0 0  0 0  
18032.4 19722.3  11143.3 12189.5  7085.93 7615.26  4429.8 4734.19  
18032.4 19722.3  11322.5 12215.7  7044.53 7592.55  4377.83 4732.87  
28290.3 30484.1  11595 12546.4  4782.86 5253.07  1959.61 2186.46  
31535.9 34268.2  10791.4 11689.4  3735.6 3970.62  1275.89 1363.41  
10035 10900.2  7955.16 8568.67  6282.13 6812.29  4971.71 5377.38  
18215.8 19561.7  11274.3 12238.2  7006.59 7620.96  4358.07 4703.58  
0 0  0 0  0 0  0 0  
29179 31570.5  11457.8 12425.6  4448.01 4849.82  1768.01 1916.14  
29179 31570.5  11455.2 12407.6  4462.18 4887.69  1747.63 1902.45  
10035 10900.2  7846.6 8601.09  6265.43 6808.42  4999.1 5379.24  
18215.8 19561.7  11286.6 12148.1  7001.14 7599.33  4355.48 4745.33  
24648.9 26940.4  12050.6 12960.2  5748.71 6244.04  2848.28 3037.92  
29179 31570.5  11369.6 12378.9  4515.16 4833.79  1780.82 1959.8  
29179 31570.5  11415 12411.2  4475.09 4879.42  1780.73 1887.14  
10543.8 11390.5  8193.09 8922.82  6413.04 6921.16  5021.93 5408.52  
0 0  0 0  0 0  0 0  
28290.3 30484.1  11593.7 12491.4  4774.51 5262.22  1967.54 2213.2  
0 0  0 0  0 0  0 0  
29179 31570.5  11372.9 12432.2  4482.86 4854.21  1791.2 1904.47  
