2 150 4
18215.8 19561.7  11250.4 12131.1  7009.75 7570.97  4367.01 4769.55  
18215.8 19561.7  11274.3 12238.2  6991.69 7554.19  4364.78 4735.75  
18215.8 19561.7  11286.6 12148.1  7001.14 7599.33  4355.48 4745.33  
18215.8 19561.7  11264.9 12093.9  7021.93 7674.94  4360.28 4800.27  
18215.8 19561.7  11293.2 12237.5  7012.54 7653.84  4345 4733.64  
18215.8 19561.7  11283.9 12129.6  7010.62 7605.43  4360.62 4784.64  
18215.8 19561.7  11274.3 12238.2  7006.59 7620.96  4358.07 4703.58  
18215.8 19561.7  11274.3 12238.2  7013.31 7586.56  4358.92 4772.13  
18215.8 19561.7  11250.4 12131.1  7027.43 7660.96  4360.31 4735.88  
18215.8 19561.7  11306.6 12236.2  7012.75 7609.15  4346.94 4764.34  
18215.8 19561.7  11283.9 12129.6  7014.7 7661.48  4347.69 4771.45  
18215.8 19561.7  11273 12149.4  6979.27 7531.14  4355.91 4770.92  
18215.8 19561.7  11293.2 12237.5  7010.92 7642.73  4357 4730  
18215.8 19561.7  11306.6 12236.2  7002.05 7565.53  4347.59 4725.01  
18215.8 19561.7  11293.2 12237.5  7007.12 7565.06  4355.16 4787.5  
10543.8 11390.5  8208.58 8870.13  6420.36 6932.26  5002.62 5418.47  
10543.8 11390.5  8214.3 8908.93  6388.98 6895.32  4989.61 5427.52  
10543.8 11390.5  8222.28 8869.61  6417.11 6952.29  5013.43 5405.29  
10543.8 11390.5  8222.28 8869.61  6394.57 6973.97  5010.08 5385.09  
10543.8 11390.5  8191.22 8910.12  6423.92 6943.42  4990.45 5384.74  
10543.8 11390.5  8178.06 8885.59  6396.87 6900.37  5004.99 5454.29  
10543.8 11390.5  8223.88 8908.03  6406.3 6924.38  5011.67 5435.05  
10543.8 11390.5  8230.09 8855.54  6411.08 6904.55  4990.51 5459.97  
10543.8 11390.5  8208.58 8870.13  6390.22 6974.55  4999.77 5441.39  
10543.8 11390.5  8221.97 8895.1  6411.19 6957.52  5006.5 5383.12  
10543.8 11390.5  8193.09 8922.82  6400.94 6962.28  5019.6 5423.5  
10543.8 11390.5  8193.09 8922.82  6431.37 6920.04  5003.6 5409.64  
10543.8 11390.5  8178.06 8885.59  6434.67 6928.17  4996.72 5448.18  
10543.8 11390.5  8193.09 8922.82  6413.04 6921.16  5021.93 5408.52  
10543.8 11390.5  8232.03 8868.7  6408.98 6963.3  4984.83 5389.44  
31535.9 34268.2  10842.4 11618.5  3698.52 4023.38  1260.51 1377.77  
31535.9 34268.2  10842.4 11618.5  3674.31 4007.86  1276.37 1388  
31535.9 34268.2  10803.9 11688.2  3713.41 3978.07  1272.43 1354.18  
31535.9 34268.2  10855.3 11617.3  3679.7 4024.75  1271.9 1369.12  
31535.9 34268.2  10721.1 11676.6  3767.67 3985.75  1287.68 1362.65  
31535.9 34268.2  10842 11651.9  3651.8 3998.9  1299.03 1363.41  
31535.9 34268.2  10733.4 11675.5  3760.48 3992.15  1297.48 1352.55  
31535.9 34268.2  10855.3 11617.3  3698.05 4005.94  1241.12 1386.89  
31535.9 34268.2  10791.4 11689.4  3735.6 3970.62  1275.89 1363.41  
31535.9 34268.2  10842 11651.9  3698.78 4001.4  1266.51 1365.8  
31535.9 34268.2  10831.8 11670  3695.92 3984.49  1262.31 1367.84  
31535.9 34268.2  10803.9 11688.2  3685.77 3979.77  1300.49 1358.15  
31535.9 34268.2  10803.9 11688.2  3731.95 3959.55  1266.52 1363.76  
31535.9 34268.2  10801.4 11671.6  3733.56 3970.43  1253.02 1374.51  
31535.9 34268.2  10791.4 11689.4  3721.59 3977.33  1280.28 1361.26  
10035 10900.2  7846.6 8601.09  6265.43 6808.42  4999.1 5379.24  
10035 10900.2  7955.16 8568.67  6265.92 6822.92  4951.92 5392.45  
10035 10900.2  7955.16 8568.67  6225.06 6815.47  4928.14 5388.1  
10035 10900.2  7934.42 8557.72  6222.27 6818.42  4920.67 5383.27  
10035 10900.2  7954.88 8593.3  6218.04 6810.96  4985.2 5372.52  
10035 10900.2  7947.44 8606.66  6220 6789.87  4930.78 5385.5  
10035 10900.2  7895.54 8573.5  6230.32 6815.1  4927.03 5380.66  
10035 10900.2  7895.54 8573.5  6230.32 6815.1  4957.76 5363.39  
10035 10900.2  7926.93 8620.08  6248.74 6804.46  4948.82 5378.93  
10035 10900.2  7917.81 8620.92  6248.87 6775.15  4986.68 5358.82  
10035 10900.2  7956.72 8605.79  6265.69 6796.01  4957.34 5389.78  
10035 10900.2  7866.28 8611.48  6308.09 6802.66  4929.69 5367.36  
10035 10900.2  7956.72 8605.79  6271.52 6765.83  4968.95 5387.69  
10035 10900.2  7955.16 8568.67  6282.13 6812.29  4971.71 5377.38  
10035 10900.2  7925.12 8607.81  6264.98 6815.39  4981.6 5368.56  
8151.43 8793.9  6735.51 7315.19  5595.66 6085.08  4659.38 4994.18  
8151.43 8793.9  6748.13 7292.45  5594.8 6097.61  4662.39 5009.73  
8151.43 8793.9  6733.87 7325.32  5595.93 6083.36  4655.77 5022.58  
8151.43 8793.9  6748.13 7292.45  5604.73 6017.6  4668.45 5037.61  
8151.43 8793.9  6733.87 7325.32  5597.21 6092.03  4672.15 5019.55  
8151.43 8793.9  6755.5 7238.75  5604.13 6070.66  4658.35 5068.11  
8151.43 8793.9  6748.13 7292.45  5600.1 6053.51  4664.63 5054.05  
8151.43 8793.9  6741.78 7282.7  5610.35 6089.77  4660.85 5012.69  
8151.43 8793.9  6747.35 7239.52  5605.51 6070.54  4669.55 5045.1  
8151.43 8793.9  6747.35 7239.52  5610.28 6016.65  4646.73 5070.78  
8151.43 8793.9  6767.41 7291.27  5611.46 6061.44  4642.01 5061.45  
8151.43 8793.9  6759.4 7292.02  5598.18 6053.56  4663.05 5054.12  
8151.43 8793.9  6727.67 7336.49  5603.55 6046.08  4663.15 5055.71  
8151.43 8793.9  6733.87 7325.32  5590.78 6092.64  4656.63 5021.01  
8151.43 8793.9  6727.67 7336.49  5618.2 6053.82  4653.03 5025.65  
0 0  0 0  0 0  0 0  
0 0  0 0  0 0  0 0  
0 0  0 0  0 0  0 0  
0 0  0 0  0 0  0 0  
0 0  0 0  0 0  0 0  
0 0  0 0  0 0  0 0  
0 0  0 0  0 0  0 0  
0 0  0 0  0 0  0 0  
0 0  0 0  0 0  0 0  
0 0  0 0  0 0  0 0  
0 0  0 0  0 0  0 0  
0 0  0 0  0 0  0 0  
0 0  0 0  0 0  0 0  
0 0  0 0  0 0  0 0  
0 0  0 0  0 0  0 0  
29179 31570.5  11455.2 12407.6  4467.32 4887.2  1764.51 1906.59  
29179 31570.5  11401.8 12447.5  4499.73 4862.91  1775.24 1897.3  
29179 31570.5  11372.9 12432.2  4534.26 4864.13  1771.82 1905.85  
29179 31570.5  11401.8 12447.5  4511.37 4855.29  1758.11 1886.04  
29179 31570.5  11414.9 12446.3  4513.14 4834.08  1747.59 1908.17  
29179 31570.5  11369.6 12378.9  4515.16 4833.79  1780.82 1959.8  
29179 31570.5  11455.2 12407.6  4462.18 4887.69  1747.63 1902.45  
29179 31570.5  11457.8 12425.6  4448.01 4849.82  1768.01 1916.14  
29179 31570.5  11372.9 12432.2  4482.86 4854.21  1791.2 1904.47  
29179 31570.5  11379.5 12323.1  4529.32 4909.04  1759.71 1945.69  
29179 31570.5  11404.7 12266.6  4502.13 4936.87  1773.69 1953.55  
29179 31570.5  11415 12411.2  4475.09 4879.42  1780.73 1887.14  
29179 31570.5  11435.2 12282.8  4462.99 4957.63  1772.69 1937.42  
29179 31570.5  11425.7 12356.1  4493.2 4853.84  1760.16 1961.5  
29179 31570.5  11379.5 12323.1  4529.32 4909.04  1766.27 1947.92  
28290.3 30484.1  11614.2 12582.6  4748.95 5264  1968.72 2139.62  
28290.3 30484.1  11593.7 12491.4  4769.94 5286.16  1970.22 2199.13  
28290.3 30484.1  11574.2 12454.6  4784.85 5330.99  1972.59 2184.87  
28290.3 30484.1  11592 12658.6  4775.6 5164.89  1965.93 2143.61  
28290.3 30484.1  11605.5 12657.2  4776.67 5188.22  1958.88 2156.04  
28290.3 30484.1  11562 12678.3  4791.92 5199.44  1973.96 2112.13  
28290.3 30484.1  11574.2 12454.6  4789.48 5307.37  1969.86 2198.69  
28290.3 30484.1  11605.5 12657.2  4759.07 5127.81  1961.82 2166.13  
28290.3 30484.1  11574.2 12454.6  4789.25 5322.63  1963 2202.98  
28290.3 30484.1  11614.2 12582.6  4765.67 5247.54  1960.2 2165.06  
28290.3 30484.1  11593.7 12491.4  4774.51 5262.22  1967.54 2213.2  
28290.3 30484.1  11595 12546.4  4782.86 5253.07  1959.61 2186.46  
28290.3 30484.1  11559.4 12660.3  4794.73 5163.89  1973.85 2143.21  
28290.3 30484.1  11559.3 12492.9  4786.14 5222.78  1973.59 2239.27  
28290.3 30484.1  11602.8 12638.8  4764.61 5199.83  1962.7 2128.48  
24648.9 26940.4  11860.5 12897.9  5933.89 6316.79  2824.15 3020.82  
24648.9 26940.4  12072.8 13014.6  5728.41 6199.44  2847.31 3032.86  
24648.9 26940.4  12059 13015.9  5745.78 6223.93  2848.1 3014.94  
24648.9 26940.4  12059 13015.9  5739.3 6224.53  2812.07 2983.22  
24648.9 26940.4  12050.6 12960.2  5748.71 6244.04  2848.28 3037.92  
24648.9 26940.4  11991.3 12982.1  5824.14 6239.77  2856.66 3019.12  
24648.9 26940.4  12014.6 12907.2  5812.19 6278.43  2837.43 3047.27  
24648.9 26940.4  11980.4 13001.6  5779.18 6231.88  2844.4 3006.64  
24648.9 26940.4  12050.6 12960.2  5797.74 6277.5  2796.75 3008.91  
24648.9 26940.4  12072.8 13014.6  5791.6 6239.92  2791.73 2999.95  
24648.9 26940.4  11972.3 12946.9  5789.87 6259.52  2838.62 3012.49  
24648.9 26940.4  11879.2 12932.3  5826.66 6241.67  2858.76 3017.15  
24648.9 26940.4  11860.5 12897.9  5873.73 6257.97  2871.12 3037.81  
24648.9 26940.4  11972.3 12946.9  5789.87 6259.52  2856.91 3011.8  
24648.9 26940.4  11860.5 12897.9  5939.32 6307.12  2851.26 3037.23  
18032.4 19722.3  11236.4 12204.9  7077.02 7596.62  4341.51 4712.6  
18032.4 19722.3  11143.3 12189.5  7085.93 7615.26  4429.8 4734.19  
18032.4 19722.3  11060.5 12146.1  7022.45 7603.27  4414.11 4731.66  
18032.4 19722.3  11322.5 12215.7  7044.53 7592.55  4377.83 4732.87  
18032.4 19722.3  11245.9 12219.5  6909.78 7547.86  4400.26 4725.51  
18032.4 19722.3  11248.5 12236.6  7064.26 7606.74  4328.84 4696.19  
18032.4 19722.3  11164.1 12192.3  7078.07 7614.16  4400.16 4721.3  
18032.4 19722.3  11060.5 12146.1  7095.2 7621.34  4417.39 4737.42  
18032.4 19722.3  11322.3 12250.1  6973.08 7584.15  4393.67 4717.21  
18032.4 19722.3  11130.8 12190.7  7116.96 7602.07  4366 4715.94  
18032.4 19722.3  11236.4 12204.9  7029.23 7599.07  4346.32 4711.06  
18032.4 19722.3  11207.5 12223  7087.86 7611.16  4340.17 4699.21  
18032.4 19722.3  11207.5 12223  6967.88 7574.23  4425.18 4724.77  
18032.4 19722.3  11322.3 12250.1  6998.55 7592.58  4370.62 4707.6  
18032.4 19722.3  11322.3 12250.1  7018.58 7592.32  4404.12 4712.11  
