4 33 3
5750 6461.6 10062.9 13643.2  3683.1 4130.33 6425.12 8700.26  2346.01 2652.85 4126.87 5609.96  
8289.53 9350.24 14530.2 19607.7  3986.16 4474.22 6957.09 9429.94  1906.64 2164.31 3359.37 4561.09  
6062.58 6814.21 10595.7 14310  3754.3 4228.24 6569.04 8876.06  2332.11 2619.18 4074.31 5531.96  
2877.87 3211.34 5013.08 6827.44  2357.44 2630.66 4107.68 5602.45  1934.63 2182.26 3389.57 4575.84  
5750 6461.6 10062.9 13643.2  3684.25 4142.1 6440.83 8717.42  2359.99 2655.15 4128.05 5597.39  
2877.87 3211.34 5013.08 6827.44  2352.61 2611.42 4081.13 5571.76  1927.92 2170.07 3381.5 4600.17  
4312.01 4836.98 7540.19 10244.3  3149.69 3512.23 5484.14 7482.53  2301.75 2598.36 4033.09 5441.89  
15649.9 17575.4 27343.2 36971.4  342.271 410.598 636.995 999.956  7.64109 13.7073 19.3391 27.8524  
14198.6 15780.8 24680.2 33740  1581.86 1912.44 2886.74 3760.05  194.312 270.279 382.88 444.198  
5750 6461.6 10062.9 13643.2  3665.96 4149.75 6436.34 8667.56  2352.13 2645.89 4122.84 5621.66  
14198.6 15780.8 24680.2 33740  1598.41 1954.93 2936.48 3787.9  180.308 232.41 338.632 419.528  
15649.9 17575.4 27343.2 36971.4  342.533 414.905 641.77 1001.8  7.37061 9.4315 14.5735 25.9111  
14124.9 15883.9 24768.4 33694.4  1652.39 1848.37 2838.78 3817.64  195.459 233.574 344.401 431.635  
8119.33 9169.19 14239 19185.9  3992.95 4499.29 6995.19 9484.65  1979.64 2202.83 3441.66 4730.22  
6062.58 6814.21 10595.7 14310  3751.61 4246.42 6592.06 8898.58  2335.28 2634.37 4095.22 5555.99  
8289.53 9350.24 14530.2 19607.7  3986.16 4474.22 6957.09 9429.94  1933.01 2158.98 3369.61 4624.08  
6062.58 6814.21 10595.7 14310  3748.14 4210.94 6544.58 8846.66  2338.27 2636.48 4098.76 5561.35  
6062.58 6814.21 10595.7 14310  3748.14 4210.94 6544.58 8846.66  2338.27 2636.48 4098.76 5561.35  
14198.6 15780.8 24680.2 33740  1591.45 1938.02 2917.39 3780.4  186.104 245.479 353.234 423.85  
4312.01 4836.98 7540.19 10244.3  3146.3 3517.83 5490.46 7487.09  2305.41 2588.79 4027.47 5459.91  
4312.01 4836.98 7540.19 10244.3  3147.57 3549.39 5516.12 7454.83  2297.04 2584.9 4024.18 5467.53  
14198.6 15780.8 24680.2 33740  1599.6 1945.99 2925.73 3777.82  178.272 238.577 346.274 427.903  
14124.9 15883.9 24768.4 33694.4  1656.05 1873.34 2863.63 3813.84  193.022 212.056 323.217 436.018  
5750 6461.6 10062.9 13643.2  3680.43 4148.42 6447.96 8722.58  2361.36 2652.88 4125.5 5595.54  
14198.6 15780.8 24680.2 33740  1599.6 1945.99 2925.73 3777.82  178.272 238.577 346.274 427.903  
8289.53 9350.24 14530.2 19607.7  4003.75 4478.23 6987.5 9547.67  1917.9 2166.83 3365.15 4571.52  
5750 6461.6 10062.9 13643.2  3671.63 4149.3 6446.51 8715.74  2364.85 2648.46 4126.67 5621.18  
8289.53 9350.24 14530.2 19607.7  3986.16 4474.22 6957.09 9429.94  1933.01 2158.98 3369.61 4624.08  
4312.01 4836.98 7540.19 10244.3  3149.69 3512.23 5484.14 7482.53  2301.75 2598.36 4033.09 5441.89  
14124.9 15883.9 24768.4 33694.4  1663.81 1864.13 2858.33 3828.41  186.182 220.096 327.889 423.099  
15649.9 17575.4 27343.2 36971.4  340.827 409.624 634.137 991.567  9.06584 14.6144 22.1188 36.1556  
6062.58 6814.21 10595.7 14310  3751.61 4246.42 6592.06 8898.58  2342.3 2611.11 4072.58 5558.27  
6062.58 6814.21 10595.7 14310  3751.61 4246.42 6592.06 8898.58  2335.28 2634.37 4095.22 5555.99  
