4 100 3
6062.58 6814.21 10595.7 14310  3766.42 4245.07 6603.99 8955.08  2332.08 2630.94 4086.25 5531.54  
6062.58 6814.21 10595.7 14310  3730.2 4229.86 6554.9 8812.23  2345.04 2629.34 4094.88 5574.25  
6062.58 6814.21 10595.7 14310  3751.52 4185.75 6521.94 8859.96  2337.71 2653.41 4117.23 5567.23  
6062.58 6814.21 10595.7 14310  3754.3 4228.24 6569.04 8876.06  2332.11 2619.18 4074.31 5531.96  
6062.58 6814.21 10595.7 14310  3769.15 4226.55 6580.54 8932.15  2338.37 2610.06 4072.5 5564.86  
6062.58 6814.21 10595.7 14310  3751.61 4246.42 6592.06 8898.58  2342.3 2611.11 4072.58 5558.27  
6062.58 6814.21 10595.7 14310  3769.15 4226.55 6580.54 8932.15  2337.86 2641.07 4107.01 5578.61  
6062.58 6814.21 10595.7 14310  3751.61 4246.42 6592.06 8898.58  2335.28 2634.37 4095.22 5555.99  
6062.58 6814.21 10595.7 14310  3766.42 4245.07 6603.99 8955.08  2332.08 2630.94 4086.25 5531.54  
6062.58 6814.21 10595.7 14310  3748.14 4210.94 6544.58 8846.66  2338.27 2636.48 4098.76 5561.35  
2877.87 3211.34 5013.08 6827.44  2352.61 2611.42 4081.13 5571.76  1935.76 2182.33 3394.87 4600.3  
2877.87 3211.34 5013.08 6827.44  2349.08 2635.44 4111.45 5601.35  1924.96 2146.58 3354.96 4589.5  
2877.87 3211.34 5013.08 6827.44  2349.08 2635.44 4111.45 5601.35  1937.82 2168.33 3377.19 4583.06  
2877.87 3211.34 5013.08 6827.44  2352.61 2611.42 4081.13 5571.76  1927.92 2170.07 3381.5 4600.17  
2877.87 3211.34 5013.08 6827.44  2352.9 2650.91 4126.76 5597.05  1934.11 2152.7 3361.69 4587.2  
2877.87 3211.34 5013.08 6827.44  2357.57 2646.9 4116.99 5567.43  1934.6 2179.34 3387.89 4582.1  
2877.87 3211.34 5013.08 6827.44  2352.9 2650.91 4126.76 5597.05  1934.11 2152.7 3361.69 4587.2  
2877.87 3211.34 5013.08 6827.44  2346.5 2599.85 4070.34 5579.78  1933.8 2171.65 3384.22 4602.44  
2877.87 3211.34 5013.08 6827.44  2357.44 2630.66 4107.68 5602.45  1934.63 2182.26 3389.57 4575.84  
2877.87 3211.34 5013.08 6827.44  2356.68 2622.85 4097.25 5591.08  1925.07 2138.75 3344.83 4578.99  
4312.01 4836.98 7540.19 10244.3  3146.3 3517.83 5490.46 7487.09  2305.41 2588.79 4027.47 5459.91  
4312.01 4836.98 7540.19 10244.3  3126.32 3514.56 5480.27 7464.38  2299.02 2579.13 4018.83 5469.15  
4312.01 4836.98 7540.19 10244.3  3146.3 3517.83 5490.46 7487.09  2301.82 2573.58 4012.45 5464.11  
4312.01 4836.98 7540.19 10244.3  3143.62 3539.26 5509.61 7475.31  2305.4 2575.55 4012.33 5452.18  
4312.01 4836.98 7540.19 10244.3  3154.6 3532.99 5504.67 7476.77  2291.42 2574.2 4012.32 5465.82  
4312.01 4836.98 7540.19 10244.3  3126.32 3514.56 5480.27 7464.38  2310.8 2589.67 4030.22 5466.03  
4312.01 4836.98 7540.19 10244.3  3147.57 3549.39 5516.12 7454.83  2297.04 2584.9 4024.18 5467.53  
4312.01 4836.98 7540.19 10244.3  3149.69 3512.23 5484.14 7482.53  2301.75 2598.36 4033.09 5441.89  
4312.01 4836.98 7540.19 10244.3  3149.69 3512.23 5484.14 7482.53  2302.06 2594.33 4033.71 5464.42  
4312.01 4836.98 7540.19 10244.3  3150.84 3543.98 5510.02 7450.42  2301.75 2585.8 4026.75 5473.07  
5750 6461.6 10062.9 13643.2  3687.47 4117.27 6418.58 8730.79  2355.43 2644.41 4121.39 5620.16  
5750 6461.6 10062.9 13643.2  3684.25 4142.1 6440.83 8717.42  2359.99 2655.15 4128.05 5597.39  
5750 6461.6 10062.9 13643.2  3680.43 4148.42 6447.96 8722.58  2364.18 2644.65 4121.5 5615.35  
5750 6461.6 10062.9 13643.2  3665.96 4149.75 6436.34 8667.56  2366.89 2648.3 4130.32 5638.49  
5750 6461.6 10062.9 13643.2  3669.84 4112.44 6416.47 8753.26  2348.23 2667.49 4133.99 5571.44  
5750 6461.6 10062.9 13643.2  3665.96 4149.75 6436.34 8667.56  2352.13 2645.89 4122.84 5621.66  
5750 6461.6 10062.9 13643.2  3680.43 4148.42 6447.96 8722.58  2361.36 2652.88 4125.5 5595.54  
5750 6461.6 10062.9 13643.2  3669.84 4112.44 6416.47 8753.26  2362.71 2669.87 4141.4 5587.89  
5750 6461.6 10062.9 13643.2  3683.1 4130.33 6425.12 8700.26  2346.01 2652.85 4126.87 5609.96  
5750 6461.6 10062.9 13643.2  3671.63 4149.3 6446.51 8715.74  2364.85 2648.46 4126.67 5621.18  
15649.9 17575.4 27343.2 36971.4  341.06 413.846 638.811 993.34  8.81619 10.5532 17.5889 34.3144  
15649.9 17575.4 27343.2 36971.4  342.271 410.598 636.995 999.956  7.64109 13.7073 19.3391 27.8524  
15649.9 17575.4 27343.2 36971.4  340.827 409.624 634.137 991.567  9.03634 14.5497 21.9681 35.8134  
15649.9 17575.4 27343.2 36971.4  341.164 415.038 640.469 995.335  8.68027 9.24825 15.7422 32.0138  
15649.9 17575.4 27343.2 36971.4  340.827 409.624 634.137 991.567  9.06584 14.6144 22.1188 36.1556  
15649.9 17575.4 27343.2 36971.4  342.533 414.905 641.77 1001.8  7.38669 9.48818 14.6889 26.1732  
15649.9 17575.4 27343.2 36971.4  342.595 414.309 642.149 1006.16  7.31644 10.1001 14.3277 21.8291  
15649.9 17575.4 27343.2 36971.4  341.06 413.846 638.811 993.34  8.8371 10.503 17.5549 34.4222  
15649.9 17575.4 27343.2 36971.4  342.533 414.905 641.77 1001.8  7.37061 9.4315 14.5735 25.9111  
15649.9 17575.4 27343.2 36971.4  340.827 409.624 634.137 991.567  9.06584 14.6144 22.1188 36.1556  
14198.6 15780.8 24680.2 33740  1581.86 1912.44 2886.74 3760.05  194.312 270.279 382.88 444.198  
14198.6 15780.8 24680.2 33740  1599.6 1945.99 2925.73 3777.82  178.272 238.577 346.274 427.903  
14198.6 15780.8 24680.2 33740  1581.86 1912.44 2886.74 3760.05  192.696 263.507 375.497 440.305  
14198.6 15780.8 24680.2 33740  1600.96 1966.43 2947.45 3784.98  178.267 222.969 329.374 420.951  
14198.6 15780.8 24680.2 33740  1598.41 1954.93 2936.48 3787.9  180.308 232.41 338.632 419.528  
14198.6 15780.8 24680.2 33740  1596.84 1937.5 2914.25 3764.73  181.796 249.6 360.031 440.058  
14198.6 15780.8 24680.2 33740  1593.2 1934.83 2914 3778.01  184.876 249.341 357.601 427.438  
14198.6 15780.8 24680.2 33740  1599.6 1945.99 2925.73 3777.82  177.195 235.423 342.636 425.59  
14198.6 15780.8 24680.2 33740  1594.46 1955.38 2935.75 3784.89  183.022 229.998 337.037 421.369  
14198.6 15780.8 24680.2 33740  1591.45 1938.02 2917.39 3780.4  186.104 245.479 353.234 423.85  
9422.69 10509.2 16416.7 22394.3  3859.4 4375.52 6790.84 9191.44  1601.29 1829.97 2820.76 3777.99  
9422.69 10509.2 16416.7 22394.3  3856.43 4329.63 6740.47 9175.01  1604.73 1854.04 2847.22 3785.39  
9422.69 10509.2 16416.7 22394.3  3855.15 4316.43 6722.97 9156.04  1604.97 1856.37 2850.42 3788.96  
9422.69 10509.2 16416.7 22394.3  3875.1 4400.26 6817.74 9191.7  1588.17 1815.84 2804.28 3774.82  
9422.69 10509.2 16416.7 22394.3  3842.46 4337.7 6746.76 9173.18  1608.72 1841.37 2836.1 3791.69  
9422.69 10509.2 16416.7 22394.3  3865.21 4335.64 6740.84 9142.88  1590.16 1823.64 2817.92 3799.66  
9422.69 10509.2 16416.7 22394.3  3859.4 4375.52 6790.84 9191.44  1602.47 1821.83 2810.64 3768.19  
9422.69 10509.2 16416.7 22394.3  3855.15 4316.43 6722.97 9156.04  1594.3 1837.75 2831.6 3794.29  
9422.69 10509.2 16416.7 22394.3  3865.68 4401.21 6816.15 9184.41  1597.59 1814.89 2805.87 3782.12  
9422.69 10509.2 16416.7 22394.3  3875.1 4400.26 6817.74 9191.7  1582.63 1789.23 2776.4 3773.33  
8119.33 9169.19 14239 19185.9  3970.15 4481.74 6955.75 9392.59  1990.63 2205.46 3453.21 4767.46  
8119.33 9169.19 14239 19185.9  3968.94 4469.44 6939.26 9374.49  1981.97 2222.1 3467.64 4758.62  
8119.33 9169.19 14239 19185.9  3968.81 4495.36 6982.99 9457.08  1977.66 2206.23 3445.6 4733.01  
8119.33 9169.19 14239 19185.9  3970.15 4481.74 6955.75 9392.59  1983.38 2212.52 3455.47 4746.71  
8119.33 9169.19 14239 19185.9  3968.94 4469.44 6939.26 9374.49  1981.97 2222.1 3467.64 4758.62  
8119.33 9169.19 14239 19185.9  3992.95 4499.29 6995.19 9484.65  1979.64 2202.83 3441.66 4730.22  
8119.33 9169.19 14239 19185.9  3984.13 4493.86 6995.43 9516.82  1983.51 2199.34 3433.18 4704.67  
8119.33 9169.19 14239 19185.9  4012.87 4490.99 7000.08 9539.25  1947.87 2209.21 3430.8 4662.04  
8119.33 9169.19 14239 19185.9  3992.95 4499.29 6995.19 9484.65  1972.86 2206.67 3444.75 4729.31  
8119.33 9169.19 14239 19185.9  4012.87 4490.99 7000.08 9539.25  1948.53 2202.5 3417.37 4630.21  
8289.53 9350.24 14530.2 19607.7  3989.48 4492.98 6992.55 9506.45  1932.16 2152.09 3360.1 4612.74  
8289.53 9350.24 14530.2 19607.7  4003.19 4485.17 6986.35 9508.27  1927.08 2152.77 3359.51 4609.02  
8289.53 9350.24 14530.2 19607.7  3986.16 4474.22 6957.09 9429.94  1906.64 2164.31 3359.37 4561.09  
8289.53 9350.24 14530.2 19607.7  4003.75 4478.23 6987.5 9547.67  1917.9 2166.83 3365.15 4571.52  
8289.53 9350.24 14530.2 19607.7  4007.97 4471.26 6979.6 9541.94  1917.89 2163.8 3366.06 4590.68  
8289.53 9350.24 14530.2 19607.7  4001.94 4472.43 6969.28 9489.55  1918.83 2169.85 3374.62 4601.55  
8289.53 9350.24 14530.2 19607.7  3983.31 4493.46 6981.47 9453.85  1928.46 2158.93 3368.28 4619.97  
8289.53 9350.24 14530.2 19607.7  4003.19 4485.17 6986.35 9508.27  1903.64 2161.57 3354.54 4553.17  
8289.53 9350.24 14530.2 19607.7  3986.16 4474.22 6957.09 9429.94  1933.01 2158.98 3369.61 4624.08  
8289.53 9350.24 14530.2 19607.7  3983.31 4493.46 6981.47 9453.85  1935.09 2155.17 3365.27 4620.86  
14124.9 15883.9 24768.4 33694.4  1644.45 1857.6 2843.98 3802.6  204.139 227.773 342.706 446.86  
14124.9 15883.9 24768.4 33694.4  1636.9 1841.34 2825.02 3794.62  210.362 243.24 360.228 452.582  
14124.9 15883.9 24768.4 33694.4  1656.05 1873.34 2863.63 3813.84  193.022 212.056 323.217 436.018  
14124.9 15883.9 24768.4 33694.4  1636.51 1861.51 2842.56 3780.92  209.613 224.813 343.652 463.004  
14124.9 15883.9 24768.4 33694.4  1636.51 1861.51 2842.56 3780.92  210.712 225.38 344.71 464.703  
14124.9 15883.9 24768.4 33694.4  1645.81 1874.59 2858.2 3786.97  201.239 213.948 330.258 456.086  
14124.9 15883.9 24768.4 33694.4  1663.81 1864.13 2858.33 3828.41  186.182 220.096 327.889 423.099  
14124.9 15883.9 24768.4 33694.4  1652.39 1848.37 2838.78 3817.64  195.459 233.574 344.401 431.635  
14124.9 15883.9 24768.4 33694.4  1633.35 1850.3 2831.28 3783.14  213.502 235.302 354.684 462.74  
14124.9 15883.9 24768.4 33694.4  1636.9 1841.34 2825.02 3794.62  208.884 241.184 357.682 451.224  
