2 66 3
8083.1 5809.05  6950.07 5024  5982.38 4326.56  
41037.8 29787.1  11974.1 8659.13  3531.13 2516.43  
1735.15 1258.23  1685.31 1214.53  1634.77 1183.11  
57265.8 41495.9  724.564 495.568  9.44133 8.41356  
1735.15 1258.23  1680.47 1219.77  1632.53 1178.88  
30435.5 22196.2  14281.7 10402.1  6999.35 4975.96  
15599.4 11227.2  11385.4 8238.57  8327.29 6057.21  
41037.8 29787.1  11974.1 8659.13  3521.14 2519.66  
8083.1 5809.05  6922.36 5008.21  5985.86 4306.81  
39886.8 28648.2  12376.2 9004.1  3947.16 2979.76  
1735.15 1258.23  1668.92 1218.76  1635.18 1181.78  
41037.8 29787.1  11975.7 8632.64  3510.32 2533.81  
21934.7 15890.3  13548.2 9861.96  8542.8 6160.03  
8083.1 5809.05  6958.16 4995.41  6004.82 4339.79  
0 0  0 0  0 0  
30435.5 22196.2  14425.6 10428.5  6875.88 4936.85  
21934.7 15890.3  13644.7 9911.75  8469.77 6127.52  
21934.7 15890.3  13548.2 9861.96  8542.8 6160.03  
1735.15 1258.23  1685.23 1213.31  1630.22 1184.67  
0 0  0 0  0 0  
41037.8 29787.1  11974.1 8659.13  3531.13 2516.43  
41037.8 29787.1  12024.3 8616.37  3486.22 2542.17  
20838.7 15073.6  13356.7 9671.36  8522.17 6128.17  
39886.8 28648.2  12375.6 8995.22  3952.67 2986.97  
8083.1 5809.05  6920.01 4947.22  5962.71 4323.59  
30435.5 22196.2  14342.7 10412.2  6850.2 4932.94  
41037.8 29787.1  11989.7 8653.52  3509.69 2515.77  
21934.7 15890.3  13682.9 9899.01  8420.52 6138.37  
41037.8 29787.1  12008.7 8613.14  3487.14 2547.64  
30435.5 22196.2  14566.5 10468  6850.29 4925.94  
30435.5 22196.2  14485.6 10462.5  6746.76 4890.04  
1735.15 1258.23  1685.31 1214.53  1632.62 1182.66  
1735.15 1258.23  1685.25 1219.46  1634.75 1177  
15599.4 11227.2  11430.3 8256.18  8280.57 5941.92  
41037.8 29787.1  11974.1 8659.13  3531.13 2516.43  
8083.1 5809.05  6904.4 4974.33  5949.37 4290.61  
21934.7 15890.3  13644.7 9911.75  8469.77 6127.52  
30435.5 22196.2  14342.7 10412.2  6986.98 4964.25  
57265.8 41495.9  725.618 497.403  8.44524 6.56675  
57265.8 41495.9  723.516 498.075  10.4749 5.91947  
8083.1 5809.05  6958.16 4995.41  5988.5 4310.18  
21934.7 15890.3  13662.9 9864.9  8498.87 6152.59  
20838.7 15073.6  13265.2 9662.55  8519.74 6167.62  
57265.8 41495.9  723.419 498.538  10.581 5.48164  
57265.8 41495.9  722.366 496.675  11.5975 7.29216  
39886.8 28648.2  12462.4 9151.02  3892.83 2891.89  
30435.5 22196.2  14281.7 10402.1  6999.35 4975.96  
15599.4 11227.2  11293.5 8103.71  8362.61 6034.47  
30435.5 22196.2  14468.4 10416  6804.82 4940.3  
57265.8 41495.9  723.516 498.075  10.52 5.92435  
15599.4 11227.2  11293.5 8103.71  8362.61 6034.47  
57265.8 41495.9  723.516 498.075  10.4749 5.91947  
41037.8 29787.1  11907.1 8646.39  3583.14 2523.87  
0 0  0 0  0 0  
39886.8 28648.2  12428.7 9088.57  3911.04 2921.87  
15599.4 11227.2  11384.2 8271.77  8282.47 5935.62  
30435.5 22196.2  14566.5 10468  6868.76 4934.75  
21934.7 15890.3  13568.2 9886.76  8534.77 6144.32  
41037.8 29787.1  11974.1 8659.13  3531.13 2516.43  
57265.8 41495.9  722.316 498.291  11.7077 5.69454  
41037.8 29787.1  12008.7 8613.14  3487.14 2547.64  
39886.8 28648.2  12429.5 9134.95  3878.09 2834.26  
8083.1 5809.05  6958.16 4995.41  6004.82 4339.79  
0 0  0 0  0 0  
20838.7 15073.6  13304.7 9611.73  8574.55 6187.67  
39886.8 28648.2  12428.7 9088.57  3915.97 2920.05  
