2 200 3
21934.7 15890.3  13548.2 9861.96  8542.8 6160.03  
21934.7 15890.3  13682.9 9899.01  8491.28 6139.69  
21934.7 15890.3  13644.7 9911.75  8494.28 6095.54  
21934.7 15890.3  13662.9 9864.9  8498.87 6152.59  
21934.7 15890.3  13682.9 9899.01  8420.52 6138.37  
21934.7 15890.3  13568.2 9886.76  8534.77 6144.32  
21934.7 15890.3  13682.9 9899.01  8420.52 6138.37  
21934.7 15890.3  13663.7 9825.5  8462.9 6128.92  
21934.7 15890.3  13644.7 9911.75  8469.77 6127.52  
21934.7 15890.3  13568.2 9775.38  8498.93 6147.74  
21934.7 15890.3  13644 9901.45  8482.26 6146.56  
21934.7 15890.3  13568.2 9775.38  8438.5 6122.01  
21934.7 15890.3  13568.2 9775.38  8498.64 6179.04  
21934.7 15890.3  13624.4 9877.06  8513.47 6147.99  
21934.7 15890.3  13624.9 9827.07  8477.55 6128.31  
21934.7 15890.3  13662.9 9864.9  8403.07 6088.52  
21934.7 15890.3  13568.2 9775.38  8535.23 6192.84  
21934.7 15890.3  13508.9 9822.82  8485.91 6097.64  
21934.7 15890.3  13662.9 9864.9  8499.31 6158.9  
21934.7 15890.3  13624.4 9877.06  8477.44 6140.61  
39886.8 28648.2  12396.4 9072.79  3927.58 2913.74  
39886.8 28648.2  12429.5 9134.95  3915.55 2891.19  
39886.8 28648.2  12428.7 9088.57  3915.97 2920.05  
39886.8 28648.2  12427 9061.41  3885.15 2893.25  
39886.8 28648.2  12462.4 9151.02  3887.39 2870.42  
39886.8 28648.2  12429.5 9134.95  3878.09 2834.26  
39886.8 28648.2  12444.5 9091.93  3879.49 2894.6  
39886.8 28648.2  12460.6 9123.37  3878.92 2893.01  
39886.8 28648.2  12376.2 9004.1  3947.16 2979.76  
39886.8 28648.2  12478.1 9191.65  3877.05 2851.26  
39886.8 28648.2  12444.5 9091.93  3899.64 2910.76  
39886.8 28648.2  12396.4 9072.79  3938.26 2945.74  
39886.8 28648.2  12478.1 9191.65  3866.58 2831.8  
39886.8 28648.2  12428.7 9088.57  3911.04 2921.87  
39886.8 28648.2  12460.6 9123.37  3868.58 2873.31  
39886.8 28648.2  12360.7 9000.8  3947.08 2961.63  
39886.8 28648.2  12375.6 8995.22  3947.57 2985.86  
39886.8 28648.2  12462.4 9151.02  3892.83 2891.89  
39886.8 28648.2  12359 8974.15  3964.1 3013.64  
39886.8 28648.2  12375.6 8995.22  3952.67 2986.97  
41037.8 29787.1  12024.3 8616.37  3500.09 2545.08  
41037.8 29787.1  12023.3 8642.53  3496.36 2528.21  
41037.8 29787.1  12008 8648.05  3501.87 2525.9  
41037.8 29787.1  11873.8 8630.46  3607.12 2527.47  
41037.8 29787.1  11907.1 8646.39  3578.52 2525.46  
41037.8 29787.1  11975.7 8632.64  3505.06 2533.08  
41037.8 29787.1  12023.3 8642.53  3486 2523.55  
41037.8 29787.1  12023.3 8642.53  3491.02 2529.78  
41037.8 29787.1  11974.1 8659.13  3531.13 2516.43  
41037.8 29787.1  11975.7 8632.64  3510.32 2533.81  
41037.8 29787.1  12008.7 8613.14  3497.18 2544.44  
41037.8 29787.1  11974.1 8659.13  3531.13 2516.43  
41037.8 29787.1  12023.3 8642.53  3500.98 2529.16  
41037.8 29787.1  11974.1 8659.13  3521.14 2519.66  
41037.8 29787.1  12024.3 8616.37  3486.22 2542.17  
41037.8 29787.1  11990.2 8662.48  3514.37 2515.66  
41037.8 29787.1  12008.7 8613.14  3487.14 2547.64  
41037.8 29787.1  11989.7 8653.52  3509.69 2515.77  
41037.8 29787.1  11975.7 8632.64  3534.83 2525.91  
41037.8 29787.1  11907.1 8646.39  3583.14 2523.87  
8083.1 5809.05  6958.16 4995.41  5988.5 4310.18  
8083.1 5809.05  6949.64 4998.53  5982.07 4308.14  
8083.1 5809.05  6977.11 5029.67  6001.89 4330.66  
8083.1 5809.05  6922.36 5008.21  5986.23 4328.75  
8083.1 5809.05  6920.01 4947.22  6010.15 4346.49  
8083.1 5809.05  6977.45 5034.73  5952.99 4263.18  
8083.1 5809.05  6958.49 5000.38  6004.49 4334.73  
8083.1 5809.05  6958.16 4995.41  6004.82 4339.79  
8083.1 5809.05  6922.36 5008.21  5993.22 4304.13  
8083.1 5809.05  6920.33 4952.11  5947.19 4293.67  
8083.1 5809.05  6922.36 5008.21  5985.86 4306.81  
8083.1 5809.05  6958.16 4995.41  5980.89 4308.58  
8083.1 5809.05  6950.07 5024  5956.79 4264.65  
8083.1 5809.05  6920.01 4947.22  5962.71 4323.59  
8083.1 5809.05  6931.61 4989.84  6000.76 4338.93  
8083.1 5809.05  6922.36 5008.21  5960.36 4262.61  
8083.1 5809.05  6950.07 5024  5982.38 4326.56  
8083.1 5809.05  6904.4 4974.33  5949.37 4290.61  
8083.1 5809.05  6958.16 4995.41  6004.54 4335.42  
8083.1 5809.05  6949.64 4998.53  5956.57 4263.93  
0 0  0 0  0 0  
0 0  0 0  0 0  
0 0  0 0  0 0  
0 0  0 0  0 0  
0 0  0 0  0 0  
0 0  0 0  0 0  
0 0  0 0  0 0  
0 0  0 0  0 0  
0 0  0 0  0 0  
0 0  0 0  0 0  
0 0  0 0  0 0  
0 0  0 0  0 0  
0 0  0 0  0 0  
0 0  0 0  0 0  
0 0  0 0  0 0  
0 0  0 0  0 0  
0 0  0 0  0 0  
0 0  0 0  0 0  
0 0  0 0  0 0  
0 0  0 0  0 0  
30435.5 22196.2  14281.7 10402.1  6901.62 4947.59  
30435.5 22196.2  14342.7 10412.2  6850.2 4932.94  
30435.5 22196.2  14281.7 10402.1  6999.35 4975.96  
30435.5 22196.2  14485.6 10462.5  6746.76 4890.04  
30435.5 22196.2  14468.4 10416  6804.82 4940.3  
30435.5 22196.2  14525.4 10481.5  6755.65 4896.63  
30435.5 22196.2  14425.6 10428.5  6875.88 4936.85  
30435.5 22196.2  14527.4 10449.4  6822.69 4925.91  
30435.5 22196.2  14566.5 10468  6705.15 4887.15  
30435.5 22196.2  14425.6 10428.5  6865.5 4945.48  
30435.5 22196.2  14566.5 10468  6850.29 4925.94  
30435.5 22196.2  14566.5 10468  6724.65 4885.02  
30435.5 22196.2  14342.7 10412.2  6986.98 4964.25  
30435.5 22196.2  14425.6 10428.5  6836.34 4929.13  
30435.5 22196.2  14485.6 10462.5  6873.03 4935.04  
30435.5 22196.2  14345.3 10379.7  6879.27 4939.25  
30435.5 22196.2  14444.2 10466  6827.97 4894.16  
30435.5 22196.2  14342.7 10412.2  6976.68 4972.57  
30435.5 22196.2  14566.5 10468  6868.76 4934.75  
30435.5 22196.2  14444.2 10466  6797.66 4904.72  
57265.8 41495.9  722.366 496.675  11.6549 7.3136  
57265.8 41495.9  724.564 495.568  9.45782 8.41875  
57265.8 41495.9  723.516 498.075  10.5042 5.9294  
57265.8 41495.9  725.618 497.403  8.41039 6.55367  
57265.8 41495.9  725.722 495.36  8.32923 8.57229  
57265.8 41495.9  723.419 498.538  10.6143 5.47422  
57265.8 41495.9  723.419 498.538  10.581 5.48164  
57265.8 41495.9  725.618 497.403  8.44373 6.58715  
57265.8 41495.9  723.516 498.075  10.4749 5.91947  
57265.8 41495.9  725.618 497.403  8.44524 6.56675  
57265.8 41495.9  723.516 498.075  10.52 5.92435  
57265.8 41495.9  725.629 495.807  8.39553 8.17878  
57265.8 41495.9  719.305 495.038  14.682 8.89329  
57265.8 41495.9  725.522 497.858  8.52543 6.11664  
57265.8 41495.9  724.564 495.568  9.48774 8.36384  
57265.8 41495.9  722.366 496.675  11.5975 7.29216  
57265.8 41495.9  724.564 495.568  9.44133 8.41356  
57265.8 41495.9  722.316 498.291  11.7077 5.69454  
57265.8 41495.9  722.366 496.675  11.6009 7.26177  
57265.8 41495.9  722.316 498.291  11.5972 5.68298  
15599.4 11227.2  11384.2 8271.77  8327.61 6048.29  
15599.4 11227.2  11385.4 8238.57  8327.29 6057.21  
15599.4 11227.2  11384.2 8271.77  8282.47 5935.62  
15599.4 11227.2  11322.5 8117.69  8345.07 6065.26  
15599.4 11227.2  11355.2 8182.55  8314.13 6006.76  
15599.4 11227.2  11398.7 8191.69  8357.15 6082.97  
15599.4 11227.2  11384.7 8196.8  8273.62 5984.31  
15599.4 11227.2  11415.5 8253.08  8265.42 5969.4  
15599.4 11227.2  11384.2 8271.77  8350.03 6059.09  
15599.4 11227.2  11430.3 8256.18  8280.57 5941.92  
15599.4 11227.2  11336.7 8120.68  8319.09 6023.22  
15599.4 11227.2  11415.5 8253.08  8319.59 5998.45  
15599.4 11227.2  11385.4 8238.57  8361.01 6045.8  
15599.4 11227.2  11293.5 8103.71  8362.61 6034.47  
15599.4 11227.2  11293.5 8103.71  8317.1 5982.14  
15599.4 11227.2  11430.3 8256.18  8280.57 5941.92  
15599.4 11227.2  11340 8212.67  8350.49 6011.45  
15599.4 11227.2  11429.7 8247.87  8348.78 6067.84  
15599.4 11227.2  11336.7 8120.68  8286.43 6004.49  
15599.4 11227.2  11429.9 8289.69  8283.1 6000.31  
20838.7 15073.6  13319.5 9683.82  8536.01 6154.97  
20838.7 15073.6  13304.7 9611.73  8574.55 6187.67  
20838.7 15073.6  13265.2 9662.55  8564.89 6208.77  
20838.7 15073.6  13319.5 9683.82  8535.09 6179.77  
20838.7 15073.6  13356.7 9671.36  8545.2 6170.25  
20838.7 15073.6  13265.2 9662.55  8554.48 6187.36  
20838.7 15073.6  13265.2 9662.55  8519.74 6167.62  
20838.7 15073.6  13265.2 9662.55  8564.89 6208.77  
20838.7 15073.6  13301.6 9680.07  8564.98 6167.13  
20838.7 15073.6  13249.3 9619.7  8535.57 6210.48  
20838.7 15073.6  13339.1 9667.68  8561.88 6192.63  
20838.7 15073.6  13356.7 9671.36  8522.17 6128.17  
20838.7 15073.6  13249.3 9619.7  8559.03 6221.76  
20838.7 15073.6  13301.6 9680.07  8516.95 6188.84  
20838.7 15073.6  13304.7 9611.73  8574.55 6187.67  
20838.7 15073.6  13303.9 9562.99  8540.64 6223.04  
20838.7 15073.6  13356.5 9622.58  8555.92 6183.77  
20838.7 15073.6  13356.7 9671.36  8532.1 6205.6  
20838.7 15073.6  13265.2 9662.55  8529.92 6195.11  
20838.7 15073.6  13265.2 9662.55  8554.48 6187.36  
1735.15 1258.23  1673.7 1218.35  1628.13 1180.38  
1735.15 1258.23  1685.31 1214.53  1632.62 1182.66  
1735.15 1258.23  1680.55 1221.03  1634.91 1182.92  
1735.15 1258.23  1680.47 1219.77  1623.71 1181.88  
1735.15 1258.23  1680.47 1219.77  1632.53 1178.88  
1735.15 1258.23  1685.25 1219.46  1634.75 1177  
1735.15 1258.23  1680.47 1219.77  1619.08 1182.28  
1735.15 1258.23  1678.05 1216.76  1630.35 1183.34  
1735.15 1258.23  1668.92 1218.76  1635.18 1181.78  
1735.15 1258.23  1683.03 1219  1634.9 1178.2  
1735.15 1258.23  1685.23 1213.31  1621.16 1182.93  
1735.15 1258.23  1673.7 1218.35  1628.37 1184.06  
1735.15 1258.23  1678.05 1216.76  1634.99 1183.04  
1735.15 1258.23  1685.31 1214.53  1634.77 1183.11  
1735.15 1258.23  1678.52 1216.83  1621.28 1181.58  
1735.15 1258.23  1678.3 1220.56  1635.04 1178.15  
1735.15 1258.23  1671.13 1217.96  1635.12 1181.8  
1735.15 1258.23  1685.23 1213.31  1630.22 1184.67  
1735.15 1258.23  1678.05 1216.76  1621.29 1181.58  
1735.15 1258.23  1678.52 1216.83  1628.23 1184.11  
