2 33 5
10035 10900.2  7947.44 8606.66  6220 6789.87  4930.78 5385.5  3923.66 4238.31  
10543.8 11390.5  8208.58 8870.13  6414.13 6963  4988.81 5389.18  3896.12 4242.01  
31535.9 34268.2  10814.1 11603.6  3725.21 4014.92  1263.04 1389.07  435.772 474.517  
31535.9 34268.2  10831.8 11670  3691.62 3996.14  1277.98 1353.49  433.083 466.91  
10035 10900.2  7947.44 8606.66  6220 6789.87  4930.78 5385.5  3923.66 4238.31  
31535.9 34268.2  10842 11651.9  3698.78 4001.4  1262.06 1366.22  431.039 469.012  
29179 31570.5  11415 12411.2  4487.67 4814.38  1773.07 1926.16  696.378 777.196  
0 0  0 0  0 0  0 0  0 0  
29179 31570.5  11415 12411.2  4503.29 4877.3  1758.42 1913.76  693.183 747.734  
31535.9 34268.2  10803.9 11688.2  3714.24 3983.73  1276.95 1353.98  439.415 461.918  
0 0  0 0  0 0  0 0  0 0  
28290.3 30484.1  11559.4 12660.3  4793.49 5210.08  1968.71 2116.71  816.736 888.908  
10543.8 11390.5  8193.09 8922.82  6423.51 6940.64  5008.81 5428.8  3911.39 4200.32  
10035 10900.2  7926.93 8620.08  6223.82 6805.35  4990.02 5352.72  3945.18 4255.1  
10035 10900.2  7846.6 8601.09  6310.76 6794.97  4932.87 5385.6  3954.86 4248.2  
18215.8 19561.7  11250.4 12131.1  7009.75 7570.97  4367.01 4769.55  2709.17 3005.57  
10035 10900.2  7875.23 8610.65  6234.53 6807.32  4985.57 5347.43  3909.73 4260.59  
18032.4 19722.3  11322.5 12215.7  6945.96 7578.06  4375.24 4727.44  2745.85 2940.8  
29179 31570.5  11401.8 12447.5  4503.96 4827.64  1774.37 1915.79  692.606 749.12  
10035 10900.2  7964.6 8567.8  6200.48 6808.09  4963.59 5395.74  3932.04 4257.47  
24648.9 26940.4  11825.8 12846.8  5947.66 6316.13  2824.54 3022.85  1412.44 1491.05  
0 0  0 0  0 0  0 0  0 0  
31535.9 34268.2  10855.3 11617.3  3656.51 4026.13  1281.07 1376.6  442.01 466.389  
31535.9 34268.2  10855.3 11617.3  3656.51 4026.13  1281.07 1376.6  442.01 466.389  
0 0  0 0  0 0  0 0  0 0  
18032.4 19722.3  11143.3 12189.5  7103.93 7624.63  4325.66 4689.98  2801.04 2945.65  
10543.8 11390.5  8232.03 8868.7  6404.51 6932.97  4982.35 5428.08  3920.23 4232.31  
10035 10900.2  7947.44 8606.66  6220 6789.87  4930.78 5385.5  3923.66 4238.31  
24648.9 26940.4  11972.3 12946.9  5843.2 6274.91  2861.94 3031.81  1353.96 1438.44  
24648.9 26940.4  11825.8 12846.8  5947.66 6316.13  2824.54 3022.85  1412.44 1491.05  
29179 31570.5  11401.8 12447.5  4503.96 4827.64  1774.37 1915.79  692.606 749.12  
10543.8 11390.5  8183.69 8833.13  6391.24 6952.83  4999.22 5399.42  3911.47 4267.91  
29179 31570.5  11425.7 12356.1  4485.28 4918.6  1771.24 1910.52  690.085 747.113  
