2 100 5
18215.8 19561.7  11250.4 12131.1  7009.75 7570.97  4367.01 4769.55  2709.17 3005.57  
18215.8 19561.7  11250.4 12131.1  7023.34 7604.91  4361.86 4756.85  2705.69 2975.76  
18215.8 19561.7  11283.9 12129.6  6997.09 7571.51  4361.64 4805.08  2708.37 3005.35  
18215.8 19561.7  11293.2 12237.5  7012.54 7653.84  4345 4733.64  2702.56 2921.53  
18215.8 19561.7  11286.6 12148.1  7020.31 7642.34  4344.53 4771.69  2699.96 2971.44  
18215.8 19561.7  11283.9 12129.6  7002.98 7661.94  4356.27 4749.69  2707.52 2987.71  
18215.8 19561.7  11250.4 12131.1  7027.43 7660.96  4360.31 4735.88  2712.76 2983.84  
18215.8 19561.7  11303.9 12218.1  7006.85 7650.06  4346.79 4700.23  2702.21 2968.91  
18215.8 19561.7  11274.3 12238.2  7005.83 7565.64  4337.35 4689.76  2707.04 2970.96  
18215.8 19561.7  11293.2 12237.5  7010.92 7642.73  4357 4730  2704.04 2952.8  
10543.8 11390.5  8191.22 8910.12  6425.41 6953.52  5005.31 5405.1  3914.93 4224.25  
10543.8 11390.5  8208.58 8870.13  6414.13 6963  4988.81 5389.18  3896.12 4242.01  
10543.8 11390.5  8222.28 8869.61  6417.11 6952.29  5013.43 5405.29  3908.14 4233.3  
10543.8 11390.5  8193.09 8922.82  6419.21 6889.95  4995.67 5440.63  3917.83 4239.74  
10543.8 11390.5  8183.69 8833.13  6391.24 6952.83  4999.22 5399.42  3911.47 4267.91  
10543.8 11390.5  8223.88 8908.03  6406.3 6924.38  5011.67 5435.05  3914.26 4217.8  
10543.8 11390.5  8216.46 8830.13  6395.84 6982.64  5006.26 5416.2  3897.28 4258.77  
10543.8 11390.5  8193.09 8922.82  6423.51 6940.64  5008.81 5428.8  3911.39 4200.32  
10543.8 11390.5  8193.09 8922.82  6400.94 6962.28  5019.6 5423.5  3902.83 4240.84  
10543.8 11390.5  8232.03 8868.7  6404.51 6932.97  4982.35 5428.08  3920.23 4232.31  
31535.9 34268.2  10803.9 11688.2  3714.24 3983.73  1276.95 1353.98  439.415 461.918  
31535.9 34268.2  10814.1 11603.6  3725.21 4014.92  1263.04 1389.07  435.772 474.517  
31535.9 34268.2  10831.8 11670  3691.62 3996.14  1277.98 1353.49  433.083 466.91  
31535.9 34268.2  10791.4 11689.4  3722.41 3982.99  1279.46 1355.61  438.419 461.458  
31535.9 34268.2  10855.3 11617.3  3679.7 4024.75  1271.9 1369.12  427.935 474.579  
31535.9 34268.2  10801.4 11671.6  3691.57 3990.33  1297.98 1360.16  437.184 466.807  
31535.9 34268.2  10855.3 11617.3  3656.51 4026.13  1281.07 1376.6  442.01 466.389  
31535.9 34268.2  10855.3 11617.3  3698.05 4005.94  1241.12 1386.89  438.887 475.771  
31535.9 34268.2  10842 11651.9  3703.1 4000.99  1263.66 1366.07  431.107 469.149  
31535.9 34268.2  10842 11651.9  3698.78 4001.4  1262.06 1366.22  431.039 469.012  
10035 10900.2  7926.93 8620.08  6223.82 6805.35  4990.02 5352.72  3945.18 4255.1  
10035 10900.2  7964.6 8567.8  6293.72 6781.7  4912.32 5380.87  3942.83 4246.25  
10035 10900.2  7964.6 8567.8  6269.87 6773.73  4973.45 5393.45  3915.51 4265.14  
10035 10900.2  7964.6 8567.8  6200.48 6808.09  4963.59 5395.74  3932.04 4257.47  
10035 10900.2  7926.93 8620.08  6208.25 6797.14  4957.23 5380.46  3955.31 4251.02  
10035 10900.2  7955.16 8568.67  6265.92 6822.92  4951.92 5392.45  3937.66 4235.51  
10035 10900.2  7875.23 8610.65  6234.53 6807.32  4985.57 5347.43  3909.73 4260.59  
10035 10900.2  7846.6 8601.09  6310.76 6794.97  4932.87 5385.6  3954.86 4248.2  
10035 10900.2  7947.44 8606.66  6220 6789.87  4930.78 5385.5  3923.66 4238.31  
10035 10900.2  7866.28 8611.48  6220.77 6798.93  4965.83 5358.85  3918.51 4259.77  
8151.43 8793.9  6759.4 7292.02  5592.9 6097.69  4655.8 4995.95  3867.45 4158.82  
8151.43 8793.9  6765.82 7280.45  5617.06 6053.64  4637.06 5072.34  3872.36 4185.49  
8151.43 8793.9  6760.72 7323.61  5602.59 6012.38  4645.77 5057.27  3871.04 4150.79  
8151.43 8793.9  6735.41 7335.77  5617.98 6080.17  4651.77 5021.34  3868.41 4180.55  
8151.43 8793.9  6759.4 7292.02  5607.37 6088.19  4666.09 5025.8  3870.02 4197.6  
8151.43 8793.9  6747.35 7239.52  5593.66 6097.91  4665.85 5055.5  3860.88 4201.09  
8151.43 8793.9  6733.87 7325.32  5607.14 6012.1  4658.25 5041.31  3862.1 4215.32  
8151.43 8793.9  6754.61 7259.57  5592.43 6094.5  4647.38 5061.22  3866.59 4178.67  
8151.43 8793.9  6748.13 7292.45  5604.73 6017.6  4668.45 5037.61  3857.49 4214.58  
8151.43 8793.9  6735.41 7335.77  5622.22 6044.34  4660.52 4997.03  3866.2 4190.68  
0 0  0 0  0 0  0 0  0 0  
0 0  0 0  0 0  0 0  0 0  
0 0  0 0  0 0  0 0  0 0  
0 0  0 0  0 0  0 0  0 0  
0 0  0 0  0 0  0 0  0 0  
0 0  0 0  0 0  0 0  0 0  
0 0  0 0  0 0  0 0  0 0  
0 0  0 0  0 0  0 0  0 0  
0 0  0 0  0 0  0 0  0 0  
0 0  0 0  0 0  0 0  0 0  
29179 31570.5  11401.8 12447.5  4503.96 4827.64  1774.37 1915.79  692.606 749.12  
29179 31570.5  11455.2 12407.6  4463.38 4816.62  1746.91 1945.58  701.44 761.878  
29179 31570.5  11369.6 12378.9  4515.16 4833.79  1787.14 1953.7  696.917 767.361  
29179 31570.5  11372.9 12432.2  4499.25 4845.79  1786.86 1892.26  699.369 764.351  
29179 31570.5  11379.5 12323.1  4478.89 4920.37  1803.6 1937.79  705.465 755.896  
29179 31570.5  11415 12411.2  4487.67 4814.38  1773.07 1926.16  696.378 777.196  
29179 31570.5  11425.7 12356.1  4485.28 4918.6  1771.24 1910.52  690.085 747.113  
29179 31570.5  11415 12411.2  4503.29 4877.3  1758.42 1913.76  693.183 747.734  
29179 31570.5  11455.6 12371.9  4467.13 4908.95  1762.35 1915.25  686.203 747.362  
29179 31570.5  11404.7 12266.6  4505.9 4907.54  1771.39 1977.05  688.24 777.898  
28290.3 30484.1  11562 12678.3  4793.19 5153.37  1975.19 2167.28  812.773 887.054  
28290.3 30484.1  11562 12678.3  4791.92 5199.44  1968.1 2112.41  813.834 897.741  
28290.3 30484.1  11559.4 12660.3  4793.49 5210.08  1968.71 2116.71  816.736 888.908  
28290.3 30484.1  11548.7 12550.7  4801.66 5212.7  1976.52 2181.74  810.969 911.925  
28290.3 30484.1  11596.5 12510.4  4758.25 5298.92  1967.6 2180.97  816.697 896.131  
28290.3 30484.1  11559.4 12660.3  4794.24 5141.24  1978.1 2175.36  811.204 904.031  
28290.3 30484.1  11562 12678.3  4793.84 5138.59  1966.95 2147.68  815.687 912.66  
28290.3 30484.1  11605.5 12657.2  4768.27 5150.79  1962.3 2152.54  808.023 902.878  
28290.3 30484.1  11596.5 12510.4  4764.31 5212.67  1973.37 2217.9  809.304 915.627  
28290.3 30484.1  11559.4 12660.3  4793.49 5210.08  1972.89 2135.43  815.514 883.098  
24648.9 26940.4  11825.8 12846.8  5864.37 6311.25  2875.15 3037.39  1410.68 1468.26  
24648.9 26940.4  11980.4 13001.6  5775.32 6206.11  2843.79 3024.4  1422.53 1468.47  
24648.9 26940.4  11991.3 12982.1  5866.35 6273.04  2839.47 3010.24  1361.57 1449.74  
24648.9 26940.4  11879.2 12932.3  5835.85 6258.37  2913.14 3043.64  1400.9 1455.17  
24648.9 26940.4  11825.8 12846.8  5947.66 6316.13  2824.54 3022.85  1412.44 1491.05  
24648.9 26940.4  11936.9 12894.9  5901.25 6317.69  2836.45 3011.54  1383.43 1470.5  
24648.9 26940.4  11972.3 12946.9  5843.2 6274.91  2861.94 3031.81  1353.96 1438.44  
24648.9 26940.4  11980.4 13001.6  5833.69 6256.01  2817.3 2998.33  1390.22 1442.7  
24648.9 26940.4  11825.8 12846.8  5913.06 6336.34  2882.57 3048.57  1401.67 1465  
24648.9 26940.4  12050.6 12960.2  5748.71 6244.04  2819.72 3013.63  1403.2 1474.21  
18032.4 19722.3  11280.7 12236.2  7014.18 7597.83  4393.89 4717.28  2731.5 2925.02  
18032.4 19722.3  11309.3 12251.3  6930.12 7563.6  4401.18 4718.12  2758.03 2935.96  
18032.4 19722.3  11103.2 12176.2  7127.29 7628.95  4349.42 4693.24  2780.86 2949.06  
18032.4 19722.3  11322.5 12215.7  6933.07 7576.35  4391.09 4733.82  2712.88 2916.89  
18032.4 19722.3  11105.4 12145.7  7118.22 7641.23  4448.53 4733.12  2709.64 2929.9  
18032.4 19722.3  11309.3 12251.3  7041.31 7601.19  4355.75 4698.26  2724.9 2925.26  
18032.4 19722.3  11280.7 12236.2  6924.88 7541.33  4373.58 4720.61  2791.47 2944.2  
18032.4 19722.3  11060.5 12146.1  7143.39 7640.39  4410.43 4735.93  2774.93 2943.59  
18032.4 19722.3  11143.3 12189.5  7103.93 7624.63  4325.66 4689.98  2801.04 2945.65  
18032.4 19722.3  11322.5 12215.7  6945.96 7578.06  4375.24 4727.44  2745.85 2940.8  
