1 50 50 4
500 200
2200 
1518.23 322.98 1
0.0690567 1 10
461.253
460.7
464.437
461.008
460.843
461.59
463.388
463.738
463.57
463.507
461.117
461.225
462.145
460.687
461.299
461.997
462.246
463.875
461.174
462.442
461.969
460.979
462.513
462.319
460.839
461.294
460.683
460.733
462.474
461.636
461.453
461.456
461.479
462.136
462.844
460.873
463.166
461.846
462.392
462.292
463.544
460.794
460.696
462.73
460.865
463.713
461.401
461.616
461.322
461.028
44.5491 -0.26398
45.1061 0.85583
46.9892 -0.97508
45.2655 -0.27781
45.581 0.55651
45.6243 -0.73218
43.6884 -0.99228
46.4159 -1.49036
46.8892 -0.40546
46.8239 -0.54485
45.0711 -0.43421
45.8926 1.06574
46.4037 -0.03208
45.0457 0.72651
45.737 -0.29344
45.479 -1.14229
45.0034 -1.36113
43.6725 -1.30371
44.3385 0.61483
43.6649 0.9779
43.861 0.45573
44.6848 1.21736
45.8814 -1.25883
45.4849 -1.35797
45.5777 0.6187
44.45 -0.17516
45.1978 0.69318
45.3734 0.75293
46.1151 -0.99526
44.3297 1.67196
45.5687 1.86936
44.1859 1.03431
45.7842 1.69397
46.476 0.53217
43.8365 2.04556
45.5796 0.32741
43.4238 1.24905
43.9214 0.48951
46.5898 0.56127
46.0725 -0.9004
46.2737 -1.5387
44.7456 0.56876
44.9705 0.58399
43.6665 1.53321
44.699 0.9368
43.697 -1.2357
46.0666 0.83329
46.0476 -0.20124
45.4553 1.80425
44.9565 -0.29326
44.6779 1.32363
