1 50 4
59805.2  24020.3  9675.97  3879.8  
59805.2  23998  9624.82  3917.99  
29826.4  20926  14718.8  10319.7  
17872.9  14640.5  12039.7  9908.13  
46713.8  24741.5  13299.1  7099.3  
45885.5  24830.4  13385.5  7277.34  
59805.2  24056.4  9593.98  3888.75  
82629.4  14308.2  2530.21  437.586  
82629.4  14343.9  2505.75  428.392  
29826.4  20721  14602  10317.3  
37921.3  23530.9  14593.4  9084.05  
29826.4  20784.7  14628.1  10290.8  
46713.8  24741.5  13299.1  7099.3  
37890.2  23542.7  14562.8  9034.13  
37890.2  23499.5  14597.2  9106.28  
43818.1  24431.1  13855.1  7819.95  
59805.2  24048.4  9594.49  3896.77  
45885.5  24830.4  13402.1  7238.73  
59805.2  24067.5  9628.64  3863.26  
45885.5  24821.9  13345.7  7317.13  
59805.2  24012.3  9665.93  3898.37  
17872.9  14675.8  11933.6  9904.36  
45846.1  24848.5  13369.5  7280.29  
29826.4  20973.2  14620  10210.6  
17872.9  14530.2  12118.8  9889.73  
43818.1  24431.1  13855.1  7819.95  
29826.4  20766.5  14713.9  10345.4  
17872.9  14530.2  12034.1  9891.67  
59805.2  24056.4  9663.16  3872.31  
29826.4  20766.5  14713.9  10345.4  
46713.8  24767.2  13370.2  7054.24  
82629.4  14352.6  2493.92  433.028  
37890.2  23485.6  14542.5  9111.35  
17872.9  14530.2  12118.8  9889.73  
46713.8  24932.6  13178.3  7030.47  
37890.2  23485.6  14542.5  9111.35  
29826.4  20766.5  14727  10374.2  
37921.3  23522.8  14587.8  9049.58  
45846.1  24817.5  13378.5  7308.86  
37890.2  23485.6  14542.5  9111.35  
82629.4  14352.6  2493.92  433.028  
46713.8  24885.9  13263.3  7048.68  
45846.1  24751.3  13480.4  7286.77  
59805.2  24009  9617.5  3921.37  
46713.8  24688.1  13311.8  7115.21  
29826.4  20973.2  14620  10210.6  
37890.2  23485.6  14542.5  9111.35  
82629.4  14381.1  2460.7  436.078  
29826.4  20766.5  14727  10374.2  
82629.4  14343.9  2505.75  428.392  
