1 150 4
37890.2  23385.4  14656.3  9100.73  
37890.2  23340.8  14603.8  9163.96  
37890.2  23553.5  14489.4  9126.71  
37890.2  23424.1  14657.1  9085.89  
37890.2  23496.4  14510.6  9100.88  
37890.2  23481.7  14606.5  9088.64  
37890.2  23499.5  14628.6  9076.6  
37890.2  23375.9  14670.5  9107.54  
37890.2  23499.5  14597.2  9106.28  
37890.2  23499.5  14599.7  9097.04  
37890.2  23507.4  14638.9  9066.65  
37890.2  23452.6  14527  9111.21  
37890.2  23396.6  14669.3  9113.78  
37890.2  23485.6  14542.5  9111.35  
37890.2  23542.7  14562.8  9034.13  
46713.8  24932.6  13178.3  7030.47  
46713.8  24935.9  13297.3  7006.93  
46713.8  24688.1  13311.8  7115.21  
46713.8  24932.6  13210  7085.48  
46713.8  24932.6  13198.2  7108.43  
46713.8  24885.9  13263.3  7048.68  
46713.8  24993.3  13238.2  7030.78  
46713.8  24767.2  13370.2  7054.24  
46713.8  24981.7  13243.5  7010.57  
46713.8  24741.5  13253.3  7141.18  
46713.8  24932.6  13225.7  7078.19  
46713.8  24993.3  13197.4  7008.84  
46713.8  24932.6  13164.8  7107.63  
46713.8  24741.5  13299.1  7099.3  
46713.8  24885.9  13290.1  7069.86  
37921.3  23441  14571.8  9110.99  
37921.3  23428.7  14614.9  9088.44  
37921.3  23428.7  14614.9  9093.82  
37921.3  23495.8  14567.9  9086.21  
37921.3  23522.8  14576.6  9072.65  
37921.3  23439.1  14634.6  9085.6  
37921.3  23512.2  14618.6  9074.28  
37921.3  23520.2  14542.1  9096.17  
37921.3  23530.9  14593.4  9084.05  
37921.3  23441  14607.6  9084.91  
37921.3  23522.8  14587.8  9049.58  
37921.3  23469.9  14607.8  9093.45  
37921.3  23541.7  14550.4  9096.25  
37921.3  23541.7  14614.1  9045.97  
37921.3  23428.7  14657  9081.01  
59805.2  24067.5  9628.64  3863.26  
59805.2  23849.8  9779.36  3904.93  
59805.2  24067.5  9652.07  3867.69  
59805.2  23998  9624.82  3917.99  
59805.2  23884.2  9724.13  3915.23  
59805.2  24012.3  9665.93  3898.37  
59805.2  24048.4  9594.49  3896.77  
59805.2  24045.6  9669.65  3876.2  
59805.2  24048.4  9580.7  3928.24  
59805.2  24009  9617.5  3921.37  
59805.2  24056.4  9663.16  3872.31  
59805.2  24056.4  9593.98  3888.75  
59805.2  24020.3  9675.97  3879.8  
59805.2  23895.4  9759.56  3898.87  
59805.2  24009  9621.92  3927.22  
17872.9  14640.5  11910.7  9931.14  
17872.9  14651.5  11908.9  9844.18  
17872.9  14640.5  12111.7  9927.65  
17872.9  14640.5  12039.7  9940.57  
17872.9  14530.2  11930.1  9861.85  
17872.9  14654.4  12120.3  9854.28  
17872.9  14530.2  12118.8  9889.73  
17872.9  14710.1  12075.3  9941.13  
17872.9  14530.2  12034.1  9891.67  
17872.9  14675.8  11933.6  9904.36  
17872.9  14640.5  12039.7  9908.13  
17872.9  14654.4  11999.4  9814.33  
17872.9  14530.2  12061.6  9899.9  
17872.9  14752.7  12067.7  9906.19  
17872.9  14530.2  12050.1  9840.62  
82629.4  14352.6  2493.92  430.761  
82629.4  14354.5  2472.69  449.008  
82629.4  14308.2  2530.21  437.586  
82629.4  14278.4  2559.95  439.997  
82629.4  14256.9  2552.63  462.092  
82629.4  14278.4  2561.26  438.462  
82629.4  14381.1  2458.27  437.533  
82629.4  14359.5  2483.07  433.926  
82629.4  14278.4  2553.38  446.105  
82629.4  14354.5  2482.54  438.527  
82629.4  14352.6  2493.92  433.028  
82629.4  14381.1  2460.7  436.078  
82629.4  14388  2470.48  420.344  
82629.4  14278.4  2559.95  436.352  
82629.4  14343.9  2505.75  428.392  
29826.4  20721  14602  10317.3  
29826.4  20784.7  14628.1  10290.8  
29826.4  20766.5  14727  10374.2  
29826.4  20898.8  14590  10269.7  
29826.4  20721  14646.9  10276.8  
29826.4  20917.3  14636.6  10314.6  
29826.4  20766.5  14713.9  10345.4  
29826.4  20721  14780  10362.6  
29826.4  20721  14780  10339.3  
29826.4  20721  14746.7  10247.5  
29826.4  20766.5  14588.6  10382.7  
29826.4  20926  14718.8  10319.7  
29826.4  20973.2  14620  10210.6  
29826.4  20721  14793.4  10368  
29826.4  20871  14596.3  10372.8  
45846.1  24839.8  13444.6  7281.7  
45846.1  24817.5  13378.5  7308.86  
45846.1  24837.2  13435.2  7258.64  
45846.1  24751.3  13474.4  7279.8  
45846.1  24803  13442.9  7296.85  
45846.1  24848.5  13369.5  7280.29  
45846.1  24740.3  13502.6  7268.81  
45846.1  24828.6  13445  7267.6  
45846.1  24828.6  13373.4  7290.67  
45846.1  24751.3  13486.5  7293.84  
45846.1  24817.5  13408.2  7273.33  
45846.1  24751.3  13480.4  7286.77  
45846.1  24859.9  13447.7  7268.53  
45846.1  24839.8  13446  7277.73  
45846.1  24817.5  13383.7  7317.26  
43818.1  24669.5  13794.8  7704.5  
43818.1  24638.5  13844.4  7688.54  
43818.1  24638.5  13790.1  7795.5  
43818.1  24431.1  13855.1  7819.95  
43818.1  24395.3  13933.5  7801.3  
43818.1  24540  13882.6  7788.22  
43818.1  24649.6  13754.7  7788.3  
43818.1  24613.1  13775.8  7775.24  
43818.1  24507.3  13865.7  7782.06  
43818.1  24638.5  13759.5  7805.33  
43818.1  24649.6  13760  7762.76  
43818.1  24540  13870.1  7719.84  
43818.1  24540  13826.9  7770.88  
43818.1  24516.6  13831.2  7746.96  
43818.1  24613.1  13861.9  7726.85  
45885.5  24784.9  13437.7  7273.08  
45885.5  24705.3  13398.5  7327.35  
45885.5  24819.1  13415.8  7267.47  
45885.5  24810.7  13446  7267.31  
45885.5  24821.9  13345.7  7317.13  
45885.5  24841.8  13437.9  7254.89  
45885.5  24819.1  13417.5  7272.13  
45885.5  24830.4  13402.1  7238.73  
45885.5  24841.8  13407.1  7274.12  
45885.5  24821.9  13447  7274.03  
45885.5  24819.1  13415.8  7237.52  
45885.5  24830.4  13385.5  7277.34  
45885.5  24770.2  13431.8  7282.57  
45885.5  24705.3  13477.7  7304.25  
45885.5  24819.1  13346.9  7308.93  
