1 50 50 5
500 200
2200 
1518.23 322.98 1
0.0690567 1 10
433.669
435.963
435.881
433.669
437.913
436.193
433.943
440.554
441.629
439.144
433.829
439.546
439.429
433.778
434.132
433.655
434.655
435.38
438.222
435.299
433.993
439.712
437.037
440.39
438.145
435.995
441.462
435.92
441.391
433.956
436.336
436.98
439.14
437.307
442.288
439.633
433.764
434.049
439.333
434.513
435.682
440.33
434.601
438.065
437.343
441.908
434.632
434.061
441.173
438.307
43.5666 -0.26404
45.415 -1.06645
45.3537 -1.2215
43.9295 -0.63161
46.0688 -0.79189
45.4793 0.14394
43.4301 0.27895
46.194 1.86784
46.8317 -1.69259
46.3246 0.33193
43.676 0.18634
46.4122 0.39659
46.2026 1.12482
43.896 0.03489
44.2342 0.33829
43.5205 -0.46786
44.6489 0.42535
44.9555 0.68109
46.158 -0.38268
44.6708 1.04531
43.9913 -1.40213
46.5271 -0.45716
45.3385 1.36193
46.346 1.41233
46.0527 -1.43222
44.6163 1.58092
46.8791 -1.095
44.1297 1.81133
46.8796 -0.89387
43.8773 -1.4055
45.5349 -1.17384
45.5376 0.91179
45.8292 1.79443
45.7983 -1.46937
47.0204 -1.32186
46.445 0.32209
44.0676 -0.83475
44.1869 0.2658
46.2157 1.00513
44.0542 0.89313
45.3373 -0.2438
46.5858 0.44943
44.78 -1.02577
45.9562 0.70061
45.7873 0.51312
46.9622 0.12277
44.1412 0.9522
43.7357 -1.56905
46.4535 1.62846
46.0577 0.57063
46.1088 -0.10481
