1 18 5
37715.2  23365.5  14516.7  9201.03  5656.74  
37715.2  23554.5  14646.6  8990.21  5674.25  
37715.2  23608.5  14626.3  9094.96  5622.43  
37715.2  23417.2  14721.3  9013.59  5689.77  
37715.2  23180.3  14615.5  9207.76  5774.2  
37715.2  23180.3  14779.5  9146.28  5736.3  
55686.6  24571.1  10946.1  4900.47  2169.29  
55686.6  24555.1  11011  4860.44  2153.52  
55686.6  24571.1  10970  4850.45  2184.92  
55686.6  24696  10870.1  4882.97  2158.51  
55686.6  24630.2  10939.9  4872.47  2140.19  
55686.6  24624  10943.6  4870.78  2162.89  
27844.8  20005  14554.3  10500.2  7489.65  
27844.8  19989.4  14560.5  10496.3  7510.9  
27844.8  19992.1  14527.1  10456.8  7567.76  
27844.8  20106.5  14409.7  10504.4  7556.35  
27844.8  19976.3  14466.5  10500.6  7539.32  
27844.8  20047.8  14553.2  10403.6  7577.25  
