5 18 4
22116.5 11062.9 18420.1 10997.3 18484.5  13884.7 6996.73 11525.5 6882.65 11624.6  8810.45 4389.63 7364.21 4421.87 7350.88  5590.28 2755.65 4687.92 2838.32 4610.24  
22116.5 11062.9 18420.1 10997.3 18484.5  13980 6969.59 11660.9 6991.4 11638.6  8828.9 4415.53 7342.5 4416.73 7317.22  5548.48 2756.11 4645.92 2800.13 4617.42  
22116.5 11062.9 18420.1 10997.3 18484.5  13907.9 6961.84 11596.5 6932.95 11646.9  8847.55 4407.36 7378.9 4440.64 7337.45  5547 2762.56 4637.07 2793.38 4616.5  
22116.5 11062.9 18420.1 10997.3 18484.5  13832.2 6958.33 11513.6 6867.29 11629  8853.25 4393.78 7400.85 4457.07 7340.26  5570.17 2802.43 4622.44 2781.03 4627.69  
22116.5 11062.9 18420.1 10997.3 18484.5  13945 6946.1 11647.3 6979.31 11632.6  8773.65 4430.33 7274.67 4354.78 7333.85  5581.5 2789.06 4653.7 2802.77 4640.02  
22116.5 11062.9 18420.1 10997.3 18484.5  13868.3 6982.62 11527.7 6879.8 11635.2  8870.13 4410.72 7391.61 4457.76 7318.48  5529.78 2771.9 4615.89 2770.05 4635.22  
13743.4 6894.63 11421.4 6817.13 11478  10623 5296.42 8853.48 5304.13 8835.45  8132.03 4069.82 6785.22 4054.78 6819.8  6265.7 3155.49 5204.33 3112.43 5243.05  
13743.4 6894.63 11421.4 6817.13 11478  10592.9 5311.76 8801.25 5264.09 8825.64  8115.75 4078.46 6756.81 4032.71 6815.23  6276.27 3149.98 5222.62 3126.42 5246.33  
13743.4 6894.63 11421.4 6817.13 11478  10538.7 5306.65 8752.25 5219.57 8832.59  8181.47 4089.54 6815.2 4082.83 6817.87  6316.69 3136.4 5281.84 3174.53 5250.49  
13743.4 6894.63 11421.4 6817.13 11478  10526.3 5295.96 8753.92 5217.42 8840.69  8182.33 4094.25 6804.14 4079.39 6800.18  6276.27 3149.98 5222.62 3126.42 5246.33  
13743.4 6894.63 11421.4 6817.13 11478  10592.9 5311.76 8801.25 5264.09 8825.64  8190.29 4078.81 6833.66 4099.73 6811.19  6247.28 3148.84 5181.11 3100.8 5214.83  
13743.4 6894.63 11421.4 6817.13 11478  10518.5 5304.86 8711.79 5201.91 8778.01  8207.38 4080.39 6854.19 4113.96 6822.11  6315.41 3138.9 5282.18 3171.46 5262.05  
23307.9 11537.4 19486.4 11687.6 19330.7  14272.3 7162.24 11876.2 7101.63 11938.3  8698.09 4346.99 7257.01 4356.87 7258.44  5323.52 2674.79 4431.28 2663.64 4445.69  
23307.9 11537.4 19486.4 11687.6 19330.7  14141.4 7013.38 11838.8 7103.66 11782.3  8748.82 4404.25 7271.55 4356.07 7318.84  5354.58 2710.02 4440.16 2663.16 4482.71  
23307.9 11537.4 19486.4 11687.6 19330.7  14288.4 7176.25 11874 7104.42 11927.8  8713.24 4356.1 7266.19 4363.17 7266.22  5314.89 2658.81 4427.68 2668.48 4415.1  
23307.9 11537.4 19486.4 11687.6 19330.7  14241.2 7087.01 11861.5 7132.74 11773.8  8732.83 4412.96 7259.6 4335.52 7355.23  5335.22 2687.31 4441.11 2664.37 4474.21  
23307.9 11537.4 19486.4 11687.6 19330.7  14270.3 7125.87 11895 7128.87 11890.7  8702.57 4351.68 7237.56 4356.02 7208.93  5336.45 2709.71 4429.62 2647.73 4503.56  
23307.9 11537.4 19486.4 11687.6 19330.7  14228.9 7069.73 11881.1 7136.49 11810.3  8671.05 4323.91 7225.25 4349.63 7186.36  5348.49 2706.85 4441.65 2660.25 4494.83  
