1 22 22 2
500 200
2200 
1518.23 322.98 1
0.0690567 1 10
2331.24
2331.8
2332.47
2336.09
2335.45
2335.92
2337.35
2331.68
2332.86
2330.9
2336.46
2333.9
2334.42
2334.7
2334.3
2330.86
2331.28
2330.65
2330.41
2330.72
2332.78
2332.94
45.8276 -0.26413
44.0109 1.69051
46.6352 0.28899
43.7928 -1.16231
46.8005 -0.93437
43.3944 -0.422
46.7775 -1.57447
43.9939 1.26475
46.7454 2.0171
45.5757 -0.23304
43.4508 -0.76297
43.4569 1.27299
44.0335 -0.90008
44.0388 -1.00255
43.8474 -0.59425
46.1849 0.54379
44.1171 1.22493
45.0126 -0.10197
45.1525 0.00118
44.3122 1.14641
44.1868 -0.42867
45.5558 -1.08882
44.5241 1.53281
