4 50 50 3
500 200
2200 1000 2200 1000 
1518.23 322.98 1
0.0690567 1 10
512.124
511.852
513.039
514.326
512.479
517.329
512.187
511.847
515.018
514.48
513.624
512.35
511.781
511.075
511.463
511.315
511.579
512.026
511.643
511.694
511.295
511.544
514.14
513.116
512.578
512.16
512.452
512.743
512.569
511.738
511.63
511.562
511.378
512.524
512.749
512.494
512.225
511.576
511.588
513.798
512.513
515.363
517.232
511.15
514.332
513.815
512.978
511.073
511.822
511.843
46.9049 -0.26339
45.7522 1.27738
44.6706 1.48919
43.6868 -0.50007
44.4376 -1.00051
43.3399 1.78735
46.2707 1.33648
44.8996 -1.23003
43.7295 1.18508
44.3471 1.96818
44.0831 0.88083
44.4313 0.23673
44.6804 -0.32035
45.3385 0.12223
45.8259 0.90979
46.3901 -0.36611
44.8141 -0.4246
45.7814 1.40983
44.8173 -0.69084
44.8107 0.30387
46.2923 0.23303
44.9355 -0.83872
43.8412 -1.14463
44.3426 1.02112
44.5627 -1.43365
46.5215 1.06533
47.0582 -0.22624
46.6065 1.44971
45.9401 1.75103
45.1187 -1.3958
45.9065 -1.54096
45.6075 -1.5007
45.3343 0.68939
45.7838 1.74632
45.6104 1.87742
44.3951 0.38058
44.4559 -0.47452
45.0004 -1.03359
46.5961 -0.11709
43.8469 -0.03447
44.4336 0.55331
43.8832 1.7621
43.4425 1.95627
45.5647 0.49722
43.8454 0.89603
44.1692 1.26073
47.0581 0.90964
45.7474 -0.86955
44.8212 -1.04747
46.1064 1.1595
47.0564 1.10832
45.5952 0.60372
45.5649 -1.30405
44.3135 1.84423
