4 50 3
4044.51 8066.85 8074.88 8562.13  2874.7 5721.16 5700.55 6063.49  2024.46 4046.23 4074.86 4327.65  
7549.99 15108.4 15057 16111.6  3466.99 6952.44 6965.78 7485.97  1597.39 3192.56 3189.83 3441.2  
2787.95 5587.59 5595.76 5973.97  2239.34 4476.84 4468.35 4773.97  1775.35 3571.04 3570.78 3848.18  
13607.3 27356.5 27343.8 29379.1  380.137 627.072 637.782 607.67  12.0045 15.8715 17.8618 12.9147  
5008.31 10056.8 10064.9 10782.1  3202.38 6430.61 6427.09 6914.44  2065.45 4117.15 4138.28 4393.49  
4044.51 8066.85 8074.88 8562.13  2878.99 5763.26 5766.41 6163.84  2040.8 4084.29 4095.05 4376.44  
4044.51 8066.85 8074.88 8562.13  2867.08 5704.03 5697.11 6043.01  2026.64 4051.1 4075.84 4333.4  
5315.87 10608.7 10539.7 11264.7  3295.45 6600.37 6616.39 7073.11  2046.13 4085.95 4091.4 4372.93  
9090.19 18154 18123.7 19303.3  3176.71 6391.62 6398.1 6940.09  1123.24 2226.01 2228.8 2386.25  
4413.72 8885.79 8936.86 9565.6  2966.97 5985.6 6025.52 6478.63  2092.1 4172.93 4165.13 4450.68  
7549.99 15108.4 15057 16111.6  3476.72 6933.1 6901.65 7400.23  1603.58 3214.82 3246.38 3483.13  
5315.87 10608.7 10539.7 11264.7  3285.94 6567.1 6520.61 7010.49  2045.59 4079.37 4089.82 4357.05  
5008.31 10056.8 10064.9 10782.1  3218.22 6445.11 6412.4 6900.87  2068.89 4133.97 4134.25 4426.02  
2787.95 5587.59 5595.76 5973.97  2237.54 4458.87 4452.27 4731.97  1783.8 3578.21 3588.67 3841.07  
9090.19 18154 18123.7 19303.3  3188.93 6377.08 6373.96 6860.72  1115.43 2248.01 2271.82 2471.99  
11307.4 22590.9 22612.5 24038.9  2179.61 4367.53 4323.84 4767.63  413.214 838.547 859.217 955.077  
2787.95 5587.59 5595.76 5973.97  2240.69 4466.53 4449.04 4741.62  1774.85 3571.58 3582.38 3851.96  
9090.19 18154 18123.7 19303.3  3176.71 6391.62 6398.1 6940.09  1121.33 2242.43 2253.26 2437.3  
7549.99 15108.4 15057 16111.6  3474.54 6949.05 6931.08 7450.74  1605.72 3198.81 3216.69 3432.56  
4413.72 8885.79 8936.86 9565.6  3029.84 6075.5 6090.13 6516.81  2075.34 4151.9 4141.34 4447.94  
13607.3 27356.5 27343.8 29379.1  382.415 628.361 642.801 605.643  9.98732 14.7803 13.1284 14.909  
9090.19 18154 18123.7 19303.3  3183.63 6388.49 6366.21 6907.42  1116.72 2243.53 2278.77 2456.8  
5861.5 11712.8 11727.8 12467.2  3415.55 6816.27 6785.78 7266.27  1974.27 3971 3979.41 4301.05  
4413.72 8885.79 8936.86 9565.6  3007.66 6052.8 6048.09 6525.42  2095.21 4172.5 4159.71 4439.69  
4044.51 8066.85 8074.88 8562.13  2878.99 5763.26 5766.41 6163.84  2046.43 4096.93 4097.58 4391.59  
4044.51 8066.85 8074.88 8562.13  2878.99 5763.26 5766.41 6163.84  2040.8 4084.29 4095.05 4376.44  
11307.4 22590.9 22612.5 24038.9  2174.87 4368.19 4354.84 4787.03  415.586 837.553 835.512 943.252  
5861.5 11712.8 11727.8 12467.2  3399.2 6799.05 6816.05 7275.61  1964.42 3940.77 3959.22 4252.14  
13607.3 27356.5 27343.8 29379.1  379.128 625.598 634.578 606.368  12.9723 17.2994 20.9623 14.1867  
13607.3 27356.5 27343.8 29379.1  382.96 629.479 642.303 606.913  9.44142 13.6552 13.6547 13.6281  
4044.51 8066.85 8074.88 8562.13  2878.99 5763.26 5766.41 6163.84  2040.8 4084.29 4095.05 4376.44  
5008.31 10056.8 10064.9 10782.1  3187.97 6395.67 6441.83 6870.49  2063.62 4129.22 4130.72 4429.97  
4044.51 8066.85 8074.88 8562.13  2846.37 5675.1 5707.91 6034.49  2030.79 4067.72 4090.15 4364.55  
4044.51 8066.85 8074.88 8562.13  2883.13 5773.33 5762.16 6176.56  2049.41 4091.73 4078.08 4367.18  
5008.31 10056.8 10064.9 10782.1  3197.16 6416.24 6445.95 6894.97  2067.31 4122.27 4131.5 4400.43  
13607.3 27356.5 27343.8 29379.1  377.169 623.608 638.917 606.779  15.0446 19.3685 16.7766 13.7621  
4413.72 8885.79 8936.86 9565.6  3029.84 6075.5 6090.13 6516.81  2075.34 4151.9 4141.34 4447.94  
4044.51 8066.85 8074.88 8562.13  2883.13 5773.33 5762.16 6176.56  2049.41 4091.73 4078.08 4367.18  
5861.5 11712.8 11727.8 12467.2  3373.39 6764.7 6813.06 7268.36  1998.6 3994.41 3961.75 4282.98  
4044.51 8066.85 8074.88 8562.13  2883.13 5773.33 5762.16 6176.56  2049.41 4091.73 4078.08 4367.18  
5861.5 11712.8 11727.8 12467.2  3402.02 6828.94 6825.94 7345.22  1983.74 3960.54 3959.27 4242.16  
2787.95 5587.59 5595.76 5973.97  2239.34 4476.84 4468.35 4773.97  1775.35 3571.04 3570.78 3848.18  
4413.72 8885.79 8936.86 9565.6  3007.26 6050.17 6061.49 6520.78  2063.86 4135.1 4134.1 4439.94  
11307.4 22590.9 22612.5 24038.9  2171.63 4336.26 4305.01 4708.99  417.92 859.871 872.689 997.086  
9090.19 18154 18123.7 19303.3  3189.33 6379.64 6360.81 6865.33  1117.6 2245.97 2264.12 2458.99  
9090.19 18154 18123.7 19303.3  3182.48 6347.28 6315.71 6799.29  1121.37 2272.2 2303.07 2518.48  
2787.95 5587.59 5595.76 5973.97  2236.12 4469.03 4471.64 4764.15  1786.71 3582.55 3582.12 3842.69  
4413.72 8885.79 8936.86 9565.6  3029.84 6075.5 6090.13 6516.81  2075.34 4151.9 4141.34 4447.94  
5315.87 10608.7 10539.7 11264.7  3297.44 6585.17 6587.78 7025.16  2033.99 4059.96 4031.96 4339.71  
4044.51 8066.85 8074.88 8562.13  2873.04 5732.7 5737.91 6101.34  2048.15 4105.77 4105.82 4409.55  
