4 150 3
5315.87 10608.7 10539.7 11264.7  3285.94 6567.1 6520.61 7010.49  2045.59 4079.37 4089.82 4357.05  
5315.87 10608.7 10539.7 11264.7  3279.08 6534.08 6475.02 6943.26  2051.36 4122.22 4154.03 4454.81  
5315.87 10608.7 10539.7 11264.7  3285.94 6567.1 6520.61 7010.49  2046.86 4091.52 4130.53 4387.47  
5315.87 10608.7 10539.7 11264.7  3297.44 6585.17 6587.78 7025.16  2033.99 4059.96 4031.96 4339.71  
5315.87 10608.7 10539.7 11264.7  3291.95 6596.92 6579.75 7072.92  2044.58 4080.26 4108.21 4364.12  
5315.87 10608.7 10539.7 11264.7  3297.44 6585.17 6587.78 7025.16  2045.37 4091.71 4102.19 4390.9  
5315.87 10608.7 10539.7 11264.7  3279.08 6534.08 6475.02 6943.26  2049.46 4104 4147.73 4412.62  
5315.87 10608.7 10539.7 11264.7  3297.44 6585.17 6587.78 7025.16  2038.9 4068.9 4051.02 4348.59  
5315.87 10608.7 10539.7 11264.7  3290.37 6551.8 6540.94 6957.66  2048.06 4104.33 4119.85 4416.2  
5315.87 10608.7 10539.7 11264.7  3294.01 6581.78 6551.8 7024.98  2045.69 4104.11 4125 4423.95  
5315.87 10608.7 10539.7 11264.7  3297.44 6585.17 6587.78 7025.16  2033.99 4059.96 4031.96 4339.71  
5315.87 10608.7 10539.7 11264.7  3295.45 6600.37 6616.39 7073.11  2045.15 4097.06 4100.58 4405.77  
5315.87 10608.7 10539.7 11264.7  3297.44 6585.17 6587.78 7025.16  2045.62 4093.34 4093.72 4393.85  
5315.87 10608.7 10539.7 11264.7  3295.45 6600.37 6616.39 7073.11  2046.13 4085.95 4091.4 4372.93  
5315.87 10608.7 10539.7 11264.7  3291.95 6596.92 6579.75 7072.92  2040.98 4064.48 4054.03 4330.87  
9090.19 18154 18123.7 19303.3  3176.71 6391.62 6398.1 6940.09  1121.33 2242.43 2253.26 2437.3  
9090.19 18154 18123.7 19303.3  3176.71 6391.62 6398.1 6940.09  1123.78 2241.34 2242.03 2425.82  
9090.19 18154 18123.7 19303.3  3177.68 6334.03 6333.16 6781.04  1119.63 2268.88 2296.85 2514.6  
9090.19 18154 18123.7 19303.3  3188.93 6377.08 6373.96 6860.72  1115.43 2248.01 2271.82 2471.99  
9090.19 18154 18123.7 19303.3  3187 6391.81 6401.66 6907.56  1117.39 2233.36 2244.08 2425.3  
9090.19 18154 18123.7 19303.3  3182.48 6347.28 6315.71 6799.29  1121.37 2272.2 2303.07 2518.48  
9090.19 18154 18123.7 19303.3  3189.33 6379.64 6360.81 6865.33  1117.6 2245.97 2264.12 2458.99  
9090.19 18154 18123.7 19303.3  3177.68 6334.03 6333.16 6781.04  1123.43 2270.71 2288.28 2506.24  
9090.19 18154 18123.7 19303.3  3185.62 6373.82 6339.15 6860.57  1119.19 2254.05 2292.72 2477.21  
9090.19 18154 18123.7 19303.3  3171.64 6377.61 6416.53 6920.82  1124.62 2251.52 2241.33 2449.81  
9090.19 18154 18123.7 19303.3  3176.71 6391.62 6398.1 6940.09  1125.11 2243.42 2249.8 2427.53  
9090.19 18154 18123.7 19303.3  3187 6391.81 6401.66 6907.56  1118.97 2237.2 2242.45 2430.26  
9090.19 18154 18123.7 19303.3  3176.71 6391.62 6398.1 6940.09  1123.24 2226.01 2228.8 2386.25  
9090.19 18154 18123.7 19303.3  3176.3 6388.96 6411.73 6935.31  1121.95 2223.94 2221.66 2384.45  
9090.19 18154 18123.7 19303.3  3183.63 6388.49 6366.21 6907.42  1116.72 2243.53 2278.77 2456.8  
4413.72 8885.79 8936.86 9565.6  2966.97 5985.6 6025.52 6478.63  2108.17 4193.96 4166.92 4454.62  
4413.72 8885.79 8936.86 9565.6  3048.64 6095.25 6097.29 6508.95  2069.4 4145.62 4139.06 4450.45  
4413.72 8885.79 8936.86 9565.6  3034.4 6086.54 6085.48 6530.66  2027.82 4079.58 4102 4408.11  
4413.72 8885.79 8936.86 9565.6  3034.4 6086.54 6085.48 6530.66  2070.79 4140.87 4145.98 4434.09  
4413.72 8885.79 8936.86 9565.6  3007.26 6050.17 6061.49 6520.78  2063.86 4135.1 4134.1 4439.94  
4413.72 8885.79 8936.86 9565.6  3053.11 6106.09 6092.72 6522.57  2071.85 4135.07 4145.94 4415.83  
4413.72 8885.79 8936.86 9565.6  3048.64 6095.25 6097.29 6508.95  2051.57 4105.81 4131.11 4403.14  
4413.72 8885.79 8936.86 9565.6  3029.84 6075.5 6090.13 6516.81  2053.61 4119.43 4128.22 4431.62  
4413.72 8885.79 8936.86 9565.6  2966.97 5985.6 6025.52 6478.63  2095.52 4182.3 4152.94 4463.26  
4413.72 8885.79 8936.86 9565.6  3053.11 6106.09 6092.72 6522.57  2080.73 4155.48 4145.44 4440.59  
4413.72 8885.79 8936.86 9565.6  3029.84 6075.5 6090.13 6516.81  2075.34 4151.9 4141.34 4447.94  
4413.72 8885.79 8936.86 9565.6  3029.84 6075.5 6090.13 6516.81  2088.14 4165.25 4146.27 4442.43  
4413.72 8885.79 8936.86 9565.6  3040.07 6076.1 6093.46 6486.21  2084.89 4165.06 4145.21 4452.19  
4413.72 8885.79 8936.86 9565.6  3007.66 6052.8 6048.09 6525.42  2095.21 4172.5 4159.71 4439.69  
4413.72 8885.79 8936.86 9565.6  2966.97 5985.6 6025.52 6478.63  2092.1 4172.93 4165.13 4450.68  
4044.51 8066.85 8074.88 8562.13  2880.81 5750.15 5741.42 6122.2  2029.42 4041.1 4047.67 4296.71  
4044.51 8066.85 8074.88 8562.13  2859.38 5720.01 5751.47 6112.81  2051.88 4086.33 4052.14 4343.27  
4044.51 8066.85 8074.88 8562.13  2867.08 5704.03 5697.11 6043.01  2026.64 4051.1 4075.84 4333.4  
4044.51 8066.85 8074.88 8562.13  2883.13 5773.33 5762.16 6176.56  2022.06 4031.39 4057.23 4295.84  
4044.51 8066.85 8074.88 8562.13  2873.04 5732.7 5737.91 6101.34  2048.15 4105.77 4105.82 4409.55  
4044.51 8066.85 8074.88 8562.13  2846.37 5675.1 5707.91 6034.49  2030.79 4067.72 4090.15 4364.55  
4044.51 8066.85 8074.88 8562.13  2843.91 5686.82 5732.29 6074.52  2056.36 4095.87 4057.62 4354.12  
4044.51 8066.85 8074.88 8562.13  2878.99 5763.26 5766.41 6163.84  2049.37 4104.09 4094.57 4400.65  
4044.51 8066.85 8074.88 8562.13  2878.99 5763.26 5766.41 6163.84  2040.8 4084.29 4095.05 4376.44  
4044.51 8066.85 8074.88 8562.13  2878.99 5763.26 5766.41 6163.84  2046.43 4096.93 4097.58 4391.59  
4044.51 8066.85 8074.88 8562.13  2846.37 5675.1 5707.91 6034.49  2047.34 4080.04 4065.04 4341.92  
4044.51 8066.85 8074.88 8562.13  2884.88 5760.03 5737.25 6134.69  2041.68 4067.92 4059.11 4328.32  
4044.51 8066.85 8074.88 8562.13  2874.7 5721.16 5700.55 6063.49  2024.46 4046.23 4074.86 4327.65  
4044.51 8066.85 8074.88 8562.13  2861.56 5707.68 5726.75 6072.1  2051.47 4113 4109.05 4417.95  
4044.51 8066.85 8074.88 8562.13  2883.13 5773.33 5762.16 6176.56  2049.41 4091.73 4078.08 4367.18  
11307.4 22590.9 22612.5 24038.9  2168.88 4354.7 4352.14 4770.48  420.441 843.259 831.105 941.785  
11307.4 22590.9 22612.5 24038.9  2174.87 4368.19 4354.84 4787.03  419.09 840.484 828.755 938.987  
11307.4 22590.9 22612.5 24038.9  2179.61 4367.53 4323.84 4767.63  413.214 838.547 859.217 955.077  
11307.4 22590.9 22612.5 24038.9  2179.61 4367.53 4323.84 4767.63  414.617 839.218 856.001 951.893  
11307.4 22590.9 22612.5 24038.9  2171.63 4336.26 4305.01 4708.99  417.92 859.871 872.689 997.086  
11307.4 22590.9 22612.5 24038.9  2178.01 4375.84 4351.64 4796.95  414.781 829.993 833.138 925.329  
11307.4 22590.9 22612.5 24038.9  2167.51 4366.1 4361.77 4806.15  421.498 839.227 829.908 927.895  
11307.4 22590.9 22612.5 24038.9  2179.33 4365.76 4332.78 4764.39  414.841 840.645 848.81 954.467  
11307.4 22590.9 22612.5 24038.9  2152.4 4332.68 4350.27 4765.73  436.323 869.271 838.4 959.897  
11307.4 22590.9 22612.5 24038.9  2179.61 4367.53 4323.84 4767.63  413.561 842.247 860.487 964.257  
11307.4 22590.9 22612.5 24038.9  2171.63 4336.26 4305.01 4708.99  420.798 866.388 874.962 1005.45  
11307.4 22590.9 22612.5 24038.9  2170.7 4373.89 4358.51 4816.25  421.814 834.105 828.134 913.129  
11307.4 22590.9 22612.5 24038.9  2174.87 4368.19 4354.84 4787.03  415.586 837.553 835.512 943.252  
11307.4 22590.9 22612.5 24038.9  2178.3 4377.65 4342.54 4800.25  412.583 826.715 842.458 924.467  
11307.4 22590.9 22612.5 24038.9  2161.68 4326.01 4324.83 4715.64  429.454 876.201 858.318 1002.19  
5861.5 11712.8 11727.8 12467.2  3410.73 6804.58 6790.71 7251.47  1967.83 3956.37 3977.81 4283.21  
5861.5 11712.8 11727.8 12467.2  3402.02 6828.94 6825.94 7345.22  1983.74 3960.54 3959.27 4242.16  
5861.5 11712.8 11727.8 12467.2  3415.55 6816.27 6785.78 7266.27  1974.27 3971 3979.41 4301.05  
5861.5 11712.8 11727.8 12467.2  3415.55 6816.27 6785.78 7266.27  1974.27 3971 3979.41 4301.05  
5861.5 11712.8 11727.8 12467.2  3373.39 6764.7 6813.06 7268.36  1998.6 3994.41 3961.75 4282.98  
5861.5 11712.8 11727.8 12467.2  3399.2 6799.05 6816.05 7275.61  1964.42 3940.77 3959.22 4252.14  
5861.5 11712.8 11727.8 12467.2  3385.36 6768.9 6802.6 7240.34  1985.23 3973.37 3966.59 4271.01  
5861.5 11712.8 11727.8 12467.2  3373.39 6764.7 6813.06 7268.36  1991.59 3966.28 3945.07 4230.78  
5861.5 11712.8 11727.8 12467.2  3387.48 6795.4 6826.76 7304.26  1991.08 3965.55 3941.77 4230.42  
5861.5 11712.8 11727.8 12467.2  3373.39 6764.7 6813.06 7268.36  1995.72 3987.43 3964.66 4274.14  
5861.5 11712.8 11727.8 12467.2  3401.53 6783.92 6786.57 7226.75  1971.66 3964.98 3979.55 4293.5  
5861.5 11712.8 11727.8 12467.2  3385.36 6768.9 6802.6 7240.34  1993.84 3994.29 3957.83 4297.59  
5861.5 11712.8 11727.8 12467.2  3413.91 6834.8 6801 7320.83  1966.51 3943.77 3973.5 4254.34  
5861.5 11712.8 11727.8 12467.2  3402.02 6828.94 6825.94 7345.22  1978.28 3948.33 3956.82 4227.53  
5861.5 11712.8 11727.8 12467.2  3387.48 6795.4 6826.76 7304.26  1993.89 3972.37 3938.91 4239.07  
13607.3 27356.5 27343.8 29379.1  381.52 627.698 635.505 605.621  10.6783 15.2679 20.0681 14.9171  
13607.3 27356.5 27343.8 29379.1  382.992 629.741 640.921 607.332  9.45622 13.4369 14.9423 13.2032  
13607.3 27356.5 27343.8 29379.1  384.301 630.072 639.987 604.884  8.09615 13.0577 15.8912 15.6615  
13607.3 27356.5 27343.8 29379.1  377.169 623.608 638.917 606.779  15.0841 19.4124 16.8601 13.7907  
13607.3 27356.5 27343.8 29379.1  384.27 629.815 641.345 604.472  8.20579 13.3585 14.5584 15.9763  
13607.3 27356.5 27343.8 29379.1  384.301 630.072 639.987 604.884  8.09659 13.0628 15.8562 15.6726  
13607.3 27356.5 27343.8 29379.1  380.137 627.072 637.782 607.67  12.0045 15.8715 17.8618 12.9147  
13607.3 27356.5 27343.8 29379.1  376.705 623.265 635.143 606.767  15.4357 19.6552 20.6386 13.791  
13607.3 27356.5 27343.8 29379.1  377.169 623.608 638.917 606.779  15.0446 19.3685 16.7766 13.7621  
13607.3 27356.5 27343.8 29379.1  382.96 629.479 642.303 606.913  9.44142 13.6552 13.6547 13.6281  
13607.3 27356.5 27343.8 29379.1  376.705 623.265 635.143 606.767  15.4365 19.6786 20.5007 13.8177  
13607.3 27356.5 27343.8 29379.1  382.992 629.741 640.921 607.332  9.45622 13.4369 14.9423 13.2032  
13607.3 27356.5 27343.8 29379.1  382.415 628.361 642.801 605.643  9.98732 14.7803 13.1284 14.909  
13607.3 27356.5 27343.8 29379.1  379.128 625.598 634.578 606.368  12.9723 17.2994 20.9623 14.1867  
13607.3 27356.5 27343.8 29379.1  376.705 623.265 635.143 606.767  15.4574 19.6981 20.5755 13.8284  
2787.95 5587.59 5595.76 5973.97  2232.1 4476.68 4465.84 4796.42  1792.09 3568.25 3564.8 3787.3  
2787.95 5587.59 5595.76 5973.97  2237.54 4458.87 4452.27 4731.97  1767.71 3555.19 3582.18 3832.06  
2787.95 5587.59 5595.76 5973.97  2240.69 4466.53 4449.04 4741.62  1767.09 3553.68 3582.82 3830.14  
2787.95 5587.59 5595.76 5973.97  2236.12 4469.03 4471.64 4764.15  1786.71 3582.55 3582.12 3842.69  
2787.95 5587.59 5595.76 5973.97  2208.44 4438.14 4470.59 4771.9  1798.48 3591.79 3569.25 3828.39  
2787.95 5587.59 5595.76 5973.97  2232.1 4476.68 4465.84 4796.42  1792.09 3568.25 3564.8 3787.3  
2787.95 5587.59 5595.76 5973.97  2239.62 4478.66 4459 4777.21  1784.53 3564.96 3579.46 3803.71  
2787.95 5587.59 5595.76 5973.97  2232.1 4476.68 4465.84 4796.42  1784.88 3574.66 3585.96 3828.25  
2787.95 5587.59 5595.76 5973.97  2236.12 4469.03 4471.64 4764.15  1793.81 3575.9 3561.06 3801.39  
2787.95 5587.59 5595.76 5973.97  2240.69 4466.53 4449.04 4741.62  1774.85 3571.58 3582.38 3851.96  
2787.95 5587.59 5595.76 5973.97  2214.81 4452.42 4473.45 4788.9  1790.95 3585.86 3581.76 3837.75  
2787.95 5587.59 5595.76 5973.97  2240.69 4466.53 4449.04 4741.62  1783.18 3576.69 3589.32 3839.15  
2787.95 5587.59 5595.76 5973.97  2237.54 4458.87 4452.27 4731.97  1783.8 3578.21 3588.67 3841.07  
2787.95 5587.59 5595.76 5973.97  2239.34 4476.84 4468.35 4773.97  1775.35 3571.04 3570.78 3848.18  
2787.95 5587.59 5595.76 5973.97  2214.81 4452.42 4473.45 4788.9  1794.4 3581.22 3578.79 3814.55  
5008.31 10056.8 10064.9 10782.1  3218.22 6445.11 6412.4 6900.87  2068.89 4133.97 4134.25 4426.02  
5008.31 10056.8 10064.9 10782.1  3198.41 6424.41 6404.11 6909.43  2073.47 4137.5 4122.7 4419.79  
5008.31 10056.8 10064.9 10782.1  3187.97 6395.67 6441.83 6870.49  2063.62 4129.22 4130.72 4429.97  
5008.31 10056.8 10064.9 10782.1  3197.16 6416.24 6445.95 6894.97  2067.31 4122.27 4131.5 4400.43  
5008.31 10056.8 10064.9 10782.1  3222.13 6451.21 6434.99 6905.8  2074.19 4131.92 4128.48 4403.55  
5008.31 10056.8 10064.9 10782.1  3201.97 6427.88 6441.04 6909.62  2071.41 4131.09 4135.86 4410.62  
5008.31 10056.8 10064.9 10782.1  3173.32 6389.49 6415.65 6899.17  2075.81 4131.84 4142.4 4398.94  
5008.31 10056.8 10064.9 10782.1  3202.38 6430.61 6427.09 6914.44  2065.45 4117.15 4138.28 4393.49  
5008.31 10056.8 10064.9 10782.1  3218.22 6445.11 6412.4 6900.87  2055.94 4119.02 4138.14 4428.48  
5008.31 10056.8 10064.9 10782.1  3198.41 6424.41 6404.11 6909.43  2044.54 4101.78 4124.78 4418.71  
5008.31 10056.8 10064.9 10782.1  3202.38 6430.61 6427.09 6914.44  2065.45 4117.15 4138.28 4393.49  
5008.31 10056.8 10064.9 10782.1  3227.93 6440.19 6443.36 6859.33  2052.76 4122.54 4118.1 4446.51  
5008.31 10056.8 10064.9 10782.1  3221.71 6448.53 6448.7 6901.06  2074.6 4134.57 4114.93 4408.23  
5008.31 10056.8 10064.9 10782.1  3216.99 6437.08 6453.53 6886.65  2066.83 4132.95 4105.04 4427.98  
5008.31 10056.8 10064.9 10782.1  3222.13 6451.21 6434.99 6905.8  2074.45 4133.61 4119.84 4406.53  
7549.99 15108.4 15057 16111.6  3474.54 6949.05 6931.08 7450.74  1593.34 3194.38 3208.35 3460.13  
7549.99 15108.4 15057 16111.6  3480.34 6936.66 6939.55 7400.42  1599.73 3209.92 3214.87 3480.58  
7549.99 15108.4 15057 16111.6  3473.24 6940.56 6974.83 7435.59  1599.86 3208.06 3218.84 3475.7  
7549.99 15108.4 15057 16111.6  3476.72 6933.1 6901.65 7400.23  1603.58 3214.82 3246.38 3483.13  
7549.99 15108.4 15057 16111.6  3466.99 6952.44 6965.78 7485.97  1603.22 3201.65 3223.71 3448.58  
7549.99 15108.4 15057 16111.6  3475.44 6924.77 6944.6 7385.36  1602.77 3205.08 3218.41 3458.01  
7549.99 15108.4 15057 16111.6  3453.95 6929.84 6907.27 7464.83  1614.37 3202.38 3238.48 3415.82  
7549.99 15108.4 15057 16111.6  3466.55 6949.56 6980.62 7480.84  1607.15 3202.97 3192.89 3437.46  
7549.99 15108.4 15057 16111.6  3466.99 6952.44 6965.78 7485.97  1597.39 3192.56 3189.83 3441.2  
7549.99 15108.4 15057 16111.6  3453.95 6929.84 6907.27 7464.83  1616.83 3209.15 3229.44 3425.06  
7549.99 15108.4 15057 16111.6  3466.55 6949.56 6980.62 7480.84  1608.86 3204.64 3210.67 3437.54  
7549.99 15108.4 15057 16111.6  3474.54 6949.05 6931.08 7450.74  1605.72 3198.81 3216.69 3432.56  
7549.99 15108.4 15057 16111.6  3478.23 6952.68 6969.69 7450.93  1595.45 3199.83 3203.47 3467.36  
7549.99 15108.4 15057 16111.6  3480.77 6939.44 6925.24 7405.38  1596.02 3210 3238.68 3494.38  
7549.99 15108.4 15057 16111.6  3461.47 6937.23 6985.85 7465.22  1603.83 3204.15 3215.3 3452.52  
