5 50 5
1752.68 1738.01 2188.41 1521.76 3734.91  1656.97 1636.24 2065.1 1437.45 3535.39  1574.88 1556.23 1963.1 1366.88 3359.51  1506.46 1503.76 1886.46 1310.9 3204.65  1432.36 1426.83 1788.98 1247.57 3045.96  
1752.68 1738.01 2188.41 1521.76 3734.91  1671.63 1666.86 2080.97 1459.38 3545.18  1566.83 1550.54 1968.95 1353 3355.81  1499.41 1491.93 1882.63 1299.86 3200.4  1431.46 1421.98 1782.42 1247.56 3043.18  
21753.6 21701.5 26891.7 19087.2 45927.8  8318.89 8324.89 10480.3 7257.12 17767.2  3162.34 3196.34 4045.48 2760.54 6791.6  1216.61 1223.12 1587.21 1050.42 2656.72  461.323 466.672 608.682 398.903 1012.67  
23207.5 23111.8 28783.8 20295.7 49141.5  7881.7 7900.61 9875.95 6917.44 16769.6  2711.95 2753.47 3508.3 2360.02 5853.27  920.355 936.01 1194.09 805.88 1992.62  315.124 328.546 418.117 277.348 683.558  
25648.2 25503.3 32012.3 22309.6 54560.6  6921.91 6983.47 8725.73 6088.21 14738.8  1915.72 1964.83 2373.45 1738.81 4012.35  519.681 545.243 647.205 480.81 1081.49  141.949 147.747 175.362 132.829 296.237  
2107.1 2102.55 2608.19 1847.37 4451.54  1973.66 1982.11 2449.81 1733.62 4161.78  1863.04 1865.72 2320.68 1630.15 3943.43  1744.84 1751.68 2167.46 1532.2 3682.27  1649.96 1643.72 2057.73 1438.93 3505.67  
7735.59 7726.44 9605.56 6770.57 16364.5  6035.55 6003.66 7507.67 5269.43 12815  4699.01 4714.03 5901.96 4098.04 9991.08  3665.06 3650.46 4540.06 3218.46 7762.17  2868.09 2867.99 3574.61 2515.9 6085.1  
21753.6 21701.5 26891.7 19087.2 45927.8  8240.27 8226.07 10292.2 7222.14 17533.2  3223.05 3261.51 4189.16 2782.72 6984.05  1220.05 1227.27 1591.81 1053.38 2663.79  470.27 482.628 629.65 405.471 1033.27  
7735.59 7726.44 9605.56 6770.57 16364.5  6035.18 6031.15 7546.09 5263.33 12820.8  4712.37 4699.73 5879.48 4115.76 10012.4  3658.37 3670.47 4541.62 3220.77 7726.4  2866.71 2860.72 3570.79 2512.84 6087  
2107.1 2102.55 2608.19 1847.37 4451.54  1970.32 1954.9 2427.37 1728.1 4164.4  1864.6 1864.36 2317.59 1632.6 3945.1  1749.98 1737.23 2171.6 1528.21 3714.11  1646.94 1643.75 2043.81 1442.87 3485.34  
4210.24 4191.06 5270.59 3656.6 8966.8  3694.19 3665.47 4625.75 3203.56 7884.21  3251.55 3237.17 4080.62 2821.92 6936.97  2861.26 2871.22 3596.45 2492.76 6084.32  2523.52 2502.81 3146.49 2197.93 5375.9  
1752.68 1738.01 2188.41 1521.76 3734.91  1651.47 1626.93 2053.18 1433.3 3523.08  1585.25 1581.54 1985.07 1378.79 3373.03  1496.62 1479.35 1865.65 1299.39 3192.32  1431.68 1423.05 1783.85 1247.6 3043.83  
21753.6 21701.5 26891.7 19087.2 45927.8  8327.63 8312.89 10524.2 7238.51 17843.9  3154.79 3193.85 4005.14 2771.7 6738.42  1212.54 1222.84 1572.36 1053.25 2633.75  463.132 473.56 612.293 402.241 1011.89  
7735.59 7726.44 9605.56 6770.57 16364.5  6010.4 6022.98 7449.48 5282.7 12681.7  4691.85 4688.05 5816.24 4120.79 9920.12  3672.14 3651.91 4571.16 3210.55 7806.64  2878.54 2873.57 3625.89 2503.61 6151.9  
11955 11946.5 14855.4 10461.2 25294.6  7899.82 7876.69 9863.59 6893.78 16793.5  5186.03 5218.28 6466.52 4561.99 10966.1  3446.69 3435.68 4304.82 3018.24 7338.41  2272.61 2263.54 2845.24 1989.6 4850.75  
2107.1 2102.55 2608.19 1847.37 4451.54  1973.78 1972.77 2436.76 1735.69 4159.83  1852.13 1846.74 2282.27 1629.04 3904.62  1753.99 1752.89 2194.35 1528.55 3726.86  1645.61 1633.21 2043.1 1436.69 3494.4  
8068.01 8033.96 10104 7006.34 17183.9  6188.39 6201.67 7782.41 5383.15 13171.3  4801.35 4812.25 5992.79 4204.49 10176  3702.11 3691.14 4621.13 3235.79 7872.31  2824.95 2824.64 3553.51 2461.95 6027.42  
7735.59 7726.44 9605.56 6770.57 16364.5  6035.55 6003.66 7507.67 5269.43 12815  4709.18 4691.7 5868.88 4113.89 10004.7  3662.83 3655.32 4547.21 3214.98 7759.19  2857.4 2876.9 3567.35 2513.05 6045.42  
11955 11946.5 14855.4 10461.2 25294.6  7868.99 7902.51 9847.14 6883.6 16683.3  5205.13 5216.91 6520.02 4553.86 11060.9  3450.44 3443.37 4314.81 3020.9 7346.97  2272.91 2266.86 2832.6 1997.92 4834.36  
1752.68 1738.01 2188.41 1521.76 3734.91  1651.47 1626.93 2053.18 1433.3 3523.08  1585.25 1581.54 1985.07 1378.79 3373.03  1496.62 1479.35 1865.65 1299.39 3192.32  1431.68 1423.05 1783.85 1247.6 3043.83  
1752.68 1738.01 2188.41 1521.76 3734.91  1671.63 1666.86 2080.97 1459.38 3545.18  1566.83 1550.54 1968.95 1353 3355.81  1499.41 1491.93 1882.63 1299.86 3200.4  1431.46 1421.98 1782.42 1247.56 3043.18  
21753.6 21701.5 26891.7 19087.2 45927.8  8324.48 8350.22 10514.9 7258.06 17783.6  3168.79 3175.06 4038.92 2760.1 6823.58  1195.83 1210.34 1538.53 1046.69 2580.03  466.744 469.845 617.938 401.374 1029.5  
4210.24 4191.06 5270.59 3656.6 8966.8  3717.14 3707.19 4626.17 3247.12 7882.03  3271.28 3263.99 4073.58 2858.67 6938.33  2859.13 2845.81 3593.16 2479.81 6106.66  2520.3 2505.03 3157.52 2190.26 5377.99  
23207.5 23111.8 28783.8 20295.7 49141.5  7905.91 7961 10015.2 6902.51 16888.4  2676.44 2681.46 3355 2364.8 5710.69  923.214 943.574 1189.6 814.443 1985.19  320.679 331.224 430.272 278.389 703.996  
11955 11946.5 14855.4 10461.2 25294.6  7899.82 7876.69 9863.59 6893.78 16793.5  5200.37 5217.76 6540.97 4539.01 11071.7  3434.7 3420.5 4259.72 3021.32 7286.03  2271.52 2290.04 2865.23 1991.66 4837.29  
4210.24 4191.06 5270.59 3656.6 8966.8  3691.84 3654.8 4611.34 3203.16 7877.38  3252.02 3224.03 4062.28 2825.16 6934.79  2866.44 2852.34 3589.78 2492.08 6110.3  2517.84 2519.49 3168.32 2189.39 5366.83  
15767.3 15832.3 19671.1 13795.1 33350.3  8685.84 8687.56 10914.5 7566.79 18509.1  4754.84 4778.8 5938.7 4184.51 10077.5  2674.3 2651.11 3320.01 2352.72 5696.29  1485.09 1457.49 1840.95 1304.47 3181.27  
25648.2 25503.3 32012.3 22309.6 54560.6  6926.74 6972.69 8709.98 6095.87 14745.2  1914.22 1975.14 2374.06 1742.34 3998.02  515.15 539.306 657.772 467.639 1089.51  142.181 152.016 179.347 133.036 295.944  
15767.3 15832.3 19671.1 13795.1 33350.3  8632.67 8677.33 10845.7 7542.52 18342.5  4854.34 4800.31 6050.8 4239.43 10369.8  2666.8 2645.29 3337.11 2333.72 5705.8  1466.6 1457.42 1817.78 1297.51 3119.79  
23207.5 23111.8 28783.8 20295.7 49141.5  7881.7 7900.61 9875.95 6917.44 16769.6  2692.26 2720.65 3444.75 2354.99 5787.92  935.839 964.555 1245.25 810.539 2041.96  317.909 329.822 424.015 277.916 693.715  
23207.5 23111.8 28783.8 20295.7 49141.5  7854.23 7853.77 9815.53 6896.68 16707.7  2709.28 2763.62 3480.32 2375.24 5808.08  941.762 968.546 1256.36 812.955 2060.58  319.676 329.311 429.931 276.602 703.837  
23207.5 23111.8 28783.8 20295.7 49141.5  7890.27 7889.77 9918.33 6899.85 16842.8  2701.53 2769.17 3472.84 2374.6 5777.65  922.439 942.705 1196.31 810.233 1991.07  314.678 317.565 409.814 275.649 687.283  
8068.01 8033.96 10104 7006.34 17183.9  6233.13 6234.72 7774.77 5448.59 13215.6  4793 4783.31 5999.25 4178.57 10199.8  3696.38 3684.46 4612.92 3230.89 7860.18  2852.93 2855.92 3550.68 2507.4 6044.55  
15767.3 15832.3 19671.1 13795.1 33350.3  8643.43 8664.71 10890.5 7524.68 18425.2  4849.51 4805.98 6030.7 4247.43 10332.7  2664.15 2648.41 3326.01 2338.12 5685.37  1449.23 1453.59 1806.95 1283.39 3077.75  
23207.5 23111.8 28783.8 20295.7 49141.5  7854.23 7853.77 9815.53 6896.68 16707.7  2716.92 2784.89 3509.04 2379.35 5827.36  933.604 942.148 1234.86 802.532 2053.54  321.028 331.227 430.686 278.607 704.991  
7735.59 7726.44 9605.56 6770.57 16364.5  6006.29 6004.39 7424.32 5282 12669.8  4715.61 4691.55 5887.06 4111.14 10036.5  3671.37 3683.77 4627.96 3197.23 7824.85  2866.65 2848.73 3575.31 2504.62 6105.7  
2107.1 2102.55 2608.19 1847.37 4451.54  1977.21 1966.55 2442.31 1733.3 4179.83  1855.85 1855.56 2292.98 1631.78 3912.67  1746.36 1750.36 2165.3 1534.16 3684.77  1645.64 1633.21 2043.86 1436.34 3495.23  
15767.3 15832.3 19671.1 13795.1 33350.3  8632.67 8677.33 10845.7 7542.52 18342.5  4830.78 4801.64 5984.89 4249.39 10252.3  2664.94 2645.41 3350.1 2325.35 5714.9  1484.72 1456.23 1850.42 1298.76 3191.92  
7735.59 7726.44 9605.56 6770.57 16364.5  6005.9 6032.82 7464.08 5275.7 12675.7  4718.8 4699.37 5897.43 4113.04 10044.2  3667.22 3647.31 4550.46 3213.79 7780.93  2866.94 2848.78 3581.25 2501.95 6112.31  
8068.01 8033.96 10104 7006.34 17183.9  6188.39 6201.67 7782.41 5383.15 13171.3  4747.19 4710.03 5963.55 4113.77 10156.8  3677.94 3684.52 4619.66 3208.5 7829.39  2865.08 2873 3568.65 2518.9 6067.37  
1752.68 1738.01 2188.41 1521.76 3734.91  1667.59 1662.37 2087.58 1449.76 3548.98  1578.49 1566.22 1976.89 1368.51 3369.07  1508.41 1501.54 1872.61 1318.73 3197.18  1424.17 1417.31 1788.55 1234.8 3040.08  
11955 11946.5 14855.4 10461.2 25294.6  7891.63 7888.43 9823.17 6911.52 16721.8  5208.61 5220.75 6524.69 4556.9 11068.4  3421.01 3443.21 4294.05 3001.39 7265.85  2272.48 2263.37 2836.38 1993.77 4841.57  
11955 11946.5 14855.4 10461.2 25294.6  7899.82 7876.69 9863.59 6893.78 16793.5  5186.03 5218.28 6466.52 4561.99 10966.1  3446.69 3435.68 4304.82 3018.24 7338.41  2272.61 2263.54 2845.24 1989.6 4850.75  
8068.01 8033.96 10104 7006.34 17183.9  6222.91 6180.18 7745.98 5425.84 13230  4793.44 4817.19 6001.16 4194.75 10162.6  3679.52 3668.86 4620.85 3202.09 7852.27  2846.24 2857 3568.11 2492.26 6047.36  
1752.68 1738.01 2188.41 1521.76 3734.91  1667.59 1662.37 2087.58 1449.76 3548.98  1578.49 1566.22 1976.89 1368.51 3369.07  1508.41 1501.54 1872.61 1318.73 3197.18  1424.17 1417.31 1788.55 1234.8 3040.08  
4210.24 4191.06 5270.59 3656.6 8966.8  3717.14 3707.19 4626.17 3247.12 7882.03  3269.13 3254.24 4060.42 2858.31 6932.09  2866.26 2867.68 3601.78 2493.48 6104.09  2515.35 2522.66 3167.36 2188.99 5357.11  
4210.24 4191.06 5270.59 3656.6 8966.8  3700.49 3697.84 4643.2 3217.11 7876.5  3267.67 3251.23 4076.98 2847.01 6949.51  2874.36 2868.66 3595.94 2505.06 6113.49  2516.54 2524.01 3164.04 2192.5 5354.57  
21753.6 21701.5 26891.7 19087.2 45927.8  8240.27 8226.07 10292.2 7222.14 17533.2  3223.05 3261.51 4189.16 2782.72 6984.05  1222.14 1244.4 1606.47 1056.76 2662.1  470.749 474.916 628.371 402.983 1042.18  
25648.2 25503.3 32012.3 22309.6 54560.6  6957.85 7022.13 8722.41 6145.83 14763.5  1887.46 1948.55 2378.4 1699.41 3979.32  515.546 528.002 644.458 469.477 1090.01  139.124 143.392 176.406 127.14 296.565  
7735.59 7726.44 9605.56 6770.57 16364.5  6033.26 6030.61 7501.13 5283.66 12771.8  4712.79 4699.85 5889.32 4111.3 10023.2  3670.16 3664.06 4565.66 3217.45 7782.5  2861.62 2845.51 3571.66 2499.79 6095.56  
