5 150 5
11955 11946.5 14855.4 10461.2 25294.6  7878.55 7818.61 9786.52 6882.28 16740.7  5213.06 5244.47 6537.1 4566.83 11062.1  3448.14 3457.26 4347.19 3009.27 7358.77  2272.35 2284.73 2874.67 1985.22 4854.83  
11955 11946.5 14855.4 10461.2 25294.6  7899.82 7876.69 9863.59 6893.78 16793.5  5200.37 5217.76 6540.97 4539.01 11071.7  3445.22 3446.62 4319.75 3014.79 7337.58  2272.81 2280.75 2843.45 1999.34 4828.82  
11955 11946.5 14855.4 10461.2 25294.6  7899.82 7876.69 9863.59 6893.78 16793.5  5209.65 5216.36 6498.63 4568.88 11049.3  3438.46 3452.32 4316.5 3012.35 7313.69  2263.32 2276.47 2839.25 1989.62 4810.17  
11955 11946.5 14855.4 10461.2 25294.6  7894.63 7853.18 9831.74 6892.9 16778.4  5207.92 5208.49 6487.89 4568.58 11044.2  3437.2 3458.36 4350.79 2996.96 7338.74  2266.23 2274.29 2826.91 1997.63 4806.3  
11955 11946.5 14855.4 10461.2 25294.6  7894.63 7853.18 9831.74 6892.9 16778.4  5188.12 5201.62 6442.7 4567.74 10966.1  3443.92 3460.69 4366.11 2997.25 7365.19  2281.72 2275.55 2868.77 1993.07 4878.98  
11955 11946.5 14855.4 10461.2 25294.6  7899.82 7876.69 9863.59 6893.78 16793.5  5174.71 5219.24 6470 4549.28 10945.4  3453.94 3446.12 4343.8 3011.31 7380.37  2280.24 2276.76 2853.82 1999.64 4859.24  
11955 11946.5 14855.4 10461.2 25294.6  7868.99 7902.51 9847.14 6883.6 16683.3  5205.13 5216.91 6520.02 4553.86 11060.9  3450.44 3443.37 4314.81 3020.9 7346.97  2272.91 2266.86 2832.6 1997.92 4834.36  
11955 11946.5 14855.4 10461.2 25294.6  7899.82 7876.69 9863.59 6893.78 16793.5  5186.03 5218.28 6466.52 4561.99 10966.1  3446.69 3435.68 4304.82 3018.24 7338.41  2272.61 2263.54 2845.24 1989.6 4850.75  
11955 11946.5 14855.4 10461.2 25294.6  7891.63 7888.43 9823.17 6911.52 16721.8  5208.61 5220.75 6524.69 4556.9 11068.4  3421.01 3443.21 4294.05 3001.39 7265.85  2272.48 2263.37 2836.38 1993.77 4841.57  
11955 11946.5 14855.4 10461.2 25294.6  7856.35 7854.13 9722.57 6909.34 16588.2  5201.05 5201.29 6479.05 4562.15 11029.8  3443.19 3444.49 4317.63 3012.33 7333.88  2279.32 2291.89 2892.68 1986.63 4878.74  
11955 11946.5 14855.4 10461.2 25294.6  7868.99 7902.51 9847.14 6883.6 16683.3  5185.09 5210.47 6475.47 4552.72 10982.3  3446.67 3435.67 4291.77 3024.68 7324.85  2283.38 2257.49 2852.1 1994.02 4887.02  
11955 11946.5 14855.4 10461.2 25294.6  7899.82 7876.69 9863.59 6893.78 16793.5  5200.37 5217.76 6540.97 4539.01 11071.7  3434.7 3420.5 4259.72 3021.32 7286.03  2271.52 2290.04 2865.23 1991.66 4837.29  
11955 11946.5 14855.4 10461.2 25294.6  7894.14 7889.14 9882.06 6884.92 16785.9  5202.29 5213.53 6534.7 4542 11074.2  3442.88 3449.05 4298.09 3024.48 7307.84  2277.28 2273.68 2858.26 1992.95 4861.39  
11955 11946.5 14855.4 10461.2 25294.6  7877.57 7890.53 9887.15 6866.33 16755.6  5218.86 5212.14 6529.61 4560.59 11104.5  3448.99 3438.4 4307.55 3020.66 7342.62  2272.96 2270.19 2828.67 2001.69 4826.64  
11955 11946.5 14855.4 10461.2 25294.6  7891.63 7888.43 9823.17 6911.52 16721.8  5208.61 5220.75 6524.69 4556.9 11068.4  3438.41 3410.85 4297.02 3001.58 7343.15  2277.64 2274.01 2867.3 1988.96 4870.97  
7735.59 7726.44 9605.56 6770.57 16364.5  6015.96 6041.37 7519.44 5262.32 12742.4  4693.85 4698.54 5820.82 4125.81 9916.31  3663.88 3674.48 4568.99 3214.52 7760.56  2864.81 2862.93 3570.45 2512.09 6080.02  
7735.59 7726.44 9605.56 6770.57 16364.5  6010.4 6022.98 7449.48 5282.7 12681.7  4714.42 4708.95 5911.67 4106.23 10038.4  3674.82 3663.74 4572.02 3218.78 7798.84  2872.99 2866.4 3604.81 2505 6127.66  
7735.59 7726.44 9605.56 6770.57 16364.5  6010.4 6022.98 7449.48 5282.7 12681.7  4691.85 4688.05 5816.24 4120.79 9920.12  3672.14 3651.91 4571.16 3210.55 7806.64  2878.54 2873.57 3625.89 2503.61 6151.9  
7735.59 7726.44 9605.56 6770.57 16364.5  6039.52 6021.63 7531.99 5270.1 12826.6  4706.53 4708.82 5858.46 4124.86 9968.38  3673.78 3675.54 4608.24 3205.49 7819.54  2852.77 2855.93 3539.12 2512.25 6032.01  
7735.59 7726.44 9605.56 6770.57 16364.5  6023.26 5977.24 7473.13 5261.31 12786.2  4692.25 4712.59 5830.87 4126.04 9906.82  3672.77 3685.11 4629.58 3198.5 7827.76  2859.66 2862.72 3553.17 2515.46 6052.32  
7735.59 7726.44 9605.56 6770.57 16364.5  6005.9 6032.82 7464.08 5275.7 12675.7  4718.8 4699.37 5897.43 4113.04 10044.2  3667.22 3647.31 4550.46 3213.79 7780.93  2866.94 2848.78 3581.25 2501.95 6112.31  
7735.59 7726.44 9605.56 6770.57 16364.5  6033.26 6030.61 7501.13 5283.66 12771.8  4712.79 4699.85 5889.32 4111.3 10023.2  3670.16 3664.06 4565.66 3217.45 7782.5  2861.62 2845.51 3571.66 2499.79 6095.56  
7735.59 7726.44 9605.56 6770.57 16364.5  6010.4 6022.98 7449.48 5282.7 12681.7  4717.82 4701.52 5900.62 4111.51 10042.9  3666.45 3648.98 4552.92 3212.59 7779.9  2872.19 2862.69 3599.75 2504.88 6125.31  
7735.59 7726.44 9605.56 6770.57 16364.5  6006.29 6004.39 7424.32 5282 12669.8  4715.61 4691.55 5887.06 4111.14 10036.5  3671.37 3683.77 4627.96 3197.23 7824.85  2866.65 2848.73 3575.31 2504.62 6105.7  
7735.59 7726.44 9605.56 6770.57 16364.5  6035.55 6003.66 7507.67 5269.43 12815  4699.01 4714.03 5901.96 4098.04 9991.08  3665.06 3650.46 4540.06 3218.46 7762.17  2868.09 2867.99 3574.61 2515.9 6085.1  
7735.59 7726.44 9605.56 6770.57 16364.5  6005.9 6032.82 7464.08 5275.7 12675.7  4705.51 4707.62 5911.51 4096.67 10021.6  3666.28 3668.37 4552.42 3222.25 7755.87  2861.98 2855.32 3554.35 2513.53 6066.96  
7735.59 7726.44 9605.56 6770.57 16364.5  6035.55 6003.66 7507.67 5269.43 12815  4709.18 4691.7 5868.88 4113.89 10004.7  3662.83 3655.32 4547.21 3214.98 7759.19  2857.4 2876.9 3567.35 2513.05 6045.42  
7735.59 7726.44 9605.56 6770.57 16364.5  6035.18 6031.15 7546.09 5263.33 12820.8  4712.37 4699.73 5879.48 4115.76 10012.4  3658.37 3670.47 4541.62 3220.77 7726.4  2866.71 2860.72 3570.79 2512.84 6087  
7735.59 7726.44 9605.56 6770.57 16364.5  6015.96 6041.37 7519.44 5262.32 12742.4  4703.9 4662.86 5839.33 4109.12 9998.05  3675.91 3669.8 4572.54 3222.63 7794.41  2857.85 2876.48 3572.69 2510.65 6052.11  
7735.59 7726.44 9605.56 6770.57 16364.5  6010.4 6022.98 7449.48 5282.7 12681.7  4705.11 4666.86 5854.52 4104.65 10011.3  3676.63 3690.04 4608.41 3215.35 7808.32  2866.9 2848.7 3581.16 2501.92 6112.21  
4210.24 4191.06 5270.59 3656.6 8966.8  3708.37 3680.57 4617.67 3229.41 7887.01  3257.67 3258.93 4089.6 2834.36 6932.88  2876.65 2865.33 3590.88 2508.28 6116.94  2530.55 2516.79 3151.37 2209.54 5378.72  
4210.24 4191.06 5270.59 3656.6 8966.8  3671.64 3667.36 4632.66 3178.22 7843.08  3250.87 3256.56 4084.44 2828.85 6916.61  2851.46 2848.48 3589.95 2474.85 6084.66  2522.15 2514.6 3163.09 2193.92 5376.15  
4210.24 4191.06 5270.59 3656.6 8966.8  3717.14 3707.19 4626.17 3247.12 7882.03  3263.56 3240.55 4066.09 2843.08 6942.72  2844.57 2845.67 3592.93 2465.11 6076.92  2532.64 2518.15 3152.92 2211.53 5382.93  
4210.24 4191.06 5270.59 3656.6 8966.8  3694.19 3665.47 4625.75 3203.56 7884.21  3251.55 3237.17 4080.62 2821.92 6936.97  2861.26 2871.22 3596.45 2492.76 6084.32  2523.52 2502.81 3146.49 2197.93 5375.9  
4210.24 4191.06 5270.59 3656.6 8966.8  3706.67 3713.7 4637.22 3234.19 7864.24  3250.26 3217.09 4059.21 2821.5 6936.37  2847.39 2847.67 3592.43 2469.15 6079.79  2510.03 2510.88 3162.71 2180.04 5355.47  
4210.24 4191.06 5270.59 3656.6 8966.8  3700.49 3697.84 4643.2 3217.11 7876.5  3267.67 3251.23 4076.98 2847.01 6949.51  2874.36 2868.66 3595.94 2505.06 6113.49  2516.54 2524.01 3164.04 2192.5 5354.57  
4210.24 4191.06 5270.59 3656.6 8966.8  3717.14 3707.19 4626.17 3247.12 7882.03  3269.13 3254.24 4060.42 2858.31 6932.09  2866.26 2867.68 3601.78 2493.48 6104.09  2515.35 2522.66 3167.36 2188.99 5357.11  
4210.24 4191.06 5270.59 3656.6 8966.8  3691.61 3671.12 4634.11 3199.54 7880.77  3268.74 3254.41 4078.07 2849.1 6949  2875.29 2871.46 3596.89 2506.9 6113.04  2531.24 2529.1 3165.89 2208.98 5380.36  
4210.24 4191.06 5270.59 3656.6 8966.8  3687.81 3693.37 4639.38 3204.01 7852.07  3267.08 3242.19 4064.52 2848.21 6946.31  2882.92 2878.03 3586.5 2523.1 6110.26  2525.76 2527.56 3169.73 2200.74 5374.92  
4210.24 4191.06 5270.59 3656.6 8966.8  3691.84 3654.8 4611.34 3203.16 7877.38  3248.48 3258.06 4086.99 2825.91 6912.52  2864.86 2852.71 3593.32 2488.86 6110.3  2529.65 2533.29 3169.58 2207.54 5375.93  
4210.24 4191.06 5270.59 3656.6 8966.8  3700.49 3697.84 4643.2 3217.11 7876.5  3233.21 3230.03 4077.26 2801.52 6904.7  2872.53 2871.68 3597.72 2503.77 6108.02  2520.85 2526.17 3163.79 2198.02 5360.56  
4210.24 4191.06 5270.59 3656.6 8966.8  3717.14 3707.19 4626.17 3247.12 7882.03  3271.28 3263.99 4073.58 2858.67 6938.33  2859.13 2845.81 3593.16 2479.81 6106.66  2520.3 2505.03 3157.52 2190.26 5377.99  
4210.24 4191.06 5270.59 3656.6 8966.8  3694.19 3665.47 4625.75 3203.56 7884.21  3264.81 3274.72 4083.36 2852.48 6922.42  2862.63 2849.48 3592.03 2485.68 6108.3  2507.98 2509.55 3161.25 2178.06 5351.36  
4210.24 4191.06 5270.59 3656.6 8966.8  3714.47 3713.05 4634.83 3242.95 7878.46  3271.6 3263.29 4072.54 2859.17 6938.76  2877.11 2877.69 3592.8 2513.9 6105.24  2532.25 2533.11 3162.84 2213.55 5374.6  
4210.24 4191.06 5270.59 3656.6 8966.8  3691.84 3654.8 4611.34 3203.16 7877.38  3252.02 3224.03 4062.28 2825.16 6934.79  2866.44 2852.34 3589.78 2492.08 6110.3  2517.84 2519.49 3168.32 2189.39 5366.83  
1752.68 1738.01 2188.41 1521.76 3734.91  1660.25 1643.3 2074.3 1439.62 3543.09  1584.91 1573.62 1974.1 1380.05 3370.56  1505.79 1502.55 1885.45 1310.14 3203.71  1425.34 1415.65 1785.48 1236.71 3041.3  
1752.68 1738.01 2188.41 1521.76 3734.91  1671.63 1666.86 2080.97 1459.38 3545.18  1565.85 1546.06 1962.91 1352.83 3352.94  1503.25 1489.49 1867.79 1310.01 3196  1433.76 1428.34 1780.98 1253.75 3038.88  
1752.68 1738.01 2188.41 1521.76 3734.91  1658.74 1638.22 2055.63 1444.98 3527.04  1577.82 1569.83 1982.06 1367.02 3368.69  1491.66 1470.95 1854.9 1295.64 3181.22  1422.73 1407.44 1774.06 1235.78 3034.07  
1752.68 1738.01 2188.41 1521.76 3734.91  1660.25 1643.3 2074.3 1439.62 3543.09  1584.81 1580.73 1984.01 1378.47 3372.03  1509.45 1506.26 1878.99 1318.91 3200.21  1424.25 1411 1779.75 1236.2 3038.77  
1752.68 1738.01 2188.41 1521.76 3734.91  1670.53 1661.88 2074.25 1459.19 3541.99  1578.34 1566.25 1977.56 1368.04 3369.42  1497.62 1480.18 1856.43 1305.44 3184.02  1425.56 1416.2 1786.75 1236.57 3042.4  
1752.68 1738.01 2188.41 1521.76 3734.91  1649.26 1631.83 2072.08 1423.98 3532.01  1566.95 1547.76 1963.34 1354.55 3353.59  1501.57 1491.49 1879.96 1303.16 3202.57  1425.99 1420.22 1789.63 1237.52 3041.43  
1752.68 1738.01 2188.41 1521.76 3734.91  1656.97 1636.24 2065.1 1437.45 3535.39  1574.88 1556.23 1963.1 1366.88 3359.51  1506.46 1503.76 1886.46 1310.9 3204.65  1432.36 1426.83 1788.98 1247.57 3045.96  
1752.68 1738.01 2188.41 1521.76 3734.91  1671.63 1666.86 2080.97 1459.38 3545.18  1568.93 1545.89 1950.99 1361.85 3347.32  1500.36 1489.86 1880.13 1301.06 3202.22  1425.83 1416.48 1786.56 1237.08 3042.43  
1752.68 1738.01 2188.41 1521.76 3734.91  1664.35 1647.7 2067.77 1449.21 3539.58  1567.19 1551.47 1969.6 1353.5 3356.09  1506.47 1503.43 1886 1310.98 3204.61  1417.53 1398.29 1762.3 1231.91 3022.35  
1752.68 1738.01 2188.41 1521.76 3734.91  1671.63 1666.86 2080.97 1459.38 3545.18  1566.83 1550.54 1968.95 1353 3355.81  1499.41 1491.93 1882.63 1299.86 3200.4  1431.46 1421.98 1782.42 1247.56 3043.18  
1752.68 1738.01 2188.41 1521.76 3734.91  1648.22 1627.12 2065.72 1423.8 3528.99  1585.41 1581.53 1984.44 1379.26 3372.74  1506.37 1502.96 1885.36 1310.96 3204.3  1422.15 1405.85 1771.94 1235.47 3032.63  
1752.68 1738.01 2188.41 1521.76 3734.91  1667.59 1662.37 2087.58 1449.76 3548.98  1578.49 1566.22 1976.89 1368.51 3369.07  1508.41 1501.54 1872.61 1318.73 3197.18  1424.17 1417.31 1788.55 1234.8 3040.08  
1752.68 1738.01 2188.41 1521.76 3734.91  1649.26 1631.83 2072.08 1423.98 3532.01  1566.95 1547.76 1963.34 1354.55 3353.59  1500.52 1493.79 1883.35 1301.53 3201.17  1424.83 1409.42 1764.64 1243.61 3026.42  
1752.68 1738.01 2188.41 1521.76 3734.91  1651.47 1626.93 2053.18 1433.3 3523.08  1585.25 1581.54 1985.07 1378.79 3373.03  1496.62 1479.35 1865.65 1299.39 3192.32  1431.68 1423.05 1783.85 1247.6 3043.83  
1752.68 1738.01 2188.41 1521.76 3734.91  1649.26 1631.83 2072.08 1423.98 3532.01  1588.16 1580.84 1971.46 1388.22 3365.95  1488.69 1470.89 1865.94 1287.05 3186.45  1434.49 1429.27 1781.08 1254.89 3039.37  
21753.6 21701.5 26891.7 19087.2 45927.8  8318.89 8324.89 10480.3 7257.12 17767.2  3162.34 3196.34 4045.48 2760.54 6791.6  1216.61 1223.12 1587.21 1050.42 2656.72  461.323 466.672 608.682 398.903 1012.67  
21753.6 21701.5 26891.7 19087.2 45927.8  8292.93 8339.65 10442.4 7256.74 17658  3169.45 3162.89 4035.24 2756.02 6835.71  1214.74 1224.27 1584.35 1050.03 2648.58  475.469 473.113 640.651 401.076 1066.69  
21753.6 21701.5 26891.7 19087.2 45927.8  8324.48 8350.22 10514.9 7258.06 17783.6  3168.79 3175.06 4038.92 2760.1 6823.58  1195.83 1210.34 1538.53 1046.69 2580.03  466.744 469.845 617.938 401.374 1029.5  
21753.6 21701.5 26891.7 19087.2 45927.8  8318.89 8324.89 10480.3 7257.12 17767.2  3139.37 3173.43 3992.17 2752.07 6717.83  1225.25 1237.75 1611.89 1054.07 2681.74  467.519 464.597 615.959 400.494 1035.56  
21753.6 21701.5 26891.7 19087.2 45927.8  8272.7 8238.51 10367.2 7224.03 17660.8  3188.47 3255.03 4122.58 2777.36 6853.47  1221.38 1223.64 1586.71 1055.52 2665.59  466.662 476.996 618.371 404.443 1021.2  
21753.6 21701.5 26891.7 19087.2 45927.8  8240.27 8226.07 10292.2 7222.14 17533.2  3223.05 3261.51 4189.16 2782.72 6984.05  1222.14 1244.4 1606.47 1056.76 2662.1  470.749 474.916 628.371 402.983 1042.18  
21753.6 21701.5 26891.7 19087.2 45927.8  8240.27 8226.07 10292.2 7222.14 17533.2  3223.05 3261.51 4189.16 2782.72 6984.05  1220.05 1227.27 1591.81 1053.38 2663.79  470.27 482.628 629.65 405.471 1033.27  
21753.6 21701.5 26891.7 19087.2 45927.8  8327.63 8312.89 10524.2 7238.51 17843.9  3154.79 3193.85 4005.14 2771.7 6738.42  1212.54 1222.84 1572.36 1053.25 2633.75  463.132 473.56 612.293 402.241 1011.89  
21753.6 21701.5 26891.7 19087.2 45927.8  8269.7 8276.03 10357.1 7244.24 17599.8  3202.67 3220.79 4135.58 2768.66 6936.64  1220.07 1227.24 1601.59 1048.9 2673.57  466.777 479.044 623.23 403.389 1023.81  
21753.6 21701.5 26891.7 19087.2 45927.8  8310.66 8276.29 10475.8 7227.35 17803.7  3165.07 3231.66 4056.22 2775.3 6766.21  1216.67 1222.1 1570.73 1057.92 2641.39  463.722 471.113 608.712 403.382 1012.41  
21753.6 21701.5 26891.7 19087.2 45927.8  8318.39 8363.65 10535.1 7248.61 17775.4  3162.65 3172.4 4012.01 2765.81 6786.6  1204.43 1195.9 1540.72 1047.22 2617.37  464.881 467.982 611.572 401.532 1021.52  
21753.6 21701.5 26891.7 19087.2 45927.8  8232.7 8279.91 10304.9 7234.48 17466.3  3231.09 3223.42 4198.6 2767.95 7055.44  1221.85 1234.65 1592.89 1058.26 2659.31  470.985 470.437 621.876 404.083 1041.58  
21753.6 21701.5 26891.7 19087.2 45927.8  8310.66 8276.29 10475.8 7227.35 17803.7  3179.47 3230.45 4076.39 2779.48 6817.54  1211.1 1232.09 1570.99 1057.12 2618.33  460.99 470.676 606.618 401.531 1005.15  
21753.6 21701.5 26891.7 19087.2 45927.8  8287.25 8313.89 10407.2 7255.78 17641.4  3188.66 3178.78 4103.22 2750.19 6925.28  1206.46 1230.33 1564.72 1054.23 2604.53  472.691 478.242 632.89 404.337 1046.72  
21753.6 21701.5 26891.7 19087.2 45927.8  8240.27 8226.07 10292.2 7222.14 17533.2  3217.67 3232.6 4173.6 2770.94 6991.95  1223.35 1244.9 1601.24 1060.65 2658.95  467.426 485.297 624.049 406.411 1018.68  
15767.3 15832.3 19671.1 13795.1 33350.3  8643.43 8664.71 10890.5 7524.68 18425.2  4849.51 4805.98 6030.7 4247.43 10332.7  2664.15 2648.41 3326.01 2338.12 5685.37  1449.23 1453.59 1806.95 1283.39 3077.75  
15767.3 15832.3 19671.1 13795.1 33350.3  8740.86 8682.97 10897.6 7628.52 18609.9  4786 4791.27 5950.26 4216.37 10138.6  2639.71 2643.58 3356.1 2296.1 5671.61  1469.09 1457 1847.64 1284.78 3156.1  
15767.3 15832.3 19671.1 13795.1 33350.3  8632.67 8677.33 10845.7 7542.52 18342.5  4830.78 4801.64 5984.89 4249.39 10252.3  2664.94 2645.41 3350.1 2325.35 5714.9  1484.72 1456.23 1850.42 1298.76 3191.92  
15767.3 15832.3 19671.1 13795.1 33350.3  8716.21 8698.22 10923.6 7598.14 18567.9  4766.52 4773.31 6000.66 4162.49 10171.4  2663.37 2643.99 3280.32 2358.25 5642.16  1475.67 1462.55 1843.27 1296.34 3158.42  
15767.3 15832.3 19671.1 13795.1 33350.3  8641.78 8689.65 10795.6 7582.91 18295.3  4834.77 4802.9 6051.71 4220.52 10327.3  2659.09 2639.31 3342.63 2320.21 5702.55  1473.64 1451.48 1856.78 1282.09 3181.34  
15767.3 15832.3 19671.1 13795.1 33350.3  8673.2 8700.68 10805.1 7615.33 18356.1  4802.14 4792.02 6006.1 4204.94 10226.9  2659.64 2639.24 3358.75 2312.7 5720.16  1466.45 1451.79 1845.33 1280.66 3154.22  
15767.3 15832.3 19671.1 13795.1 33350.3  8685.84 8687.56 10914.5 7566.79 18509.1  4815.04 4803.84 5998.62 4227.74 10232  2638.34 2628.94 3319.54 2305.58 5649.12  1477.2 1458.43 1839.19 1297.92 3162.32  
15767.3 15832.3 19671.1 13795.1 33350.3  8632.67 8677.33 10845.7 7542.52 18342.5  4854.34 4800.31 6050.8 4239.43 10369.8  2666.8 2645.29 3337.11 2333.72 5705.8  1466.6 1457.42 1817.78 1297.51 3119.79  
15767.3 15832.3 19671.1 13795.1 33350.3  8685.84 8687.56 10914.5 7566.79 18509.1  4754.84 4778.8 5938.7 4184.51 10077.5  2674.3 2651.11 3320.01 2352.72 5696.29  1485.09 1457.49 1840.95 1304.47 3181.27  
15767.3 15832.3 19671.1 13795.1 33350.3  8685.84 8687.56 10914.5 7566.79 18509.1  4774.07 4785.04 5980.02 4186.26 10151.6  2686.56 2642.92 3330.07 2356.02 5741.92  1461.35 1459.16 1821.16 1291.32 3110.35  
15767.3 15832.3 19671.1 13795.1 33350.3  8641.78 8689.65 10795.6 7582.91 18295.3  4823.17 4789.74 6071.26 4192.56 10339.3  2640.32 2634.71 3303.41 2318.53 5629.32  1489.44 1459 1842.24 1308.98 3189.66  
15767.3 15832.3 19671.1 13795.1 33350.3  8698.7 8684.91 10778.2 7646.75 18399.6  4774.34 4779.28 6065.76 4140.99 10246.2  2670.16 2655.36 3347.05 2337 5710.76  1470.27 1457 1856.32 1281.61 3167.34  
15767.3 15832.3 19671.1 13795.1 33350.3  8731.79 8695.91 10852.9 7648.15 18530.4  4799.7 4792.81 6050.66 4180.79 10266.9  2610.92 2630.55 3287.21 2294.84 5557.97  1468.92 1459.31 1848.81 1285.18 3153.95  
15767.3 15832.3 19671.1 13795.1 33350.3  8673.2 8700.68 10805.1 7615.33 18356.1  4803.58 4791.97 6042.27 4188.39 10266.9  2664.02 2638.82 3320.81 2335.76 5690.95  1479.14 1453.05 1856 1288.76 3190.03  
15767.3 15832.3 19671.1 13795.1 33350.3  8734.56 8696.69 10918 7618.72 18601.5  4752.45 4780.95 5978.46 4163.24 10110.8  2654.43 2646 3320.7 2329.79 5662.72  1471.05 1455.16 1844.56 1287.39 3159.09  
23207.5 23111.8 28783.8 20295.7 49141.5  7854.23 7853.77 9815.53 6896.68 16707.7  2709.28 2763.62 3480.32 2375.24 5808.08  941.762 968.546 1256.36 812.955 2060.58  319.676 329.311 429.931 276.602 703.837  
23207.5 23111.8 28783.8 20295.7 49141.5  7898.05 7914.64 10009.9 6874.55 16921.8  2681.58 2711.56 3358.44 2383.15 5689.01  930.502 957.218 1215.62 815.852 2010.01  318.237 331.911 415.376 283.43 683.37  
23207.5 23111.8 28783.8 20295.7 49141.5  7881.7 7900.61 9875.95 6917.44 16769.6  2695.36 2717.17 3460.02 2349.1 5813.67  927.001 955.304 1212.83 812.671 2002.36  321.677 339.762 437.481 280.066 703.125  
23207.5 23111.8 28783.8 20295.7 49141.5  7881.7 7900.61 9875.95 6917.44 16769.6  2692.26 2720.65 3444.75 2354.99 5787.92  935.839 964.555 1245.25 810.539 2041.96  317.909 329.822 424.015 277.916 693.715  
23207.5 23111.8 28783.8 20295.7 49141.5  7890.27 7889.77 9918.33 6899.85 16842.8  2703.5 2764.72 3466.2 2377.69 5780.29  922.113 944.211 1205.59 806.136 1997.92  313.89 322.87 410.406 277.121 679.962  
23207.5 23111.8 28783.8 20295.7 49141.5  7868.05 7925.64 9853.44 6926.99 16689.3  2719.01 2741.36 3529.68 2350.71 5903.47  924.701 927.584 1194.84 805.721 2012.39  316.954 323.597 417.943 276.903 692.988  
23207.5 23111.8 28783.8 20295.7 49141.5  7890.27 7889.77 9918.33 6899.85 16842.8  2703.5 2764.72 3466.2 2377.69 5780.29  921.193 938.705 1204.96 802.869 2001.88  314.843 324.513 410.397 278.883 679.988  
23207.5 23111.8 28783.8 20295.7 49141.5  7854.23 7853.77 9815.53 6896.68 16707.7  2716.92 2784.89 3509.04 2379.35 5827.36  933.604 942.148 1234.86 802.532 2053.54  321.028 331.227 430.686 278.607 704.991  
23207.5 23111.8 28783.8 20295.7 49141.5  7905.91 7961 10015.2 6902.51 16888.4  2676.44 2681.46 3355 2364.8 5710.69  923.214 943.574 1189.6 814.443 1985.19  320.679 331.224 430.272 278.389 703.996  
23207.5 23111.8 28783.8 20295.7 49141.5  7892.93 7891.31 9978.16 6873.68 16906.8  2699.78 2768.16 3433.66 2391.84 5735.73  918.393 936.749 1168.42 816.925 1961.69  317.373 324.013 418.583 277.227 693.941  
23207.5 23111.8 28783.8 20295.7 49141.5  7854.23 7853.77 9815.53 6896.68 16707.7  2725.41 2779.94 3521.74 2379.47 5863.39  931.435 957.892 1236.68 807.053 2032.14  315.871 325.595 415.869 277.709 686.374  
23207.5 23111.8 28783.8 20295.7 49141.5  7881.7 7900.61 9875.95 6917.44 16769.6  2711.95 2753.47 3508.3 2360.02 5853.27  920.355 936.01 1194.09 805.88 1992.62  315.124 328.546 418.117 277.348 683.558  
23207.5 23111.8 28783.8 20295.7 49141.5  7890.27 7889.77 9918.33 6899.85 16842.8  2701.53 2769.17 3472.84 2374.6 5777.65  922.439 942.705 1196.31 810.233 1991.07  314.678 317.565 409.814 275.649 687.283  
23207.5 23111.8 28783.8 20295.7 49141.5  7877.1 7857.02 9933.13 6863.22 16869.4  2710.21 2790.77 3463.19 2398.73 5760.24  921.37 934.623 1179.13 813.652 1981.01  317.989 330.564 415.866 282.33 684.833  
23207.5 23111.8 28783.8 20295.7 49141.5  7851.38 7889.55 9806.01 6915.98 16650  2730.14 2752.49 3542.76 2360.67 5926.7  925.718 948.166 1209.21 809.582 2004.49  318.741 323.681 429.697 273.171 708.337  
25648.2 25503.3 32012.3 22309.6 54560.6  6951.01 7000.09 8642.69 6168.45 14694.7  1896.52 1955.27 2422.76 1689.52 4034.74  513.582 537.526 667.98 460.15 1098.74  138.224 146.122 184.183 123.643 299.316  
25648.2 25503.3 32012.3 22309.6 54560.6  6950.16 7064.55 8731.65 6154.16 14707.9  1893.03 1917.65 2371.64 1693.36 4019.65  515.622 520.545 644.189 465.947 1098.61  140.52 140.04 174.251 128.024 301.159  
25648.2 25503.3 32012.3 22309.6 54560.6  6926.74 6972.69 8709.98 6095.87 14745.2  1914.22 1975.14 2374.06 1742.34 3998.02  515.15 539.306 657.772 467.639 1089.51  142.181 152.016 179.347 133.036 295.944  
25648.2 25503.3 32012.3 22309.6 54560.6  6969.79 7052.12 8710.8 6178.76 14741.2  1884.07 1923.31 2381.13 1682.24 4004.56  507.083 518.509 646.781 454.816 1086.18  138.965 146.395 180.6 126.328 296.975  
25648.2 25503.3 32012.3 22309.6 54560.6  6953.34 7001.43 8694.75 6145.05 14750.5  1892.82 1951.82 2395.98 1697.67 4003.85  514.037 538.371 652.645 468.796 1083.27  139.746 148.694 176.967 130.132 292.38  
25648.2 25503.3 32012.3 22309.6 54560.6  6938.57 7034.34 8742.89 6121.66 14730.8  1893.74 1917.38 2361.87 1698.52 4011.44  524.685 540.174 639.522 487.649 1089.43  141.198 147.491 177.188 130.883 296.875  
25648.2 25503.3 32012.3 22309.6 54560.6  6950.16 7064.55 8731.65 6154.16 14707.9  1893.92 1900.52 2361.66 1690.87 4031.36  515.217 528.256 648.717 467.068 1093.28  139.862 147.533 179.188 128.528 296.101  
25648.2 25503.3 32012.3 22309.6 54560.6  6907.81 6984.69 8730.09 6072.13 14713.2  1920.89 1949.65 2352.1 1747.57 4018.63  525.293 553.03 660.423 483.547 1097.26  144.012 151.821 178.67 135.265 299.168  
25648.2 25503.3 32012.3 22309.6 54560.6  6921.91 6983.47 8725.73 6088.21 14738.8  1915.72 1964.83 2373.45 1738.81 4012.35  519.681 545.243 647.205 480.81 1081.49  141.949 147.747 175.362 132.829 296.237  
25648.2 25503.3 32012.3 22309.6 54560.6  6908.63 6922.49 8644.29 6085.92 14700.4  1915.54 1988.99 2421.59 1726.1 4031.79  529.529 566.823 664.597 492.824 1094.25  144.485 158.348 186.313 134.986 300.461  
25648.2 25503.3 32012.3 22309.6 54560.6  6969.79 7052.12 8710.8 6178.76 14741.2  1884.07 1923.31 2381.13 1682.24 4004.56  508.968 522.98 648.802 457.95 1086.91  137.919 144.206 179.464 124.741 296.255  
25648.2 25503.3 32012.3 22309.6 54560.6  6957.85 7022.13 8722.41 6145.83 14763.5  1887.46 1948.55 2378.4 1699.41 3979.32  515.546 528.002 644.458 469.477 1090.01  139.124 143.392 176.406 127.14 296.565  
25648.2 25503.3 32012.3 22309.6 54560.6  6950.16 7064.55 8731.65 6154.16 14707.9  1893.03 1917.65 2371.64 1693.36 4019.65  514.845 513.652 638.597 464.556 1099.41  141.017 146.325 179.057 129.221 299.696  
25648.2 25503.3 32012.3 22309.6 54560.6  6950.16 7064.55 8731.65 6154.16 14707.9  1893.3 1900.16 2347.5 1697.31 4016.12  512.295 527.258 661.677 456.916 1101.61  142.733 148.491 179.971 131.552 301.668  
25648.2 25503.3 32012.3 22309.6 54560.6  6938.57 7034.34 8742.89 6121.66 14730.8  1902.36 1922.32 2353.49 1714.39 4014.65  514.188 528.291 642.724 469.01 1085.06  143.445 154.237 180.991 134.676 297.64  
8068.01 8033.96 10104 7006.34 17183.9  6220.05 6235.81 7778.78 5433.87 13191.8  4740.02 4702.36 5964.39 4102.44 10152.2  3715.23 3724.35 4622.48 3264.83 7861.13  2838.31 2837.68 3563.42 2476.95 6049.22  
8068.01 8033.96 10104 7006.34 17183.9  6199.12 6154.82 7759.54 5382.41 13225.3  4808.99 4822.15 5994.96 4216.05 10182.1  3677.61 3695.76 4624.42 3211.57 7820.3  2861.39 2862.73 3552.52 2518.41 6055.56  
8068.01 8033.96 10104 7006.34 17183.9  6222.53 6208.1 7784.87 5419.63 13235.7  4793.53 4810.78 5992.23 4196.16 10161.3  3679.59 3663.98 4613.98 3203.17 7851.25  2859.1 2860.41 3549.73 2516.36 6050.82  
8068.01 8033.96 10104 7006.34 17183.9  6182.17 6165.37 7777.42 5361.45 13196.5  4794.77 4799.99 6001.67 4187.22 10186.1  3705.28 3685.59 4597.15 3248.39 7860.79  2860.13 2872.26 3559.79 2518.15 6049.2  
8068.01 8033.96 10104 7006.34 17183.9  6194.78 6164.31 7773.56 5375.65 13219.5  4799.89 4820.83 5994.83 4206.21 10165  3676.97 3672.27 4618.27 3202.36 7840.44  2856.55 2871.28 3559.23 2514.28 6042.49  
8068.01 8033.96 10104 7006.34 17183.9  6188.39 6201.67 7782.41 5383.15 13171.3  4801.35 4812.25 5992.79 4204.49 10176  3702.11 3691.14 4621.13 3235.79 7872.31  2824.95 2824.64 3553.51 2461.95 6027.42  
8068.01 8033.96 10104 7006.34 17183.9  6188.39 6201.67 7782.41 5383.15 13171.3  4755.96 4752.2 5986.9 4131.72 10148.6  3721.52 3714.88 4607.86 3273.95 7870.19  2840.46 2836.26 3560.78 2479.73 6052.62  
8068.01 8033.96 10104 7006.34 17183.9  6199.12 6154.82 7759.54 5382.41 13225.3  4790.89 4802.4 6005.78 4182.46 10179.6  3702.05 3704.1 4623.4 3240.98 7859.12  2840.28 2837.46 3556.36 2482.45 6046.26  
8068.01 8033.96 10104 7006.34 17183.9  6188.39 6201.67 7782.41 5383.15 13171.3  4747.19 4710.03 5963.55 4113.77 10156.8  3677.94 3684.52 4619.66 3208.5 7829.39  2865.08 2873 3568.65 2518.9 6067.37  
8068.01 8033.96 10104 7006.34 17183.9  6222.91 6180.18 7745.98 5425.84 13230  4806.98 4808.73 5986.85 4211.52 10185.6  3656.54 3667.03 4622.69 3176.99 7809.47  2838.64 2855.89 3568.04 2483.99 6033.13  
8068.01 8033.96 10104 7006.34 17183.9  6188.39 6201.67 7782.41 5383.15 13171.3  4803.26 4790.86 5997.49 4193.48 10210  3665.21 3666.2 4611.89 3190.61 7817.26  2861.08 2858.21 3560.84 2511.56 6068.71  
8068.01 8033.96 10104 7006.34 17183.9  6233.13 6234.72 7774.77 5448.59 13215.6  4793 4783.31 5999.25 4178.57 10199.8  3696.38 3684.46 4612.92 3230.89 7860.18  2852.93 2855.92 3550.68 2507.4 6044.55  
8068.01 8033.96 10104 7006.34 17183.9  6195.16 6136.89 7735.37 5381.74 13213.8  4791.8 4806.5 6011.33 4182.61 10182.2  3711.73 3717.28 4613.03 3262.61 7852.75  2838.77 2837.61 3563.01 2477.68 6049.75  
8068.01 8033.96 10104 7006.34 17183.9  6222.91 6180.18 7745.98 5425.84 13230  4793.44 4817.19 6001.16 4194.75 10162.6  3679.52 3668.86 4620.85 3202.09 7852.27  2846.24 2857 3568.11 2492.26 6047.36  
8068.01 8033.96 10104 7006.34 17183.9  6222.53 6208.1 7784.87 5419.63 13235.7  4777.39 4748.29 5977.4 4156.42 10187.1  3698.3 3720.83 4620.48 3246.94 7828.87  2818.3 2805.83 3542.74 2451.36 6024.96  
2107.1 2102.55 2608.19 1847.37 4451.54  1969.6 1963.79 2425.03 1732.93 4150.03  1865.24 1863.99 2331.62 1626.03 3961.08  1751.61 1755.05 2183.21 1532.8 3708.13  1640.48 1647.77 2039.06 1440.71 3462.55  
2107.1 2102.55 2608.19 1847.37 4451.54  1973.78 1972.77 2436.76 1735.69 4159.83  1866.33 1860.51 2326.56 1627.96 3962.29  1745.94 1749.69 2163.65 1534.24 3683.02  1645.25 1632.58 2042.3 1436.42 3493.57  
2107.1 2102.55 2608.19 1847.37 4451.54  1977.21 1966.55 2442.31 1733.3 4179.83  1855.85 1855.56 2292.98 1631.78 3912.67  1746.36 1750.36 2165.3 1534.16 3684.77  1645.64 1633.21 2043.86 1436.34 3495.23  
2107.1 2102.55 2608.19 1847.37 4451.54  1982.65 1981.39 2461.97 1736.23 4193.33  1862.5 1865.76 2319.96 1629.99 3941.55  1752.94 1743.25 2179.43 1530.23 3720.98  1636.42 1632.09 2017.18 1439.86 3450.61  
2107.1 2102.55 2608.19 1847.37 4451.54  1973.66 1982.11 2449.81 1733.62 4161.78  1863.04 1865.72 2320.68 1630.15 3943.43  1744.84 1751.68 2167.46 1532.2 3682.27  1649.96 1643.72 2057.73 1438.93 3505.67  
2107.1 2102.55 2608.19 1847.37 4451.54  1969.6 1963.79 2425.03 1732.93 4150.03  1865.24 1863.99 2331.62 1626.03 3961.08  1741.36 1736.68 2146.35 1531.88 3671.53  1650.28 1645.82 2059.81 1439.24 3505.96  
2107.1 2102.55 2608.19 1847.37 4451.54  1969.6 1963.79 2425.03 1732.93 4150.03  1859.53 1849.87 2299.22 1629.55 3933.25  1748.43 1739.95 2163.56 1532 3699.55  1647.38 1643.92 2045.51 1442.53 3487.77  
2107.1 2102.55 2608.19 1847.37 4451.54  1983.4 1972.53 2464.11 1731.56 4207.53  1863.82 1863.3 2315.4 1632.4 3942.53  1744.32 1744.14 2155.38 1534.02 3677.9  1646.44 1649.99 2053.4 1440.63 3486.67  
2107.1 2102.55 2608.19 1847.37 4451.54  1969.6 1963.79 2425.03 1732.93 4150.03  1863.28 1866.82 2322.16 1630.19 3944.13  1742.11 1728.64 2148.98 1527.36 3685.25  1638.39 1626.54 2022.95 1436.2 3467.09  
2107.1 2102.55 2608.19 1847.37 4451.54  1973.66 1982.11 2449.81 1733.62 4161.78  1859.29 1848.78 2297.76 1629.51 3932.56  1745.06 1752.69 2168.82 1532.24 3682.92  1638.21 1625.1 2021.76 1435.91 3467.22  
2107.1 2102.55 2608.19 1847.37 4451.54  1983.4 1972.53 2464.11 1731.56 4207.53  1862.45 1866.29 2319.83 1630.27 3940.71  1754.05 1748.97 2186.37 1530.69 3723.53  1645.94 1649.52 2051.29 1440.96 3484.06  
2107.1 2102.55 2608.19 1847.37 4451.54  1973.78 1972.77 2436.76 1735.69 4159.83  1866.33 1860.51 2326.56 1627.96 3962.29  1749.67 1736.4 2170.51 1528.03 3713.36  1643.23 1635.61 2033.18 1440.45 3476.61  
2107.1 2102.55 2608.19 1847.37 4451.54  1973.78 1972.77 2436.76 1735.69 4159.83  1852.13 1846.74 2282.27 1629.04 3904.62  1753.99 1752.89 2194.35 1528.55 3726.86  1645.61 1633.21 2043.1 1436.69 3494.4  
2107.1 2102.55 2608.19 1847.37 4451.54  1970.32 1954.9 2427.37 1728.1 4164.4  1864.6 1864.36 2317.59 1632.6 3945.1  1749.98 1737.23 2171.6 1528.21 3714.11  1646.94 1643.75 2043.81 1442.87 3485.34  
2107.1 2102.55 2608.19 1847.37 4451.54  1982.65 1981.39 2461.97 1736.23 4193.33  1864.46 1862.94 2329.41 1625.84 3958.49  1741.27 1727.83 2146.39 1527.42 3681.84  1646.63 1650.45 2053.23 1441.14 3486.33  
