5 16 4
50039.5 25037.2 41717.9 24877.8 41951.1  8323.26 4132.55 6934.69 4270.88 6744.81  1360.49 694.949 1116.59 699.67 1093.1  228.366 112.264 190.506 123.972 176.439  
51323.3 25360.3 42943 25772.1 42529.4  7419.68 3917.74 6059.16 3633.26 6343.17  1078.04 614.481 857.718 510.46 963.79  152.697 90.4803 120.135 72.2229 138.873  
21541.7 10770.1 17898.1 10713.8 17876.7  13756.5 6846.69 11451.4 6886.74 11361.1  8797.83 4415.02 7312.07 4388.09 7322.77  5715.39 2860.49 4783.83 2866.27 4813.65  
36497.5 18268.1 30365 18137.8 30452.4  14296.7 7082.38 11972 7222.82 11854  5596.77 2825.78 4643.49 2806.16 4652.05  2195.67 1106.58 1838.16 1111.98 1851.79  
50039.5 25037.2 41717.9 24877.8 41951.1  8332.33 4164.45 6911.47 4251.83 6750.55  1365.56 668.334 1148.75 727.238 1087.62  219.978 108.605 185.968 119.513 176.715  
36497.5 18268.1 30365 18137.8 30452.4  14201.3 7146.24 11814.2 7083.29 11887  5620.16 2793.25 4705.68 2853.64 4658.4  2239.18 1082.05 1899.36 1172.29 1820.58  
36497.5 18268.1 30365 18137.8 30452.4  14201.3 7146.24 11814.2 7083.29 11887  5649.12 2795.95 4732.01 2877.99 4654.74  2218.63 1090.61 1871.81 1145.89 1830.65  
36497.5 18268.1 30365 18137.8 30452.4  14274.3 7153.12 11880.3 7143.72 11877.7  5569.5 2783.44 4666.79 2816.39 4668.4  2228.39 1091.48 1879.42 1154.2 1825.83  
40088.5 20048.9 33304.8 19933.3 33277.3  13255.2 6593.95 11083.8 6690 11007.1  4444.59 2241.01 3734.67 2243.28 3795.85  1472.21 739.593 1245.92 753.226 1263.51  
40088.5 20048.9 33304.8 19933.3 33277.3  13255.2 6593.95 11083.8 6690 11007.1  4453.02 2241.77 3751.32 2250.55 3818.71  1470.99 740.769 1240.07 751.066 1254.82  
50039.5 25037.2 41717.9 24877.8 41951.1  8354.11 4154.72 6941.59 4280.05 6742.34  1325.98 670.693 1106.59 688.632 1092.42  234.276 114.368 195.832 127.962 179.489  
21541.7 10770.1 17898.1 10713.8 17876.7  13756.5 6846.69 11451.4 6886.74 11361.1  8797.83 4415.02 7312.07 4388.09 7322.77  5715.39 2860.49 4783.83 2866.27 4813.65  
40088.5 20048.9 33304.8 19933.3 33277.3  13286.1 6660.49 11112.6 6665.17 11186.6  4399.07 2196.66 3682.95 2236.4 3661.67  1486.38 726.541 1266.44 777.072 1240  
50039.5 25037.2 41717.9 24877.8 41951.1  8277.51 4154.29 6863.51 4210 6746.35  1393.25 665.776 1180.17 754.827 1085.85  240.72 119.45 197.544 129.304 181.666  
51323.3 25360.3 42943 25772.1 42529.4  7441.2 3948.85 6066.26 3629.37 6386.59  1056.95 586.041 850.636 512.92 926.212  152.324 88.2327 120.121 73.4461 133.915  
51323.3 25360.3 42943 25772.1 42529.4  7422.85 3935.7 6059.28 3623.21 6383.32  1068.49 594.359 854.495 516.63 927.238  156.647 90.8886 122.019 75.204 134.254  
