5 50 4
21541.7 10770.1 17898.1 10713.8 17876.7  13697.6 6856.11 11367 6825.31 11329.9  8883.9 4438.18 7415.12 4448.04 7420.16  5707.05 2847.26 4784.52 2869.51 4800.94  
21541.7 10770.1 17898.1 10713.8 17876.7  13756.5 6846.69 11451.4 6886.74 11361.1  8797.83 4415.02 7312.07 4388.09 7322.77  5715.39 2860.49 4783.83 2866.27 4813.65  
21541.7 10770.1 17898.1 10713.8 17876.7  13756.5 6846.69 11451.4 6886.74 11361.1  8877.83 4420.36 7429.51 4457.41 7423.96  5645.37 2856.15 4686.57 2805.63 4740.33  
21541.7 10770.1 17898.1 10713.8 17876.7  13697.6 6856.11 11367 6825.31 11329.9  8875.17 4452.5 7404.09 4428.73 7456.48  5693.97 2850.35 4760.21 2854.71 4782.58  
21541.7 10770.1 17898.1 10713.8 17876.7  13762.4 6913.45 11429.3 6838.52 11476.2  8860.73 4417.62 7392.87 4443.33 7367.98  5664.59 2826.66 4728.83 2846.87 4714.42  
21541.7 10770.1 17898.1 10713.8 17876.7  13757.6 6881.57 11431.4 6859.47 11404.7  8877.45 4407.9 7436.73 4467.22 7408.39  5660.34 2841.55 4712.47 2830.92 4725.46  
21541.7 10770.1 17898.1 10713.8 17876.7  13824.2 6899.57 11531.2 6906.66 11532.2  8773.92 4396.19 7283.9 4381.07 7262.46  5648.79 2828.79 4704.68 2830.61 4700.94  
21541.7 10770.1 17898.1 10713.8 17876.7  13796.9 6862.14 11499.4 6911.25 11418.7  8798.28 4436.11 7303.2 4371.62 7358.3  5702.16 2845.84 4777.16 2866.1 4791.26  
21541.7 10770.1 17898.1 10713.8 17876.7  13756.5 6846.69 11451.4 6886.74 11361.1  8854.07 4455.89 7373.95 4406.9 7445.3  5696.61 2844.28 4768.98 2862.25 4780.72  
21541.7 10770.1 17898.1 10713.8 17876.7  13796.9 6862.14 11499.4 6911.25 11418.7  8783.52 4409.52 7295.11 4379.43 7302.46  5692.7 2862.08 4759.31 2844.44 4817.17  
50039.5 25037.2 41717.9 24877.8 41951.1  8332.33 4164.45 6911.47 4251.83 6750.55  1365.56 668.334 1148.75 727.238 1087.62  219.978 108.605 185.968 119.513 176.715  
50039.5 25037.2 41717.9 24877.8 41951.1  8246.82 4086.95 6890.29 4238.85 6709.52  1435.51 731.756 1166.72 737.771 1122.97  232.67 120.882 187.812 120.808 181.54  
50039.5 25037.2 41717.9 24877.8 41951.1  8222.01 4119.24 6836.97 4188.68 6729.38  1439.03 694.616 1202.22 772.444 1099.97  250.156 123.991 203.349 134.26 184.007  
50039.5 25037.2 41717.9 24877.8 41951.1  8332.33 4164.45 6911.47 4251.83 6750.55  1355.17 661.564 1144.73 723.436 1085.95  225.96 112.612 187.902 121.548 177.09  
50039.5 25037.2 41717.9 24877.8 41951.1  8277.51 4154.29 6863.51 4210 6746.35  1393.25 665.776 1180.17 754.827 1085.85  240.72 119.45 197.544 129.304 181.666  
50039.5 25037.2 41717.9 24877.8 41951.1  8290.74 4112.68 6917.17 4257.72 6731.89  1385.76 705.98 1134.9 713.684 1102.85  235.951 120.623 190.595 123.902 179.548  
50039.5 25037.2 41717.9 24877.8 41951.1  8255.66 4139.79 6855.09 4202.3 6742.75  1412.83 686.473 1181.1 754.639 1094.21  240.965 112.635 203.621 135.78 176.91  
50039.5 25037.2 41717.9 24877.8 41951.1  8246.82 4086.95 6890.29 4238.85 6709.52  1422.14 727.337 1157.25 729.252 1121.57  242.875 123.907 195.511 127.589 182.777  
50039.5 25037.2 41717.9 24877.8 41951.1  8323.26 4132.55 6934.69 4270.88 6744.81  1360.49 694.949 1116.59 699.67 1093.1  228.366 112.264 190.506 123.972 176.439  
50039.5 25037.2 41717.9 24877.8 41951.1  8354.11 4154.72 6941.59 4280.05 6742.34  1325.98 670.693 1106.59 688.632 1092.42  234.276 114.368 195.832 127.962 179.489  
51323.3 25360.3 42943 25772.1 42529.4  7419.68 3917.74 6059.16 3633.26 6343.17  1078.04 614.481 857.718 510.46 963.79  152.697 90.4803 120.135 72.2229 138.873  
51323.3 25360.3 42943 25772.1 42529.4  7422.85 3935.7 6059.28 3623.21 6383.32  1068.49 594.359 854.495 516.63 927.238  156.647 90.8886 122.019 75.204 134.254  
51323.3 25360.3 42943 25772.1 42529.4  7373.84 3886.49 6037.57 3616.5 6328.08  1117.32 641.074 876.279 524.839 976.684  159.134 95.4653 123.02 74.3074 141.78  
51323.3 25360.3 42943 25772.1 42529.4  7441.2 3948.85 6066.26 3629.37 6386.59  1056.95 586.041 850.636 512.92 926.212  152.324 88.2327 120.121 73.4461 133.915  
51323.3 25360.3 42943 25772.1 42529.4  7332.68 3845 6014.2 3610.71 6267.28  1135.77 658.594 888.641 527.075 1009.28  176.661 113.348 131.655 77.181 163.037  
51323.3 25360.3 42943 25772.1 42529.4  7419.68 3917.74 6059.16 3633.26 6343.17  1076.12 610.81 856.569 511.206 956.383  153.758 93.1308 120.825 71.3722 144.88  
51323.3 25360.3 42943 25772.1 42529.4  7419.68 3917.74 6059.16 3633.26 6343.17  1068.27 604.774 853.655 508.646 954.913  162.085 99.9563 123.885 73.8536 147.363  
51323.3 25360.3 42943 25772.1 42529.4  7332.68 3845 6014.2 3610.71 6267.28  1144.09 665.125 891.659 529.695 1010.85  169.928 108.568 129.269 74.8406 163.007  
51323.3 25360.3 42943 25772.1 42529.4  7373.84 3886.49 6037.57 3616.5 6328.08  1114.52 638.932 875.259 523.94 976.172  161.234 96.7623 123.552 75.1247 140.81  
51323.3 25360.3 42943 25772.1 42529.4  7449.56 3956.5 6065.2 3630.79 6381.05  1049.38 576.916 851.529 513.129 925.076  151.089 89.0579 119.969 71.837 139.318  
40088.5 20048.9 33304.8 19933.3 33277.3  13286.1 6660.49 11112.6 6665.17 11186.6  4399.07 2196.66 3682.95 2236.4 3661.67  1486.38 726.541 1266.44 777.072 1240  
40088.5 20048.9 33304.8 19933.3 33277.3  13255.2 6593.95 11083.8 6690 11007.1  4440.32 2248.26 3729.13 2233.55 3814.47  1479.46 736.461 1254.85 762.402 1257.62  
40088.5 20048.9 33304.8 19933.3 33277.3  13220.6 6642.84 11014.2 6618.5 11060.8  4434.82 2195.17 3743.59 2271.1 3716.37  1508.61 739.881 1295.28 786.814 1291.72  
40088.5 20048.9 33304.8 19933.3 33277.3  13255.2 6593.95 11083.8 6690 11007.1  4453.02 2241.77 3751.32 2250.55 3818.71  1470.99 740.769 1240.07 751.066 1254.82  
40088.5 20048.9 33304.8 19933.3 33277.3  13255.2 6593.95 11083.8 6690 11007.1  4440.32 2248.26 3729.13 2233.55 3814.47  1478.64 742.224 1252.88 756.887 1271.7  
40088.5 20048.9 33304.8 19933.3 33277.3  13198.4 6603.03 11002 6630.32 10976.9  4469.01 2229.84 3772.92 2274.64 3796.38  1497.4 748.479 1278.17 769.208 1304.04  
40088.5 20048.9 33304.8 19933.3 33277.3  13294.2 6608.84 11130.2 6713.82 11063  4414.35 2238.28 3698.27 2217.8 3777.2  1462.66 736.966 1231.46 746.277 1245.09  
40088.5 20048.9 33304.8 19933.3 33277.3  13286.1 6660.49 11112.6 6665.17 11186.6  4410.59 2180.5 3706.22 2260.56 3643.9  1481.28 741.701 1252.47 759.738 1261.3  
40088.5 20048.9 33304.8 19933.3 33277.3  13261 6658.26 11062.3 6643.17 11118.6  4429.16 2203.24 3732.3 2259.24 3725.97  1472.35 723.009 1252.39 766.845 1232.71  
40088.5 20048.9 33304.8 19933.3 33277.3  13255.2 6593.95 11083.8 6690 11007.1  4444.59 2241.01 3734.67 2243.28 3795.85  1472.21 739.593 1245.92 753.226 1263.51  
36497.5 18268.1 30365 18137.8 30452.4  14261.3 7135 11901.2 7147.73 11916.1  5608.11 2779.82 4702.54 2854.68 4644.02  2192.58 1104.58 1824.21 1110.07 1818.39  
36497.5 18268.1 30365 18137.8 30452.4  14296.7 7082.38 11972 7222.82 11854  5596.77 2825.78 4643.49 2806.16 4652.05  2195.67 1106.58 1838.16 1111.98 1851.79  
36497.5 18268.1 30365 18137.8 30452.4  14201.3 7146.24 11814.2 7083.29 11887  5649.12 2795.95 4732.01 2877.99 4654.74  2218.63 1090.61 1871.81 1145.89 1830.65  
36497.5 18268.1 30365 18137.8 30452.4  14197.8 7150.24 11795.2 7076.28 11858.9  5622.3 2790.82 4717.08 2857.83 4675.49  2242.86 1088.75 1900.6 1169.98 1832.93  
36497.5 18268.1 30365 18137.8 30452.4  14201.3 7146.24 11814.2 7083.29 11887  5618.81 2794.82 4698.11 2850.82 4647.36  2242.52 1083.19 1903.62 1174.46 1825.67  
36497.5 18268.1 30365 18137.8 30452.4  14309.3 7099.88 11951.8 7218.95 11816.9  5583.5 2824.21 4648.74 2796.29 4697.35  2180.58 1101.8 1822.82 1101.8 1840.2  
36497.5 18268.1 30365 18137.8 30452.4  14274.3 7153.12 11880.3 7143.72 11877.7  5569.5 2783.44 4666.79 2816.39 4668.4  2228.39 1091.48 1879.42 1154.2 1825.83  
36497.5 18268.1 30365 18137.8 30452.4  14311.5 7136.33 11932.5 7191.27 11863.7  5598.03 2793.9 4688.1 2834.35 4674.13  2180.46 1089.51 1832.89 1112.09 1831.54  
36497.5 18268.1 30365 18137.8 30452.4  14201.3 7146.24 11814.2 7083.29 11887  5620.16 2793.25 4705.68 2853.64 4658.4  2239.18 1082.05 1899.36 1172.29 1820.58  
36497.5 18268.1 30365 18137.8 30452.4  14311.5 7136.33 11932.5 7191.27 11863.7  5582.16 2801.99 4660.41 2812.96 4668.94  2195.27 1082.76 1854.82 1131.32 1828.32  
