1 50 50 2
500 200
2200 
1518.23 322.98 1
0.0690567 1 10
588.153
590.666
590.721
588.243
592.56
589.955
588.135
593.741
597.556
593.095
587.922
593.507
592.897
587.855
587.866
588.33
588.23
588.778
592.579
588.538
589.253
594.325
590.133
593.812
593.372
589.023
596.848
589.007
596.602
589.277
591.16
590.312
592.199
592.482
597.993
593.657
588.45
587.846
592.863
588.003
589.693
594.365
589.26
591.633
590.955
596.416
588.057
589.631
594.577
591.988
43.5666 -0.26404
45.415 -1.06645
45.3537 -1.2215
43.9295 -0.63161
46.0688 -0.79189
45.4793 0.14394
43.4301 0.27895
46.194 1.86784
46.8317 -1.69259
46.3246 0.33193
43.676 0.18634
46.4122 0.39659
46.2026 1.12482
43.896 0.03489
44.2342 0.33829
43.5205 -0.46786
44.6489 0.42535
44.9555 0.68109
46.158 -0.38268
44.6708 1.04531
43.9913 -1.40213
46.5271 -0.45716
45.3385 1.36193
46.346 1.41233
46.0527 -1.43222
44.6163 1.58092
46.8791 -1.095
44.1297 1.81133
46.8796 -0.89387
43.8773 -1.4055
45.5349 -1.17384
45.5376 0.91179
45.8292 1.79443
45.7983 -1.46937
47.0204 -1.32186
46.445 0.32209
44.0676 -0.83475
44.1869 0.2658
46.2157 1.00513
44.0542 0.89313
45.3373 -0.2438
46.5858 0.44943
44.78 -1.02577
45.9562 0.70061
45.7873 0.51312
46.9622 0.12277
44.1412 0.9522
43.7357 -1.56905
46.4535 1.62846
46.0577 0.57063
46.1088 -0.10481
