1 50 2
37715.2  23365.5  
37715.2  23232.9  
37715.2  23485.7  
37715.2  23180.3  
37715.2  23554.5  
37715.2  23554.5  
37715.2  23251.5  
37715.2  23417.2  
37715.2  23608.5  
37715.2  23554.5  
55686.6  24696  
55686.6  24552  
55686.6  24752.8  
55686.6  24624  
55686.6  24504.1  
55686.6  24555.1  
55686.6  24555.1  
55686.6  24555.1  
55686.6  24571.1  
55686.6  24688.1  
27844.8  20093.8  
27844.8  20005  
27844.8  20005  
27844.8  20091.2  
27844.8  19992.1  
27844.8  19945.3  
27844.8  20106.5  
27844.8  19989.4  
27844.8  20047.8  
27844.8  20094.7  
72815.6  19772.9  
72815.6  19734.4  
72815.6  19742.6  
72815.6  19772.9  
72815.6  19749.4  
72815.6  19785.1  
72815.6  19770.6  
72815.6  19770.6  
72815.6  19770.6  
72815.6  19742.6  
52489  25059.6  
52489  24916.5  
52489  24654.2  
52489  25101.5  
52489  24992.6  
52489  25059.6  
52489  24864.6  
52489  24720.2  
52489  24654.2  
52489  25043.5  
