2 33 5
10851.5 28993.1  6533.05 17347.3  3936.04 10518  2371.6 6336.17  1426.21 3805.08  
14142.7 37749.9  6792.96 18139.5  3267.65 8732.26  1583.23 4185.01  769.332 2024.25  
11430.8 30467.7  6622.05 17689.2  3865.22 10281.3  2242.39 5948.85  1301.67 3494.35  
26863 71848.7  400.484 856.053  6.39847 15.071  0.0762175 0.220064  0.000863339 0.00328757  
14142.7 37749.9  6816.28 18118  3270.8 8749.26  1575.65 4206.84  759.539 2015.29  
12433.3 33373.8  6769.86 18063  3664.84 9734.31  1999.84 5282.11  1099.58 2875.61  
11113.2 29745.6  6602.22 17591.7  3880.05 10374  2313.27 6110.43  1373.38 3643.39  
11113.2 29745.6  6514.52 17448.9  3940.16 10449  2330.91 6153.33  1371.04 3651.21  
12433.3 33373.8  6769.86 18063  3664.84 9734.31  1999.84 5282.11  1099.58 2875.61  
18384.9 49276.7  5941.17 15823.9  1970.99 5151.55  651.37 1668.5  215.278 540.588  
18384.9 49276.7  5941.17 15823.9  1970.99 5151.55  651.37 1668.5  215.278 540.588  
23148.3 61536.8  3486.4 9481.88  537.961 1432.34  82.2252 225.82  12.8224 36.5574  
12433.3 33373.8  6759.85 18042.1  3681.01 9761.63  2015.12 5302.48  1081.56 2854  
23148.3 61536.8  3491.85 9490.59  532.952 1434.07  82.0011 219.175  12.6818 33.3077  
14149.6 37747.5  6799.89 18157  3281.57 8714.16  1576.01 4190.56  758.109 2030.89  
18384.9 49276.7  5949.03 15850.8  1972.66 5126.78  644.615 1657.43  213.436 546.51  
10851.5 28993.1  6533.05 17347.3  3943.56 10496.4  2348.5 6309.04  1425.75 3821.99  
11430.8 30467.7  6629.68 17722.3  3862.39 10264.9  2239.79 5959.87  1298.74 3479.57  
18384.9 49276.7  5985.93 15879  1953.11 5123.5  638.165 1655.97  206.869 529.944  
23148.3 61536.8  3495.29 9424.31  529.231 1470.93  82.3722 244.339  12.5419 36.5912  
11113.2 29745.6  6604.61 17539.6  3885.26 10404.9  2284.1 6121.66  1369.79 3631.49  
11113.2 29745.6  6561.19 17563.8  3868.98 10317.4  2329.89 6157.26  1379.37 3652.12  
11113.2 29745.6  6601.57 17596  3869.19 10345.6  2309.04 6143.96  1371.35 3632.9  
18384.9 49276.7  5948.48 15854.9  1965.03 5100.99  652.756 1679.57  215.815 547.589  
11430.8 30467.7  6634.67 17652.8  3860.29 10294  2237.12 5998.84  1302.98 3476.86  
18384.9 49276.7  5941.17 15823.9  1970.99 5151.55  651.37 1668.5  215.278 540.588  
11430.8 30467.7  6634.67 17652.8  3834.79 10311.1  2250.07 5950.19  1297.8 3490.99  
18384.9 49276.7  5949.03 15850.8  1972.66 5126.78  644.615 1657.43  213.436 546.51  
12433.3 33373.8  6759.85 18042.1  3685.37 9780.25  2010.8 5284.01  1076.53 2851.39  
14142.7 37749.9  6805.96 18102  3279.46 8696.87  1578.1 4212.84  758.907 2048.93  
26863 71848.7  398.908 859.817  7.90317 11.3913  0.145238 0.137029  0.00346416 0.0022009  
26863 71848.7  397.728 857.488  9.12307 13.667  0.106945 0.189953  0.0012218 0.00275014  
26863 71848.7  398.908 859.817  7.90317 11.3913  0.145238 0.137029  0.00346416 0.0022009  
