2 100 5
10334.9 27512.8  6393.46 16976.4  3992.11 10713.3  2462.66 6552.97  1550.77 4151.2  
10334.9 27512.8  6398.59 17058.2  3990.17 10682.3  2479.35 6626.85  1533.62 4098.52  
10334.9 27512.8  6420.38 17032.9  3969.58 10579.9  2472.92 6638.75  1543.84 4127.63  
10334.9 27512.8  6413.95 17151.6  3988.76 10570.6  2456.27 6540.9  1546.53 4144.42  
10334.9 27512.8  6372.45 16992.5  4004.07 10632.9  2473.15 6647.59  1542.33 4105.82  
10334.9 27512.8  6413.95 17151.6  3986.18 10612.7  2459.02 6556.33  1545.11 4102.62  
10334.9 27512.8  6367.8 16911.8  3996.01 10725.5  2484.92 6659.95  1545.25 4135.45  
10334.9 27512.8  6419.76 17037  3956.76 10588.4  2488.66 6656.54  1544.34 4136.33  
10334.9 27512.8  6367.8 16911.8  4006.23 10660.8  2483.66 6638.21  1544.29 4172.02  
10334.9 27512.8  6372.45 16992.5  3987.63 10595  2489.96 6686.47  1543.43 4125.32  
23148.3 61536.8  3490.03 9415.9  533.839 1491.3  83.0599 233.706  12.5372 35.7982  
23148.3 61536.8  3483.41 9438.33  541.238 1470.56  82.2658 232.76  12.5684 35.2311  
23148.3 61536.8  3491.1 9409.53  532.544 1489.49  83.1667 240.216  12.6117 36.8726  
23148.3 61536.8  3495.29 9424.31  529.231 1470.93  82.3722 244.339  12.5419 36.5912  
23148.3 61536.8  3493.03 9461.94  530.88 1445.43  82.6561 230.544  12.8473 38.3305  
23148.3 61536.8  3498.02 9472.67  526.935 1430.55  81.8694 237.327  12.6625 36.0856  
23148.3 61536.8  3491.48 9492.79  532.483 1413.83  82.602 231.233  12.8836 38.3551  
23148.3 61536.8  3486.4 9481.88  537.961 1432.34  82.2252 225.82  12.8224 36.5574  
23148.3 61536.8  3495.29 9424.31  531.652 1489.72  80.3926 226.759  12.1905 35.9199  
23148.3 61536.8  3491.85 9490.59  532.952 1434.07  82.0011 219.175  12.6818 33.3077  
14149.6 37747.5  6806.09 18035.7  3272.18 8795.34  1577.66 4211.31  758.9 2040.96  
14149.6 37747.5  6799.89 18157  3281.57 8714.16  1576.01 4190.56  758.109 2030.89  
14149.6 37747.5  6791.38 18127.5  3281.34 8719.7  1582.33 4210.68  758.489 2029.11  
14149.6 37747.5  6768.34 18144.8  3291.73 8738.72  1587.1 4184.18  763.808 2021.28  
14149.6 37747.5  6804.33 18090.2  3279.26 8748.74  1564.1 4216.12  764.024 2019.76  
14149.6 37747.5  6757.63 18128.3  3277.09 8731.33  1591.76 4209.23  773.261 2023.42  
14149.6 37747.5  6812.03 18123.5  3272.4 8689.05  1575.02 4207.02  753.581 2051.44  
14149.6 37747.5  6768.34 18144.8  3284.24 8689.13  1590.52 4212.8  760.866 2034.95  
14149.6 37747.5  6768.34 18144.8  3293.28 8710.76  1586.72 4185.93  762.918 2040.89  
14149.6 37747.5  6767.65 18149.3  3298.62 8716.08  1575.49 4206.23  766.82 2017.81  
10851.5 28993.1  6537.31 17434.7  3924.08 10451.5  2370.35 6284.25  1423.26 3813.93  
10851.5 28993.1  6489.44 17369  3939.59 10522  2367.27 6290.18  1443.9 3813.2  
10851.5 28993.1  6537.31 17434.7  3908.5 10405.4  2360.64 6310.38  1438.16 3818.24  
10851.5 28993.1  6463.12 17291  3961.27 10487.6  2380.36 6339.64  1441.59 3823.26  
10851.5 28993.1  6494.4 17305.5  3933.45 10436.3  2374.38 6313.97  1442.6 3848.11  
10851.5 28993.1  6533.05 17347.3  3943.56 10496.4  2348.5 6309.04  1425.75 3821.99  
10851.5 28993.1  6463.12 17291  3937.78 10462.2  2384.73 6364.42  1448.27 3837.62  
10851.5 28993.1  6544.88 17467.4  3936.28 10487.2  2356.01 6294.7  1415.49 3764.62  
10851.5 28993.1  6533.05 17347.3  3936.04 10518  2371.6 6336.17  1426.21 3805.08  
10851.5 28993.1  6489.44 17369  3908.45 10422.6  2369.86 6301.13  1458.17 3839.63  
18384.9 49276.7  5941.17 15823.9  1970.99 5151.55  651.37 1668.5  215.278 540.588  
18384.9 49276.7  5949.03 15850.8  1972.66 5126.78  644.615 1657.43  213.436 546.51  
18384.9 49276.7  5985.93 15879  1964.68 5136.93  630.382 1646.89  203.608 527.857  
18384.9 49276.7  5949.03 15850.8  1980.37 5152.54  644.622 1655.87  209.853 532.011  
18384.9 49276.7  5969.94 15830.2  1951.75 5147.33  650.369 1666.26  211.174 542.431  
18384.9 49276.7  5985.93 15879  1953.11 5123.5  638.165 1655.97  206.869 529.944  
18384.9 49276.7  6021.14 15920.3  1915.03 5078.01  640.06 1659.3  207.533 530.578  
18384.9 49276.7  5948.48 15854.9  1965.03 5100.99  652.756 1679.57  215.815 547.589  
18384.9 49276.7  6014.09 15890.3  1919.69 5098.14  642.213 1658.9  208.509 540.179  
18384.9 49276.7  6021.14 15920.3  1929.46 5095.68  625.316 1631.71  208.571 539.834  
11113.2 29745.6  6601.57 17596  3869.19 10345.6  2309.04 6143.96  1371.35 3632.9  
11113.2 29745.6  6602.22 17591.7  3880.05 10374  2313.27 6110.43  1373.38 3643.39  
11113.2 29745.6  6561.19 17563.8  3868.98 10317.4  2329.89 6157.26  1379.37 3652.12  
11113.2 29745.6  6614.01 17559.3  3899.12 10406.2  2275.54 6094.01  1376.18 3650.19  
11113.2 29745.6  6561.19 17563.8  3902.48 10397.5  2327.24 6127.47  1356.63 3619.09  
11113.2 29745.6  6514.52 17448.9  3940.16 10449  2330.91 6153.33  1371.04 3651.21  
11113.2 29745.6  6604.61 17539.6  3879.08 10395.3  2314.61 6150.9  1366.4 3626.08  
11113.2 29745.6  6570.92 17584.2  3865.06 10309.2  2317.82 6128.22  1377.93 3649.61  
11113.2 29745.6  6604.61 17539.6  3885.26 10404.9  2284.1 6121.66  1369.79 3631.49  
11113.2 29745.6  6546.13 17462.9  3873.67 10390.8  2338.7 6156  1388.5 3670.6  
12433.3 33373.8  6761.86 18028.6  3684.44 9786.45  1985.91 5265.26  1097.2 2875.81  
12433.3 33373.8  6801.46 18075.1  3683.51 9771.64  1983.29 5269.11  1080.77 2859.5  
12433.3 33373.8  6759.85 18042.1  3685.37 9780.25  2010.8 5284.01  1076.53 2851.39  
12433.3 33373.8  6769.86 18063  3664.84 9734.31  1999.84 5282.11  1099.58 2875.61  
12433.3 33373.8  6802.12 18070.7  3634.39 9714.74  2004.77 5301.16  1098.09 2875.59  
12433.3 33373.8  6719.51 18001.1  3670.62 9753.91  2029.07 5319.89  1101.72 2873.49  
12433.3 33373.8  6720.19 17996.5  3720.75 9807.79  2005.89 5297.29  1082.41 2856.18  
12433.3 33373.8  6759.85 18042.1  3681.01 9761.63  2015.12 5302.48  1081.56 2854  
12433.3 33373.8  6769.86 18063  3648.97 9718.23  2000.76 5290.98  1098.09 2869.56  
12433.3 33373.8  6740.5 17995.8  3706.07 9796.93  2003.15 5303.97  1079.72 2853.67  
14142.7 37749.9  6790.52 18035.3  3287.48 8731.35  1572.87 4257.29  765.185 2048.76  
14142.7 37749.9  6792.96 18139.5  3267.65 8732.26  1583.23 4185.01  769.332 2024.25  
14142.7 37749.9  6816.28 18118  3274.11 8688.69  1575.52 4208.86  755.956 2039.49  
14142.7 37749.9  6805.96 18102  3269.95 8699.45  1582.03 4228.36  758.002 2044.37  
14142.7 37749.9  6805.96 18102  3279.46 8696.87  1578.1 4212.84  758.907 2048.93  
14142.7 37749.9  6792.96 18139.5  3289.08 8719.88  1570.78 4209.15  763.221 2022.33  
14142.7 37749.9  6810.35 18030.2  3267.66 8736.43  1580.21 4260.08  756.878 2042.58  
14142.7 37749.9  6807.91 18089  3271.02 8750.06  1581.48 4192.27  760.737 2037.4  
14142.7 37749.9  6816.28 18118  3270.8 8749.26  1575.65 4206.84  759.539 2015.29  
14142.7 37749.9  6802.8 18160.2  3271.56 8669.47  1574.74 4224.59  767.486 2029.3  
26863 71848.7  401.436 861.343  5.42314 9.8476  0.0989868 0.154619  0.00134331 0.00251485  
26863 71848.7  399.659 857.955  7.20273 13.2368  0.0958695 0.153512  0.00149667 0.00204597  
26863 71848.7  399.536 860.934  7.25867 10.2134  0.161514 0.197488  0.00337698 0.0026563  
26863 71848.7  402.229 859.381  4.66587 11.8252  0.0636978 0.138838  0.000732422 0.0020411  
26863 71848.7  400.484 856.053  6.39847 15.071  0.0762175 0.220064  0.000863339 0.00328757  
26863 71848.7  397.728 857.488  9.12307 13.667  0.106945 0.189953  0.0012218 0.00275014  
26863 71848.7  399.613 860.838  7.26183 10.369  0.0829723 0.138445  0.00156594 0.00165051  
26863 71848.7  398.908 859.817  7.90317 11.3913  0.145238 0.137029  0.00346416 0.0022009  
26863 71848.7  399.613 860.838  7.20782 10.3819  0.135704 0.12555  0.00283865 0.00167343  
26863 71848.7  399.536 860.934  7.32689 10.2601  0.0944913 0.150385  0.002196 0.00308749  
11430.8 30467.7  6636.37 17599.6  3850.43 10257.2  2241.32 6018.54  1304.63 3506.22  
11430.8 30467.7  6634.67 17652.8  3834.79 10311.1  2250.07 5950.19  1297.8 3490.99  
11430.8 30467.7  6622.05 17689.2  3858.32 10300.2  2237.9 5948.45  1307.64 3463.22  
11430.8 30467.7  6642.81 17681.1  3849.26 10306.1  2235.53 5972.18  1301.91 3450.45  
11430.8 30467.7  6622.05 17689.2  3865.22 10281.3  2242.39 5948.85  1301.67 3494.35  
11430.8 30467.7  6632.72 17665.5  3853.87 10310.2  2241.42 5968.94  1296.68 3471.79  
11430.8 30467.7  6630.34 17718  3862.11 10266.7  2227.56 5980.43  1306.56 3462.34  
11430.8 30467.7  6629.68 17722.3  3862.39 10264.9  2239.79 5959.87  1298.74 3479.57  
11430.8 30467.7  6634.67 17652.8  3860.29 10294  2237.12 5998.84  1302.98 3476.86  
11430.8 30467.7  6620.07 17702.1  3860.54 10264.3  2232.5 5988.13  1306.56 3476.45  
