3 66 3
36271.2 36318.3 16111.7  4096.52 4051.23 1838.58  474.91 472.875 204.206  
407.023 404.661 181.569  403.444 400.056 178.958  396.063 393.12 177.779  
26475.9 26539.7 11643.1  9243.96 9274.41 4119.54  3366.93 3299.12 1559.78  
26418.7 26552.3 11679.1  9281.35 9273.15 4169.86  3338.46 3287.67 1488.28  
15521.1 15449.3 6842.5  9600.48 9564.76 4231.91  5951.26 5974.16 2630.7  
36271.2 36318.3 16111.7  4090.26 4074.18 1816.7  479.238 454.422 221.997  
30644.4 30592.3 13563.1  7679.65 7724.15 3435.6  1928.39 1917.65 880.912  
26475.9 26539.7 11643.1  9243.96 9274.41 4119.54  3355.3 3305.84 1555.89  
15521.1 15449.3 6842.5  9571.24 9570.09 4197.51  5997.57 6007.8 2706.2  
30644.4 30592.3 13563.1  7644.57 7676.3 3458.55  1953.3 1975.36 860.289  
13474.2 13447 5981.64  9043.16 9033.82 3996.22  6044.91 6005.68 2691.28  
36271.2 36318.3 16111.7  4085.97 4067.03 1825.19  480.483 459.674 213.48  
36271.2 36318.3 16111.7  4085.97 4067.03 1825.19  480.483 459.674 213.48  
13474.2 13447 5981.64  9043.16 9033.82 3996.22  6044.91 6005.68 2691.28  
21248 21155.9 9388.73  10152.3 10085 4528.64  4928.2 4973.29 2193.65  
21248 21155.9 9388.73  10199.6 10189.2 4555.74  4889.28 4891.61 2171.77  
407.023 404.661 181.569  403.785 403.766 179.424  396.176 394.35 177.933  
15521.1 15449.3 6842.5  9625.08 9597.55 4293.44  5977.1 5997.38 2669.85  
26418.7 26552.3 11679.1  9322.91 9301.49 4139.49  3322.93 3273.46 1503.54  
21248 21155.9 9388.73  10192.4 10228.3 4504.23  4902.38 4939.06 2195.27  
26475.9 26539.7 11643.1  9308.67 9264.82 4143.07  3318.66 3301.92 1533  
15521.1 15449.3 6842.5  9625.08 9597.55 4293.44  5942.04 5961.9 2607.93  
36532 36730 16060.8  3883.48 3741.54 1873.18  436.154 388.954 216.841  
26475.9 26539.7 11643.1  9277.54 9283.11 4133.02  3335.34 3295.53 1538.58  
407.023 404.661 181.569  403.444 400.056 178.958  398.737 397.291 178.082  
21248 21155.9 9388.73  10211.4 10238.5 4538.24  4902.44 4921.91 2205.87  
21248 21155.9 9388.73  10152.3 10085 4528.64  4928.3 5005.12 2183.98  
21248 21155.9 9388.73  10199.6 10189.2 4555.74  4889.28 4891.61 2171.77  
26475.9 26539.7 11643.1  9286.04 9309.65 4162.41  3309.79 3276.37 1511.86  
36271.2 36318.3 16111.7  4101.62 4071.04 1831.38  467.407 455.119 209.458  
21063.7 21050.8 9438.72  10191.6 10120.9 4534.87  4952.8 5019.85 2172.99  
26475.9 26539.7 11643.1  9277.54 9283.11 4133.02  3323.31 3277.63 1523.47  
26475.9 26539.7 11643.1  9351.98 9299.88 4186.38  3287.18 3284.68 1504.46  
26475.9 26539.7 11643.1  9337.23 9328.28 4207.6  3296.74 3266.3 1490.88  
36532 36730 16060.8  3903.39 3750.16 1882.14  417.019 380.754 209.522  
407.023 404.661 181.569  400.729 395.815 178.626  400.22 399.135 177.739  
26418.7 26552.3 11679.1  9374.26 9320.05 4184.44  3275.24 3251.53 1485.79  
26418.7 26552.3 11679.1  9276.25 9280.5 4120.11  3352.95 3287.06 1515.86  
21248 21155.9 9388.73  10182.9 10144 4545.4  4915.88 4955.52 2200.26  
21063.7 21050.8 9438.72  10223.7 10250.2 4531.1  4903.71 4917.06 2172.93  
36532 36730 16060.8  3878.7 3731.86 1848.74  438.95 397.143 239.028  
26475.9 26539.7 11643.1  9286.04 9309.65 4162.41  3309.79 3276.37 1511.86  
407.023 404.661 181.569  402.634 399.996 179.712  399.77 399.778 177.632  
21248 21155.9 9388.73  10181.8 10245.2 4501.85  4916.47 4903.38 2222.83  
36532 36730 16060.8  3901.94 3734.09 1858.42  415.693 393.19 226.391  
13474.2 13447 5981.64  9035.15 9017.98 4015.09  6030.45 6039.41 2697.28  
15521.1 15449.3 6842.5  9625.08 9597.55 4293.44  5977.1 5997.38 2669.85  
36271.2 36318.3 16111.7  4111.68 4069.56 1834.98  460.351 458.516 205.882  
21248 21155.9 9388.73  10211.4 10238.5 4538.24  4902.44 4921.91 2205.87  
13474.2 13447 5981.64  9002.27 8977.24 4022.91  6068.26 6050.95 2688.63  
30644.4 30592.3 13563.1  7672.68 7710.85 3451.83  1928.06 1936.66 872.743  
26418.7 26552.3 11679.1  9357.29 9310.37 4153.16  3319.03 3274.26 1511.11  
36532 36730 16060.8  3924.27 3742.26 1878.99  400.554 388.725 213.347  
26418.7 26552.3 11679.1  9322.91 9301.49 4139.49  3322.93 3273.46 1503.54  
21248 21155.9 9388.73  10200.7 10255.8 4535.81  4907.18 4929.91 2195.56  
36271.2 36318.3 16111.7  4064.75 4057.52 1816.42  505.37 470.31 222.394  
26418.7 26552.3 11679.1  9357.29 9310.37 4153.16  3324.02 3267.51 1521.22  
21248 21155.9 9388.73  10211.4 10238.5 4538.24  4902.44 4921.91 2205.87  
30644.4 30592.3 13563.1  7672.68 7710.85 3451.83  1935.17 1945.39 871.042  
26475.9 26539.7 11643.1  9349.47 9272.37 4182.88  3294.95 3305.98 1518.11  
30644.4 30592.3 13563.1  7672.68 7710.85 3451.83  1935.17 1945.39 871.042  
21063.7 21050.8 9438.72  10183.1 10171.8 4536.38  4994.41 4988.04 2185.16  
13474.2 13447 5981.64  9002.27 8977.24 4022.91  6068.26 6050.95 2688.63  
407.023 404.661 181.569  400.049 397.042 179.565  397.99 394.279 177.509  
407.023 404.661 181.569  403.444 400.056 178.958  398.737 397.291 178.082  
15521.1 15449.3 6842.5  9600.48 9564.76 4231.91  5974.98 5964.77 2684.73  
