3 200 3
15521.1 15449.3 6842.5  9589.84 9518.55 4248.2  5982.96 6013.92 2652.08  
15521.1 15449.3 6842.5  9571.24 9570.09 4197.51  5963.18 5935.36 2655.51  
15521.1 15449.3 6842.5  9618.15 9573.15 4263.72  5967.65 6021.06 2647.11  
15521.1 15449.3 6842.5  9625.08 9597.55 4293.44  5942.04 5961.9 2607.93  
15521.1 15449.3 6842.5  9626.12 9660.23 4274.66  5965.26 5928.94 2668.58  
15521.1 15449.3 6842.5  9633.64 9614.97 4273.3  5972.2 5972.41 2675.17  
15521.1 15449.3 6842.5  9627.78 9627.1 4297.15  5974.4 5967.83 2666.13  
15521.1 15449.3 6842.5  9625.08 9597.55 4293.44  5977.1 5997.38 2669.85  
15521.1 15449.3 6842.5  9627.78 9627.1 4297.15  5970.21 5990.72 2635.99  
15521.1 15449.3 6842.5  9571.24 9570.09 4197.51  5997.57 6007.8 2706.2  
15521.1 15449.3 6842.5  9600.48 9564.76 4231.91  5951.26 5974.16 2630.7  
15521.1 15449.3 6842.5  9618.3 9634.31 4244.9  5967.58 5997.87 2654.12  
15521.1 15449.3 6842.5  9589.84 9518.55 4248.2  5966.87 5959.27 2656.38  
15521.1 15449.3 6842.5  9627.78 9627.1 4297.15  5976.08 5986.21 2668.44  
15521.1 15449.3 6842.5  9571.24 9570.09 4197.51  5997.57 6007.8 2706.2  
15521.1 15449.3 6842.5  9571.24 9570.09 4197.51  5985.38 6022.19 2671.86  
15521.1 15449.3 6842.5  9589.84 9518.55 4248.2  5956.19 5954.64 2636.67  
15521.1 15449.3 6842.5  9600.48 9564.76 4231.91  5974.98 5964.77 2684.73  
15521.1 15449.3 6842.5  9625.08 9597.55 4293.44  5965.04 6011.83 2635.99  
15521.1 15449.3 6842.5  9626.12 9660.23 4274.66  5965.26 5928.94 2668.58  
21063.7 21050.8 9438.72  10157.1 10175.7 4527.25  4989.83 4996.65 2184.37  
21063.7 21050.8 9438.72  10223.7 10250.2 4531.1  4903.71 4917.06 2172.93  
21063.7 21050.8 9438.72  10194.5 10153.6 4538.92  5001.4 5028.84 2178.43  
21063.7 21050.8 9438.72  10223.7 10250.2 4531.1  4923.3 4922.15 2180.51  
21063.7 21050.8 9438.72  10249.2 10246.4 4540.09  4890.73 4919.01 2168.3  
21063.7 21050.8 9438.72  10298 10274.9 4533.76  4857.97 4849.01 2176.99  
21063.7 21050.8 9438.72  10249.2 10246.4 4540.09  4960.27 4949.66 2183.24  
21063.7 21050.8 9438.72  10223.7 10250.2 4531.1  4940.03 4895.67 2184.2  
21063.7 21050.8 9438.72  10249.2 10246.4 4540.09  4877.1 4872.37 2172.47  
21063.7 21050.8 9438.72  10183.1 10171.8 4536.38  4994.41 4988.04 2185.16  
21063.7 21050.8 9438.72  10191.6 10120.9 4534.87  4893.5 4937.83 2170.7  
21063.7 21050.8 9438.72  10261.8 10296.3 4522.47  4916.77 4929.47 2179.36  
21063.7 21050.8 9438.72  10191.6 10120.9 4534.87  4952.8 5019.85 2172.99  
21063.7 21050.8 9438.72  10062.2 10072.8 4510.9  5022.82 4985.97 2194.66  
21063.7 21050.8 9438.72  10260.4 10228.4 4542.59  4871.37 4881.47 2171.18  
21063.7 21050.8 9438.72  10062.2 10072.8 4510.9  5075.43 5062.01 2194.14  
21063.7 21050.8 9438.72  10088.6 10068.9 4520.18  5043.21 5041.02 2193.58  
21063.7 21050.8 9438.72  10260.4 10228.4 4542.59  4967.25 4990.04 2176.52  
21063.7 21050.8 9438.72  10260.4 10228.4 4542.59  4967.25 4990.04 2176.52  
21063.7 21050.8 9438.72  10249.2 10246.4 4540.09  4910.26 4924.1 2175.86  
36532 36730 16060.8  3903.39 3750.16 1882.14  417.019 380.754 209.522  
36532 36730 16060.8  3910.86 3749.75 1874.28  407.838 379.256 212.623  
36532 36730 16060.8  3883.48 3741.54 1873.18  436.154 388.954 216.841  
36532 36730 16060.8  3927.52 3752.47 1892.19  392.426 376.945 197.936  
36532 36730 16060.8  3878.7 3731.86 1848.74  438.181 396.707 237.237  
36532 36730 16060.8  3920.14 3748.45 1877.93  399.661 380.421 209.471  
36532 36730 16060.8  3892.84 3735.37 1854.85  425.651 393.567 231.887  
36532 36730 16060.8  3878.7 3731.86 1848.74  443.564 397.196 239.795  
36532 36730 16060.8  3924.27 3742.26 1878.99  402.062 389.099 214.071  
36532 36730 16060.8  3920.14 3748.45 1877.93  406.742 383.401 215.439  
36532 36730 16060.8  3924.27 3742.26 1878.99  400.554 388.725 213.347  
36532 36730 16060.8  3927.52 3752.47 1892.19  394.944 378.293 199.16  
36532 36730 16060.8  3859.51 3723.56 1840.1  460.058 405.912 248.697  
36532 36730 16060.8  3876.9 3737.71 1859.26  442.635 391.098 227.926  
36532 36730 16060.8  3901.94 3734.09 1858.42  414.929 393.307 227.351  
36532 36730 16060.8  3878.7 3731.86 1848.74  443.09 397.851 239.65  
36532 36730 16060.8  3901.94 3734.09 1858.42  415.693 393.19 226.391  
36532 36730 16060.8  3878.7 3731.86 1848.74  438.95 397.143 239.028  
36532 36730 16060.8  3910.86 3749.75 1874.28  407.073 379.354 213.524  
36532 36730 16060.8  3910.86 3749.75 1874.28  412.506 381.996 217.511  
36271.2 36318.3 16111.7  4070.36 4048.66 1828.62  497.301 477.893 210.509  
36271.2 36318.3 16111.7  4111.68 4069.56 1834.98  460.351 458.516 205.882  
36271.2 36318.3 16111.7  4070.36 4048.66 1828.62  496.767 475.325 212.632  
36271.2 36318.3 16111.7  4101.08 4044.13 1839.63  473.126 482.21 201.925  
36271.2 36318.3 16111.7  4086.28 4052.74 1834.91  483.956 471.542 207.466  
36271.2 36318.3 16111.7  4085.97 4067.03 1825.19  480.483 459.674 213.48  
36271.2 36318.3 16111.7  4111.68 4069.56 1834.98  461.535 456.717 207.403  
36271.2 36318.3 16111.7  4085.97 4067.03 1825.19  487.056 461.083 214.778  
36271.2 36318.3 16111.7  4115.06 4050.1 1834.45  455.63 473.612 206.749  
36271.2 36318.3 16111.7  4085.97 4067.03 1825.19  485.349 462.022 214.233  
36271.2 36318.3 16111.7  4090.26 4074.18 1816.7  479.238 454.422 221.997  
36271.2 36318.3 16111.7  4101.62 4071.04 1831.38  467.407 455.119 209.458  
36271.2 36318.3 16111.7  4101.62 4071.04 1831.38  473.149 457.52 209.314  
36271.2 36318.3 16111.7  4085.97 4067.03 1825.19  486.597 460.251 215.805  
36271.2 36318.3 16111.7  4070.36 4048.66 1828.62  494.16 475.911 210.477  
36271.2 36318.3 16111.7  4064.75 4057.52 1816.42  505.37 470.31 222.394  
36271.2 36318.3 16111.7  4096.52 4051.23 1838.58  474.91 472.875 204.206  
36271.2 36318.3 16111.7  4090.26 4074.18 1816.7  479.238 454.422 221.997  
36271.2 36318.3 16111.7  4085.97 4067.03 1825.19  483.523 461.575 213.512  
36271.2 36318.3 16111.7  4086.28 4052.74 1834.91  482.739 471.719 207.05  
13474.2 13447 5981.64  9002.27 8977.24 4022.91  6068.26 6050.95 2688.63  
13474.2 13447 5981.64  8970.02 8996.31 4012.74  6065.02 6086.38 2675.03  
13474.2 13447 5981.64  9025.43 9033.45 4012.92  6050.73 6005.8 2685.8  
13474.2 13447 5981.64  8970.02 8996.31 4012.74  6051.77 6046.49 2698.06  
13474.2 13447 5981.64  9017.83 8950.43 4002.51  6068.56 6070.74 2682.69  
13474.2 13447 5981.64  8992.38 8992.98 4020.7  6066.68 6074.82 2690.22  
13474.2 13447 5981.64  9035.15 9017.98 4015.09  6058.11 6077.07 2679.42  
13474.2 13447 5981.64  8970.02 8996.31 4012.74  6036.71 6048.73 2692.72  
13474.2 13447 5981.64  9012.01 9052.24 3986.39  6038.04 6028.22 2706.74  
13474.2 13447 5981.64  9003.45 9036.73 4005.1  6073.3 6042.46 2681.84  
13474.2 13447 5981.64  9033.6 9049.03 3994.08  6065.03 6056.65 2687.74  
13474.2 13447 5981.64  9032.62 8990.3 4011.62  6058.95 6086.19 2680.56  
13474.2 13447 5981.64  9040.67 9006.64 3992.81  6061.04 6052.31 2685.86  
13474.2 13447 5981.64  9040.67 9006.64 3992.81  6045.73 6014.54 2692.39  
13474.2 13447 5981.64  9043.16 9033.82 3996.22  6044.91 6005.68 2691.28  
13474.2 13447 5981.64  8992.38 8992.98 4020.7  6049.37 6018.05 2694.55  
13474.2 13447 5981.64  9035.15 9017.98 4015.09  6030.45 6039.41 2697.28  
13474.2 13447 5981.64  9012.01 9052.24 3986.39  6044.69 6017.66 2708.23  
13474.2 13447 5981.64  8992.38 8992.98 4020.7  6051.9 6077.02 2684.97  
13474.2 13447 5981.64  9040.67 9006.64 3992.81  6050.82 6070.34 2699.39  
26418.7 26552.3 11679.1  9231.7 9255.92 4125.23  3366.52 3292.95 1523.73  
26418.7 26552.3 11679.1  9388.26 9300.75 4212.35  3299 3280.52 1473.05  
26418.7 26552.3 11679.1  9406.72 9301.11 4194.81  3291.98 3273.48 1494.25  
26418.7 26552.3 11679.1  9281.35 9273.15 4169.86  3338.46 3287.67 1488.28  
26418.7 26552.3 11679.1  9322.91 9301.49 4139.49  3322.93 3273.46 1503.54  
26418.7 26552.3 11679.1  9357.29 9310.37 4153.16  3313 3270.83 1499.8  
26418.7 26552.3 11679.1  9339.25 9311.02 4170.52  3280 3251.31 1478.68  
26418.7 26552.3 11679.1  9357.29 9310.37 4153.16  3324.02 3267.51 1521.22  
26418.7 26552.3 11679.1  9231.7 9255.92 4125.23  3397.04 3303.96 1536.28  
26418.7 26552.3 11679.1  9379.37 9307.12 4161.11  3312.69 3275.2 1508.92  
26418.7 26552.3 11679.1  9357.29 9310.37 4153.16  3319.03 3274.26 1511.11  
26418.7 26552.3 11679.1  9276.25 9280.5 4120.11  3341.73 3282.9 1520.01  
26418.7 26552.3 11679.1  9329.72 9294.91 4189.95  3330.84 3280.92 1476.32  
26418.7 26552.3 11679.1  9406.72 9301.11 4194.81  3274.79 3277.11 1479.39  
26418.7 26552.3 11679.1  9374.26 9320.05 4184.44  3275.24 3251.53 1485.79  
26418.7 26552.3 11679.1  9329.72 9294.91 4189.95  3336.86 3284.31 1487.45  
26418.7 26552.3 11679.1  9291.73 9289.64 4150.79  3373.11 3281.06 1516.41  
26418.7 26552.3 11679.1  9276.25 9280.5 4120.11  3352.95 3287.06 1515.86  
26418.7 26552.3 11679.1  9357.29 9310.37 4153.16  3306.63 3271.09 1506.07  
26418.7 26552.3 11679.1  9329.72 9294.91 4189.95  3348.44 3277.64 1491.15  
21248 21155.9 9388.73  10200.7 10255.8 4535.81  4907.18 4929.91 2195.56  
21248 21155.9 9388.73  10162.2 10105.3 4507.74  4914.02 4958.47 2187.96  
21248 21155.9 9388.73  10182.9 10144 4545.4  4915.88 4955.52 2200.26  
21248 21155.9 9388.73  10211.4 10238.5 4538.24  4902.44 4921.91 2205.87  
21248 21155.9 9388.73  10162.2 10105.3 4507.74  4908.56 4934.5 2196.38  
21248 21155.9 9388.73  10208.6 10207.7 4534.37  4899 4910.16 2190.7  
21248 21155.9 9388.73  10181.8 10245.2 4501.85  4908.42 4881.63 2217.79  
21248 21155.9 9388.73  10152.3 10085 4528.64  4926.96 4990.3 2182.14  
21248 21155.9 9388.73  10152.3 10085 4528.64  4928.2 4973.29 2193.65  
21248 21155.9 9388.73  10181.8 10245.2 4501.85  4916.47 4903.38 2222.83  
21248 21155.9 9388.73  10199.6 10189.2 4555.74  4889.28 4891.61 2171.77  
21248 21155.9 9388.73  10152.3 10085 4528.64  4928.3 5005.12 2183.98  
21248 21155.9 9388.73  10192.2 10163.3 4524.2  4898.49 4928.68 2179.55  
21248 21155.9 9388.73  10192.4 10228.3 4504.23  4902.38 4939.06 2195.27  
21248 21155.9 9388.73  10208.6 10207.7 4534.37  4899.08 4941.56 2181.02  
21248 21155.9 9388.73  10192.2 10163.3 4524.2  4907.5 4933 2195.93  
21248 21155.9 9388.73  10191.4 10238.1 4557.21  4903.39 4885.21 2189.16  
21248 21155.9 9388.73  10181.8 10245.2 4501.85  4907.86 4930.28 2196.49  
21248 21155.9 9388.73  10189.6 10198 4500.44  4894.4 4887.11 2200.13  
21248 21155.9 9388.73  10211.4 10238.5 4538.24  4901.59 4938.86 2194.31  
407.023 404.661 181.569  400.729 395.815 178.626  400.22 399.135 177.739  
407.023 404.661 181.569  403.785 403.766 179.424  397.953 394.213 177.51  
407.023 404.661 181.569  401.96 398.183 179.298  396.078 393.138 177.776  
407.023 404.661 181.569  404.106 401.838 179.366  396.731 391.888 176.846  
407.023 404.661 181.569  402.634 399.996 179.712  399.77 399.778 177.632  
407.023 404.661 181.569  403.785 403.766 179.424  396.176 394.35 177.933  
407.023 404.661 181.569  402.634 399.996 179.712  396.745 391.906 176.843  
407.023 404.661 181.569  400.049 397.042 179.565  397.99 394.279 177.509  
407.023 404.661 181.569  402.749 401.254 179.87  397.963 394.238 177.506  
407.023 404.661 181.569  403.785 403.766 179.424  396.06 393.083 177.774  
407.023 404.661 181.569  403.444 400.056 178.958  398.737 397.291 178.082  
407.023 404.661 181.569  401.96 398.183 179.298  400.095 397.887 177.579  
407.023 404.661 181.569  400.729 395.815 178.626  398.764 397.333 178.085  
407.023 404.661 181.569  401.96 398.183 179.298  398.752 397.309 178.078  
407.023 404.661 181.569  403.444 400.056 178.958  396.063 393.12 177.779  
407.023 404.661 181.569  400.729 395.815 178.626  396.206 394.428 177.941  
407.023 404.661 181.569  400.729 395.815 178.626  399.789 399.82 177.643  
407.023 404.661 181.569  404.219 403.075 179.521  395.727 395.065 177.833  
407.023 404.661 181.569  400.049 397.042 179.565  400.114 397.898 177.576  
407.023 404.661 181.569  400.049 397.042 179.565  396.771 391.935 176.844  
30644.4 30592.3 13563.1  7679.65 7724.15 3435.6  1933.26 1929.71 878.749  
30644.4 30592.3 13563.1  7687.78 7711.16 3437.46  1916.85 1936.47 883.51  
30644.4 30592.3 13563.1  7652.99 7662.84 3460.47  1944.83 1968.88 866.759  
30644.4 30592.3 13563.1  7679.65 7724.15 3435.6  1927.11 1939.5 877.305  
30644.4 30592.3 13563.1  7685.68 7687.93 3434.54  1925.16 1954.83 872.953  
30644.4 30592.3 13563.1  7678.82 7673.98 3450.75  1930.83 1971.09 861.717  
30644.4 30592.3 13563.1  7673.46 7703.44 3411.68  1932.77 1952.27 890.073  
30644.4 30592.3 13563.1  7672.68 7710.85 3451.83  1928.06 1936.66 872.743  
30644.4 30592.3 13563.1  7653.98 7713.67 3445.09  1951.26 1939.96 876.566  
30644.4 30592.3 13563.1  7666.27 7639.93 3442.93  1934.99 1985.94 879.908  
30644.4 30592.3 13563.1  7685.68 7687.93 3434.54  1918.43 1953.75 885.698  
30644.4 30592.3 13563.1  7666.27 7639.93 3442.93  1940.17 1983.79 871.36  
30644.4 30592.3 13563.1  7679.65 7724.15 3435.6  1925.03 1923.42 885.396  
30644.4 30592.3 13563.1  7679.65 7724.15 3435.6  1929.67 1927.87 872.157  
30644.4 30592.3 13563.1  7653.98 7713.67 3445.09  1947.36 1944.68 865.41  
30644.4 30592.3 13563.1  7671.4 7680.64 3408.82  1934.56 1949.88 900.885  
30644.4 30592.3 13563.1  7644.57 7676.3 3458.55  1953.3 1975.36 860.289  
30644.4 30592.3 13563.1  7679.65 7724.15 3435.6  1930.18 1933.6 872.884  
30644.4 30592.3 13563.1  7679.65 7724.15 3435.6  1928.39 1917.65 880.912  
30644.4 30592.3 13563.1  7672.68 7710.85 3451.83  1935.17 1945.39 871.042  
26475.9 26539.7 11643.1  9243.96 9274.41 4119.54  3333.77 3289.73 1528.26  
26475.9 26539.7 11643.1  9308.67 9264.82 4143.07  3295.25 3305.4 1524.19  
26475.9 26539.7 11643.1  9320.27 9318.52 4176.15  3307.7 3272.6 1510.99  
26475.9 26539.7 11643.1  9277.54 9283.11 4133.02  3335.34 3295.53 1538.58  
26475.9 26539.7 11643.1  9349.47 9272.37 4182.88  3269.02 3300.54 1498.88  
26475.9 26539.7 11643.1  9308.67 9264.82 4143.07  3318.66 3301.92 1533  
26475.9 26539.7 11643.1  9349.47 9272.37 4182.88  3294.95 3305.98 1518.11  
26475.9 26539.7 11643.1  9320.27 9318.52 4176.15  3293.58 3274.02 1514.41  
26475.9 26539.7 11643.1  9299.11 9279.92 4140.87  3298.32 3286.17 1514.8  
26475.9 26539.7 11643.1  9286.04 9309.65 4162.41  3309.79 3276.37 1511.86  
26475.9 26539.7 11643.1  9286.04 9309.65 4162.41  3333.33 3272.94 1520.61  
26475.9 26539.7 11643.1  9277.54 9283.11 4133.02  3323.31 3277.63 1523.47  
26475.9 26539.7 11643.1  9308.67 9264.82 4143.07  3321.41 3310.88 1543.76  
26475.9 26539.7 11643.1  9337.23 9328.28 4207.6  3296.74 3266.3 1490.88  
26475.9 26539.7 11643.1  9349.47 9272.37 4182.88  3298.44 3300.41 1518.94  
26475.9 26539.7 11643.1  9351.98 9299.88 4186.38  3287.18 3284.68 1504.46  
26475.9 26539.7 11643.1  9243.96 9274.41 4119.54  3355.3 3305.84 1555.89  
26475.9 26539.7 11643.1  9243.96 9274.41 4119.54  3366.93 3299.12 1559.78  
26475.9 26539.7 11643.1  9337.23 9328.28 4207.6  3262.04 3251.97 1467.83  
26475.9 26539.7 11643.1  9369.53 9309.29 4218.02  3260.71 3266.16 1468.87  
