3 18 5
15936.8 11258.9 10608.6  9860.25 6947.2 6542.98  6121.05 4426.41 4111.6  3808.85 2745.38 2545.58  2376.37 1740.18 1590.73  
15936.8 11258.9 10608.6  9846.02 7033.81 6591.44  6126.38 4393.89 4093.24  3817.76 2770.43 2546.35  2369.88 1692.87 1572.05  
15936.8 11258.9 10608.6  9860.84 7099.44 6603.02  6140.5 4387.74 4078.94  3806.63 2688.95 2524.21  2369.67 1706.36 1583.63  
15936.8 11258.9 10608.6  9889.03 7019.99 6572.88  6119.85 4346.39 4065.06  3798.39 2729.01 2540.58  2366.9 1759.87 1599.51  
15936.8 11258.9 10608.6  9873.44 7055.93 6600.73  6133.13 4367.88 4083.07  3809.69 2754.9 2545.79  2370.25 1708.95 1572.89  
15936.8 11258.9 10608.6  9861.59 6949.63 6534.87  6146.57 4447.15 4120.75  3810.75 2768.03 2546.7  2368.92 1713.53 1585.19  
41062.3 29260.8 27411.4  913.893 721.576 574.021  23.2269 17.1092 14.2654  0.535403 0.501072 0.301375  0.0115309 0.0137902 0.00678585  
41062.3 29260.8 27411.4  917.506 719.095 575.405  19.7251 19.4018 12.8698  0.423475 0.688255 0.312454  0.0127067 0.014516 0.00719592  
41062.3 29260.8 27411.4  914.782 722.095 576.32  22.2203 16.6253 12.0014  0.648059 0.468914 0.266855  0.0164249 0.0109643 0.00660861  
41062.3 29260.8 27411.4  913.893 721.576 574.021  23.0949 17.1355 14.2494  0.662381 0.477507 0.317512  0.0164544 0.0110702 0.00661979  
41062.3 29260.8 27411.4  916.022 712.4 574.361  21.0735 25.9293 13.9105  0.555172 0.85274 0.315694  0.0164755 0.0179292 0.00766451  
41062.3 29260.8 27411.4  917.535 713.857 573.662  19.6665 24.4146 14.5684  0.45612 0.895745 0.355198  0.00982515 0.0318469 0.00924182  
39818.4 28311.8 26578.3  2065.96 1588.8 1348.95  109.712 93.0141 68.7248  5.6343 5.91949 3.8002  0.299841 0.393796 0.205913  
39818.4 28311.8 26578.3  2067.07 1590.52 1343.78  108.491 91.2097 73.6936  5.75116 6.05399 3.99316  0.295792 0.345805 0.209462  
39818.4 28311.8 26578.3  2063.38 1598.67 1349.44  112.167 83.7779 68.2624  5.74174 5.34979 3.77724  0.321776 0.3305 0.198095  
39818.4 28311.8 26578.3  2060.15 1583.81 1347.05  115.012 98.1838 70.8201  6.12028 5.74829 3.61475  0.326014 0.383982 0.195837  
39818.4 28311.8 26578.3  2067.07 1590.52 1343.78  108.491 91.2097 73.6936  5.73422 6.08002 3.99982  0.311845 0.318917 0.202509  
39818.4 28311.8 26578.3  2069.4 1580.64 1343.23  106.451 101.373 74.3521  5.47501 5.78195 3.89326  0.28166 0.330519 0.203982  
