4 50 2
22754.2 12641.6 7633.96 12701.3  10153.8 5612.53 3342.08 5603.57  
19562.8 10807 6529.19 10880.8  10225 5674.46 3397.96 5673.77  
18236.5 10202.5 6125.55 10205.7  10027.6 5619.99 3350.63 5593.46  
40182.9 22478 13409.9 22435.2  708.086 244.321 221.573 285.969  
18236.5 10202.5 6125.55 10205.7  10000.8 5584.09 3369.24 5588.39  
19562.8 10807 6529.19 10880.8  10221.5 5638.11 3378.76 5650.69  
33097.7 18291.9 10985.9 18375.6  6296.79 3574.76 2143.84 3520.56  
22754.2 12641.6 7633.96 12701.3  10062.7 5574.7 3355.57 5582.93  
19562.8 10807 6529.19 10880.8  10225 5674.46 3397.96 5673.77  
12121.7 6808.45 4057 6783.37  8605.29 4763.47 2865.77 4780.54  
22754.2 12641.6 7633.96 12701.3  10009.3 5578.74 3355.98 5574.41  
37086 20780.4 12525.8 20805.2  3490.37 1774.86 1019.96 1762.02  
19562.8 10807 6529.19 10880.8  10221.5 5638.11 3378.76 5650.69  
17728.9 9978.51 5939.17 9930.86  9895.95 5563.3 3322.85 5535.57  
37086 20780.4 12525.8 20805.2  3443.96 1772.62 1017.43 1751.97  
5293.82 2948.3 1768.61 2952.81  4624.59 2555.42 1534.14 2565.95  
15468.8 8593.29 5178.12 8627.54  9582.84 5361.92 3205.4 5347.18  
15468.8 8593.29 5178.12 8627.54  9603.21 5327.59 3212.03 5344.38  
19562.8 10807 6529.19 10880.8  10225 5674.46 3397.96 5673.77  
15468.8 8593.29 5178.12 8627.54  9627.71 5360.66 3194.91 5349.04  
15468.8 8593.29 5178.12 8627.54  9553.04 5331.88 3212.47 5336.53  
19562.8 10807 6529.19 10880.8  10141.8 5647.71 3405.7 5654.49  
33097.7 18291.9 10985.9 18375.6  6300.79 3545.65 2105.93 3490.57  
12121.7 6808.45 4057 6783.37  8492.82 4758.88 2858.46 4753.7  
37086 20780.4 12525.8 20805.2  3406.28 1764.14 1011.97 1739.66  
5293.82 2948.3 1768.61 2952.81  4585.77 2561.71 1541.47 2564.9  
33097.7 18291.9 10985.9 18375.6  6299.01 3584.46 2133.24 3517.76  
37086 20780.4 12525.8 20805.2  3393.15 1754.99 1010.9 1734  
15468.8 8593.29 5178.12 8627.54  9626.83 5308.55 3202.75 5337.51  
40182.9 22478 13409.9 22435.2  708.173 243.367 219.22 284.533  
18236.5 10202.5 6125.55 10205.7  10108.1 5630.38 3359.75 5617.11  
18236.5 10202.5 6125.55 10205.7  10027.6 5619.99 3350.63 5593.46  
5293.82 2948.3 1768.61 2952.81  4624.59 2555.42 1534.14 2565.95  
5293.82 2948.3 1768.61 2952.81  4620.76 2550.23 1536.83 2565.22  
40182.9 22478 13409.9 22435.2  707.965 243.663 222.696 286.255  
22754.2 12641.6 7633.96 12701.3  10129.5 5633.09 3351.65 5610.96  
18236.5 10202.5 6125.55 10205.7  10081.8 5595.07 3378.06 5612.13  
22754.2 12641.6 7633.96 12701.3  10013.3 5539.52 3347.55 5558.17  
12121.7 6808.45 4057 6783.37  8492.82 4758.88 2858.46 4753.7  
37086 20780.4 12525.8 20805.2  3483.02 1786.29 1017.85 1762.97  
12121.7 6808.45 4057 6783.37  8492.82 4758.88 2858.46 4753.7  
40182.9 22478 13409.9 22435.2  708.173 243.367 219.22 284.533  
22754.2 12641.6 7633.96 12701.3  10123.5 5582.01 3349.22 5592.78  
19562.8 10807 6529.19 10880.8  10092 5612.07 3397.56 5629.42  
12121.7 6808.45 4057 6783.37  8488.37 4762.14 2849.06 4748.34  
40182.9 22478 13409.9 22435.2  708.173 243.367 219.22 284.533  
33097.7 18291.9 10985.9 18375.6  6309.84 3538.85 2125.57 3501.63  
18236.5 10202.5 6125.55 10205.7  10027.6 5619.99 3350.63 5593.46  
37086 20780.4 12525.8 20805.2  3498.14 1781.07 1019.56 1764.98  
12121.7 6808.45 4057 6783.37  8488.37 4762.14 2849.06 4748.34  
