4 150 2
15468.8 8593.29 5178.12 8627.54  9627.71 5360.66 3194.91 5349.04  
15468.8 8593.29 5178.12 8627.54  9553.04 5331.88 3212.47 5336.53  
15468.8 8593.29 5178.12 8627.54  9553.04 5331.88 3212.47 5336.53  
15468.8 8593.29 5178.12 8627.54  9647.58 5326.73 3201.52 5346.27  
15468.8 8593.29 5178.12 8627.54  9626.83 5308.55 3202.75 5337.51  
15468.8 8593.29 5178.12 8627.54  9593.36 5283.02 3199.59 5321.53  
15468.8 8593.29 5178.12 8627.54  9574.53 5350.7 3211.21 5345.6  
15468.8 8593.29 5178.12 8627.54  9624.33 5346.09 3210.78 5353.29  
15468.8 8593.29 5178.12 8627.54  9624.33 5346.09 3210.78 5353.29  
15468.8 8593.29 5178.12 8627.54  9593.36 5283.02 3199.59 5321.53  
15468.8 8593.29 5178.12 8627.54  9603.21 5327.59 3212.03 5344.38  
15468.8 8593.29 5178.12 8627.54  9603.21 5327.59 3212.03 5344.38  
15468.8 8593.29 5178.12 8627.54  9582.84 5361.92 3205.4 5347.18  
15468.8 8593.29 5178.12 8627.54  9655.61 5337.56 3195.92 5347.8  
15468.8 8593.29 5178.12 8627.54  9647.58 5326.73 3201.52 5346.27  
33097.7 18291.9 10985.9 18375.6  6302.79 3568.66 2117.65 3504.67  
33097.7 18291.9 10985.9 18375.6  6299.01 3584.46 2133.24 3517.76  
33097.7 18291.9 10985.9 18375.6  6299.01 3584.46 2133.24 3517.76  
33097.7 18291.9 10985.9 18375.6  6299.01 3584.46 2133.24 3517.76  
33097.7 18291.9 10985.9 18375.6  6296.79 3574.76 2143.84 3520.56  
33097.7 18291.9 10985.9 18375.6  6302.14 3582.11 2140.03 3521.58  
33097.7 18291.9 10985.9 18375.6  6300.79 3545.65 2105.93 3490.57  
33097.7 18291.9 10985.9 18375.6  6315 3545.95 2121.9 3502.61  
33097.7 18291.9 10985.9 18375.6  6300.79 3545.65 2105.93 3490.57  
33097.7 18291.9 10985.9 18375.6  6311.98 3548.21 2115.35 3498.92  
33097.7 18291.9 10985.9 18375.6  6298.42 3549.6 2138.47 3510.18  
33097.7 18291.9 10985.9 18375.6  6282.96 3562.4 2144.67 3514.7  
33097.7 18291.9 10985.9 18375.6  6311.98 3548.21 2115.35 3498.92  
33097.7 18291.9 10985.9 18375.6  6300.79 3545.65 2105.93 3490.57  
33097.7 18291.9 10985.9 18375.6  6309.84 3538.85 2125.57 3501.63  
5293.82 2948.3 1768.61 2952.81  4620.76 2550.23 1536.83 2565.22  
5293.82 2948.3 1768.61 2952.81  4575.48 2552.7 1542.08 2560.55  
5293.82 2948.3 1768.61 2952.81  4624.59 2555.42 1534.14 2565.95  
5293.82 2948.3 1768.61 2952.81  4620.76 2550.23 1536.83 2565.22  
5293.82 2948.3 1768.61 2952.81  4622.33 2557.08 1529.34 2563.22  
5293.82 2948.3 1768.61 2952.81  4602.72 2564.58 1526.64 2560.24  
5293.82 2948.3 1768.61 2952.81  4613.53 2564.78 1538.53 2569.33  
5293.82 2948.3 1768.61 2952.81  4585.77 2561.71 1541.47 2564.9  
5293.82 2948.3 1768.61 2952.81  4624.59 2555.42 1534.14 2565.95  
5293.82 2948.3 1768.61 2952.81  4599.51 2550.64 1541.87 2564.31  
5293.82 2948.3 1768.61 2952.81  4624.59 2555.42 1534.14 2565.95  
5293.82 2948.3 1768.61 2952.81  4599.51 2550.64 1541.87 2564.31  
5293.82 2948.3 1768.61 2952.81  4613.53 2564.78 1538.53 2569.33  
5293.82 2948.3 1768.61 2952.81  4624.59 2555.42 1534.14 2565.95  
5293.82 2948.3 1768.61 2952.81  4624.59 2555.42 1534.14 2565.95  
22754.2 12641.6 7633.96 12701.3  10129.5 5633.09 3351.65 5610.96  
22754.2 12641.6 7633.96 12701.3  10098.6 5602.03 3358.92 5599.98  
22754.2 12641.6 7633.96 12701.3  10145.3 5601.14 3347.94 5601.96  
22754.2 12641.6 7633.96 12701.3  10088.2 5555.16 3345.92 5576.03  
22754.2 12641.6 7633.96 12701.3  10077.2 5638.13 3352 5602.92  
22754.2 12641.6 7633.96 12701.3  10123.5 5582.01 3349.22 5592.78  
22754.2 12641.6 7633.96 12701.3  10129.5 5633.09 3351.65 5610.96  
22754.2 12641.6 7633.96 12701.3  10062.7 5574.7 3355.57 5582.93  
22754.2 12641.6 7633.96 12701.3  10068.5 5626.34 3358.06 5601.26  
22754.2 12641.6 7633.96 12701.3  10068.5 5626.34 3358.06 5601.26  
22754.2 12641.6 7633.96 12701.3  10013.3 5539.52 3347.55 5558.17  
22754.2 12641.6 7633.96 12701.3  10062.7 5574.7 3355.57 5582.93  
22754.2 12641.6 7633.96 12701.3  10153.8 5612.53 3342.08 5603.57  
22754.2 12641.6 7633.96 12701.3  10009.3 5578.74 3355.98 5574.41  
22754.2 12641.6 7633.96 12701.3  10062.7 5574.7 3355.57 5582.93  
19562.8 10807 6529.19 10880.8  10141.8 5647.71 3405.7 5654.49  
19562.8 10807 6529.19 10880.8  10141.8 5647.71 3405.7 5654.49  
19562.8 10807 6529.19 10880.8  10092 5612.07 3397.56 5629.42  
19562.8 10807 6529.19 10880.8  10233.5 5686 3392.01 5675.39  
19562.8 10807 6529.19 10880.8  10225 5674.46 3397.96 5673.77  
19562.8 10807 6529.19 10880.8  10092 5612.07 3397.56 5629.42  
19562.8 10807 6529.19 10880.8  10225 5674.46 3397.96 5673.77  
19562.8 10807 6529.19 10880.8  10141.8 5647.71 3405.7 5654.49  
19562.8 10807 6529.19 10880.8  10124.8 5679.97 3409.58 5663.43  
19562.8 10807 6529.19 10880.8  10092 5612.07 3397.56 5629.42  
19562.8 10807 6529.19 10880.8  10225 5674.46 3397.96 5673.77  
19562.8 10807 6529.19 10880.8  10167.5 5627.9 3395.91 5647.51  
19562.8 10807 6529.19 10880.8  10221.5 5638.11 3378.76 5650.69  
19562.8 10807 6529.19 10880.8  10229.8 5649.44 3372.92 5652.29  
19562.8 10807 6529.19 10880.8  10092 5612.07 3397.56 5629.42  
12121.7 6808.45 4057 6783.37  8512.45 4757.03 2826.18 4737.83  
12121.7 6808.45 4057 6783.37  8471.94 4758.51 2835.54 4736.18  
12121.7 6808.45 4057 6783.37  8488.37 4762.14 2849.06 4748.34  
12121.7 6808.45 4057 6783.37  8492.82 4758.88 2858.46 4753.7  
12121.7 6808.45 4057 6783.37  8379.77 4736.53 2819.67 4702.77  
12121.7 6808.45 4057 6783.37  8605.29 4763.47 2865.77 4780.54  
12121.7 6808.45 4057 6783.37  8488.37 4762.14 2849.06 4748.34  
12121.7 6808.45 4057 6783.37  8605.29 4763.47 2865.77 4780.54  
12121.7 6808.45 4057 6783.37  8605.29 4763.47 2865.77 4780.54  
12121.7 6808.45 4057 6783.37  8560.91 4767.73 2866.06 4773.69  
12121.7 6808.45 4057 6783.37  8492.82 4758.88 2858.46 4753.7  
12121.7 6808.45 4057 6783.37  8540.38 4767.37 2843.52 4756.46  
12121.7 6808.45 4057 6783.37  8488.37 4762.14 2849.06 4748.34  
12121.7 6808.45 4057 6783.37  8553.51 4757.76 2871.25 4772.28  
12121.7 6808.45 4057 6783.37  8443.53 4748 2817.91 4717.23  
17728.9 9978.51 5939.17 9930.86  10085.7 5599.53 3350.95 5598.77  
17728.9 9978.51 5939.17 9930.86  9895.95 5563.3 3322.85 5535.57  
17728.9 9978.51 5939.17 9930.86  10085.7 5599.53 3350.95 5598.77  
17728.9 9978.51 5939.17 9930.86  10004.8 5589.12 3341.55 5574.9  
17728.9 9978.51 5939.17 9930.86  9923.57 5556.35 3295.13 5522.3  
17728.9 9978.51 5939.17 9930.86  9923.57 5556.35 3295.13 5522.3  
17728.9 9978.51 5939.17 9930.86  9915.69 5567.63 3339.04 5550.12  
17728.9 9978.51 5939.17 9930.86  9895.95 5563.3 3322.85 5535.57  
17728.9 9978.51 5939.17 9930.86  9971.26 5576.77 3320.77 5552.59  
17728.9 9978.51 5939.17 9930.86  10052.7 5587.39 3330.51 5576.83  
17728.9 9978.51 5939.17 9930.86  10157.3 5598.65 3366.46 5621.01  
17728.9 9978.51 5939.17 9930.86  10138.5 5594.53 3351.06 5607.18  
17728.9 9978.51 5939.17 9930.86  10004.8 5589.12 3341.55 5574.9  
17728.9 9978.51 5939.17 9930.86  10024.2 5593.38 3357.48 5589.21  
17728.9 9978.51 5939.17 9930.86  9923.57 5556.35 3295.13 5522.3  
18236.5 10202.5 6125.55 10205.7  10113.3 5626.6 3370.62 5623.32  
18236.5 10202.5 6125.55 10205.7  10108.1 5630.38 3359.75 5617.11  
18236.5 10202.5 6125.55 10205.7  10000.8 5584.09 3369.24 5588.39  
18236.5 10202.5 6125.55 10205.7  10165.7 5621.57 3370.27 5631.39  
18236.5 10202.5 6125.55 10205.7  10027.6 5619.99 3350.63 5593.46  
18236.5 10202.5 6125.55 10205.7  10081.8 5595.07 3378.06 5612.13  
18236.5 10202.5 6125.55 10205.7  10027.6 5619.99 3350.63 5593.46  
18236.5 10202.5 6125.55 10205.7  10160.6 5625.29 3359.59 5625.29  
18236.5 10202.5 6125.55 10205.7  10027.6 5619.99 3350.63 5593.46  
18236.5 10202.5 6125.55 10205.7  10108.1 5630.38 3359.75 5617.11  
18236.5 10202.5 6125.55 10205.7  10027.6 5619.99 3350.63 5593.46  
18236.5 10202.5 6125.55 10205.7  10113.3 5626.6 3370.62 5623.32  
18236.5 10202.5 6125.55 10205.7  10160.6 5625.29 3359.59 5625.29  
18236.5 10202.5 6125.55 10205.7  10108.1 5630.38 3359.75 5617.11  
18236.5 10202.5 6125.55 10205.7  10157.1 5610 3376.27 5629.75  
40182.9 22478 13409.9 22435.2  708.086 244.321 221.573 285.969  
40182.9 22478 13409.9 22435.2  708.086 244.321 221.573 285.969  
40182.9 22478 13409.9 22435.2  698.485 243.144 218.554 282.842  
40182.9 22478 13409.9 22435.2  700.9 243.691 219.924 284.005  
40182.9 22478 13409.9 22435.2  713.717 243.175 220.934 286.021  
40182.9 22478 13409.9 22435.2  708.173 243.367 219.22 284.533  
40182.9 22478 13409.9 22435.2  708.173 243.367 219.22 284.533  
40182.9 22478 13409.9 22435.2  713.717 243.175 220.934 286.021  
40182.9 22478 13409.9 22435.2  708.512 244.165 222.292 286.313  
40182.9 22478 13409.9 22435.2  708.173 243.367 219.22 284.533  
40182.9 22478 13409.9 22435.2  708.086 244.321 221.573 285.969  
40182.9 22478 13409.9 22435.2  708.173 243.367 219.22 284.533  
40182.9 22478 13409.9 22435.2  707.965 243.663 222.696 286.255  
40182.9 22478 13409.9 22435.2  698.485 243.144 218.554 282.842  
40182.9 22478 13409.9 22435.2  713.717 243.175 220.934 286.021  
37086 20780.4 12525.8 20805.2  3459.3 1767.35 1019.06 1753.95  
37086 20780.4 12525.8 20805.2  3443.96 1772.62 1017.43 1751.97  
37086 20780.4 12525.8 20805.2  3393.15 1754.99 1010.9 1734  
37086 20780.4 12525.8 20805.2  3490.37 1774.86 1019.96 1762.02  
37086 20780.4 12525.8 20805.2  3483.02 1786.29 1017.85 1762.97  
37086 20780.4 12525.8 20805.2  3471.99 1776.2 1020.1 1759.42  
37086 20780.4 12525.8 20805.2  3471.99 1776.2 1020.1 1759.42  
37086 20780.4 12525.8 20805.2  3455.17 1782.89 1015.15 1755.58  
37086 20780.4 12525.8 20805.2  3471.99 1776.2 1020.1 1759.42  
37086 20780.4 12525.8 20805.2  3471.99 1776.2 1020.1 1759.42  
37086 20780.4 12525.8 20805.2  3393.15 1754.99 1010.9 1734  
37086 20780.4 12525.8 20805.2  3498.14 1781.07 1019.56 1764.98  
37086 20780.4 12525.8 20805.2  3406.28 1764.14 1011.97 1739.66  
37086 20780.4 12525.8 20805.2  3490.37 1774.86 1019.96 1762.02  
37086 20780.4 12525.8 20805.2  3455.17 1782.89 1015.15 1755.58  
