2 50 50 4
500 200
2200 1000 
1518.23 322.98 1
0.0690567 1 10
290.368
290.615
299.045
290.252
296.202
296.874
295.459
292.923
290.347
295.785
290.323
294.349
292.915
291.765
297.185
293.766
291.085
291.016
299.252
290.299
299.276
297.645
299.235
290.696
291.473
291.457
290.668
293.781
295.786
291.83
297.672
290.685
298.002
295.594
292.541
293.533
292.336
293.128
297.94
293.117
294.021
290.488
292.474
290.803
290.546
291.675
294.87
290.408
291.555
292.437
47.0055 -0.26383
46.2013 0.02115
43.6085 1.52112
46.7382 0.60669
44.3615 2.04738
44.1195 -1.04237
44.334 -0.41009
45.1031 -0.48522
47.0329 0.93224
44.3373 -0.85666
46.6915 -0.10545
44.5936 0.85849
45.0392 0.83592
46.0526 -1.30469
43.8918 0.00737
44.7731 0.93188
45.8898 -0.18693
46.0671 1.2548
43.5245 1.22847
46.7524 0.80939
43.5351 1.34012
43.8138 -0.23673
43.504 -0.29022
47.0667 -0.7632
46.2576 1.98575
45.9016 -0.8051
46.5966 1.40339
44.748 -0.01294
44.204 0.63138
45.4606 -0.03505
43.7858 0.07672
46.4087 -0.5395
43.8043 1.44283
44.4356 1.77578
45.2136 1.06346
45.2834 -1.53943
45.5492 -1.06197
45.1248 -0.83133
43.7903 -0.54839
45.5161 -1.62399
44.88 -1.0157
46.3974 0.8671
45.5222 1.86712
46.0084 0.33414
46.353 0.92661
45.6824 -0.61159
44.4471 -0.08768
46.9062 -0.36832
46.2304 2.03139
45.244 1.00999
45.9462 0.14486
45.7843 1.13397
