2 18 4
21931.6 15823.5  13622.1 9870.92  8440.63 6085.4  5247.32 3824.61  
21931.6 15823.5  13548.2 9800.5  8505.1 6175.05  5291.49 3820.39  
21931.6 15823.5  13638.9 9861.77  8403.73 6105.58  5274.04 3809.99  
21931.6 15823.5  13587.4 9866.86  8510.65 6134.49  5282.61 3833.29  
21931.6 15823.5  13564.6 9791.53  8496.56 6136.5  5261.17 3836.76  
21931.6 15823.5  13622.1 9870.92  8474.91 6106.83  5290.62 3862.57  
44488.9 32022.2  10339.5 7623.66  2426.88 1798.53  572.095 425.96  
44488.9 32022.2  10363.3 7615.8  2417.89 1809.58  555.362 416.262  
44488.9 32022.2  10280.3 7518.21  2478.15 1877.34  575.703 441.48  
44488.9 32022.2  10294.7 7545.17  2460.43 1845.78  579.874 447.212  
44488.9 32022.2  10280.3 7518.21  2457.8 1852.88  587.941 456.963  
44488.9 32022.2  10294.7 7545.17  2470.75 1863.72  567.275 428.59  
35102.5 25448.3  13881.7 10019  5415.69 3950.39  2182.45 1571.81  
35102.5 25448.3  13806.2 9947.36  5511.3 3997.39  2161.87 1581.34  
35102.5 25448.3  13828.1 10040.8  5468.31 3912.82  2165.58 1560.55  
35102.5 25448.3  13918.9 10062.8  5399.98 3897.98  2169.43 1568.14  
35102.5 25448.3  13754.7 10009.3  5498.63 3930.12  2209.2 1590.06  
35102.5 25448.3  13792.6 9997.29  5505.56 3965.61  2181.96 1566.88  
