4 18 4
6062.58 6814.21 10595.7 14310  3766.42 4245.07 6603.99 8955.08  2332.08 2630.94 4086.25 5531.54  1441 1629.72 2528.63 3423.4  
6062.58 6814.21 10595.7 14310  3754.3 4228.24 6569.04 8876.06  2334.22 2603.51 4060.21 5540.29  1454.54 1650.42 2563.23 3481.31  
6062.58 6814.21 10595.7 14310  3754.3 4228.24 6569.04 8876.06  2332.11 2619.18 4074.31 5531.96  1460.64 1639.23 2556.23 3499.64  
6062.58 6814.21 10595.7 14310  3767.25 4195.25 6548.53 8933.04  2329.39 2653.79 4111.71 5543.09  1454.34 1631.8 2540.21 3462.33  
6062.58 6814.21 10595.7 14310  3769.15 4226.55 6580.54 8932.15  2337.86 2641.07 4107.01 5578.61  1446.07 1639.29 2544.01 3447.92  
6062.58 6814.21 10595.7 14310  3751.61 4246.42 6592.06 8898.58  2344.5 2633.53 4102.65 5591.28  1451.66 1632.16 2538.52 3453.73  
2877.87 3211.34 5013.08 6827.44  2352.9 2650.91 4126.76 5597.05  1927.87 2163.03 3373.33 4595.62  1579.8 1761.8 2752.65 3765.45  
2877.87 3211.34 5013.08 6827.44  2354.91 2634.86 4112.42 5605.87  1930.41 2146.15 3351.01 4569.77  1588.37 1793.51 2787.52 3773.01  
2877.87 3211.34 5013.08 6827.44  2349.08 2635.44 4111.45 5601.35  1924.96 2146.58 3354.96 4589.5  1583.95 1783.25 2775.98 3770.17  
2877.87 3211.34 5013.08 6827.44  2360.37 2638.53 4112.8 5586.96  1929.43 2145.5 3350.93 4573.15  1581.13 1782.89 2776.49 3775.7  
2877.87 3211.34 5013.08 6827.44  2352.9 2650.91 4126.76 5597.05  1934.11 2152.7 3361.69 4587.2  1587.35 1787.14 2775.8 3748.52  
2877.87 3211.34 5013.08 6827.44  2358.3 2654.44 4127.06 5578.42  1930.04 2175.09 3385.85 4595.44  1586.51 1766.3 2758.13 3766.31  
4312.01 4836.98 7540.19 10244.3  3131.63 3535.28 5500.86 7458.93  2298.72 2596.66 4032.13 5447.17  1676.64 1888.38 2937.78 3990.58  
4312.01 4836.98 7540.19 10244.3  3146.3 3517.83 5490.46 7487.09  2301.82 2573.58 4012.45 5464.11  1682.37 1900.99 2951.25 3990.39  
4312.01 4836.98 7540.19 10244.3  3150.84 3543.98 5510.02 7450.42  2304.18 2581.77 4022.21 5469.78  1682.28 1888.82 2940.04 3996.34  
4312.01 4836.98 7540.19 10244.3  3126.32 3514.56 5480.27 7464.38  2299.02 2579.13 4018.83 5469.15  1685.85 1889.28 2941.31 3998.27  
4312.01 4836.98 7540.19 10244.3  3149.69 3512.23 5484.14 7482.53  2296.47 2594.89 4032.78 5460.08  1684.14 1888.33 2936.85 3982.35  
4312.01 4836.98 7540.19 10244.3  3154.6 3532.99 5504.67 7476.77  2291.42 2574.2 4012.32 5465.82  1669.61 1883.92 2931.07 3983.7  
