3 33 2
34376.9 24312.8 22906.9  6234.36 4592.04 4142.86  
12501.3 8963.79 8340.56  8811.02 6291.21 5892.73  
29763.7 21081.8 19846  8601.24 6225.36 5758.29  
12501.3 8963.79 8340.56  8730.21 6281.48 5830.25  
7504.16 5376.11 5004.43  6125.5 4411.67 4091.78  
38155.2 27085.1 25392.3  3480.66 2624.2 2351.63  
12501.3 8963.79 8340.56  8753.04 6297.13 5854.4  
38155.2 27085.1 25392.3  3480.66 2624.2 2351.63  
29763.7 21081.8 19846  8636.76 6253.74 5774.2  
24927.5 17971 16736.7  10127.1 7193.68 6734.97  
24927.5 17971 16736.7  10097.7 7170.44 6725.13  
24927.5 17971 16736.7  10142.6 7206.64 6735.42  
41062.3 29260.8 27411.4  915.965 717.611 576.117  
7504.16 5376.11 5004.43  6141.51 4422.66 4108.73  
38155.2 27085.1 25392.3  3479.77 2642.31 2361.56  
41062.3 29260.8 27411.4  917.339 718.852 576.148  
34376.9 24312.8 22906.9  6223.66 4648.87 4172.71  
15936.8 11258.9 10608.6  9846.02 7033.81 6591.44  
12501.3 8963.79 8340.56  8811.02 6291.21 5892.73  
29763.7 21081.8 19846  8636.76 6253.74 5774.2  
34376.9 24312.8 22906.9  6240.55 4595.08 4158.8  
29763.7 21081.8 19846  8636.76 6253.74 5774.2  
24927.5 17971 16736.7  10142.6 7206.64 6735.42  
24927.5 17971 16736.7  10142.6 7206.64 6735.42  
7504.16 5376.11 5004.43  6103.52 4364.47 4052.33  
41062.3 29260.8 27411.4  917.371 713.618 574.391  
29763.7 21081.8 19846  8601.24 6225.36 5758.29  
34376.9 24312.8 22906.9  6189.36 4552.4 4141.49  
34376.9 24312.8 22906.9  6214.14 4605.82 4165.33  
15936.8 11258.9 10608.6  9846.02 7033.81 6591.44  
15936.8 11258.9 10608.6  9846.59 6983.68 6571.6  
29763.7 21081.8 19846  8636.94 6300.98 5783.98  
39818.4 28311.8 26578.3  2069.04 1580.08 1344.92  
