3 100 2
15936.8 11258.9 10608.6  9860.25 6947.2 6542.98  
15936.8 11258.9 10608.6  9846.02 7033.81 6591.44  
15936.8 11258.9 10608.6  9846.59 6983.68 6571.6  
15936.8 11258.9 10608.6  9873.44 7055.93 6600.73  
15936.8 11258.9 10608.6  9846.02 7033.81 6591.44  
15936.8 11258.9 10608.6  9846.02 7033.81 6591.44  
15936.8 11258.9 10608.6  9860.84 7099.44 6603.02  
15936.8 11258.9 10608.6  9846.59 6983.68 6571.6  
15936.8 11258.9 10608.6  9860.84 7099.44 6603.02  
15936.8 11258.9 10608.6  9877.63 7063.52 6575.46  
41062.3 29260.8 27411.4  913.893 721.576 574.021  
41062.3 29260.8 27411.4  917.535 713.857 573.662  
41062.3 29260.8 27411.4  913.893 721.576 574.021  
41062.3 29260.8 27411.4  913.893 721.576 574.021  
41062.3 29260.8 27411.4  917.371 713.618 574.391  
41062.3 29260.8 27411.4  915.965 717.611 576.117  
41062.3 29260.8 27411.4  917.535 713.857 573.662  
41062.3 29260.8 27411.4  914.782 722.095 576.32  
41062.3 29260.8 27411.4  917.339 718.852 576.148  
41062.3 29260.8 27411.4  916.466 718.342 573.89  
39818.4 28311.8 26578.3  2054.31 1590.76 1347.42  
39818.4 28311.8 26578.3  2060.29 1572.45 1342.97  
39818.4 28311.8 26578.3  2067.07 1590.52 1343.78  
39818.4 28311.8 26578.3  2069.04 1580.08 1344.92  
39818.4 28311.8 26578.3  2061.36 1597.59 1344.09  
39818.4 28311.8 26578.3  2060.29 1572.45 1342.97  
39818.4 28311.8 26578.3  2063.38 1598.67 1349.44  
39818.4 28311.8 26578.3  2065.96 1588.8 1348.95  
39818.4 28311.8 26578.3  2069.42 1592.15 1347.31  
39818.4 28311.8 26578.3  2065.96 1588.8 1348.95  
34376.9 24312.8 22906.9  6189.36 4552.4 4141.49  
34376.9 24312.8 22906.9  6197.66 4527.22 4128.7  
34376.9 24312.8 22906.9  6240.69 4628.38 4171.49  
34376.9 24312.8 22906.9  6241.65 4630.04 4166.17  
34376.9 24312.8 22906.9  6240.55 4595.08 4158.8  
34376.9 24312.8 22906.9  6241.49 4596.71 4153.58  
34376.9 24312.8 22906.9  6214.14 4605.82 4165.33  
34376.9 24312.8 22906.9  6223.66 4648.87 4172.71  
34376.9 24312.8 22906.9  6234.36 4592.04 4142.86  
34376.9 24312.8 22906.9  6223.66 4648.87 4172.71  
6697.13 4781.63 4476.71  5593.72 4030.43 3746.21  
6697.13 4781.63 4476.71  5617.88 4019.65 3745.57  
6697.13 4781.63 4476.71  5631.03 3997.73 3759.18  
6697.13 4781.63 4476.71  5633.4 4002.04 3744.78  
6697.13 4781.63 4476.71  5633.4 4002.04 3744.78  
6697.13 4781.63 4476.71  5592.9 4028.94 3751.18  
6697.13 4781.63 4476.71  5640.03 4006.15 3754.63  
6697.13 4781.63 4476.71  5623.83 4022.37 3760.47  
6697.13 4781.63 4476.71  5639.24 4004.72 3759.42  
6697.13 4781.63 4476.71  5599.55 4002.5 3754.84  
7504.16 5376.11 5004.43  6141.51 4422.66 4108.73  
7504.16 5376.11 5004.43  6175.63 4415.5 4119.23  
7504.16 5376.11 5004.43  6175.63 4415.5 4119.23  
7504.16 5376.11 5004.43  6192.69 4396.15 4118.37  
7504.16 5376.11 5004.43  6149.07 4427.34 4119.94  
7504.16 5376.11 5004.43  6199.99 4400.67 4129.19  
7504.16 5376.11 5004.43  6199.99 4400.67 4129.19  
7504.16 5376.11 5004.43  6141.51 4422.66 4108.73  
7504.16 5376.11 5004.43  6125.5 4411.67 4091.78  
7504.16 5376.11 5004.43  6103.52 4364.47 4052.33  
38155.2 27085.1 25392.3  3480.66 2624.2 2351.63  
38155.2 27085.1 25392.3  3493.48 2614.36 2360.09  
38155.2 27085.1 25392.3  3489.42 2611.64 2353.98  
38155.2 27085.1 25392.3  3479.77 2642.31 2361.56  
38155.2 27085.1 25392.3  3489.4 2630.62 2361.03  
38155.2 27085.1 25392.3  3480.84 2605.33 2344.76  
38155.2 27085.1 25392.3  3480.66 2624.2 2351.63  
38155.2 27085.1 25392.3  3483.52 2644.24 2370.97  
38155.2 27085.1 25392.3  3488.03 2627.98 2370.14  
38155.2 27085.1 25392.3  3479.77 2642.31 2361.56  
29763.7 21081.8 19846  8636.76 6253.74 5774.2  
29763.7 21081.8 19846  8636.94 6300.98 5783.98  
29763.7 21081.8 19846  8674.83 6286.63 5775.34  
29763.7 21081.8 19846  8636.76 6253.74 5774.2  
29763.7 21081.8 19846  8601.24 6225.36 5758.29  
29763.7 21081.8 19846  8636.76 6253.74 5774.2  
29763.7 21081.8 19846  8636.94 6300.98 5783.98  
29763.7 21081.8 19846  8674.83 6286.63 5775.34  
29763.7 21081.8 19846  8651.16 6314.43 5776.86  
29763.7 21081.8 19846  8664.69 6280.18 5760.21  
24927.5 17971 16736.7  10142.6 7206.64 6735.42  
24927.5 17971 16736.7  10127.1 7193.68 6734.97  
24927.5 17971 16736.7  10200.2 7197.55 6743.36  
24927.5 17971 16736.7  10012.7 7161.73 6689.68  
24927.5 17971 16736.7  10142.6 7206.64 6735.42  
24927.5 17971 16736.7  10097.7 7170.44 6725.13  
24927.5 17971 16736.7  10183.5 7182.17 6751.69  
24927.5 17971 16736.7  10042.6 7185.36 6699.68  
24927.5 17971 16736.7  10183.5 7182.17 6751.69  
24927.5 17971 16736.7  10144.1 7209.32 6726.49  
12501.3 8963.79 8340.56  8811.02 6291.21 5892.73  
12501.3 8963.79 8340.56  8779.24 6271.54 5845.63  
12501.3 8963.79 8340.56  8770.3 6220.46 5813.6  
12501.3 8963.79 8340.56  8825.99 6259.38 5868.15  
12501.3 8963.79 8340.56  8753.04 6297.13 5854.4  
12501.3 8963.79 8340.56  8836.39 6265.83 5883.57  
12501.3 8963.79 8340.56  8753.04 6297.13 5854.4  
12501.3 8963.79 8340.56  8730.21 6281.48 5830.25  
12501.3 8963.79 8340.56  8763.82 6303.8 5870.37  
12501.3 8963.79 8340.56  8763.82 6303.8 5870.37  
