5 66 5
5956.93 2998.27 4943.56 2946.76 4984.94  5347.06 2690.89 4445.14 2647.16 4491.66  4849.66 2428.61 4034.57 2411.83 4046  4343.29 2185.1 3607.86 2153.03 3636.43  3898.27 1956.11 3248.63 1937.93 3275.17  
17974.8 8934.85 14987.8 8982.66 14909.1  12563.8 6264.2 10451.6 6276.35 10394.7  8788.43 4359.71 7356.27 4419 7315.49  6191.08 3123.56 5141.98 3077.48 5187.81  4329.46 2176.08 3600.74 2163.41 3611.76  
17974.8 8934.85 14987.8 8982.66 14909.1  12572.6 6254.14 10498.9 6293.77 10465.4  8793.35 4373.33 7329.95 4411.45 7271.98  6188.44 3120.8 5143.59 3077.43 5191.55  4313.68 2158.66 3590.08 2162.9 3578.48  
5956.93 2998.27 4943.56 2946.76 4984.94  5352.02 2697.83 4437.16 2645.63 4476.93  4782.62 2420.63 3960.17 2357.45 4014.16  4371.8 2187.31 3636.23 2176.91 3638.2  3908.86 1966.12 3242.25 1938.81 3258.11  
32325.7 16161.9 26866.8 16077.6 26849.3  14879.3 7469.07 12390.8 7422.29 12452.8  6896.12 3412.06 5788.55 3501.83 5724.98  3164.96 1579.19 2650.7 1605.97 2638.14  1474.09 741.49 1240.98 747.938 1257.28  
0 0 0 0 0  0 0 0 0 0  0 0 0 0 0  0 0 0 0 0  0 0 0 0 0  
17974.8 8934.85 14987.8 8982.66 14909.1  12549.9 6216.73 10484.8 6302.87 10385.7  8786.45 4380.65 7313.74 4399.08 7269.23  6174.94 3113.17 5147.59 3071.89 5218.17  4333.26 2171.63 3607.97 2170.29 3607.92  
37053 18334.5 30976.9 18585.3 30708.8  14081.6 7038.39 11727.1 7062.58 11686.2  5481.3 2839.09 4521.51 2693.44 4687.2  2088.05 1091.09 1714.58 1027.1 1780.57  802.004 428.654 655.758 390.684 698.684  
44710.6 22493.2 37090.4 22125.2 37347.4  11406.9 5613.27 9620.69 5834.07 9483.07  2860.05 1414.48 2404.87 1478.28 2353.8  759.348 359.016 652.961 412.504 608.391  196.972 89.7643 172.959 111.845 155.04  
22697.6 11216.4 18971.5 11396.2 18758.8  14084.9 7019.41 11719.6 7044.99 11643.7  8702.25 4327.96 7288.71 4374.54 7278.91  5487.03 2787.24 4560.39 2720.45 4651.11  3394.84 1720.11 2814.45 1691.25 2840.46  
21543.4 10787.2 17907.3 10702.3 17944.3  13807.9 6879.96 11530 6908.06 11518.2  8827 4426.52 7355.55 4405.88 7388.59  5672.45 2843.38 4723.5 2840.24 4726.21  3644.07 1813 3047.94 1841.23 3026.44  
5956.93 2998.27 4943.56 2946.76 4984.94  5309.67 2687.79 4400.02 2615.65 4468.27  4853.39 2428.92 4039.06 2414.94 4048.33  4302.68 2177.72 3558.92 2121.85 3600.04  3940.57 1969.81 3279.08 1964.71 3277.06  
8930.13 4482.68 7431.68 4427.84 7492.77  7640.31 3807.31 6372.31 3814.23 6364  6480.29 3246.74 5394.9 3223.9 5417.87  5447.27 2736.73 4540.53 2706.61 4587.18  4663.01 2342.68 3881.43 2318.83 3910.07  
21543.4 10787.2 17907.3 10702.3 17944.3  13820.2 6897.16 11510.2 6904.26 11481.7  8852.23 4398.58 7393.93 4451.14 7340.13  5672.36 2842.13 4730.13 2841.56 4740.09  3633.3 1812.53 3038.56 1831.94 3030.29  
17974.8 8934.85 14987.8 8982.66 14909.1  12572.6 6254.14 10498.9 6293.77 10465.4  8821.06 4405.81 7349.36 4410.76 7337.81  6167.98 3094.22 5123.64 3079.69 5120.95  4327.66 2181.67 3604.74 2157.72 3643.07  
21543.4 10787.2 17907.3 10702.3 17944.3  13787.7 6909.59 11477.8 6865.23 11522  8867.42 4414.31 7404.96 4452.23 7371.6  5677.73 2817.56 4745.44 2866.12 4695.81  3611.81 1819.01 3000.5 1806.63 3008.9  
32325.7 16161.9 26866.8 16077.6 26849.3  14879.3 7469.07 12390.8 7422.29 12452.8  6885.22 3409.14 5772.12 3494.02 5704.1  3185.16 1585.69 2678.24 1619.5 2672.42  1467.44 738.128 1235.23 744.577 1251.19  
17974.8 8934.85 14987.8 8982.66 14909.1  12572.6 6254.14 10498.9 6293.77 10465.4  8821.06 4405.81 7349.36 4410.76 7337.81  6167.98 3094.22 5123.64 3079.69 5120.95  4327.66 2181.67 3604.74 2157.72 3643.07  
37053 18334.5 30976.9 18585.3 30708.8  14152.9 7133.89 11775.5 7052.32 11884.1  5396.64 2734.14 4467.87 2699.13 4486.95  2095.64 1104.76 1717.91 1023.64 1806.08  804.91 425.008 658.017 395.849 686.626  
57325.3 28368.5 47950.4 28752.4 47584.6  2530.74 1527.98 1952 1184.64 2291.5  137.799 98.3692 93.6152 60.3498 118.198  5.89359 4.88013 3.78232 2.52893 5.39885  0.266587 0.276574 0.156539 0.102908 0.28256  
37053 18334.5 30976.9 18585.3 30708.8  14154.2 7170 11756.6 7025.11 11931.6  5443.3 2777.83 4495.26 2707.31 4550.21  2057.91 1045.41 1711.15 1036.24 1727.37  793.51 409.131 654.545 397.952 665.257  
22697.6 11216.4 18971.5 11396.2 18758.8  14110.1 7021.65 11769.7 7066.82 11711.9  8788.66 4423.3 7315.06 4376.09 7377.46  5429.27 2729.07 4526.17 2714.58 4557.12  3393.89 1724.07 2809.46 1687.44 2840.73  
21543.4 10787.2 17907.3 10702.3 17944.3  13807.9 6879.96 11530 6908.06 11518.2  8837.17 4435.31 7354.18 4407.66 7381.94  5638.44 2839.05 4690.33 2812.88 4721.33  3626.85 1819.47 3019.94 1819.8 3019.75  
57325.3 28368.5 47950.4 28752.4 47584.6  2555.63 1541.63 1961.2 1196.23 2281.85  113.999 85.4096 84.7889 49.2482 127.396  4.86863 4.27382 3.42745 2.05717 5.85799  0.201993 0.203983 0.139019 0.0852218 0.27337  
32325.7 16161.9 26866.8 16077.6 26849.3  14809.8 7445.21 12300.4 7377.46 12341.5  6916.66 3450.53 5802.26 3489.24 5814.23  3206.48 1575.45 2714.77 1647.74 2679.1  1470.94 733.717 1236.91 751.166 1233.27  
57325.3 28368.5 47950.4 28752.4 47584.6  2537.01 1525.51 1957.32 1191.22 2283.33  131.43 99.9258 88.4053 54.1105 125.096  5.9879 5.76746 3.6768 2.20098 6.63939  0.272009 0.306869 0.153058 0.0959195 0.310856  
57325.3 28368.5 47950.4 28752.4 47584.6  2538.66 1521.31 1956.65 1194.79 2266.63  129.539 103.541 88.9369 50.598 140.837  6.21917 6.32046 3.80085 2.14231 7.55633  0.282144 0.335272 0.15816 0.0935826 0.351341  
0 0 0 0 0  0 0 0 0 0  0 0 0 0 0  0 0 0 0 0  0 0 0 0 0  
44710.6 22493.2 37090.4 22125.2 37347.4  11447 5614.3 9645.91 5869.6 9441.36  2840.21 1413.57 2392.46 1461.56 2373.36  740.747 357.752 638.638 396.224 619.198  194.222 90.79 172.082 108.199 163.454  
22697.6 11216.4 18971.5 11396.2 18758.8  14084.9 7019.41 11719.6 7044.99 11643.7  8702.25 4327.96 7288.71 4374.54 7278.91  5487.03 2787.24 4560.39 2720.45 4651.11  3394.84 1720.11 2814.45 1691.25 2840.46  
37053 18334.5 30976.9 18585.3 30708.8  14162.1 7114.91 11773.2 7074.52 11799.4  5390.93 2745.59 4469.29 2685.4 4538.19  2093.52 1109.4 1718.46 1018.45 1826.75  801.727 423.423 657.456 394.254 689.762  
32325.7 16161.9 26866.8 16077.6 26849.3  14918 7451.54 12445.2 7471.69 12438.1  6876.9 3419.63 5767.91 3478.43 5745.79  3170.08 1596.76 2650.99 1596.65 2674.61  1459.17 735.96 1222.85 738.684 1235.44  
17974.8 8934.85 14987.8 8982.66 14909.1  12565.4 6296.29 10434.2 6251.99 10435.3  8795.47 4360.88 7349.31 4423.96 7280.9  6167.02 3079.8 5160.38 3091.56 5179.14  4326.53 2168.46 3614.73 2167.33 3635.3  
37053 18334.5 30976.9 18585.3 30708.8  14152.9 7133.89 11775.5 7052.32 11884.1  5396.64 2734.14 4467.87 2699.13 4486.95  2095.64 1104.76 1717.91 1023.64 1806.08  804.91 425.008 658.017 395.849 686.626  
57325.3 28368.5 47950.4 28752.4 47584.6  2530.74 1527.98 1952 1184.64 2291.5  137.425 98.0359 93.5007 60.2417 118.131  6.20716 5.15194 3.87739 2.61969 5.44876  0.323423 0.3337 0.175048 0.119434 0.298918  
0 0 0 0 0  0 0 0 0 0  0 0 0 0 0  0 0 0 0 0  0 0 0 0 0  
32325.7 16161.9 26866.8 16077.6 26849.3  14809.8 7445.21 12300.4 7377.46 12341.5  6923.43 3439.43 5810.89 3504.44 5785.91  3196.91 1580.87 2698.32 1634.36 2678.37  1479.37 734.927 1253.94 758.249 1257.71  
17974.8 8934.85 14987.8 8982.66 14909.1  12586.6 6266.22 10497.1 6296.19 10456.3  8818.3 4424.79 7338.28 4393.22 7369.82  6169.83 3095.75 5142.59 3080.94 5169.6  4327.94 2165.09 3608 2170.99 3604.07  
22697.6 11216.4 18971.5 11396.2 18758.8  14110.1 7021.65 11769.7 7066.82 11711.9  8788.66 4423.3 7315.06 4376.09 7377.46  5429.27 2729.07 4526.17 2714.58 4557.12  3393.89 1724.07 2809.46 1687.44 2840.73  
22697.6 11216.4 18971.5 11396.2 18758.8  14135.6 7063.91 11785.5 7056.61 11801.9  8711.34 4336.2 7260.03 4375.01 7201.64  5483.9 2782.07 4550.65 2721.52 4618.88  3399.73 1730.46 2822.99 1688.17 2878.07  
37053 18334.5 30976.9 18585.3 30708.8  14146.6 7101.32 11775.3 7071.84 11809.6  5381.73 2739.58 4463.82 2681.67 4533.62  2115.57 1122.28 1722.42 1027.54 1811.23  803.346 427.507 657.117 392.589 695.819  
17974.8 8934.85 14987.8 8982.66 14909.1  12572.6 6254.14 10498.9 6293.77 10465.4  8821.06 4405.81 7349.36 4410.76 7337.81  6167.98 3094.22 5123.64 3079.69 5120.95  4327.66 2181.67 3604.74 2157.72 3643.07  
57325.3 28368.5 47950.4 28752.4 47584.6  2560.43 1550.02 1966.68 1195.5 2304.69  108.681 77.1872 79.102 49.509 105.793  5.33154 4.05645 3.6118 2.50369 4.65064  0.257987 0.24753 0.154274 0.106618 0.247356  
44710.6 22493.2 37090.4 22125.2 37347.4  11243.9 5602.39 9410.12 5690.41 9359.67  2980.91 1421.79 2563.02 1583.97 2451.26  795.109 361.627 697.758 444.981 630.209  201.754 90.4711 178.653 115.946 158.119  
0 0 0 0 0  0 0 0 0 0  0 0 0 0 0  0 0 0 0 0  0 0 0 0 0  
44710.6 22493.2 37090.4 22125.2 37347.4  11447 5614.3 9645.91 5869.6 9441.36  2840.21 1413.57 2392.46 1461.56 2373.36  740.747 357.752 638.638 396.224 619.198  194.222 90.79 172.082 108.199 163.454  
57325.3 28368.5 47950.4 28752.4 47584.6  2553.97 1544.84 1964.39 1193.45 2303.47  114.305 80.5657 81.2096 51.7985 104.93  6.12817 5.75358 3.78708 2.28307 6.61545  0.296874 0.353674 0.162065 0.0970713 0.356112  
0 0 0 0 0  0 0 0 0 0  0 0 0 0 0  0 0 0 0 0  0 0 0 0 0  
22697.6 11216.4 18971.5 11396.2 18758.8  14135.6 7063.91 11785.5 7056.61 11801.9  8761.09 4383.36 7288.44 4382.34 7271.23  5449.1 2742.46 4534.57 2721.63 4561.56  3384.23 1714 2815.02 1687.15 2853.96  
8930.13 4482.68 7431.68 4427.84 7492.77  7640.31 3807.31 6372.31 3814.23 6364  6402.66 3217.99 5335.81 3177.41 5396.05  5480.84 2754.64 4561.28 2722.19 4599.54  4676.51 2334.05 3905 2338.2 3909.86  
8930.13 4482.68 7431.68 4427.84 7492.77  7640.31 3807.31 6372.31 3814.23 6364  6463.79 3235.64 5388.46 3218.19 5415.04  5515.79 2762.85 4591.77 2747.05 4606.15  4705.06 2344.24 3924.4 2355.57 3910.88  
21543.4 10787.2 17907.3 10702.3 17944.3  13761.8 6907.29 11426 6842.59 11452.1  8853.74 4425.49 7391.34 4430.95 7405.69  5687.78 2821.78 4769.45 2872.43 4742.27  3620.71 1818.37 3020.42 1815.48 3034.61  
32325.7 16161.9 26866.8 16077.6 26849.3  14894 7445.06 12409.2 7454.66 12392.1  6839.18 3439.58 5702.1 3427.25 5735.29  3197.33 1588.98 2693.81 1628.02 2688.83  1478.76 730.976 1254.47 760.963 1249.27  
22697.6 11216.4 18971.5 11396.2 18758.8  14084.9 7019.41 11719.6 7044.99 11643.7  8730.32 4352.66 7284.9 4379.4 7260.21  5479.91 2770.57 4560.92 2727.16 4624.96  3376.05 1707.38 2817.15 1684.99 2864.41  
32325.7 16161.9 26866.8 16077.6 26849.3  14882.9 7464.97 12410.2 7429.46 12481.8  6845.24 3428.89 5701.62 3440.62 5687.51  3190.53 1580.41 2682.07 1628.43 2652.77  1478.52 732.067 1249.48 759.661 1240.07  
8930.13 4482.68 7431.68 4427.84 7492.77  7627.27 3825.81 6333.56 3786.93 6351.32  6394.56 3232.15 5308.83 3158.12 5388.38  5504.8 2764.95 4575.72 2735.12 4600.81  4686.86 2350.8 3898.71 2333.51 3912.83  
44710.6 22493.2 37090.4 22125.2 37347.4  11345.5 5610.77 9552.16 5779.09 9468.59  2900.34 1415.06 2447.32 1514.37 2355.27  775.032 360.454 672.206 426.36 618.085  197.764 90.0638 173.977 112.244 156.391  
0 0 0 0 0  0 0 0 0 0  0 0 0 0 0  0 0 0 0 0  0 0 0 0 0  
5956.93 2998.27 4943.56 2946.76 4984.94  5299.22 2686.87 4379.14 2606.54 4440.09  4865.88 2424.65 4052.52 2429.58 4036.97  4361.62 2186.07 3622.1 2168.57 3625.94  3945.68 1963.81 3292.98 1974.46 3282.06  
8930.13 4482.68 7431.68 4427.84 7492.77  7629.12 3823.71 6343.5 3790.59 6366.1  6404.32 3215.56 5340.06 3180.87 5395.74  5490.46 2740.53 4585.93 2742.55 4597.37  4630.97 2336.65 3848.26 2294.58 3894.77  
21543.4 10787.2 17907.3 10702.3 17944.3  13784.3 6913.39 11459.8 6858.61 11495.2  8829.01 4421.83 7345.92 4410.66 7345.32  5688.58 2820.91 4773.61 2873.96 4748.46  3620.3 1818.83 3018.19 1814.65 3031.37  
44710.6 22493.2 37090.4 22125.2 37347.4  11345.5 5610.77 9552.16 5779.09 9468.59  2952.74 1418.06 2508.65 1562.05 2375.89  740.271 358.147 632.442 395.495 605.1  186.436 89.5746 159.787 101.658 150.278  
32325.7 16161.9 26866.8 16077.6 26849.3  14849.7 7428.08 12356.4 7427.64 12328.7  6883.83 3456.72 5755.2 3454.39 5799.25  3196.75 1580.79 2698.16 1634.3 2678.08  1479.29 734.887 1253.86 758.218 1257.57  
21543.4 10787.2 17907.3 10702.3 17944.3  13784.3 6913.39 11459.8 6858.61 11495.2  8858.65 4404.33 7412.78 4452.86 7387.76  5663.06 2833.72 4728.99 2839.98 4739.03  3647.83 1816.97 3045.36 1841.2 3020.77  
32325.7 16161.9 26866.8 16077.6 26849.3  14894 7445.06 12409.2 7454.66 12392.1  6860.06 3447.57 5727.02 3440.02 5765.28  3176.34 1573.05 2673.71 1621.72 2648.93  1475.62 740.345 1246.34 750.309 1263.97  
5956.93 2998.27 4943.56 2946.76 4984.94  5394.88 2692.58 4488.8 2688.62 4478.74  4857.49 2422.76 4047.8 2423.7 4042.37  4301.29 2179.85 3560.49 2119.2 3613.71  3942.05 1965.11 3283.61 1969.93 3271.39  
