5 200 5
21543.4 10787.2 17907.3 10702.3 17944.3  13807.9 6879.96 11530 6908.06 11518.2  8827 4426.52 7355.55 4405.88 7388.59  5672.45 2843.38 4723.5 2840.24 4726.21  3644.07 1813 3047.94 1841.23 3026.44  
21543.4 10787.2 17907.3 10702.3 17944.3  13787.7 6909.59 11477.8 6865.23 11522  8867.42 4414.31 7404.96 4452.23 7371.6  5677.73 2817.56 4745.44 2866.12 4695.81  3611.81 1819.01 3000.5 1806.63 3008.9  
21543.4 10787.2 17907.3 10702.3 17944.3  13807.9 6879.96 11530 6908.06 11518.2  8827 4426.52 7355.55 4405.88 7388.59  5687.2 2836.73 4744.09 2859.09 4720.47  3613.97 1822.45 3005.23 1805.95 3024.85  
21543.4 10787.2 17907.3 10702.3 17944.3  13757 6875.45 11428.1 6863.57 11380.7  8874.91 4406.33 7423.39 4465.75 7376.14  5686.91 2847.14 4748.98 2850.89 4763.34  3615.2 1827.6 3015.55 1803.42 3063.26  
21543.4 10787.2 17907.3 10702.3 17944.3  13784.3 6913.39 11459.8 6858.61 11495.2  8829.01 4421.83 7345.92 4410.66 7345.32  5688.58 2820.91 4773.61 2873.96 4748.46  3620.3 1818.83 3018.19 1814.65 3031.37  
21543.4 10787.2 17907.3 10702.3 17944.3  13798.1 6891.17 11476.9 6888.53 11439.3  8847.32 4419.47 7372.54 4429.58 7357.07  5683.47 2835.25 4757.02 2857.6 4760.11  3636.42 1814.43 3048.85 1833.53 3053.95  
21543.4 10787.2 17907.3 10702.3 17944.3  13713.8 6906.75 11396 6800.6 11504.3  8892.55 4392.8 7446.14 4492.51 7348.68  5676.17 2840.24 4739.88 2846.51 4749.83  3643.44 1820.81 3044.37 1834.26 3041.03  
21543.4 10787.2 17907.3 10702.3 17944.3  13713.8 6906.75 11396 6800.6 11504.3  8868.76 4428.12 7390.46 4441.6 7369.76  5689.85 2834.74 4751.43 2863 4726.95  3656.64 1805.93 3073.48 1858.76 3037.95  
21543.4 10787.2 17907.3 10702.3 17944.3  13687.5 6904.42 11343.3 6777.58 11433.2  8903.45 4416.17 7453.26 4483.62 7403.49  5701.66 2833.21 4768.68 2875.26 4734.77  3639.88 1815.79 3050.37 1835.38 3052.31  
21543.4 10787.2 17907.3 10702.3 17944.3  13823.5 6893.42 11527.9 6910.77 11508  8844.57 4411.48 7388.35 4434.18 7383.16  5674.39 2822.83 4740.58 2858.88 4707.29  3608.39 1823.94 2990.39 1799.48 3005.7  
21543.4 10787.2 17907.3 10702.3 17944.3  13820.2 6897.16 11510.2 6904.26 11481.7  8852.23 4398.58 7393.93 4451.14 7340.13  5672.36 2842.13 4730.13 2841.56 4740.09  3633.3 1812.53 3038.56 1831.94 3030.29  
21543.4 10787.2 17907.3 10702.3 17944.3  13761.8 6907.29 11426 6842.59 11452.1  8860.34 4413.69 7390.75 4445.98 7352.5  5635.77 2836.05 4692.4 2812.89 4726.2  3655.59 1819.23 3065.03 1846.79 3057.04  
21543.4 10787.2 17907.3 10702.3 17944.3  13820.2 6897.16 11510.2 6904.26 11481.7  8789.4 4417.41 7296.14 4378.16 7311.95  5685.76 2832.9 4751.41 2861.13 4732.62  3645.74 1816.81 3052.22 1839.82 3043.76  
21543.4 10787.2 17907.3 10702.3 17944.3  13807.9 6879.96 11530 6908.06 11518.2  8837.17 4435.31 7354.18 4407.66 7381.94  5638.44 2839.05 4690.33 2812.88 4721.33  3626.85 1819.47 3019.94 1819.8 3019.75  
21543.4 10787.2 17907.3 10702.3 17944.3  13761.8 6907.29 11426 6842.59 11452.1  8853.74 4425.49 7391.34 4430.95 7405.69  5687.78 2821.78 4769.45 2872.43 4742.27  3620.71 1818.37 3020.42 1815.48 3034.61  
21543.4 10787.2 17907.3 10702.3 17944.3  13823.5 6893.42 11527.9 6910.77 11508  8821.45 4421.69 7356.31 4404.92 7392.26  5667.5 2841.85 4716.57 2836.88 4717.57  3644.95 1805.72 3050.6 1847.88 3010.36  
21543.4 10787.2 17907.3 10702.3 17944.3  13771.9 6895.89 11480 6862.47 11532.4  8856.81 4417.78 7371.49 4438.89 7323.87  5688.56 2819.7 4763.87 2874.55 4719.79  3628.39 1826.14 3018.2 1816.08 3029.41  
21543.4 10787.2 17907.3 10702.3 17944.3  13761.8 6907.29 11426 6842.59 11452.1  8853.74 4425.49 7391.34 4430.95 7405.69  5668.74 2832.99 4726.41 2845.2 4715.01  3655.06 1802.57 3071.05 1860.03 3026.44  
21543.4 10787.2 17907.3 10702.3 17944.3  13784.3 6913.39 11459.8 6858.61 11495.2  8858.65 4404.33 7412.78 4452.86 7387.76  5663.06 2833.72 4728.99 2839.98 4739.03  3647.83 1816.97 3045.36 1841.2 3020.77  
21543.4 10787.2 17907.3 10702.3 17944.3  13818.1 6861.92 11528.8 6930.83 11436.4  8769.34 4438.48 7268.41 4343.38 7354.2  5697.9 2833.38 4776.69 2872.19 4766.38  3628.76 1821.76 3019.75 1819.76 3020.4  
22697.6 11216.4 18971.5 11396.2 18758.8  14101 7040.4 11772 7044.67 11795.9  8745.43 4367.01 7297.39 4381.89 7292.35  5482.86 2780.81 4534.78 2720.94 4576.58  3404.1 1731.53 2819.46 1690.96 2859.55  
22697.6 11216.4 18971.5 11396.2 18758.8  14084.9 7019.41 11719.6 7044.99 11643.7  8702.25 4327.96 7288.71 4374.54 7278.91  5487.03 2787.24 4560.39 2720.45 4651.11  3394.84 1720.11 2814.45 1691.25 2840.46  
22697.6 11216.4 18971.5 11396.2 18758.8  14135.6 7063.91 11785.5 7056.61 11801.9  8711.34 4336.2 7260.03 4375.01 7201.64  5483.9 2782.07 4550.65 2721.52 4618.88  3399.73 1730.46 2822.99 1688.17 2878.07  
22697.6 11216.4 18971.5 11396.2 18758.8  14094.7 7008.25 11771.8 7064.15 11722  8747.83 4378.97 7297.49 4374.51 7320.03  5432.67 2729.99 4519.36 2716.13 4533.17  3413.86 1745.32 2817.92 1688.46 2867.36  
22697.6 11216.4 18971.5 11396.2 18758.8  14084.9 7019.41 11719.6 7044.99 11643.7  8776.69 4409.43 7325.69 4376.96 7399.48  5431.35 2719.79 4527.64 2723.48 4528.91  3407.91 1732.65 2828.03 1693.54 2874.95  
22697.6 11216.4 18971.5 11396.2 18758.8  14026.7 6949.79 11706.5 7048.62 11574  8724.05 4353.57 7293.64 4373.16 7304.75  5471.78 2767.64 4538.08 2721.12 4579.76  3434.54 1761.67 2841.19 1694.5 2917.5  
22697.6 11216.4 18971.5 11396.2 18758.8  14101 7040.4 11772 7044.67 11795.9  8726.36 4342.62 7275.72 4383.42 7219.81  5456.16 2752.1 4540.19 2720.19 4584.71  3410.72 1738.62 2818.17 1690.93 2857.94  
22697.6 11216.4 18971.5 11396.2 18758.8  14094.7 7008.25 11771.8 7064.15 11722  8728.71 4354.51 7275.82 4376.03 7247.2  5476.84 2774.06 4544.58 2721.16 4600.47  3374.12 1709.52 2807.04 1681.28 2849.24  
22697.6 11216.4 18971.5 11396.2 18758.8  14094.7 7008.25 11771.8 7064.15 11722  8794.47 4428.34 7314.27 4377.1 7373.63  5446.01 2741.21 4530.79 2719.72 4557.04  3371.92 1704.13 2796.29 1683.3 2811.21  
22697.6 11216.4 18971.5 11396.2 18758.8  14084.9 7019.41 11719.6 7044.99 11643.7  8730.32 4352.66 7284.9 4379.4 7260.21  5479.91 2770.57 4560.92 2727.16 4624.96  3376.05 1707.38 2817.15 1684.99 2864.41  
22697.6 11216.4 18971.5 11396.2 18758.8  14110.1 7021.65 11769.7 7066.82 11711.9  8788.66 4423.3 7315.06 4376.09 7377.46  5429.27 2729.07 4526.17 2714.58 4557.12  3393.89 1724.07 2809.46 1687.44 2840.73  
22697.6 11216.4 18971.5 11396.2 18758.8  14029.9 6946.14 11723.6 7054.89 11599.6  8828.8 4460.3 7331.27 4382.3 7413.38  5457.53 2752.47 4542.63 2721.27 4588.04  3393.04 1728.26 2806.72 1683.38 2847.42  
22697.6 11216.4 18971.5 11396.2 18758.8  14110.1 7021.65 11769.7 7066.82 11711.9  8722.91 4349.55 7276.6 4375.02 7250.96  5436.26 2735.91 4528.04 2714.93 4562.58  3385.73 1720.45 2813.77 1683.01 2865.65  
22697.6 11216.4 18971.5 11396.2 18758.8  14106.8 7025.37 11752.3 7060.43 11685.8  8714.76 4339.94 7284.43 4375.82 7266.87  5487.46 2789.79 4554.82 2718.72 4642.11  3398.13 1726.93 2821.46 1689.28 2868.91  
22697.6 11216.4 18971.5 11396.2 18758.8  14110.1 7021.65 11769.7 7066.82 11711.9  8788.66 4423.3 7315.06 4376.09 7377.46  5442.41 2738.09 4531.28 2719.09 4559.4  3399.6 1733.48 2814.96 1685.46 2865.61  
22697.6 11216.4 18971.5 11396.2 18758.8  14084.9 7019.41 11719.6 7044.99 11643.7  8798.21 4424.15 7334.09 4384.37 7403.23  5450.76 2751.18 4543.17 2716.73 4604.2  3372.39 1697.86 2803.82 1688.93 2811.81  
22697.6 11216.4 18971.5 11396.2 18758.8  13981.4 6910.32 11712.6 7040.77 11603.8  8761.86 4382.4 7299.43 4383.27 7297.3  5517.11 2817.08 4564.21 2723.34 4661.59  3420.24 1747.16 2826.78 1692.8 2878.47  
22697.6 11216.4 18971.5 11396.2 18758.8  14135.6 7063.91 11785.5 7056.61 11801.9  8761.09 4383.36 7288.44 4382.34 7271.23  5449.1 2742.46 4534.57 2721.63 4561.56  3384.23 1714 2815.02 1687.15 2853.96  
22697.6 11216.4 18971.5 11396.2 18758.8  14148 7081.35 11765.7 7052.82 11765  8784.01 4409.35 7315.26 4383.09 7351  5429.85 2721.03 4532.71 2721.76 4549.44  3381.86 1709.06 2812.57 1688.9 2839.98  
22697.6 11216.4 18971.5 11396.2 18758.8  14106.8 7025.37 11752.3 7060.43 11685.8  8743.31 4372.61 7304.87 4375.92 7333.63  5465.47 2762.35 4534.23 2720.15 4571.46  3380.03 1709.69 2809.96 1686.48 2840.37  
17974.8 8934.85 14987.8 8982.66 14909.1  12572.6 6254.14 10498.9 6293.77 10465.4  8821.06 4405.81 7349.36 4410.76 7337.81  6167.98 3094.22 5123.64 3079.69 5120.95  4327.66 2181.67 3604.74 2157.72 3643.07  
17974.8 8934.85 14987.8 8982.66 14909.1  12574.4 6286.06 10482.4 6269.71 10507.3  8785.24 4353.26 7347.05 4420.98 7282.15  6169.91 3078.49 5137.99 3094.05 5109.15  4333.6 2184.9 3595.52 2159.85 3611.59  
17974.8 8934.85 14987.8 8982.66 14909.1  12565.4 6296.29 10434.2 6251.99 10435.3  8813.47 4384.8 7370.1 4421.57 7353.23  6184.58 3104.77 5150.96 3086.88 5176.27  4332 2176.46 3609.08 2165.67 3627.7  
17974.8 8934.85 14987.8 8982.66 14909.1  12565.4 6296.29 10434.2 6251.99 10435.3  8822.52 4418.19 7345.82 4402.25 7359.24  6170.45 3093.77 5135.42 3082.69 5143.55  4332.83 2158.7 3626.75 2181 3621.24  
17974.8 8934.85 14987.8 8982.66 14909.1  12549.9 6216.73 10484.8 6302.87 10385.7  8786.45 4380.65 7313.74 4399.08 7269.23  6178.26 3089.24 5154.82 3093.47 5160.36  4338.03 2194.17 3599.69 2156.66 3636.26  
17974.8 8934.85 14987.8 8982.66 14909.1  12574.4 6286.06 10482.4 6269.71 10507.3  8811.99 4410.23 7344.02 4399.38 7361.09  6181.34 3084.41 5152.51 3100.03 5131.9  4329.02 2168.06 3602.3 2169.36 3594.58  
17974.8 8934.85 14987.8 8982.66 14909.1  12536.2 6204.86 10486.7 6300.49 10394.6  8831.28 4445.55 7330.14 4387.79 7371.38  6157.97 3072.61 5127.43 3088 5097.63  4327.26 2172.59 3614.61 2164.71 3644.74  
17974.8 8934.85 14987.8 8982.66 14909.1  12547 6220.02 10469.3 6297.17 10362.5  8787.29 4379.68 7318.36 4400.78 7276.05  6190.99 3123 5156.86 3078.4 5225.75  4342.39 2196.54 3606.73 2158.88 3649.39  
17974.8 8934.85 14987.8 8982.66 14909.1  12572.6 6254.14 10498.9 6293.77 10465.4  8821.06 4405.81 7349.36 4410.76 7337.81  6179.15 3095.22 5145.93 3089.42 5151.3  4323.7 2170.29 3603.76 2163.09 3619.49  
17974.8 8934.85 14987.8 8982.66 14909.1  12543 6264.87 10470.1 6258.87 10501.9  8798.48 4379.5 7350.88 4412.02 7329.64  6193.36 3101.52 5146.38 3096.64 5131.28  4339.86 2177.25 3611.17 2171.83 3613.86  
17974.8 8934.85 14987.8 8982.66 14909.1  12585.6 6301.77 10464.4 6266.27 10474  8791.5 4356.95 7351.14 4423.69 7285.72  6166.11 3071.13 5149.75 3097.07 5129.37  4323.73 2165.93 3602.26 2166.33 3603.19  
17974.8 8934.85 14987.8 8982.66 14909.1  12563.8 6264.2 10451.6 6276.35 10394.7  8792.38 4379.71 7356.44 4406.81 7361.6  6190.39 3099.99 5158 3095.82 5165.29  4336.03 2190.2 3600.32 2158.1 3632.3  
17974.8 8934.85 14987.8 8982.66 14909.1  12586.6 6266.22 10497.1 6296.19 10456.3  8808.37 4416.15 7339.62 4391.49 7376.36  6177.34 3090.2 5141.67 3091.62 5130.95  4315.06 2153.32 3598.34 2168.65 3581.2  
17974.8 8934.85 14987.8 8982.66 14909.1  12565.4 6296.29 10434.2 6251.99 10435.3  8791.89 4370.21 7361.66 4414.1 7349.51  6165.3 3062.98 5156.56 3103.06 5126.38  4343.21 2194.51 3604.4 2161.03 3635.41  
17974.8 8934.85 14987.8 8982.66 14909.1  12586.6 6266.22 10497.1 6296.19 10456.3  8818.3 4424.79 7338.28 4393.22 7369.82  6169.83 3095.75 5142.59 3080.94 5169.6  4327.94 2165.09 3608 2170.99 3604.07  
17974.8 8934.85 14987.8 8982.66 14909.1  12572.6 6254.14 10498.9 6293.77 10465.4  8793.35 4373.33 7329.95 4411.45 7271.98  6188.44 3120.8 5143.59 3077.43 5191.55  4313.68 2158.66 3590.08 2162.9 3578.48  
17974.8 8934.85 14987.8 8982.66 14909.1  12565.4 6296.29 10434.2 6251.99 10435.3  8795.47 4360.88 7349.31 4423.96 7280.9  6167.02 3079.8 5160.38 3091.56 5179.14  4326.53 2168.46 3614.73 2167.33 3635.3  
17974.8 8934.85 14987.8 8982.66 14909.1  12541.8 6233.33 10486.9 6283.12 10460.1  8820.49 4403.49 7354.28 4412.24 7345.8  6178.17 3116.99 5117.22 3070.47 5140.18  4338.88 2186.05 3608.13 2164.06 3633.29  
17974.8 8934.85 14987.8 8982.66 14909.1  12563.8 6264.2 10451.6 6276.35 10394.7  8788.43 4359.71 7356.27 4419 7315.49  6191.08 3123.56 5141.98 3077.48 5187.81  4329.46 2176.08 3600.74 2163.41 3611.76  
17974.8 8934.85 14987.8 8982.66 14909.1  12549.9 6216.73 10484.8 6302.87 10385.7  8786.45 4380.65 7313.74 4399.08 7269.23  6174.94 3113.17 5147.59 3071.89 5218.17  4333.26 2171.63 3607.97 2170.29 3607.92  
5956.93 2998.27 4943.56 2946.76 4984.94  5376 2692.08 4477.01 2672.34 4498.5  4859.38 2422.81 4048.98 2425.32 4040.4  4339.46 2185.56 3603.3 2149.24 3636.31  3870.08 1960.42 3200.26 1908.31 3239.18  
5956.93 2998.27 4943.56 2946.76 4984.94  5353.35 2696.32 4444.29 2648.25 4487.55  4774.3 2418.57 3947.18 2351.38 3997.45  4309.44 2174.17 3581.24 2131.35 3629.42  3908.43 1957.65 3259.95 1945.85 3281.12  
5956.93 2998.27 4943.56 2946.76 4984.94  5308.32 2689.33 4392.77 2612.98 4457.48  4864.98 2424.4 4051.16 2428.93 4035.24  4309.06 2180.01 3569.52 2126 3616.51  3950.11 1964.19 3297 1978.12 3281.44  
5956.93 2998.27 4943.56 2946.76 4984.94  5309.67 2687.79 4400.02 2615.65 4468.27  4778.58 2419.41 3951.49 2354.52 3999.35  4337.6 2174.33 3616.77 2156.9 3644.81  3909.54 1958.4 3260.39 1946.23 3281.32  
5956.93 2998.27 4943.56 2946.76 4984.94  5303.28 2682.27 4400.88 2614.54 4472.45  4826.82 2429.83 4003.76 2389.94 4032.13  4383.64 2182.8 3651.48 2191.26 3632.58  3900.87 1957.07 3251.73 1939.52 3278.86  
5956.93 2998.27 4943.56 2946.76 4984.94  5303.28 2682.27 4400.88 2614.54 4472.45  4818.76 2427.66 3991.66 2384.22 4016.71  4350.69 2186.06 3616.46 2158.92 3641.26  3904.92 1956.96 3256.38 1943.24 3279.53  
5956.93 2998.27 4943.56 2946.76 4984.94  5309.67 2687.79 4400.02 2615.65 4468.27  4786.78 2421.63 3963.79 2360.35 4015.02  4375.61 2188.21 3639.56 2179.58 3638.98  3887.8 1961.38 3227.82 1923.81 3264.98  
5956.93 2998.27 4943.56 2946.76 4984.94  5299.22 2686.87 4379.14 2606.54 4440.09  4865.88 2424.65 4052.52 2429.58 4036.97  4361.62 2186.07 3622.1 2168.57 3625.94  3945.68 1963.81 3292.98 1974.46 3282.06  
5956.93 2998.27 4943.56 2946.76 4984.94  5309.67 2687.79 4400.02 2615.65 4468.27  4853.39 2428.92 4039.06 2414.94 4048.33  4302.68 2177.72 3558.92 2121.85 3600.04  3940.57 1969.81 3279.08 1964.71 3277.06  
5956.93 2998.27 4943.56 2946.76 4984.94  5396.17 2691.12 4495.69 2691.15 4489  4843.6 2429.93 4023.24 2405.16 4036.86  4322.65 2172.96 3600.27 2144.58 3639.01  3924.52 1968.12 3257.42 1951.42 3259.97  
5956.93 2998.27 4943.56 2946.76 4984.94  5303.28 2682.27 4400.88 2614.54 4472.45  4787.41 2422.18 3963.71 2360.45 4014.61  4353.79 2186.6 3619.22 2161.25 3641.47  3939.11 1965.16 3286.25 1967.42 3286.46  
5956.93 2998.27 4943.56 2946.76 4984.94  5394.88 2692.58 4488.8 2688.62 4478.74  4857.49 2422.76 4047.8 2423.7 4042.37  4301.29 2179.85 3560.49 2119.2 3613.71  3942.05 1965.11 3283.61 1969.93 3271.39  
5956.93 2998.27 4943.56 2946.76 4984.94  5347.06 2690.89 4445.14 2647.16 4491.66  4849.66 2428.61 4034.57 2411.83 4046  4343.29 2185.1 3607.86 2153.03 3636.43  3898.27 1956.11 3248.63 1937.93 3275.17  
5956.93 2998.27 4943.56 2946.76 4984.94  5343.07 2695.41 4423.75 2639.29 4459.82  4822.88 2428.52 4001.5 2387.52 4033.38  4302.39 2177 3560.26 2122.21 3602.35  3883.49 1957.02 3230.19 1923.63 3270.69  
5956.93 2998.27 4943.56 2946.76 4984.94  5347.06 2690.89 4445.14 2647.16 4491.66  4778.56 2414.96 3966.7 2358.71 4026.18  4365.56 2186.64 3624.07 2171.55 3621.89  3884.94 1963.01 3219.33 1919.74 3255.37  
5956.93 2998.27 4943.56 2946.76 4984.94  5352.02 2697.83 4437.16 2645.63 4476.93  4782.62 2420.63 3960.17 2357.45 4014.16  4371.8 2187.31 3636.23 2176.91 3638.2  3908.86 1966.12 3242.25 1938.81 3258.11  
5956.93 2998.27 4943.56 2946.76 4984.94  5394.88 2692.58 4488.8 2688.62 4478.74  4839.34 2423.63 4030.99 2406.76 4050.93  4298.98 2174.04 3568.71 2122.1 3624.99  3906.22 1967.67 3236.87 1935.16 3255.6  
5956.93 2998.27 4943.56 2946.76 4984.94  5299.22 2686.87 4379.14 2606.54 4440.09  4867.04 2423.33 4058.75 2431.87 4046.23  4305.65 2174.64 3576.71 2127.61 3629.29  3918.83 1969.98 3253.96 1944.84 3271.98  
5956.93 2998.27 4943.56 2946.76 4984.94  5382.18 2697.43 4476.18 2673.42 4494.46  4771.47 2418.45 3944.08 2348.96 3996.77  4306.89 2174.07 3578.43 2129.16 3628.8  3934.65 1968.52 3269.33 1960.22 3264.42  
5956.93 2998.27 4943.56 2946.76 4984.94  5303.28 2682.27 4400.88 2614.54 4472.45  4787.41 2422.18 3963.71 2360.45 4014.61  4377.24 2187.5 3645.19 2181.79 3647.08  3883.52 1957.91 3227.82 1922.88 3266.86  
44710.6 22493.2 37090.4 22125.2 37347.4  11447 5614.3 9645.91 5869.6 9441.36  2840.21 1413.57 2392.46 1461.56 2373.36  740.747 357.752 638.638 396.224 619.198  194.222 90.79 172.082 108.199 163.454  
44710.6 22493.2 37090.4 22125.2 37347.4  11243.9 5602.39 9410.12 5690.41 9359.67  3018.19 1424.06 2607.94 1618.3 2468  762.962 359.98 658.483 415.174 615.248  197.396 90.2161 173.668 111.827 156.976  
44710.6 22493.2 37090.4 22125.2 37347.4  11428.6 5609.43 9618 5856.22 9406.44  2844.12 1417.35 2406.78 1462.23 2410.7  749.128 358.402 648.061 403.403 621.896  199.437 91.1278 175.629 112.953 158.907  
44710.6 22493.2 37090.4 22125.2 37347.4  11406.9 5613.27 9620.69 5834.07 9483.07  2860.05 1414.48 2404.87 1478.28 2353.8  759.348 359.016 652.961 412.504 608.391  196.972 89.7643 172.959 111.845 155.04  
44710.6 22493.2 37090.4 22125.2 37347.4  11406.9 5613.27 9620.69 5834.07 9483.07  2880.87 1415.29 2433.58 1497.6 2371.89  749.863 357.713 639.123 404.807 595.166  188.139 90.1042 161.11 102.841 150.49  
44710.6 22493.2 37090.4 22125.2 37347.4  11345.5 5610.77 9552.16 5779.09 9468.59  2900.34 1415.06 2447.32 1514.37 2355.27  775.032 360.454 672.206 426.36 618.085  197.764 90.0638 173.977 112.244 156.391  
44710.6 22493.2 37090.4 22125.2 37347.4  11263.3 5607.52 9439.49 5704.48 9396.38  2991.06 1422.46 2567.11 1593.37 2434.46  768.941 357.139 668.036 423.553 614.34  196.025 89.436 171.825 111.092 153.989  
44710.6 22493.2 37090.4 22125.2 37347.4  11358.8 5622.1 9550.28 5781.48 9459.87  2943.42 1408.82 2513.93 1561.74 2387.87  732.45 355.715 625.553 390.086 602.286  187.262 89.716 160.268 102.222 149.816  
44710.6 22493.2 37090.4 22125.2 37347.4  11356 5625.25 9534.9 5775.75 9437.44  2945.56 1406.47 2525.43 1566.02 2404.63  726.423 354.594 619.056 385.153 599.525  195.685 90.1498 172.037 110.201 157.41  
44710.6 22493.2 37090.4 22125.2 37347.4  11447 5614.3 9645.91 5869.6 9441.36  2853.88 1418.18 2410.51 1470.69 2395.19  737.5 354.711 635.842 395.971 611.588  185.543 89.3749 159.339 100.957 151.073  
44710.6 22493.2 37090.4 22125.2 37347.4  11417.2 5627.51 9603.71 5830.79 9452.44  2894.33 1404.32 2462.95 1520.04 2379.07  725.592 355.042 623.736 384.506 614.432  187.141 89.6735 162.223 102.323 154.62  
44710.6 22493.2 37090.4 22125.2 37347.4  11358.8 5622.1 9550.28 5781.48 9459.87  2905.43 1407.75 2462.58 1525.81 2359.65  760.068 357.114 660.3 415.216 618.935  197.89 89.8678 175.909 112.739 159.942  
44710.6 22493.2 37090.4 22125.2 37347.4  11345.5 5610.77 9552.16 5779.09 9468.59  2952.74 1418.06 2508.65 1562.05 2375.89  740.271 358.147 632.442 395.495 605.1  186.436 89.5746 159.787 101.658 150.278  
44710.6 22493.2 37090.4 22125.2 37347.4  11449.7 5611.26 9660.78 5875.14 9463.04  2852.54 1419.66 2403.42 1468.08 2384.69  725.908 355.188 616.235 384.104 595.345  195.588 90.2515 171.514 110.003 156.669  
44710.6 22493.2 37090.4 22125.2 37347.4  11398.5 5622.55 9575.3 5817.17 9416.91  2900.62 1411.32 2473.06 1519.96 2408.14  741.53 353.548 644.516 401.114 618.9  184.743 89.4482 160.351 100.23 155.965  
44710.6 22493.2 37090.4 22125.2 37347.4  11428.6 5609.43 9618 5856.22 9406.44  2885.79 1417.83 2452.29 1501.12 2413.25  729.936 358.685 627.13 385.669 621.47  183.505 90.3804 158.809 98.2982 158.104  
44710.6 22493.2 37090.4 22125.2 37347.4  11356 5625.25 9534.9 5775.75 9437.44  2922.17 1409.18 2496.53 1541.05 2403.78  744.899 352.887 642.12 404.19 602.495  198.666 89.3768 175.94 113.925 156.521  
44710.6 22493.2 37090.4 22125.2 37347.4  11263.3 5607.52 9439.49 5704.48 9396.38  2992.42 1419.29 2562.58 1597.26 2410.78  767.064 358.793 671.527 420.53 632.631  198.161 90.6021 174.301 112.229 157.512  
44710.6 22493.2 37090.4 22125.2 37347.4  11301.8 5606.98 9463.63 5739.94 9351.5  2986.17 1420.13 2578.75 1592.73 2468.91  744.26 358.488 640.42 398.957 616.091  189.424 90.5754 165.852 103.685 160.444  
44710.6 22493.2 37090.4 22125.2 37347.4  11243.9 5602.39 9410.12 5690.41 9359.67  2980.91 1421.79 2563.02 1583.97 2451.26  795.109 361.627 697.758 444.981 630.209  201.754 90.4711 178.653 115.946 158.119  
0 0 0 0 0  0 0 0 0 0  0 0 0 0 0  0 0 0 0 0  0 0 0 0 0  
0 0 0 0 0  0 0 0 0 0  0 0 0 0 0  0 0 0 0 0  0 0 0 0 0  
0 0 0 0 0  0 0 0 0 0  0 0 0 0 0  0 0 0 0 0  0 0 0 0 0  
0 0 0 0 0  0 0 0 0 0  0 0 0 0 0  0 0 0 0 0  0 0 0 0 0  
0 0 0 0 0  0 0 0 0 0  0 0 0 0 0  0 0 0 0 0  0 0 0 0 0  
0 0 0 0 0  0 0 0 0 0  0 0 0 0 0  0 0 0 0 0  0 0 0 0 0  
0 0 0 0 0  0 0 0 0 0  0 0 0 0 0  0 0 0 0 0  0 0 0 0 0  
0 0 0 0 0  0 0 0 0 0  0 0 0 0 0  0 0 0 0 0  0 0 0 0 0  
0 0 0 0 0  0 0 0 0 0  0 0 0 0 0  0 0 0 0 0  0 0 0 0 0  
0 0 0 0 0  0 0 0 0 0  0 0 0 0 0  0 0 0 0 0  0 0 0 0 0  
0 0 0 0 0  0 0 0 0 0  0 0 0 0 0  0 0 0 0 0  0 0 0 0 0  
0 0 0 0 0  0 0 0 0 0  0 0 0 0 0  0 0 0 0 0  0 0 0 0 0  
0 0 0 0 0  0 0 0 0 0  0 0 0 0 0  0 0 0 0 0  0 0 0 0 0  
0 0 0 0 0  0 0 0 0 0  0 0 0 0 0  0 0 0 0 0  0 0 0 0 0  
0 0 0 0 0  0 0 0 0 0  0 0 0 0 0  0 0 0 0 0  0 0 0 0 0  
0 0 0 0 0  0 0 0 0 0  0 0 0 0 0  0 0 0 0 0  0 0 0 0 0  
0 0 0 0 0  0 0 0 0 0  0 0 0 0 0  0 0 0 0 0  0 0 0 0 0  
0 0 0 0 0  0 0 0 0 0  0 0 0 0 0  0 0 0 0 0  0 0 0 0 0  
0 0 0 0 0  0 0 0 0 0  0 0 0 0 0  0 0 0 0 0  0 0 0 0 0  
0 0 0 0 0  0 0 0 0 0  0 0 0 0 0  0 0 0 0 0  0 0 0 0 0  
37053 18334.5 30976.9 18585.3 30708.8  14203.4 7171.56 11786.9 7067.01 11879.7  5357.15 2713.85 4463.24 2681.17 4526.27  2096.08 1094.32 1718.13 1031.78 1776.67  793.543 416.061 652.166 392.605 678.206  
37053 18334.5 30976.9 18585.3 30708.8  14112.4 7077.93 11762 7060.1 11803.7  5421.45 2767.91 4476.21 2694.32 4535.6  2094.5 1097.88 1716.79 1027.28 1788.04  815.406 445.112 660.883 390.271 720.203  
37053 18334.5 30976.9 18585.3 30708.8  14146.6 7101.32 11775.3 7071.84 11809.6  5430.07 2785.2 4478.99 2689.17 4565.77  2077.78 1082.92 1713.91 1024.54 1784.89  797.281 427.793 651.969 387.224 699.46  
37053 18334.5 30976.9 18585.3 30708.8  14200.2 7175.4 11769.2 7060.51 11853  5395.31 2759.75 4483.04 2679.78 4600.52  2067.08 1058.15 1715.17 1034.51 1748.09  794.863 413.445 653.11 395.828 669.457  
37053 18334.5 30976.9 18585.3 30708.8  14152.9 7133.89 11775.5 7052.32 11884.1  5396.64 2734.14 4467.87 2699.13 4486.95  2095.64 1104.76 1717.91 1023.64 1806.08  804.91 425.008 658.017 395.849 686.626  
37053 18334.5 30976.9 18585.3 30708.8  14099 7100.08 11746.4 7031.13 11861.6  5477.49 2821.03 4501.61 2703.59 4593.48  2070.82 1061.66 1713.56 1034.82 1743.78  804.477 419.687 657.743 399.445 672.627  
37053 18334.5 30976.9 18585.3 30708.8  14158.9 7118.69 11755.8 7068.13 11773.1  5384.55 2745.79 4482.45 2680.5 4591.35  2100.12 1099.03 1720.96 1031.67 1786.03  799.032 422.725 655.948 392.393 691.512  
37053 18334.5 30976.9 18585.3 30708.8  14152.9 7133.89 11775.5 7052.32 11884.1  5408.33 2749.48 4481.16 2698.17 4532.07  2088.18 1089.81 1712.43 1028.2 1771.06  802.282 424.767 653.173 393.626 680.404  
37053 18334.5 30976.9 18585.3 30708.8  14066.4 7025.06 11729.1 7059.95 11696.2  5491.44 2861.8 4513.12 2684.76 4699.86  2072.55 1067.59 1712.71 1031.21 1754.3  814.115 438.491 660.932 393.832 705.934  
37053 18334.5 30976.9 18585.3 30708.8  14187.7 7157.72 11789 7064.28 11890.1  5366.75 2722.19 4461.93 2682.84 4519.92  2079.63 1075.27 1709.2 1031.4 1746.7  807.443 430.949 657.197 393.492 694.058  
37053 18334.5 30976.9 18585.3 30708.8  14203.4 7171.56 11786.9 7067.01 11879.7  5390.32 2735.65 4479.16 2693.57 4537.01  2060.27 1070.14 1702.38 1018.9 1767.34  799.407 422.209 653.558 393.136 682.316  
37053 18334.5 30976.9 18585.3 30708.8  14205.7 7208.33 11768.3 7040.06 11927.2  5391.81 2739.5 4483.62 2692.35 4554.61  2067.2 1047.6 1715.06 1042.65 1718.3  786.039 403.494 651.177 395.629 661.457  
37053 18334.5 30976.9 18585.3 30708.8  14162.1 7114.91 11773.2 7074.52 11799.4  5390.93 2745.59 4469.29 2685.4 4538.19  2093.52 1109.4 1718.46 1018.45 1826.75  801.727 423.423 657.456 394.254 689.762  
37053 18334.5 30976.9 18585.3 30708.8  14081.6 7038.39 11727.1 7062.58 11686.2  5481.3 2839.09 4521.51 2693.44 4687.2  2088.05 1091.09 1714.58 1027.1 1780.57  802.004 428.654 655.758 390.684 698.684  
37053 18334.5 30976.9 18585.3 30708.8  14189.7 7194.25 11770.4 7037.28 11937.8  5419.29 2750.24 4487.1 2707.65 4518.08  2057.88 1047.64 1711.89 1034.5 1735.67  791.507 413.146 652.995 393.17 677.746  
37053 18334.5 30976.9 18585.3 30708.8  14158.9 7118.69 11755.8 7068.13 11773.1  5399.68 2767.37 4487.42 2677.39 4622.57  2076.07 1074.57 1714.6 1029.37 1768.25  809.491 433.212 658.346 393.78 697.178  
37053 18334.5 30976.9 18585.3 30708.8  14032.9 7002.09 11716 7048.43 11690.4  5501.48 2844.25 4522.26 2706.11 4648.83  2091.92 1095.49 1717.01 1026.82 1789.6  817.607 447.145 660.559 390.635 718.64  
37053 18334.5 30976.9 18585.3 30708.8  14152.9 7133.89 11775.5 7052.32 11884.1  5423.82 2771.22 4486.32 2695.19 4562.98  2064.9 1063.05 1703.11 1028.13 1736.89  801.107 420.717 652.304 395.42 670.675  
37053 18334.5 30976.9 18585.3 30708.8  14146.6 7101.32 11775.3 7071.84 11809.6  5381.73 2739.58 4463.82 2681.67 4533.62  2115.57 1122.28 1722.42 1027.54 1811.23  803.346 427.507 657.117 392.589 695.819  
37053 18334.5 30976.9 18585.3 30708.8  14154.2 7170 11756.6 7025.11 11931.6  5443.3 2777.83 4495.26 2707.31 4550.21  2057.91 1045.41 1711.15 1036.24 1727.37  793.51 409.131 654.545 397.952 665.257  
8930.13 4482.68 7431.68 4427.84 7492.77  7579.32 3814.43 6299.5 3753.35 6362.14  6454.45 3244.23 5367.26 3202.45 5409.9  5540.77 2754.12 4625.84 2776.73 4601.55  4711.84 2343.19 3933.37 2362.57 3912.62  
8930.13 4482.68 7431.68 4427.84 7492.77  7629.12 3823.71 6343.5 3790.59 6366.1  6404.32 3215.56 5340.06 3180.87 5395.74  5490.46 2740.53 4585.93 2742.55 4597.37  4630.97 2336.65 3848.26 2294.58 3894.77  
8930.13 4482.68 7431.68 4427.84 7492.77  7648.94 3814.76 6371.15 3815.73 6358.37  6462.51 3234.53 5388.63 3217.97 5415.88  5491.48 2766.25 4558.35 2722.1 4595.65  4619.4 2331.35 3841.14 2288.54 3893.18  
8930.13 4482.68 7431.68 4427.84 7492.77  7629.12 3823.71 6343.5 3790.59 6366.1  6506.3 3243.13 5421.72 3250.12 5406.11  5531.82 2758.29 4610.26 2765.16 4597.44  4660.48 2345.73 3876.16 2314.09 3912.06  
8930.13 4482.68 7431.68 4427.84 7492.77  7570.92 3784.56 6320.76 3770.46 6356.12  6412.86 3221.35 5343.41 3183.8 5397.22  5548.24 2761.99 4626.23 2776.96 4604.34  4686.05 2359.04 3888.02 2326.01 3910.27  
8930.13 4482.68 7431.68 4427.84 7492.77  7640.31 3807.31 6372.31 3814.23 6364  6463.79 3235.64 5388.46 3218.19 5415.04  5515.79 2762.85 4591.77 2747.05 4606.15  4705.06 2344.24 3924.4 2355.57 3910.88  
8930.13 4482.68 7431.68 4427.84 7492.77  7517.26 3802.22 6236.78 3707.1 6334.93  6499.41 3229.08 5432.33 3255.66 5412.79  5543.33 2758.21 4625.49 2775.7 4605.19  4719.36 2351.26 3932.36 2362.62 3912.25  
8930.13 4482.68 7431.68 4427.84 7492.77  7620.34 3816.13 6344.68 3789.06 6371.83  6441.21 3218.57 5378.67 3211.78 5403.34  5486.29 2741.21 4580.02 2738.22 4595.38  4683.7 2357.84 3886.1 2324.86 3908.35  
8930.13 4482.68 7431.68 4427.84 7492.77  7640.31 3807.31 6372.31 3814.23 6364  6480.29 3246.74 5394.9 3223.9 5417.87  5447.27 2736.73 4540.53 2706.61 4587.18  4663.01 2342.68 3881.43 2318.83 3910.07  
8930.13 4482.68 7431.68 4427.84 7492.77  7570.92 3784.56 6320.76 3770.46 6356.12  6515.01 3248.98 5425.13 3253.13 5407.6  5495.27 2768.61 4560.41 2723.59 4597.23  4710.85 2344.78 3931.32 2360.38 3914.51  
8930.13 4482.68 7431.68 4427.84 7492.77  7588.25 3822.14 6298.3 3754.9 6356.32  6400.29 3232.7 5314 3162.76 5387.63  5443.61 2741.25 4529.74 2699.2 4582.21  4695.34 2350.07 3910.71 2341.83 3918.56  
8930.13 4482.68 7431.68 4427.84 7492.77  7627.27 3825.81 6333.56 3786.93 6351.32  6394.56 3232.15 5308.83 3158.12 5388.38  5504.8 2764.95 4575.72 2735.12 4600.81  4686.86 2350.8 3898.71 2333.51 3912.83  
8930.13 4482.68 7431.68 4427.84 7492.77  7620.34 3816.13 6344.68 3789.06 6371.83  6448.37 3243.98 5360.58 3197.21 5408.46  5507.01 2750.84 4594.55 2749.01 4603.56  4661.86 2339.68 3882.61 2320.22 3907.86  
8930.13 4482.68 7431.68 4427.84 7492.77  7579.32 3814.43 6299.5 3753.35 6362.14  6472.86 3234.58 5399.3 3227.19 5415.32  5493.8 2760.71 4568.25 2728.78 4599.38  4673.24 2329.64 3905.35 2338.87 3907.29  
8930.13 4482.68 7431.68 4427.84 7492.77  7517.26 3802.22 6236.78 3707.1 6334.93  6420.78 3218.74 5355.79 3193.06 5400.38  5450.99 2746.27 4532.63 2701.73 4583.5  4701.73 2354.38 3913.2 2344.03 3919.66  
8930.13 4482.68 7431.68 4427.84 7492.77  7627.27 3825.81 6333.56 3786.93 6351.32  6404.6 3215.25 5341.53 3181.4 5397.94  5437.24 2743.29 4520.55 2691.87 4581.43  4651.44 2344.29 3863.92 2306.69 3901.13  
8930.13 4482.68 7431.68 4427.84 7492.77  7640.31 3807.31 6372.31 3814.23 6364  6402.66 3217.99 5335.81 3177.41 5396.05  5480.84 2754.64 4561.28 2722.19 4599.54  4676.51 2334.05 3905 2338.2 3909.86  
8930.13 4482.68 7431.68 4427.84 7492.77  7600.94 3803.08 6337.1 3782.35 6368.51  6492.08 3255.62 5390.69 3226.81 5399.75  5481.66 2737.66 4579.36 2736.99 4596.41  4711.82 2345.65 3931.19 2360.53 3913.95  
8930.13 4482.68 7431.68 4427.84 7492.77  7579.32 3814.43 6299.5 3753.35 6362.14  6401.59 3233.84 5313.83 3162.99 5386.76  5548.68 2755.67 4633.84 2782.62 4605.01  4675.68 2330.49 3908.3 2340.4 3910.72  
8930.13 4482.68 7431.68 4427.84 7492.77  7529.06 3782.33 6275.18 3734.43 6346.17  6497.64 3232.04 5426.59 3251.58 5411.1  5533.71 2772.62 4599.71 2755.04 4605.27  4664.12 2343.25 3882.36 2319.37 3911.05  
57325.3 28368.5 47950.4 28752.4 47584.6  2560.43 1550.02 1966.68 1195.5 2304.69  108.681 77.1872 79.102 49.509 105.793  5.33154 4.05645 3.6118 2.50369 4.65064  0.257987 0.24753 0.154274 0.106618 0.247356  
57325.3 28368.5 47950.4 28752.4 47584.6  2555.63 1541.63 1961.2 1196.23 2281.85  113.999 85.4096 84.7889 49.2482 127.396  4.86863 4.27382 3.42745 2.05717 5.85799  0.201993 0.203983 0.139019 0.0852218 0.27337  
57325.3 28368.5 47950.4 28752.4 47584.6  2553.07 1537.82 1964.37 1196.79 2288.84  116.243 88.4977 81.6325 48.784 119.777  5.17162 4.96411 3.40402 1.96484 6.43961  0.21536 0.234192 0.143054 0.0831203 0.315102  
57325.3 28368.5 47950.4 28752.4 47584.6  2530.74 1527.98 1952 1184.64 2291.5  137.425 98.0359 93.5007 60.2417 118.131  6.20716 5.15194 3.87739 2.61969 5.44876  0.323423 0.3337 0.175048 0.119434 0.298918  
57325.3 28368.5 47950.4 28752.4 47584.6  2554.16 1552.65 1961.26 1188.83 2312.93  114.622 74.3262 84.4185 56.0671 97.5216  5.68582 4.33567 3.72644 2.61911 4.71583  0.235398 0.206555 0.150931 0.108508 0.219619  
57325.3 28368.5 47950.4 28752.4 47584.6  2563.46 1553.05 1966.37 1196 2302.72  106.518 74.9428 79.7 49.2804 107.944  4.50811 3.33657 3.33636 2.23783 4.50197  0.221007 0.192541 0.14648 0.103886 0.21784  
57325.3 28368.5 47950.4 28752.4 47584.6  2537.01 1525.51 1957.32 1191.22 2283.33  131.43 99.9258 88.4053 54.1105 125.096  5.9879 5.76746 3.6768 2.20098 6.63939  0.272009 0.306869 0.153058 0.0959195 0.310856  
57325.3 28368.5 47950.4 28752.4 47584.6  2532.44 1516.32 1954.45 1192.81 2265.46  136.192 109.457 91.263 52.5289 143.025  5.76192 5.35066 3.66804 2.19141 6.47552  0.310331 0.384414 0.171116 0.0967767 0.41075  
57325.3 28368.5 47950.4 28752.4 47584.6  2553.07 1537.82 1964.37 1196.79 2288.84  116.228 88.5468 81.5143 48.7423 119.514  5.16819 4.8887 3.51902 2.00226 6.70722  0.23342 0.260574 0.146341 0.0870992 0.313759  
57325.3 28368.5 47950.4 28752.4 47584.6  2538.66 1521.31 1956.65 1194.79 2266.63  129.539 103.541 88.9369 50.598 140.837  6.21917 6.32046 3.80085 2.14231 7.55633  0.282144 0.335272 0.15816 0.0935826 0.351341  
57325.3 28368.5 47950.4 28752.4 47584.6  2553.07 1537.82 1964.37 1196.79 2288.84  115.688 88.7469 81.3066 48.2861 120.93  5.70491 4.72693 3.71655 2.44185 5.34479  0.234457 0.220563 0.155349 0.102649 0.260268  
57325.3 28368.5 47950.4 28752.4 47584.6  2530.74 1527.98 1952 1184.64 2291.5  137.425 98.0359 93.5007 60.2417 118.131  6.27664 5.24587 3.8964 2.631 5.49717  0.258734 0.251065 0.157089 0.10791 0.258639  
57325.3 28368.5 47950.4 28752.4 47584.6  2553.97 1544.84 1964.39 1193.45 2303.47  114.194 81.1796 81.1048 51.4383 106.153  6.27691 5.27261 3.89037 2.62087 5.5208  0.260016 0.225316 0.163293 0.118694 0.233292  
57325.3 28368.5 47950.4 28752.4 47584.6  2530.74 1527.98 1952 1184.64 2291.5  137.799 98.3692 93.6152 60.3498 118.198  5.89359 4.88013 3.78232 2.52893 5.39885  0.266587 0.276574 0.156539 0.102908 0.28256  
57325.3 28368.5 47950.4 28752.4 47584.6  2560.43 1550.02 1966.68 1195.5 2304.69  109.517 77.6285 79.3938 49.9234 105.289  4.50909 3.63091 3.31587 2.08936 5.13749  0.244625 0.231968 0.158521 0.10664 0.264639  
57325.3 28368.5 47950.4 28752.4 47584.6  2544.08 1545.17 1956.27 1185.14 2308.45  125.2 82.2533 89.3726 59.8494 101.723  5.18274 3.86972 3.75092 2.52894 4.94657  0.235098 0.222292 0.155523 0.102527 0.26213  
57325.3 28368.5 47950.4 28752.4 47584.6  2556.04 1540.79 1964.06 1197.28 2286.91  113.275 85.5301 81.9414 48.2964 121.711  5.13326 4.91159 3.39712 1.95629 6.44339  0.251756 0.285955 0.149442 0.0906645 0.315248  
57325.3 28368.5 47950.4 28752.4 47584.6  2538.66 1521.31 1956.65 1194.79 2266.63  129.995 104.144 88.8992 50.6619 140.487  5.76375 5.75201 3.82146 2.06698 7.9093  0.279916 0.304181 0.173849 0.103455 0.352067  
57325.3 28368.5 47950.4 28752.4 47584.6  2553.97 1544.84 1964.39 1193.45 2303.47  114.305 80.5657 81.2096 51.7985 104.93  6.12817 5.75358 3.78708 2.28307 6.61545  0.296874 0.353674 0.162065 0.0970713 0.356112  
57325.3 28368.5 47950.4 28752.4 47584.6  2544.08 1545.17 1956.27 1185.14 2308.45  123.658 80.2558 88.951 59.7345 100.28  6.67355 5.82729 4.15334 2.62594 6.3844  0.285368 0.262458 0.17399 0.119458 0.26846  
32325.7 16161.9 26866.8 16077.6 26849.3  14879.3 7469.07 12390.8 7422.29 12452.8  6865.07 3401.46 5748.02 3481.63 5675.29  3191.35 1596.57 2679.09 1616.24 2688.48  1472.78 739.576 1242.1 748.31 1258.46  
32325.7 16161.9 26866.8 16077.6 26849.3  14915.7 7413.47 12465.3 7500.44 12389.1  6861.47 3465.76 5722.97 3426.99 5802.17  3164.31 1588.26 2641.27 1597.84 2641.09  1462.42 737.399 1224.87 740.352 1235.89  
32325.7 16161.9 26866.8 16077.6 26849.3  14882.9 7464.97 12410.2 7429.46 12481.8  6895.25 3431.79 5768.74 3484.56 5732.05  3163.75 1578.85 2646.24 1605 2629.06  1462.15 733.03 1227.18 743.666 1230.26  
32325.7 16161.9 26866.8 16077.6 26849.3  14882.9 7464.97 12410.2 7429.46 12481.8  6845.24 3428.89 5701.62 3440.62 5687.51  3190.53 1580.41 2682.07 1628.43 2652.77  1478.52 732.067 1249.48 759.661 1240.07  
32325.7 16161.9 26866.8 16077.6 26849.3  14809.8 7445.21 12300.4 7377.46 12341.5  6923.43 3439.43 5810.89 3504.44 5785.91  3196.91 1580.87 2698.32 1634.36 2678.37  1479.37 734.927 1253.94 758.249 1257.71  
32325.7 16161.9 26866.8 16077.6 26849.3  14915.7 7413.47 12465.3 7500.44 12389.1  6876.5 3441.85 5748.38 3459.72 5759.02  3157.34 1608.51 2627.22 1575.55 2680.79  1466.41 739.356 1229.63 742.509 1242.8  
32325.7 16161.9 26866.8 16077.6 26849.3  14894 7445.06 12409.2 7454.66 12392.1  6839.18 3439.58 5702.1 3427.25 5735.29  3197.33 1588.98 2693.81 1628.02 2688.83  1478.76 730.976 1254.47 760.963 1249.27  
32325.7 16161.9 26866.8 16077.6 26849.3  14892.1 7407.11 12430 7483.71 12343.9  6874.15 3469.2 5741.92 3435.92 5826.52  3184.74 1594.85 2669.07 1611.51 2675.72  1457.32 735.429 1218.81 737.248 1228.53  
32325.7 16161.9 26866.8 16077.6 26849.3  14879.3 7469.07 12390.8 7422.29 12452.8  6865.59 3418.79 5737.95 3467.84 5697.06  3196.53 1579.67 2700.74 1635.11 2682.26  1462.43 737.38 1224.93 740.371 1236.02  
32325.7 16161.9 26866.8 16077.6 26849.3  14894 7445.06 12409.2 7454.66 12392.1  6860.06 3447.57 5727.02 3440.02 5765.28  3176.34 1573.05 2673.71 1621.72 2648.93  1475.62 740.345 1246.34 750.309 1263.97  
32325.7 16161.9 26866.8 16077.6 26849.3  14809.8 7445.21 12300.4 7377.46 12341.5  6916.66 3450.53 5802.26 3489.24 5814.23  3206.48 1575.45 2714.77 1647.74 2679.1  1470.94 733.717 1236.91 751.166 1233.27  
32325.7 16161.9 26866.8 16077.6 26849.3  14849.7 7428.08 12356.4 7427.64 12328.7  6883.83 3456.72 5755.2 3454.39 5799.25  3196.75 1580.79 2698.16 1634.3 2678.08  1479.29 734.887 1253.86 758.218 1257.57  
32325.7 16161.9 26866.8 16077.6 26849.3  14879.3 7469.07 12390.8 7422.29 12452.8  6885.22 3409.14 5772.12 3494.02 5704.1  3171.02 1588.81 2654.82 1603.77 2659.38  1476.69 737.891 1247.61 753.315 1257.09  
32325.7 16161.9 26866.8 16077.6 26849.3  14879.3 7469.07 12390.8 7422.29 12452.8  6896.12 3412.06 5788.55 3501.83 5724.98  3164.96 1579.19 2650.7 1605.97 2638.14  1474.09 741.49 1240.98 747.938 1257.28  
32325.7 16161.9 26866.8 16077.6 26849.3  14921.6 7447.5 12464.3 7478.75 12466.6  6824.54 3438.28 5672.86 3414.5 5695.61  3195.57 1589.75 2687.74 1625.66 2680.12  1470.41 729.324 1240.28 754.437 1230.79  
32325.7 16161.9 26866.8 16077.6 26849.3  14849.7 7428.08 12356.4 7427.64 12328.7  6881.33 3440.77 5756.24 3464.96 5763.09  3198.49 1597.47 2693.08 1622.29 2707.88  1477.14 738.013 1248.47 753.653 1258.43  
32325.7 16161.9 26866.8 16077.6 26849.3  14849.7 7428.08 12356.4 7427.64 12328.7  6862.86 3448.71 5730.15 3441.56 5769.07  3213.66 1594.59 2714.94 1638.57 2714.74  1481.48 731.786 1258.32 762.835 1254.1  
32325.7 16161.9 26866.8 16077.6 26849.3  14918 7451.54 12445.2 7471.69 12438.1  6876.9 3419.63 5767.91 3478.43 5745.79  3170.08 1596.76 2650.99 1596.65 2674.61  1459.17 735.96 1222.85 738.684 1235.44  
32325.7 16161.9 26866.8 16077.6 26849.3  14879.3 7469.07 12390.8 7422.29 12452.8  6881.01 3435.77 5762.97 3468.69 5767.82  3187.47 1571.42 2683.18 1633.14 2638.34  1466.29 734.631 1231.89 746.19 1235.62  
32325.7 16161.9 26866.8 16077.6 26849.3  14879.3 7469.07 12390.8 7422.29 12452.8  6885.22 3409.14 5772.12 3494.02 5704.1  3185.16 1585.69 2678.24 1619.5 2672.42  1467.44 738.128 1235.23 744.577 1251.19  
