3 66 2
10988.1 31562 26193.3  3437.99 9818.99 8129.54  
14380.6 41103.2 34003.2  1453.1 4391.87 3576.9  
474.05 1374.84 1122.94  453.522 1327.06 1076.02  
4585.29 13303.1 10947.1  3282.82 9469.98 7784.2  
10873.4 30948.5 25733.2  3480.15 10136.4 8279.52  
6030.05 17445 14301.3  3758.28 10824.5 8914.33  
6030.05 17445 14301.3  3721.25 10815 8879.08  
6030.05 17445 14301.3  3777.37 10813.9 8954.99  
14380.6 41103.2 34003.2  1453.7 4379.44 3594.75  
10873.4 30948.5 25733.2  3483.76 10161.9 8309.34  
10873.4 30948.5 25733.2  3470.99 10001.2 8269.97  
4585.29 13303.1 10947.1  3257.02 9453.33 7727.55  
4585.29 13303.1 10947.1  3257.02 9453.33 7727.55  
3836.49 10944.6 9071.26  2915.16 8308.15 6924.73  
4585.29 13303.1 10947.1  3267.31 9451.5 7788.51  
474.05 1374.84 1122.94  462.055 1335.5 1095.12  
1116.74 3179.09 2655.46  1040.84 2979.45 2470.18  
6030.05 17445 14301.3  3750.88 10834.1 8943.97  
10873.4 30948.5 25733.2  3470.04 10012.3 8288.07  
4585.29 13303.1 10947.1  3270 9413.49 7809.8  
14380.6 41103.2 34003.2  1453.1 4391.87 3576.9  
6030.05 17445 14301.3  3754.22 10796.5 8881.01  
9683.31 28025.1 23010.4  3772.8 10909.7 9011.38  
1116.74 3179.09 2655.46  1037.04 2932.32 2458.32  
474.05 1374.84 1122.94  453.38 1328.66 1078.68  
14380.6 41103.2 34003.2  1444.18 4384.77 3547.33  
9683.31 28025.1 23010.4  3814.8 10947.8 9081.12  
10873.4 30948.5 25733.2  3474.77 10211.7 8313.78  
14380.6 41103.2 34003.2  1444.18 4384.77 3547.33  
13065.1 37553.3 31123.7  2398.79 6910.5 5619.84  
4585.29 13303.1 10947.1  3282.82 9469.98 7784.2  
474.05 1374.84 1122.94  460.42 1326.71 1085.42  
1116.74 3179.09 2655.46  1031.72 2964.83 2467.24  
14380.6 41103.2 34003.2  1451.56 4380.59 3563.78  
13065.1 37553.3 31123.7  2375.33 6903.79 5597.67  
10873.4 30948.5 25733.2  3480.15 10136.4 8279.52  
13065.1 37553.3 31123.7  2403.27 6839.51 5623.87  
4585.29 13303.1 10947.1  3252.79 9422.08 7774.54  
3836.49 10944.6 9071.26  2915.97 8298.93 6909.39  
474.05 1374.84 1122.94  453.522 1327.06 1076.02  
6030.05 17445 14301.3  3724.64 10776.8 8815.06  
4585.29 13303.1 10947.1  3284.28 9442.41 7823.53  
4585.29 13303.1 10947.1  3282.82 9469.98 7784.2  
9683.31 28025.1 23010.4  3822.91 10918.9 9118.23  
474.05 1374.84 1122.94  462.055 1335.5 1095.12  
10873.4 30948.5 25733.2  3477.2 10170.8 8335.88  
9683.31 28025.1 23010.4  3814.8 10947.8 9081.12  
9683.31 28025.1 23010.4  3772.8 10909.7 9011.38  
13065.1 37553.3 31123.7  2399.47 6837.69 5628.99  
1116.74 3179.09 2655.46  1031.72 2964.83 2467.24  
14380.6 41103.2 34003.2  1451.5 4347.19 3552.72  
9683.31 28025.1 23010.4  3822.33 10938 9051.04  
9683.31 28025.1 23010.4  3772.8 10909.7 9011.38  
10988.1 31562 26193.3  3449.36 9899.6 8141.17  
10873.4 30948.5 25733.2  3480.15 10136.4 8279.52  
4585.29 13303.1 10947.1  3241.25 9434.54 7731.93  
9683.31 28025.1 23010.4  3792.31 10918.5 8984.61  
10988.1 31562 26193.3  3454.9 9902.22 8133.63  
10873.4 30948.5 25733.2  3483.76 10161.9 8309.34  
14380.6 41103.2 34003.2  1451.56 4380.59 3563.78  
10873.4 30948.5 25733.2  3474.77 10211.7 8313.78  
10873.4 30948.5 25733.2  3480.15 10136.4 8279.52  
9683.31 28025.1 23010.4  3834.36 10937 9121.92  
10873.4 30948.5 25733.2  3475.78 10200.1 8294.65  
1116.74 3179.09 2655.46  1037.04 2932.32 2458.32  
3836.49 10944.6 9071.26  2916.47 8362.73 6931.84  
