3 200 2
6030.05 17445 14301.3  3758.28 10824.5 8914.33  
6030.05 17445 14301.3  3724.64 10776.8 8815.06  
6030.05 17445 14301.3  3757.16 10837 8935.32  
6030.05 17445 14301.3  3754.22 10796.5 8881.01  
6030.05 17445 14301.3  3777.37 10813.9 8954.99  
6030.05 17445 14301.3  3727.64 10817.9 8870.29  
6030.05 17445 14301.3  3724.64 10776.8 8815.06  
6030.05 17445 14301.3  3721.25 10815 8879.08  
6030.05 17445 14301.3  3758.28 10824.5 8914.33  
6030.05 17445 14301.3  3724.64 10776.8 8815.06  
6030.05 17445 14301.3  3777.37 10813.9 8954.99  
6030.05 17445 14301.3  3750.88 10834.1 8943.97  
6030.05 17445 14301.3  3757.16 10837 8935.32  
6030.05 17445 14301.3  3773.38 10786.5 8922.24  
6030.05 17445 14301.3  3754.22 10796.5 8881.01  
6030.05 17445 14301.3  3754.22 10796.5 8881.01  
6030.05 17445 14301.3  3721.25 10815 8879.08  
6030.05 17445 14301.3  3770.1 10823.4 8984.11  
6030.05 17445 14301.3  3776.28 10826.2 8975.61  
6030.05 17445 14301.3  3758.28 10824.5 8914.33  
14380.6 41103.2 34003.2  1451.56 4380.59 3563.78  
14380.6 41103.2 34003.2  1453.7 4379.44 3594.75  
14380.6 41103.2 34003.2  1451.56 4380.59 3563.78  
14380.6 41103.2 34003.2  1456.44 4375.39 3583.25  
14380.6 41103.2 34003.2  1444.18 4384.77 3547.33  
14380.6 41103.2 34003.2  1451.5 4347.19 3552.72  
14380.6 41103.2 34003.2  1450.93 4319.1 3549.73  
14380.6 41103.2 34003.2  1451.5 4347.19 3552.72  
14380.6 41103.2 34003.2  1444.18 4384.77 3547.33  
14380.6 41103.2 34003.2  1456.03 4380.43 3591.38  
14380.6 41103.2 34003.2  1452.68 4397.01 3585.18  
14380.6 41103.2 34003.2  1455.79 4346.8 3579.71  
14380.6 41103.2 34003.2  1453.1 4391.87 3576.9  
14380.6 41103.2 34003.2  1453.1 4391.87 3576.9  
14380.6 41103.2 34003.2  1451.56 4380.59 3563.78  
14380.6 41103.2 34003.2  1456.44 4375.39 3583.25  
14380.6 41103.2 34003.2  1453.1 4391.87 3576.9  
14380.6 41103.2 34003.2  1452.68 4397.01 3585.18  
14380.6 41103.2 34003.2  1452.68 4397.01 3585.18  
14380.6 41103.2 34003.2  1444.18 4384.77 3547.33  
474.05 1374.84 1122.94  453.522 1327.06 1076.02  
474.05 1374.84 1122.94  463.911 1330.81 1096.09  
474.05 1374.84 1122.94  464.402 1334.2 1100.11  
474.05 1374.84 1122.94  463.911 1330.81 1096.09  
474.05 1374.84 1122.94  457.504 1334.33 1090.79  
474.05 1374.84 1122.94  453.522 1327.06 1076.02  
474.05 1374.84 1122.94  461.555 1332.05 1091.03  
474.05 1374.84 1122.94  462.055 1335.5 1095.12  
474.05 1374.84 1122.94  460.42 1326.71 1085.42  
474.05 1374.84 1122.94  460.42 1326.71 1085.42  
474.05 1374.84 1122.94  453.522 1327.06 1076.02  
474.05 1374.84 1122.94  453.522 1327.06 1076.02  
474.05 1374.84 1122.94  453.006 1323.51 1071.79  
474.05 1374.84 1122.94  453.38 1328.66 1078.68  
474.05 1374.84 1122.94  464.402 1334.2 1100.11  
474.05 1374.84 1122.94  460.42 1326.71 1085.42  
474.05 1374.84 1122.94  458.428 1333.12 1087.09  
474.05 1374.84 1122.94  453.38 1328.66 1078.68  
474.05 1374.84 1122.94  461.146 1336.69 1098.76  
474.05 1374.84 1122.94  457.504 1334.33 1090.79  
10988.1 31562 26193.3  3453.35 9837.53 8125.31  
10988.1 31562 26193.3  3446.95 9939.53 8119.56  
10988.1 31562 26193.3  3454.9 9902.22 8133.63  
10988.1 31562 26193.3  3453.35 9837.53 8125.31  
10988.1 31562 26193.3  3413.28 9929.93 8087.58  
10988.1 31562 26193.3  3453.35 9837.53 8125.31  
10988.1 31562 26193.3  3439.25 9883.34 8137.94  
10988.1 31562 26193.3  3423.75 9946.77 8090.92  
10988.1 31562 26193.3  3447.91 9834.96 8132.72  
10988.1 31562 26193.3  3449.36 9899.6 8141.17  
10988.1 31562 26193.3  3413.28 9929.93 8087.58  
10988.1 31562 26193.3  3437.99 9818.99 8129.54  
10988.1 31562 26193.3  3437.99 9818.99 8129.54  
10988.1 31562 26193.3  3431.02 9920.32 8123.95  
10988.1 31562 26193.3  3424.59 9853.43 8123.93  
10988.1 31562 26193.3  3416.09 9889.88 8109.69  
10988.1 31562 26193.3  3437.99 9818.99 8129.54  
10988.1 31562 26193.3  3423.75 9946.77 8090.92  
10988.1 31562 26193.3  3396.54 9845.55 8084.46  
10988.1 31562 26193.3  3423.75 9946.77 8090.92  
13065.1 37553.3 31123.7  2404.33 6884.52 5629.6  
13065.1 37553.3 31123.7  2375.33 6903.79 5597.67  
13065.1 37553.3 31123.7  2387.69 6897.07 5622.87  
13065.1 37553.3 31123.7  2400.47 6882.67 5634.82  
13065.1 37553.3 31123.7  2398.79 6910.5 5619.84  
13065.1 37553.3 31123.7  2398.79 6910.5 5619.84  
13065.1 37553.3 31123.7  2399.47 6837.69 5628.99  
13065.1 37553.3 31123.7  2400.47 6882.67 5634.82  
13065.1 37553.3 31123.7  2392.56 6826.55 5626.79  
13065.1 37553.3 31123.7  2392.56 6826.55 5626.79  
13065.1 37553.3 31123.7  2399.5 6902.72 5606.94  
13065.1 37553.3 31123.7  2398.79 6910.5 5619.84  
13065.1 37553.3 31123.7  2404.33 6884.52 5629.6  
13065.1 37553.3 31123.7  2387.69 6897.07 5622.87  
13065.1 37553.3 31123.7  2403.27 6839.51 5623.87  
13065.1 37553.3 31123.7  2398.79 6910.5 5619.84  
13065.1 37553.3 31123.7  2404.33 6884.52 5629.6  
13065.1 37553.3 31123.7  2400.47 6882.67 5634.82  
13065.1 37553.3 31123.7  2375.33 6903.79 5597.67  
13065.1 37553.3 31123.7  2377.29 6875.87 5613  
3836.49 10944.6 9071.26  2906.26 8246.54 6851.68  
3836.49 10944.6 9071.26  2906.26 8246.54 6851.68  
3836.49 10944.6 9071.26  2916.47 8362.73 6931.84  
3836.49 10944.6 9071.26  2913 8278.39 6885.04  
3836.49 10944.6 9071.26  2915.97 8298.93 6909.39  
3836.49 10944.6 9071.26  2906.26 8246.54 6851.68  
3836.49 10944.6 9071.26  2900.55 8330.34 6844.13  
3836.49 10944.6 9071.26  2900.55 8330.34 6844.13  
3836.49 10944.6 9071.26  2914.28 8332.43 6891.42  
3836.49 10944.6 9071.26  2915.97 8298.93 6909.39  
3836.49 10944.6 9071.26  2900.55 8330.34 6844.13  
3836.49 10944.6 9071.26  2907.54 8363.35 6878.72  
3836.49 10944.6 9071.26  2913 8278.39 6885.04  
3836.49 10944.6 9071.26  2914.28 8332.43 6891.42  
3836.49 10944.6 9071.26  2916.47 8362.73 6931.84  
3836.49 10944.6 9071.26  2915.16 8308.15 6924.73  
3836.49 10944.6 9071.26  2906.26 8246.54 6851.68  
3836.49 10944.6 9071.26  2915.97 8298.93 6909.39  
3836.49 10944.6 9071.26  2913 8278.39 6885.04  
3836.49 10944.6 9071.26  2907.41 8299.99 6857.43  
10873.4 30948.5 25733.2  3475.78 10200.1 8294.65  
10873.4 30948.5 25733.2  3478.62 10070.6 8271.83  
10873.4 30948.5 25733.2  3474.77 10211.7 8313.78  
10873.4 30948.5 25733.2  3482.77 10173.4 8328.13  
10873.4 30948.5 25733.2  3483.76 10161.9 8309.34  
10873.4 30948.5 25733.2  3470.99 10001.2 8269.97  
10873.4 30948.5 25733.2  3482.77 10173.4 8328.13  
10873.4 30948.5 25733.2  3482.16 10095.6 8301.11  
10873.4 30948.5 25733.2  3475.78 10200.1 8294.65  
10873.4 30948.5 25733.2  3475.78 10200.1 8294.65  
10873.4 30948.5 25733.2  3480.15 10136.4 8279.52  
10873.4 30948.5 25733.2  3477.2 10170.8 8335.88  
10873.4 30948.5 25733.2  3480.15 10136.4 8279.52  
10873.4 30948.5 25733.2  3483.76 10161.9 8309.34  
10873.4 30948.5 25733.2  3470.04 10012.3 8288.07  
10873.4 30948.5 25733.2  3475.78 10200.1 8294.65  
10873.4 30948.5 25733.2  3480.15 10136.4 8279.52  
10873.4 30948.5 25733.2  3483.76 10161.9 8309.34  
10873.4 30948.5 25733.2  3475.78 10200.1 8294.65  
10873.4 30948.5 25733.2  3477.2 10170.8 8335.88  
1116.74 3179.09 2655.46  1041.14 2976.11 2464.61  
1116.74 3179.09 2655.46  1031.72 2964.83 2467.24  
1116.74 3179.09 2655.46  1037.04 2932.32 2458.32  
1116.74 3179.09 2655.46  1037.04 2932.32 2458.32  
1116.74 3179.09 2655.46  1040.37 2960 2467.65  
1116.74 3179.09 2655.46  1037.32 2929.1 2452.95  
1116.74 3179.09 2655.46  1036.13 2973.81 2471.49  
1116.74 3179.09 2655.46  1040.84 2979.45 2470.18  
1116.74 3179.09 2655.46  1040.37 2960 2467.65  
1116.74 3179.09 2655.46  1036.13 2973.81 2471.49  
1116.74 3179.09 2655.46  1035.43 2931.59 2460.52  
1116.74 3179.09 2655.46  1040.84 2979.45 2470.18  
1116.74 3179.09 2655.46  1031.72 2964.83 2467.24  
1116.74 3179.09 2655.46  1037.32 2929.1 2452.95  
1116.74 3179.09 2655.46  1035.43 2931.59 2460.52  
1116.74 3179.09 2655.46  1031.72 2964.83 2467.24  
1116.74 3179.09 2655.46  1040.84 2979.45 2470.18  
1116.74 3179.09 2655.46  1031.72 2964.83 2467.24  
1116.74 3179.09 2655.46  1031.72 2964.83 2467.24  
1116.74 3179.09 2655.46  1039.17 2978.68 2472.47  
4585.29 13303.1 10947.1  3267.31 9451.5 7788.51  
4585.29 13303.1 10947.1  3299.52 9460.58 7819.3  
4585.29 13303.1 10947.1  3257.02 9453.33 7727.55  
4585.29 13303.1 10947.1  3226.48 9404.63 7717.72  
4585.29 13303.1 10947.1  3257.02 9453.33 7727.55  
4585.29 13303.1 10947.1  3267.31 9451.5 7788.51  
4585.29 13303.1 10947.1  3251.43 9450.77 7735.21  
4585.29 13303.1 10947.1  3251.43 9450.77 7735.21  
4585.29 13303.1 10947.1  3233.75 9379.23 7749.82  
4585.29 13303.1 10947.1  3294.12 9458.11 7826.7  
4585.29 13303.1 10947.1  3294.12 9458.11 7826.7  
4585.29 13303.1 10947.1  3252.79 9422.08 7774.54  
4585.29 13303.1 10947.1  3241.25 9434.54 7731.93  
4585.29 13303.1 10947.1  3270 9413.49 7809.8  
4585.29 13303.1 10947.1  3251.43 9450.77 7735.21  
4585.29 13303.1 10947.1  3241.25 9434.54 7731.93  
4585.29 13303.1 10947.1  3257.02 9453.33 7727.55  
4585.29 13303.1 10947.1  3233.75 9379.23 7749.82  
4585.29 13303.1 10947.1  3282.82 9469.98 7784.2  
4585.29 13303.1 10947.1  3284.28 9442.41 7823.53  
9683.31 28025.1 23010.4  3821.2 10950.7 9072.34  
9683.31 28025.1 23010.4  3822.91 10918.9 9118.23  
9683.31 28025.1 23010.4  3791.16 10931.4 9006.27  
9683.31 28025.1 23010.4  3814.8 10947.8 9081.12  
9683.31 28025.1 23010.4  3821.2 10950.7 9072.34  
9683.31 28025.1 23010.4  3822.91 10918.9 9118.23  
9683.31 28025.1 23010.4  3814.8 10947.8 9081.12  
9683.31 28025.1 23010.4  3822.91 10918.9 9118.23  
9683.31 28025.1 23010.4  3822.91 10918.9 9118.23  
9683.31 28025.1 23010.4  3784.65 10928.5 9015.2  
9683.31 28025.1 23010.4  3834.36 10937 9121.92  
9683.31 28025.1 23010.4  3814.8 10947.8 9081.12  
9683.31 28025.1 23010.4  3772.8 10909.7 9011.38  
9683.31 28025.1 23010.4  3818.21 10909.8 9017.21  
9683.31 28025.1 23010.4  3840.65 10939.8 9113.29  
9683.31 28025.1 23010.4  3772.8 10909.7 9011.38  
9683.31 28025.1 23010.4  3834.36 10937 9121.92  
9683.31 28025.1 23010.4  3822.33 10938 9051.04  
9683.31 28025.1 23010.4  3822.91 10918.9 9118.23  
9683.31 28025.1 23010.4  3792.31 10918.5 8984.61  
