3 66 5
36271.2 36318.3 16111.7  4090.26 4074.18 1816.7  476.74 453.358 220.923  59.3169 52.5509 27.0832  6.59084 5.80817 3.18889  
26475.9 26539.7 11643.1  9349.47 9272.37 4182.88  3292.24 3297.05 1507.53  1158.12 1159.17 541.624  407.187 413.479 196.203  
407.023 404.661 181.569  402.749 401.254 179.87  398.744 397.279 178.073  391.805 391.169 176.052  388.921 384.188 173.327  
26475.9 26539.7 11643.1  9302.37 9319.24 4193.61  3317.5 3276.73 1508.24  1164.3 1146.66 531.655  418.756 403.54 195.741  
26418.7 26552.3 11679.1  9374.26 9320.05 4184.44  3302.06 3264.58 1479.83  1171.9 1146.48 535.466  412.54 402.925 194.741  
21248 21155.9 9388.73  10189.6 10198 4500.44  4894.4 4887.11 2200.13  2375.56 2417.92 1079.26  1139.36 1163.23 518.206  
26475.9 26539.7 11643.1  9302.37 9319.24 4193.61  3329.01 3270.07 1512  1159.74 1145.43 526.822  411.545 406.683 192.935  
21248 21155.9 9388.73  10173.5 10154.4 4490.45  4922.15 4965.45 2230.66  2367.01 2403.96 1068.08  1136.7 1142.98 518.114  
407.023 404.661 181.569  402.307 401.958 179.771  396.748 391.887 176.842  394.029 390.378 175.745  387.94 387.369 174.312  
30644.4 30592.3 13563.1  7680.96 7697.62 3453.72  1927.38 1937.28 867.399  487.684 504.808 218.369  123.086 128.397 57.442  
30644.4 30592.3 13563.1  7644.57 7676.3 3458.55  1956.46 1969.4 855.952  494.06 497.234 224.938  123.471 126.986 57.7829  
30644.4 30592.3 13563.1  7671.4 7680.64 3408.82  1937.73 1958.59 902.927  488.124 503.571 227.18  122.041 127.126 57.5698  
21063.7 21050.8 9438.72  10088.6 10068.9 4520.18  5037.65 5049.87 2192.37  2390.92 2402.26 1046.91  1192.65 1195.23 509.52  
26418.7 26552.3 11679.1  9322.91 9301.49 4139.49  3290.41 3257.45 1498.35  1214.93 1164.36 556.554  423.5 407.862 195.128  
21248 21155.9 9388.73  10208.6 10207.7 4534.37  4903.9 4937.85 2207.88  2347.07 2350.77 1055.51  1140.47 1165.83 515.291  
21063.7 21050.8 9438.72  10223.7 10250.2 4531.1  4923.3 4922.15 2180.51  2426.79 2404.36 1053.83  1171.26 1175.34 506.831  
36271.2 36318.3 16111.7  4115.51 4076.66 1826.33  457.468 453.018 212.515  54.0658 50.5618 26.0248  5.96306 5.67215 3.05416  
15521.1 15449.3 6842.5  9589.84 9518.55 4248.2  5956.19 5954.64 2636.67  3720.78 3750.79 1662.01  2315.69 2339.1 1054.39  
26475.9 26539.7 11643.1  9349.47 9272.37 4182.88  3274.8 3303.97 1510.13  1160.41 1156.06 533.499  415.266 408.854 196.58  
407.023 404.661 181.569  400.166 398.321 179.725  395.766 395.112 177.831  396.164 393.965 175.802  391.568 388.327 173.655  
36271.2 36318.3 16111.7  4101.62 4071.04 1831.38  471.495 458.456 208.784  53.8847 50.4793 24.9612  5.99066 5.91 2.82303  
407.023 404.661 181.569  400.729 395.815 178.626  397.983 394.291 177.518  395.487 392.251 175.417  391.547 388.377 173.673  
30644.4 30592.3 13563.1  7653.98 7713.67 3445.09  1948.89 1935.72 865.158  491.899 495.483 226.575  123.833 125.753 59.4524  
30644.4 30592.3 13563.1  7671.4 7680.64 3408.82  1937.73 1958.59 902.927  488.124 503.571 227.18  122.041 127.126 57.5698  
26418.7 26552.3 11679.1  9388.26 9300.75 4212.35  3264.52 3266.63 1450.39  1182.06 1158.17 537.66  422.222 406.385 194.7  
21063.7 21050.8 9438.72  10298 10274.9 4533.76  4852.36 4857.97 2175.74  2407.61 2434.94 1049.59  1164.12 1170.52 506.919  
407.023 404.661 181.569  402.749 401.254 179.87  398.744 397.279 178.073  391.805 391.169 176.052  388.921 384.188 173.327  
36271.2 36318.3 16111.7  4085.97 4067.03 1825.19  486.597 460.251 215.805  54.364 52.4334 24.2235  6.04506 6.16275 2.72481  
36271.2 36318.3 16111.7  4119.91 4069.81 1827.34  455.297 459.552 212.348  52.026 50.9353 25.2676  5.82724 5.65469 2.96112  
15521.1 15449.3 6842.5  9571.24 9570.09 4197.51  5980.5 5968.82 2665.1  3714.51 3708.1 1676.75  2306.69 2334.1 1035.94  
15521.1 15449.3 6842.5  9626.12 9660.23 4274.66  5942.53 5901.74 2626.82  3700.92 3719.52 1642.34  2316.79 2336.75 1045.97  
407.023 404.661 181.569  402.307 401.958 179.771  400.204 399.074 177.728  396.209 395.102 175.955  392.255 391.17 174.2  
36532 36730 16060.8  3896.45 3746.17 1868.06  423.186 384.323 221.96  47.5208 39.8398 25.563  5.24014 4.216 3.24896  
15521.1 15449.3 6842.5  9627.78 9627.1 4297.15  5974.4 5967.83 2666.13  3709.02 3717.78 1656.49  2303.28 2323.21 1030.07  
26475.9 26539.7 11643.1  9320.27 9318.52 4176.15  3287.78 3270.62 1503.12  1170.81 1147.76 542.156  420.741 408.077 203.016  
15521.1 15449.3 6842.5  9600.48 9564.76 4231.91  5951.26 5974.16 2630.7  3725.51 3753.2 1675.43  2311.47 2336.59 1047.57  
36532 36730 16060.8  3927.52 3752.47 1892.19  393.174 376.859 197.102  46.178 40.7458 25.9883  5.45783 4.42935 3.47302  
36271.2 36318.3 16111.7  4101.08 4044.13 1839.63  470.216 481.925 200.861  55.5664 53.782 24.5747  6.15062 6.06026 2.87677  
21248 21155.9 9388.73  10192.4 10228.3 4504.23  4898.4 4895.28 2189.73  2365.14 2399.55 1073.96  1137.89 1138.99 524.718  
13474.2 13447 5981.64  9043.16 9033.82 3996.22  6035.26 6063.6 2693.01  4067.92 4073.54 1803.83  2721.73 2732.04 1210.87  
26418.7 26552.3 11679.1  9276.25 9280.5 4120.11  3368.27 3288.05 1539.59  1187.37 1157.4 539.602  423.084 406.263 195.021  
26475.9 26539.7 11643.1  9320.27 9318.52 4176.15  3293.58 3274.02 1514.41  1169.82 1145.19 536.053  414.944 405.546 196.13  
13474.2 13447 5981.64  9033.6 9049.03 3994.08  6038.39 6058.6 2693.71  4060.3 4071.63 1800.82  2713.62 2712.44 1220.34  
13474.2 13447 5981.64  9002.27 8977.24 4022.91  6068.94 6090.5 2676.87  4060.56 4084.78 1796.91  2735.2 2724.32 1211.64  
26475.9 26539.7 11643.1  9320.27 9318.52 4176.15  3293.58 3274.02 1514.41  1169.82 1145.19 536.053  414.944 405.546 196.13  
26418.7 26552.3 11679.1  9322.91 9301.49 4139.49  3349.29 3278.87 1522.85  1175.69 1148.49 543.329  410.869 404.273 187.957  
21248 21155.9 9388.73  10173.5 10154.4 4490.45  4915.93 4954.42 2201.66  2368.27 2387.93 1080.27  1142.47 1167.66 525.961  
21063.7 21050.8 9438.72  10260.4 10228.4 4542.59  4936.66 4969.45 2176.42  2383.4 2385.45 1049.48  1172.11 1177.22 504.275  
30644.4 30592.3 13563.1  7678.82 7673.98 3450.75  1923.5 1964.1 873.557  491.811 504.789 216.079  124.491 126.988 57.1874  
30644.4 30592.3 13563.1  7666.27 7639.93 3442.93  1939.7 1990.6 866.777  489.981 510.94 228.577  123.15 127.908 58.0778  
21248 21155.9 9388.73  10192.4 10228.3 4504.23  4898.4 4895.28 2189.73  2365.14 2399.55 1073.96  1137.89 1138.99 524.718  
15521.1 15449.3 6842.5  9589.84 9518.55 4248.2  5966.87 5959.27 2656.38  3727.34 3773.52 1680.17  2313.6 2346.42 1043.35  
13474.2 13447 5981.64  8992.38 8992.98 4020.7  6029.4 6049.82 2690.1  4067.86 4066.14 1808.75  2740.35 2752.49 1202.22  
407.023 404.661 181.569  399.716 399.037 179.625  397.993 394.26 177.508  394.043 390.383 175.74  392.214 390.093 174.055  
26475.9 26539.7 11643.1  9342.25 9315.27 4184.14  3270.63 3263.38 1487.47  1170.41 1154.13 548.051  418.414 408.279 202.963  
26418.7 26552.3 11679.1  9388.26 9300.75 4212.35  3280.95 3274.01 1457.21  1164.2 1148.7 533.201  423.986 407.757 192.36  
15521.1 15449.3 6842.5  9627.78 9627.1 4297.15  5970.21 5990.72 2635.99  3689.87 3698.55 1630.61  2312.16 2321.85 1051.3  
26418.7 26552.3 11679.1  9339.25 9311.02 4170.52  3280 3251.31 1478.68  1212.39 1160.22 549.539  424.293 408.328 195.772  
30644.4 30592.3 13563.1  7685.68 7687.93 3434.54  1918.43 1953.75 885.698  490.184 502.77 220.309  124.385 125.681 56.401  
26475.9 26539.7 11643.1  9320.27 9318.52 4176.15  3310.27 3257.53 1510.56  1159.49 1160.77 545.366  412.248 405.344 193.156  
30644.4 30592.3 13563.1  7653.98 7713.67 3445.09  1948.89 1935.72 865.158  491.899 495.483 226.575  123.833 125.753 59.4524  
21248 21155.9 9388.73  10152.3 10085 4528.64  4908.88 4934.94 2195.8  2380.51 2453.34 1058.4  1150.47 1176.28 520.128  
26475.9 26539.7 11643.1  9349.47 9272.37 4182.88  3269.02 3300.54 1498.88  1168.02 1155.96 541.929  413.503 412.454 199.394  
15521.1 15449.3 6842.5  9571.24 9570.09 4197.51  5980.5 5968.82 2665.1  3714.51 3708.1 1676.75  2306.69 2334.1 1035.94  
407.023 404.661 181.569  400.166 398.321 179.725  398.655 396.062 177.918  391.832 391.21 176.055  390.142 386.526 173.981  
26418.7 26552.3 11679.1  9374.26 9320.05 4184.44  3302.06 3264.58 1479.83  1171.9 1146.48 535.466  412.54 402.925 194.741  
