3 200 5
15521.1 15449.3 6842.5  9589.84 9518.55 4248.2  5982.96 6013.92 2652.08  3699.35 3730.6 1642.79  2304.82 2313.73 1039.3  
15521.1 15449.3 6842.5  9618.15 9573.15 4263.72  5967.65 6021.06 2647.11  3715.26 3718.07 1676.35  2293.59 2309.61 1018.24  
15521.1 15449.3 6842.5  9626.12 9660.23 4274.66  5965.26 5928.94 2668.58  3716.44 3726.71 1656.27  2303.93 2314.88 1036.86  
15521.1 15449.3 6842.5  9627.78 9627.1 4297.15  5974.4 5967.83 2666.13  3709.02 3717.78 1656.49  2303.28 2323.21 1030.07  
15521.1 15449.3 6842.5  9627.78 9627.1 4297.15  5970.21 5990.72 2635.99  3689.87 3698.55 1630.61  2312.16 2321.85 1051.3  
15521.1 15449.3 6842.5  9600.48 9564.76 4231.91  5951.26 5974.16 2630.7  3725.51 3753.2 1675.43  2311.47 2336.59 1047.57  
15521.1 15449.3 6842.5  9589.84 9518.55 4248.2  5966.87 5959.27 2656.38  3727.34 3773.52 1680.17  2313.6 2346.42 1043.35  
15521.1 15449.3 6842.5  9571.24 9570.09 4197.51  5997.57 6007.8 2706.2  3700.86 3713.53 1641.51  2314.35 2336.86 1044.88  
15521.1 15449.3 6842.5  9589.84 9518.55 4248.2  5956.19 5954.64 2636.67  3720.78 3750.79 1662.01  2315.69 2339.1 1054.39  
15521.1 15449.3 6842.5  9625.08 9597.55 4293.44  5965.04 6011.83 2635.99  3714.01 3736.6 1661.99  2301.56 2293.32 1037.56  
15521.1 15449.3 6842.5  9589.84 9518.55 4248.2  5988.81 6008.75 2684.67  3711.87 3726.66 1664.21  2311.14 2345.42 1038.67  
15521.1 15449.3 6842.5  9571.24 9570.09 4197.51  5980.5 5968.82 2665.1  3714.51 3708.1 1676.75  2306.69 2334.1 1035.94  
15521.1 15449.3 6842.5  9618.3 9634.31 4244.9  5978.65 6004.08 2674.15  3711.03 3701.42 1673.23  2301.63 2307.85 1026.96  
15521.1 15449.3 6842.5  9571.24 9570.09 4197.51  5985.38 6022.19 2671.86  3726.34 3718.82 1692.05  2311.09 2318.67 1038.51  
15521.1 15449.3 6842.5  9626.12 9660.23 4274.66  5942.53 5901.74 2626.82  3700.92 3719.52 1642.34  2316.79 2336.75 1045.97  
15521.1 15449.3 6842.5  9571.24 9570.09 4197.51  5989.97 5994.45 2671.03  3724.6 3729.27 1692.37  2310.64 2332.09 1039.58  
15521.1 15449.3 6842.5  9609.32 9554.98 4283.69  5983.09 6013.48 2673.55  3717.07 3745.82 1652.41  2301.07 2317.49 1020.48  
15521.1 15449.3 6842.5  9600.48 9564.76 4231.91  5974.32 6024.23 2659  3716.78 3734.26 1664.84  2312.14 2316.3 1048.48  
15521.1 15449.3 6842.5  9618.15 9573.15 4263.72  5985.03 6017.16 2668.5  3705.04 3722.73 1647.99  2291.23 2295.08 1025.49  
15521.1 15449.3 6842.5  9589.84 9518.55 4248.2  5978.37 6041.76 2652.92  3722.32 3755.22 1672.67  2302.03 2295.95 1035.57  
21063.7 21050.8 9438.72  10261.8 10296.3 4522.47  4935.96 4934.45 2186.84  2385.08 2356.8 1054.17  1168.02 1175.47 505.88  
21063.7 21050.8 9438.72  10223.7 10250.2 4531.1  4973.45 4947.71 2187.9  2367.86 2383.9 1043.72  1168.17 1164.14 507.827  
21063.7 21050.8 9438.72  10257.5 10196.3 4538.6  4878.51 4888.7 2174.47  2385.99 2419.35 1046.64  1202.41 1218.12 508.827  
21063.7 21050.8 9438.72  10298 10274.9 4533.76  4917.34 4945.48 2180.99  2374.29 2389.84 1046.87  1156.52 1143.83 508.24  
21063.7 21050.8 9438.72  10194.5 10153.6 4538.92  4988.48 4997.43 2183.84  2408.16 2415.29 1048.04  1141 1160.64 500.808  
21063.7 21050.8 9438.72  10223.7 10250.2 4531.1  4955.59 4958.23 2182.37  2370.32 2355.94 1048.6  1162.06 1161.6 505.316  
21063.7 21050.8 9438.72  10194.5 10153.6 4538.92  4954.93 4944.84 2180.13  2410.52 2431.97 1050.04  1171.7 1184.48 504.356  
21063.7 21050.8 9438.72  10183.9 10239.8 4515.64  4988.47 4961.74 2194.73  2389.95 2384.48 1051.84  1169.51 1161.96 508.102  
21063.7 21050.8 9438.72  10298 10274.9 4533.76  4852.36 4857.97 2175.74  2407.61 2434.94 1049.59  1164.12 1170.52 506.919  
21063.7 21050.8 9438.72  10062.2 10072.8 4510.9  5069.95 5070.69 2192.95  2416.68 2413.29 1057.35  1185.41 1183.52 509.322  
21063.7 21050.8 9438.72  10223.7 10250.2 4531.1  4877.27 4872.35 2172.64  2432.69 2424 1057.4  1196.4 1196.3 508.082  
21063.7 21050.8 9438.72  10088.6 10068.9 4520.18  5037.65 5049.87 2192.37  2390.92 2402.26 1046.91  1192.65 1195.23 509.52  
21063.7 21050.8 9438.72  10100.3 10050.3 4522.77  5050.24 5082.34 2186.81  2409.31 2406.72 1054.02  1156.87 1174.26 504.528  
21063.7 21050.8 9438.72  10088.6 10068.9 4520.18  5043.96 5074.57 2183.88  2416.49 2413.31 1057.24  1176.46 1184.86 506.245  
21063.7 21050.8 9438.72  10261.8 10296.3 4522.47  4884.31 4893.5 2177.39  2436.84 2413.9 1058.8  1145.17 1141.69 507.078  
21063.7 21050.8 9438.72  10183.9 10239.8 4515.64  4961.86 4916.76 2194.18  2428.43 2436.14 1051.01  1164.75 1156.47 509.103  
21063.7 21050.8 9438.72  10223.7 10250.2 4531.1  4923.3 4922.15 2180.51  2426.79 2404.36 1053.83  1171.26 1175.34 506.831  
21063.7 21050.8 9438.72  10249.2 10246.4 4540.09  4882.75 4863.39 2173.71  2434.56 2436.45 1052.7  1172.09 1191.5 505.288  
21063.7 21050.8 9438.72  10260.4 10228.4 4542.59  4936.66 4969.45 2176.42  2383.4 2385.45 1049.48  1172.11 1177.22 504.275  
21063.7 21050.8 9438.72  10088.6 10068.9 4520.18  5025.1 5051.75 2188.04  2419.94 2425.9 1052.95  1185.22 1176.26 508.468  
36532 36730 16060.8  3920.14 3748.45 1877.93  398.915 380.521 210.359  48.1722 41.3715 27.4825  5.11065 4.18154 3.02731  
36532 36730 16060.8  3927.52 3752.47 1892.19  393.174 376.859 197.102  46.178 40.7458 25.9883  5.45783 4.42935 3.47302  
36532 36730 16060.8  3903.39 3750.16 1882.14  419.028 379.996 207.873  45.4494 40.3327 26.0882  4.57229 4.06632 2.7508  
36532 36730 16060.8  3924.27 3742.26 1878.99  397.819 387.422 210.74  45.4414 40.5469 25.8717  4.9139 4.30691 3.22077  
36532 36730 16060.8  3924.27 3742.26 1878.99  399.445 387.157 210.243  44.2856 40.991 26.7914  4.42592 4.11856 2.80705  
36532 36730 16060.8  3883.48 3741.54 1873.18  439.651 389.617 219.671  44.6178 39.4012 23.3344  4.68014 3.99452 2.66675  
36532 36730 16060.8  3883.48 3741.54 1873.18  435.761 387.833 215.304  47.7552 40.9125 27.1748  5.40195 4.26304 3.19352  
36532 36730 16060.8  3896.45 3746.17 1868.06  423.186 384.323 221.96  47.5208 39.8398 25.563  5.24014 4.216 3.24896  
36532 36730 16060.8  3892.84 3735.37 1854.85  423.716 392.047 229.484  50.0666 42.5392 30.4346  5.74435 4.54116 3.96872  
36532 36730 16060.8  3852.22 3724.37 1847.87  462.446 403.852 239.787  52.2842 42.0809 28.1344  5.44649 4.24588 3.073  
36532 36730 16060.8  3892.84 3735.37 1854.85  422.935 392.161 230.458  51.3682 42.5643 30.0812  5.2131 4.41073 3.38193  
36532 36730 16060.8  3896.45 3746.17 1868.06  428.008 385.45 224.239  43.3324 38.8176 23.6183  4.69955 4.11208 2.94742  
36532 36730 16060.8  3852.22 3724.37 1847.87  463.991 404.34 239.128  50.6154 41.5528 28.4047  5.54731 4.27639 3.39254  
36532 36730 16060.8  3910.86 3749.75 1874.28  412.506 381.996 217.511  44.5114 38.857 24.3148  4.58118 3.95768 2.74096  
36532 36730 16060.8  3927.52 3752.47 1892.19  397.508 377.919 199.078  42.5669 39.8895 24.3914  4.81892 4.23952 3.12268  
36532 36730 16060.8  3918.07 3753.8 1888.48  403.309 377.102 202.405  45.8564 39.5419 25.0522  5.13205 4.10197 2.89661  
36532 36730 16060.8  3910.86 3749.75 1874.28  407.838 379.256 212.623  48.4857 41.3375 28.7058  5.223 4.20678 3.20908  
36532 36730 16060.8  3903.39 3750.16 1882.14  420.75 382.004 211.248  43.3536 38.3156 22.5393  4.95576 4.09207 2.94949  
36532 36730 16060.8  3883.48 3741.54 1873.18  437.778 389.328 217.572  46.2023 39.6645 25.2944  4.96801 4.03705 2.83864  
36532 36730 16060.8  3927.52 3752.47 1892.19  400.113 379.783 202.709  40.2421 38.2902 21.3488  4.61791 4.02785 2.66716  
36271.2 36318.3 16111.7  4085.97 4067.03 1825.19  486.597 460.251 215.805  54.364 52.4334 24.2235  6.04506 6.16275 2.72481  
36271.2 36318.3 16111.7  4070.36 4048.66 1828.62  498.022 475.149 213.062  57.66 55.728 23.4936  6.82858 6.31826 2.76344  
36271.2 36318.3 16111.7  4101.62 4071.04 1831.38  466.771 456.129 208.051  57.7225 52.8481 25.3564  6.82008 5.86993 3.12171  
36271.2 36318.3 16111.7  4086.28 4052.74 1834.91  485.083 474.727 205.675  55.4368 52.2676 24.5822  6.1643 6.12035 2.78012  
36271.2 36318.3 16111.7  4085.97 4067.03 1825.19  483.03 459.122 215.672  57.3268 53.347 24.4105  6.54239 6.33874 2.66434  
36271.2 36318.3 16111.7  4096.52 4051.23 1838.58  471.867 472.58 203.096  58.078 55.4955 23.6153  6.47676 6.49798 2.67609  
36271.2 36318.3 16111.7  4111.68 4069.56 1834.98  460.849 459.335 204.921  53.8032 50.9963 25.1041  6.54096 5.99666 2.89223  
36271.2 36318.3 16111.7  4101.62 4071.04 1831.38  472.637 458.292 209.194  52.6939 50.8865 24.5533  6.03307 5.71595 2.80565  
36271.2 36318.3 16111.7  4101.08 4044.13 1839.63  470.216 481.925 200.861  55.5664 53.782 24.5747  6.15062 6.06026 2.87677  
36271.2 36318.3 16111.7  4101.62 4071.04 1831.38  471.495 458.456 208.784  53.8847 50.4793 24.9612  5.99066 5.91 2.82303  
36271.2 36318.3 16111.7  4070.36 4048.66 1828.62  496.767 475.325 212.632  59.1392 55.6066 24.0015  6.63097 6.27005 2.69422  
36271.2 36318.3 16111.7  4111.68 4069.56 1834.98  462.585 459.777 205.61  52.8655 50.9582 24.4643  5.87856 5.66312 2.84962  
36271.2 36318.3 16111.7  4119.91 4069.81 1827.34  455.297 459.552 212.348  52.026 50.9353 25.2676  5.82724 5.65469 2.96112  
36271.2 36318.3 16111.7  4111.68 4069.56 1834.98  462.053 455.914 207.523  53.2096 54.4115 22.7329  6.08115 5.99036 2.71721  
36271.2 36318.3 16111.7  4115.06 4050.1 1834.45  460.712 476.9 206.49  51.354 52.9594 24.2243  5.9216 5.94204 2.78362  
36271.2 36318.3 16111.7  4101.08 4044.13 1839.63  471.414 478.302 203.395  54.1078 57.06 22.208  6.36598 6.36835 2.723  
36271.2 36318.3 16111.7  4090.26 4074.18 1816.7  476.74 453.358 220.923  59.3169 52.5509 27.0832  6.59084 5.80817 3.18889  
36271.2 36318.3 16111.7  4111.68 4069.56 1834.98  462.119 458.965 206.583  53.1503 51.6982 23.5592  6.07038 5.71948 2.81861  
36271.2 36318.3 16111.7  4115.06 4050.1 1834.45  460.27 476.056 207.469  51.8711 53.6865 23.4041  5.78111 6.03844 2.61387  
36271.2 36318.3 16111.7  4115.51 4076.66 1826.33  457.468 453.018 212.515  54.0658 50.5618 26.0248  5.96306 5.67215 3.05416  
13474.2 13447 5981.64  9002.27 8977.24 4022.91  6068.94 6090.5 2676.87  4060.56 4084.78 1796.91  2735.2 2724.32 1211.64  
13474.2 13447 5981.64  9032.62 8990.3 4011.62  6058.28 6046.67 2692.34  4060.12 4086.4 1807.5  2714.25 2729.71 1215.24  
13474.2 13447 5981.64  8970.02 8996.31 4012.74  6059.23 6075.92 2687.58  4083.65 4055.33 1808.12  2739.72 2735.93 1214.54  
13474.2 13447 5981.64  8999.7 8949.08 4019.38  6069.79 6099.78 2678.03  4056.72 4057.07 1814.17  2737.04 2739.6 1206.77  
13474.2 13447 5981.64  8992.38 8992.98 4020.7  6029.4 6049.82 2690.1  4079.42 4046.93 1800.57  2743.12 2757.84 1207.22  
13474.2 13447 5981.64  9002.27 8977.24 4022.91  6068.94 6090.5 2676.87  4070.29 4083.32 1800.38  2720.72 2733.9 1214.22  
13474.2 13447 5981.64  8999.7 8949.08 4019.38  6059.18 6033.28 2683.67  4055.73 4085.95 1811.31  2732.17 2765.89 1203.92  
13474.2 13447 5981.64  9033.6 9049.03 3994.08  6059.66 6046.02 2700.44  4063.03 4074.32 1802.1  2720.23 2701.82 1214.61  
13474.2 13447 5981.64  9025.43 9033.45 4012.92  6055.81 6061.51 2692.77  4038.32 4050.59 1806.85  2724.54 2722.44 1214.88  
13474.2 13447 5981.64  9033.6 9049.03 3994.08  6038.39 6058.6 2693.71  4060.3 4071.63 1800.82  2713.62 2712.44 1220.34  
13474.2 13447 5981.64  9003.45 9036.73 4005.1  6068.55 6070.9 2682.69  4054.75 4025.21 1815.75  2725.56 2739.9 1213.12  
13474.2 13447 5981.64  9032.62 8990.3 4011.62  6048.36 6019.85 2686.22  4038.43 4078.38 1809.44  2724.6 2741.11 1216.61  
13474.2 13447 5981.64  9040.67 9006.64 3992.81  6057.34 6059.94 2700.86  4054.38 4039.19 1806.19  2726.73 2743.09 1217.36  
13474.2 13447 5981.64  9003.45 9036.73 4005.1  6048.27 6062.64 2690.09  4069.59 4028.51 1805.7  2729.95 2746.25 1208.31  
13474.2 13447 5981.64  9043.16 9033.82 3996.22  6035.26 6063.6 2693.01  4067.92 4073.54 1803.83  2721.73 2732.04 1210.87  
13474.2 13447 5981.64  9002.27 8977.24 4022.91  6041.2 6052.74 2694.71  4075.7 4088.69 1803.01  2740.1 2743.69 1204.83  
13474.2 13447 5981.64  8999.7 8949.08 4019.38  6059.18 6033.28 2683.67  4073.9 4084.74 1807.22  2720.23 2748.13 1215.63  
13474.2 13447 5981.64  8992.38 8992.98 4020.7  6029.4 6049.82 2690.1  4067.86 4066.14 1808.75  2740.35 2752.49 1202.22  
13474.2 13447 5981.64  9012.01 9052.24 3986.39  6070.48 6037.37 2687.96  4053 4070.58 1813.69  2722.7 2730.9 1218.2  
13474.2 13447 5981.64  9017.83 8950.43 4002.51  6021.12 6063.79 2696.09  4071.16 4102.42 1797.3  2743.09 2744.35 1212.93  
26418.7 26552.3 11679.1  9396.75 9316.75 4192.53  3287.54 3266.72 1474.67  1165.01 1146.89 539.118  411.836 403.411 190.484  
26418.7 26552.3 11679.1  9322.91 9301.49 4139.49  3290.41 3257.45 1498.35  1214.93 1164.36 556.554  423.5 407.862 195.128  
26418.7 26552.3 11679.1  9276.25 9280.5 4120.11  3338.02 3277.1 1527.01  1212.07 1164.03 546.431  427.722 408.927 199.13  
26418.7 26552.3 11679.1  9339.25 9311.02 4170.52  3280 3251.31 1478.68  1212.39 1160.22 549.539  424.293 408.328 195.772  
26418.7 26552.3 11679.1  9322.91 9301.49 4139.49  3346.29 3273.26 1530.07  1173.74 1153.3 531.061  412.667 404.272 191.691  
26418.7 26552.3 11679.1  9365.36 9304.11 4204.11  3295.67 3271.83 1462.45  1176.73 1152.62 535.208  415.519 403.233 191.845  
26418.7 26552.3 11679.1  9276.25 9280.5 4120.11  3358.84 3290.46 1527.25  1185.38 1152.04 540.865  431.915 408.735 201.62  
26418.7 26552.3 11679.1  9276.25 9280.5 4120.11  3368.27 3288.05 1539.59  1187.37 1157.4 539.602  423.084 406.263 195.021  
26418.7 26552.3 11679.1  9388.26 9300.75 4212.35  3280.95 3274.01 1457.21  1164.2 1148.7 533.201  423.986 407.757 192.36  
26418.7 26552.3 11679.1  9276.25 9280.5 4120.11  3338.02 3277.1 1527.01  1209.21 1164.43 545.377  425.142 408.17 196.869  
26418.7 26552.3 11679.1  9322.91 9301.49 4139.49  3349.29 3278.87 1522.85  1175.69 1148.49 543.329  410.869 404.273 187.957  
26418.7 26552.3 11679.1  9379.37 9307.12 4161.11  3286.62 3269.82 1489.8  1165.6 1148.17 538.625  423.682 407.507 200.384  
26418.7 26552.3 11679.1  9291.73 9289.64 4150.79  3363.29 3283.17 1504.19  1180.61 1154.65 542.628  417.356 404.661 193.613  
26418.7 26552.3 11679.1  9365.36 9304.11 4204.11  3295.67 3271.83 1462.45  1185.26 1151.39 538.347  414.176 406.068 190.502  
26418.7 26552.3 11679.1  9374.26 9320.05 4184.44  3289.92 3261.47 1474.95  1178 1148.15 544.167  416.077 404.124 189.93  
26418.7 26552.3 11679.1  9388.26 9300.75 4212.35  3269.94 3269.82 1461.19  1185.83 1156.82 533.548  417.085 405.208 189.572  
26418.7 26552.3 11679.1  9374.26 9320.05 4184.44  3302.06 3264.58 1479.83  1171.9 1146.48 535.466  412.54 402.925 194.741  
26418.7 26552.3 11679.1  9281.35 9273.15 4169.86  3364.93 3292.78 1507.43  1180.19 1156.45 525.819  426.585 408.581 192.558  
26418.7 26552.3 11679.1  9357.29 9310.37 4153.16  3330.54 3267.61 1514.88  1162.72 1150.45 538.582  411.026 404.664 190.293  
26418.7 26552.3 11679.1  9388.26 9300.75 4212.35  3264.52 3266.63 1450.39  1182.06 1158.17 537.66  422.222 406.385 194.7  
21248 21155.9 9388.73  10192.4 10228.3 4504.23  4898.4 4895.28 2189.73  2365.14 2399.55 1073.96  1137.89 1138.99 524.718  
21248 21155.9 9388.73  10189.6 10198 4500.44  4894.4 4887.11 2200.13  2375.56 2417.92 1079.26  1139.36 1163.23 518.206  
21248 21155.9 9388.73  10211.4 10238.5 4538.24  4901.59 4938.86 2194.31  2358.4 2365.95 1067.77  1131.13 1134.12 506.155  
21248 21155.9 9388.73  10200.7 10255.8 4535.81  4911.03 4906.79 2194.87  2360.54 2370.61 1062.8  1132.8 1140.33 513.48  
21248 21155.9 9388.73  10202.4 10220.6 4559.68  4907.1 4931.18 2194.75  2350.94 2352.36 1044.39  1139.71 1158.23 514.296  
21248 21155.9 9388.73  10189.6 10198 4500.44  4904.36 4905.84 2218.51  2365.74 2408.13 1074.24  1138.99 1155.18 510.929  
21248 21155.9 9388.73  10152.3 10085 4528.64  4913.69 4944.91 2185.67  2382.14 2434.73 1076.31  1145.31 1183.13 512.69  
21248 21155.9 9388.73  10202.4 10220.6 4559.68  4905.73 4916.03 2192.86  2356.4 2369.12 1054.09  1138.61 1159.5 507.853  
21248 21155.9 9388.73  10162.2 10105.3 4507.74  4923.14 4994.56 2194.68  2372.11 2398.65 1082.47  1138.35 1157.13 514.041  
21248 21155.9 9388.73  10189.6 10198 4500.44  4908.91 4946.56 2198.4  2362.94 2377.63 1071.14  1135.02 1139.44 523.669  
21248 21155.9 9388.73  10152.3 10085 4528.64  4908.88 4934.94 2195.8  2380.51 2453.34 1058.4  1150.47 1176.28 520.128  
21248 21155.9 9388.73  10211.4 10238.5 4538.24  4901.06 4906.79 2203.97  2358 2375.2 1061.85  1131.61 1145.85 504.249  
21248 21155.9 9388.73  10173.5 10154.4 4490.45  4922.15 4965.45 2230.66  2367.01 2403.96 1068.08  1136.7 1142.98 518.114  
21248 21155.9 9388.73  10173.5 10154.4 4490.45  4915.93 4954.42 2201.66  2368.27 2387.93 1080.27  1142.47 1167.66 525.961  
21248 21155.9 9388.73  10192.4 10228.3 4504.23  4911.48 4944.19 2211.84  2364.6 2365.51 1070.33  1133.57 1147.05 514.548  
21248 21155.9 9388.73  10189.6 10198 4500.44  4904.36 4905.84 2218.51  2370.38 2408.21 1069.77  1133.52 1144.63 514.058  
21248 21155.9 9388.73  10211.4 10238.5 4538.24  4901.59 4938.86 2194.31  2356.05 2352.68 1059.46  1133.26 1151.15 511.685  
21248 21155.9 9388.73  10181.8 10245.2 4501.85  4903.88 4886.58 2190.95  2360.97 2357.84 1080.99  1145.98 1171.33 527.434  
21248 21155.9 9388.73  10191.4 10238.1 4557.21  4902.9 4933.99 2168.16  2370.19 2372.83 1066.44  1136.69 1142.64 518.086  
21248 21155.9 9388.73  10208.6 10207.7 4534.37  4903.9 4937.85 2207.88  2347.07 2350.77 1055.51  1140.47 1165.83 515.291  
407.023 404.661 181.569  399.364 395.198 179.143  396.777 391.953 176.848  392.184 389.324 176.013  388.971 384.317 173.346  
407.023 404.661 181.569  400.729 395.815 178.626  397.983 394.291 177.518  395.487 392.251 175.417  391.547 388.377 173.673  
407.023 404.661 181.569  399.716 399.037 179.625  396.216 394.397 177.931  394.834 393.393 176.297  390.907 389.496 174.535  
407.023 404.661 181.569  402.307 401.958 179.771  400.204 399.074 177.728  396.209 395.102 175.955  392.255 391.17 174.2  
407.023 404.661 181.569  400.166 398.321 179.725  399.795 399.795 177.632  394.02 390.336 175.738  388.368 386.633 174.402  
407.023 404.661 181.569  402.307 401.958 179.771  399.436 396.085 177.171  391.458 387.41 175.59  392.31 391.276 174.209  
407.023 404.661 181.569  402.634 399.996 179.712  396.188 394.387 177.931  392.825 388.052 175.077  392.325 391.306 174.208  
407.023 404.661 181.569  400.166 398.321 179.725  395.766 395.112 177.831  396.164 393.965 175.802  391.568 388.327 173.655  
407.023 404.661 181.569  400.166 398.321 179.725  398.655 396.062 177.918  391.832 391.21 176.055  390.142 386.526 173.981  
407.023 404.661 181.569  402.749 401.254 179.87  398.744 397.279 178.073  391.805 391.169 176.052  388.921 384.188 173.327  
407.023 404.661 181.569  402.307 401.958 179.771  396.748 391.887 176.842  394.029 390.378 175.745  387.94 387.369 174.312  
407.023 404.661 181.569  403.444 400.056 178.958  397.956 394.25 177.515  394.779 393.385 176.308  388.893 384.208 173.339  
407.023 404.661 181.569  403.785 403.766 179.424  399.759 399.741 177.635  394.645 392.06 176.147  388.873 384.131 173.334  
407.023 404.661 181.569  400.049 397.042 179.565  398.656 396.074 177.919  392.826 388.064 175.078  388.939 384.271 173.341  
407.023 404.661 181.569  400.049 397.042 179.565  397.99 394.279 177.509  396.143 393.986 175.807  388.913 384.231 173.338  
407.023 404.661 181.569  404.219 403.075 179.521  398.291 397.957 177.978  391.795 391.144 176.057  391.546 388.28 173.653  
407.023 404.661 181.569  402.307 401.958 179.771  396.075 393.101 177.771  394.809 393.377 176.297  388.922 384.2 173.328  
407.023 404.661 181.569  400.729 395.815 178.626  398.326 398.029 177.987  392.822 388.057 175.087  388.935 384.264 173.349  
407.023 404.661 181.569  402.634 399.996 179.712  398.631 396.045 177.918  392.134 389.237 175.997  388.26 385.421 174.241  
407.023 404.661 181.569  399.716 399.037 179.625  397.993 394.26 177.508  394.043 390.383 175.74  392.214 390.093 174.055  
30644.4 30592.3 13563.1  7653.98 7713.67 3445.09  1948.89 1935.72 865.158  491.899 495.483 226.575  123.833 125.753 59.4524  
30644.4 30592.3 13563.1  7685.68 7687.93 3434.54  1918.43 1953.75 885.698  490.184 502.77 220.309  124.385 125.681 56.401  
30644.4 30592.3 13563.1  7666.27 7639.93 3442.93  1932.86 1989.44 879.421  493.422 511.107 219.777  125.568 127.585 55.7466  
30644.4 30592.3 13563.1  7680.96 7697.62 3453.72  1927.38 1937.28 867.399  487.684 504.808 218.369  123.086 128.397 57.442  
30644.4 30592.3 13563.1  7679.65 7724.15 3435.6  1929.98 1935.47 883.17  486.842 484.737 221.265  122.443 125.919 57.3353  
30644.4 30592.3 13563.1  7665.47 7716.2 3409.86  1933.51 1932.76 904.18  494.677 494.337 223.587  124.857 126.54 58.5578  
30644.4 30592.3 13563.1  7666.27 7639.93 3442.93  1940.17 1983.79 871.36  487.991 515.344 225.793  124.288 129.711 56.7499  
30644.4 30592.3 13563.1  7666.27 7639.93 3442.93  1939.7 1990.6 866.777  489.981 510.94 228.577  123.15 127.908 58.0778  
30644.4 30592.3 13563.1  7678.82 7673.98 3450.75  1930.83 1971.09 861.717  486.373 494.585 227.008  122.761 128.578 58.0154  
30644.4 30592.3 13563.1  7671.4 7680.64 3408.82  1937.73 1958.59 902.927  488.124 503.571 227.18  122.041 127.126 57.5698  
30644.4 30592.3 13563.1  7661.28 7726.92 3428.98  1943.92 1931.54 877.773  490.939 487.722 230.7  123.236 124.514 59.1343  
30644.4 30592.3 13563.1  7644.57 7676.3 3458.55  1956.46 1969.4 855.952  494.06 497.234 224.938  123.471 126.986 57.7829  
30644.4 30592.3 13563.1  7685.68 7687.93 3434.54  1920.54 1950.32 886.193  489.781 505.159 220.37  123.073 126.086 55.9451  
30644.4 30592.3 13563.1  7666.27 7639.93 3442.93  1939.7 1990.6 866.777  489.585 509.563 226.984  123.535 128.444 59.9364  
30644.4 30592.3 13563.1  7673.46 7703.44 3411.68  1936.73 1947.62 901.553  486.766 492.34 226.948  122.397 126.467 56.6713  
30644.4 30592.3 13563.1  7652.99 7662.84 3460.47  1953.23 1975.41 860.266  489.721 501.859 221.344  122.952 129.32 55.5534  
30644.4 30592.3 13563.1  7687.78 7711.16 3437.46  1927.17 1939.38 877.372  481.574 492.014 226.393  122.684 126.722 55.8571  
30644.4 30592.3 13563.1  7678.82 7673.98 3450.75  1923.5 1964.1 873.557  491.811 504.789 216.079  124.491 126.988 57.1874  
30644.4 30592.3 13563.1  7680.96 7697.62 3453.72  1932.28 1949.48 865.28  483.684 493.077 222.136  122.414 128.05 56.2186  
30644.4 30592.3 13563.1  7672.68 7710.85 3451.83  1936.73 1936.08 870.778  487.395 498.654 218.972  122.172 124.168 56.4365  
26475.9 26539.7 11643.1  9349.47 9272.37 4182.88  3292.24 3297.05 1507.53  1158.12 1159.17 541.624  407.187 413.479 196.203  
26475.9 26539.7 11643.1  9349.47 9272.37 4182.88  3274.8 3303.97 1510.13  1160.41 1156.06 533.499  415.266 408.854 196.58  
26475.9 26539.7 11643.1  9277.54 9283.11 4133.02  3323.31 3277.63 1523.47  1184.57 1164.76 563.309  415.199 412.618 200.93  
26475.9 26539.7 11643.1  9286.04 9309.65 4162.41  3317.87 3260.57 1504.85  1178.89 1164.42 555.501  418.848 408.283 201.141  
26475.9 26539.7 11643.1  9349.47 9272.37 4182.88  3269.02 3300.54 1498.88  1168.02 1155.96 541.929  413.503 412.454 199.394  
26475.9 26539.7 11643.1  9351.98 9299.88 4186.38  3289.72 3269.54 1504.02  1151.86 1160.1 536.167  411.762 410.376 198.543  
26475.9 26539.7 11643.1  9320.27 9318.52 4176.15  3293.58 3274.02 1514.41  1169.82 1145.19 536.053  414.944 405.546 196.13  
26475.9 26539.7 11643.1  9320.27 9318.52 4176.15  3287.78 3270.62 1503.12  1170.81 1147.76 542.156  420.741 408.077 203.016  
26475.9 26539.7 11643.1  9302.37 9319.24 4193.61  3329.01 3270.07 1512  1159.74 1145.43 526.822  411.545 406.683 192.935  
26475.9 26539.7 11643.1  9286.04 9309.65 4162.41  3332.45 3263.26 1519.35  1168.02 1155.96 541.929  417.238 412.447 202.076  
26475.9 26539.7 11643.1  9243.96 9274.41 4119.54  3333.77 3289.73 1528.26  1197.99 1169.62 572.214  423.435 408.859 202.9  
26475.9 26539.7 11643.1  9337.23 9328.28 4207.6  3281.52 3253.9 1475.44  1171.46 1157.91 549.544  414.838 405.185 196.33  
26475.9 26539.7 11643.1  9342.25 9315.27 4184.14  3270.63 3263.38 1487.47  1170.41 1154.13 548.051  418.414 408.279 202.963  
26475.9 26539.7 11643.1  9342.25 9315.27 4184.14  3258.79 3260.32 1482.6  1178.05 1156.11 551.128  421.61 411.316 205.707  
26475.9 26539.7 11643.1  9243.96 9274.41 4119.54  3366.93 3299.12 1559.78  1179.37 1163.12 553.023  414.02 407 195.015  
26475.9 26539.7 11643.1  9302.37 9319.24 4193.61  3317.5 3276.73 1508.24  1164.3 1146.66 531.655  418.756 403.54 195.741  
26475.9 26539.7 11643.1  9359.61 9324.96 4215.74  3288.35 3271.85 1496.91  1149.04 1140.59 522.362  407.747 404.966 191.3  
26475.9 26539.7 11643.1  9243.96 9274.41 4119.54  3336.85 3299.18 1539.14  1200.15 1161.12 566.639  418.61 409.065 199.012  
26475.9 26539.7 11643.1  9320.27 9318.52 4176.15  3310.27 3257.53 1510.56  1159.49 1160.77 545.366  412.248 405.344 193.156  
26475.9 26539.7 11643.1  9243.96 9274.41 4119.54  3336.85 3299.18 1539.14  1195.99 1163.49 565.216  420.332 405.832 198.226  
