3 22 22 3
500 200
2200 1000 2200 
1518.23 322.98 1
0.0690567 1 10
1264.07
1266.23
1263.84
1263.87
1269.19
1268.24
1262.66
1264.38
1268.34
1265.17
1262.74
1270.03
1266.24
1270.17
1263.94
1264.5
1268.66
1262.7
1268.25
1265.11
1272.03
1270.87
45.727 -0.26368
43.5618 -0.81352
43.9625 0.25706
44.4762 1.49119
46.8767 -0.222
46.3495 -1.35255
44.9796 0.1721
43.7904 0.51993
43.4419 -1.49032
45.5855 -1.16846
44.5771 0.22331
47.0293 0.65123
43.6747 1.70391
47.0595 0.42437
45.7814 0.30818
44.0672 -0.7542
46.7761 0.98726
44.727 0.05306
46.4453 1.84212
46.1052 0.64089
46.944 -1.53575
46.6775 -1.69081
44.8613 0.6784
44.9137 -0.16842
46.9376 -0.40747
