3 50 3
21569.7 34359.8 38282.3  1090.36 1874.59 2410.93  61.5559 118.624 199.538  
3169.51 5076.62 5710.76  2720.36 4345.54 4905.52  2338.63 3757.24 4230.56  
19288.1 30859.5 34495.9  2904.01 4657.98 5438.39  451.124 714.929 820.423  
8583.74 13778.5 15501.3  5308.89 8495.95 9635.75  3346.62 5340.39 5921.72  
2713.05 4345.06 4828  2375.16 3816.86 4255.42  2110.32 3376.06 3773.9  
1356.82 2177.28 2443.17  1274.5 2043.33 2303.77  1196.93 1922.57 2152.99  
20662.5 32971.6 36711.4  1872.98 3078.47 3796.96  172.104 281.586 359.134  
21569.7 34359.8 38282.3  1091.5 1872.83 2425.57  60.537 120.164 184.56  
21569.7 34359.8 38282.3  1094.41 1895.73 2462.32  57.4359 97.5686 147.064  
22667.1 36253.2 40739.7  57.0689 105.278 165.095  0.80683 1.46659 0.193456  
8583.74 13778.5 15501.3  5314.74 8537.36 9612.34  3313.63 5283.84 5989.76  
20662.5 32971.6 36711.4  1874.2 3063.35 3763.05  170.994 293.666 383.671  
11344.3 18140.8 20344  5649.33 9082.22 10202.4  2854.37 4561.06 5150.08  
11344.3 18140.8 20344  5682.21 9050.48 10138.1  2832.39 4567.26 5202.55  
2713.05 4345.06 4828  2399.08 3833.05 4281.36  2100.43 3369.38 3763.21  
1356.82 2177.28 2443.17  1272.15 2043.33 2302.34  1203.83 1922.57 2157.17  
8583.74 13778.5 15501.3  5308.89 8495.95 9635.75  3346.62 5340.39 5921.72  
8583.74 13778.5 15501.3  5296.73 8507.38 9636.42  3334.82 5328.18 5977.63  
1356.82 2177.28 2443.17  1272.15 2043.33 2302.34  1204.58 1923.98 2145.57  
3169.51 5076.62 5710.76  2720.36 4345.54 4905.52  2355.75 3757.42 4190.48  
2713.05 4345.06 4828  2390.47 3819.99 4240.45  2112.51 3375.69 3778.13  
21569.7 34359.8 38282.3  1094.66 1889.15 2441.77  57.4588 105.206 169.832  
3169.51 5076.62 5710.76  2716.53 4363.36 4915.73  2355.14 3760.23 4192.11  
22667.1 36253.2 40739.7  57.8566 106.35 163.14  0.0247611 0.409708 2.14483  
22667.1 36253.2 40739.7  57.595 105.32 163.101  0.284548 1.42711 2.17384  
8583.74 13778.5 15501.3  5314.74 8537.36 9612.34  3313.63 5283.84 5989.76  
2713.05 4345.06 4828  2379.83 3796.37 4190.42  2113.78 3378.52 3784.06  
22667.1 36253.2 40739.7  57.0689 105.278 165.095  0.811812 1.486 0.19258  
2713.05 4345.06 4828  2386.54 3827.65 4269.94  2096.02 3342.48 3694.45  
3169.51 5076.62 5710.76  2718.03 4366.51 4889.74  2351.3 3746.63 4209.76  
19288.1 30859.5 34495.9  2898.63 4657.98 5435.02  454.644 713.488 816.574  
1356.82 2177.28 2443.17  1279.43 2047.63 2296.15  1188.07 1911.58 2166.12  
7463.13 11916.2 13427.6  4993.35 7941.98 8924.01  3380.06 5414.14 6075.06  
22667.1 36253.2 40739.7  57.7204 105.842 163.75  0.160378 0.911468 1.51719  
11344.3 18140.8 20344  5654.18 9038.55 10235.2  2847.65 4566.87 5150.46  
21569.7 34359.8 38282.3  1095.81 1894.42 2477.02  56.418 99.7351 135.48  
22667.1 36253.2 40739.7  57.7204 105.842 163.75  0.159835 0.918345 1.53801  
20662.5 32971.6 36711.4  1868.29 3065.7 3737.73  175.485 290.078 401.755  
3169.51 5076.62 5710.76  2716.53 4363.36 4915.73  2355.14 3760.23 4192.11  
7463.13 11916.2 13427.6  4971.23 7965.01 9033.08  3374.31 5395.49 6059.78  
8583.74 13778.5 15501.3  5279.8 8495.97 9618.14  3308.49 5299.4 5976.57  
22667.1 36253.2 40739.7  57.6106 106.513 164.377  0.270119 0.252892 0.908596  
8583.74 13778.5 15501.3  5362.52 8567.01 9605.05  3330.58 5309.48 5969.19  
20662.5 32971.6 36711.4  1863.67 3046.62 3696.03  180.463 309.166 443.74  
3169.51 5076.62 5710.76  2732.09 4372.55 4902.51  2326.89 3730.2 4233.08  
11344.3 18140.8 20344  5649.33 9082.22 10202.4  2848.72 4551.45 5170.47  
11344.3 18140.8 20344  5656.67 9075.63 10262.9  2850.72 4564.34 5120  
11344.3 18140.8 20344  5687.54 9076.07 10159.4  2838.39 4561.16 5139.94  
21569.7 34359.8 38282.3  1095.29 1897.06 2478.92  56.8608 97.724 134.96  
22667.1 36253.2 40739.7  57.6106 106.513 164.377  0.270119 0.252892 0.908596  
