3 150 3
8583.74 13778.5 15501.3  5362.52 8567.01 9605.05  3330.58 5309.48 5969.19  
8583.74 13778.5 15501.3  5290.13 8514.1 9581.09  3345.07 5318.41 5998.21  
8583.74 13778.5 15501.3  5358.19 8561.47 9540.45  3297.93 5296.9 5962.32  
8583.74 13778.5 15501.3  5334.92 8555.19 9580.01  3298.47 5284.29 6002.41  
8583.74 13778.5 15501.3  5296.73 8507.38 9636.42  3334.82 5328.18 5977.63  
8583.74 13778.5 15501.3  5309.88 8531.51 9548.2  3350.55 5322.95 5990.7  
8583.74 13778.5 15501.3  5279.8 8495.97 9618.14  3308.49 5299.4 5976.57  
8583.74 13778.5 15501.3  5290.13 8514.1 9581.09  3353.72 5333.48 5942.22  
8583.74 13778.5 15501.3  5308.89 8495.95 9635.75  3346.62 5340.39 5921.72  
8583.74 13778.5 15501.3  5279.8 8495.97 9618.14  3319.11 5306.51 5987.94  
8583.74 13778.5 15501.3  5362.52 8567.01 9605.05  3317.72 5298.41 5989.1  
8583.74 13778.5 15501.3  5344.36 8537.34 9630.27  3300.97 5290.93 5987  
8583.74 13778.5 15501.3  5306.43 8507.38 9642.29  3350.25 5339.45 5959.34  
8583.74 13778.5 15501.3  5314.74 8537.36 9612.34  3313.63 5283.84 5989.76  
8583.74 13778.5 15501.3  5331.98 8548.99 9630.95  3305.62 5286.56 5986.74  
1356.82 2177.28 2443.17  1263.74 2033.39 2303.65  1196.91 1921.78 2164.44  
1356.82 2177.28 2443.17  1272.85 2044.8 2290.17  1203.22 1925.14 2159.43  
1356.82 2177.28 2443.17  1266.87 2039.14 2282.56  1198.94 1921.43 2167.05  
1356.82 2177.28 2443.17  1272.15 2043.33 2302.34  1203.83 1922.57 2157.17  
1356.82 2177.28 2443.17  1280.84 2046.3 2282.19  1200.49 1925.05 2158.54  
1356.82 2177.28 2443.17  1272.15 2043.33 2302.34  1204.58 1923.98 2145.57  
1356.82 2177.28 2443.17  1275.1 2040.55 2302.17  1202.11 1924.14 2144.19  
1356.82 2177.28 2443.17  1280.04 2044.8 2294.52  1201.82 1923.89 2144.65  
1356.82 2177.28 2443.17  1280.84 2046.3 2282.19  1204.06 1923.8 2146.77  
1356.82 2177.28 2443.17  1268.03 2040.55 2297.89  1202.53 1924.14 2144.45  
1356.82 2177.28 2443.17  1274.5 2043.33 2303.77  1196.93 1922.57 2152.99  
1356.82 2177.28 2443.17  1274.5 2043.33 2303.77  1204.44 1923.98 2145.49  
1356.82 2177.28 2443.17  1266.87 2039.14 2282.56  1204.9 1924.23 2146.75  
1356.82 2177.28 2443.17  1280.84 2046.3 2282.19  1200.49 1925.05 2158.54  
1356.82 2177.28 2443.17  1279.43 2047.63 2296.15  1188.07 1911.58 2166.12  
19288.1 30859.5 34495.9  2907.98 4648.82 5335.85  446.888 721.252 910.684  
19288.1 30859.5 34495.9  2917.17 4645.01 5372.18  439.129 724.417 879.848  
19288.1 30859.5 34495.9  2912.89 4664.72 5383.87  444.45 709.222 867.042  
19288.1 30859.5 34495.9  2915.25 4667.77 5420.36  442.208 703.774 823.686  
19288.1 30859.5 34495.9  2898.63 4657.98 5435.02  457.276 713.465 818.195  
19288.1 30859.5 34495.9  2904.01 4657.98 5438.39  451.124 714.929 820.423  
19288.1 30859.5 34495.9  2915.1 4642.13 5335.43  441.089 725.91 910.387  
19288.1 30859.5 34495.9  2898.63 4657.98 5435.02  454.644 713.488 816.574  
19288.1 30859.5 34495.9  2915.1 4642.13 5335.43  443.285 726.864 901.792  
19288.1 30859.5 34495.9  2905.39 4651.63 5434.63  450.448 719.882 818.584  
19288.1 30859.5 34495.9  2918.46 4664.71 5387.36  438.03 707.749 866.971  
19288.1 30859.5 34495.9  2907.98 4648.82 5335.85  448.916 719.179 899.593  
19288.1 30859.5 34495.9  2915.1 4642.13 5335.43  440.881 726.898 911.032  
19288.1 30859.5 34495.9  2918.46 4664.71 5387.36  439.537 706.282 861.705  
19288.1 30859.5 34495.9  2905.39 4651.63 5434.63  449.962 720.313 823.612  
21569.7 34359.8 38282.3  1091.5 1872.83 2425.57  60.537 120.164 184.56  
21569.7 34359.8 38282.3  1094.79 1889.16 2471.81  57.1305 104.05 138.663  
21569.7 34359.8 38282.3  1093.38 1879.66 2447.84  58.6795 114.211 164.151  
21569.7 34359.8 38282.3  1094.14 1880.98 2434.41  58.0303 112.887 177.79  
21569.7 34359.8 38282.3  1094.66 1889.15 2441.77  57.4588 105.206 169.832  
21569.7 34359.8 38282.3  1095.97 1887.68 2456.53  56.1651 105.696 155.02  
21569.7 34359.8 38282.3  1095.29 1897.06 2478.92  56.8608 97.724 134.96  
21569.7 34359.8 38282.3  1090.36 1874.59 2410.93  61.5745 118.398 196.947  
21569.7 34359.8 38282.3  1095.97 1887.68 2456.53  56.2047 105.772 154.177  
21569.7 34359.8 38282.3  1094.79 1889.16 2471.81  57.0738 103.738 138.334  
21569.7 34359.8 38282.3  1095.81 1894.42 2477.02  56.418 99.7351 135.48  
21569.7 34359.8 38282.3  1094.14 1880.98 2434.41  57.9753 112.573 177.402  
21569.7 34359.8 38282.3  1090.36 1874.59 2410.93  61.5559 118.624 199.538  
21569.7 34359.8 38282.3  1094.41 1895.73 2462.32  57.4359 97.5686 147.064  
21569.7 34359.8 38282.3  1094.41 1895.73 2462.32  57.4359 97.5686 147.064  
11344.3 18140.8 20344  5656.67 9075.63 10262.9  2850.72 4564.34 5120  
11344.3 18140.8 20344  5649.33 9082.22 10202.4  2848.72 4551.45 5170.47  
11344.3 18140.8 20344  5654.18 9038.55 10235.2  2849.42 4544.74 5105.36  
11344.3 18140.8 20344  5687.54 9076.07 10159.4  2838.39 4561.16 5139.94  
11344.3 18140.8 20344  5681.25 9082.19 10221.7  2845.17 4554.74 5140.06  
11344.3 18140.8 20344  5682.21 9050.48 10138.1  2832.39 4567.26 5202.55  
11344.3 18140.8 20344  5678.55 9094.77 10229  2832.96 4526.6 5143.27  
11344.3 18140.8 20344  5676.01 9057.03 10200.8  2834.21 4545.29 5157.25  
11344.3 18140.8 20344  5687.54 9076.07 10159.4  2840.68 4564.12 5174.72  
11344.3 18140.8 20344  5654.18 9038.55 10235.2  2847.65 4566.87 5150.46  
11344.3 18140.8 20344  5687.54 9076.07 10159.4  2835.36 4564.13 5171.48  
11344.3 18140.8 20344  5654.18 9038.55 10235.2  2847.65 4566.87 5150.46  
11344.3 18140.8 20344  5646.22 9075.65 10256.6  2860.03 4545.36 5112.27  
11344.3 18140.8 20344  5678.55 9094.77 10229  2839.83 4554.79 5136.88  
11344.3 18140.8 20344  5649.33 9082.22 10202.4  2854.37 4561.06 5150.08  
2713.05 4345.06 4828  2395.12 3819.99 4243.27  2088.93 3363.89 3778.42  
2713.05 4345.06 4828  2390.47 3819.99 4240.45  2112.51 3375.69 3778.13  
2713.05 4345.06 4828  2375.16 3816.86 4255.42  2110.32 3376.06 3773.9  
2713.05 4345.06 4828  2379.83 3796.37 4190.42  2107.51 3380.73 3804.8  
2713.05 4345.06 4828  2386.54 3827.65 4269.94  2096.02 3342.48 3694.45  
2713.05 4345.06 4828  2394.51 3833.05 4278.58  2090.96 3359.88 3750.74  
2713.05 4345.06 4828  2394.51 3833.05 4278.58  2098.85 3371.66 3786.8  
2713.05 4345.06 4828  2391.96 3835.55 4304.82  2087.42 3347.85 3713.72  
2713.05 4345.06 4828  2395.12 3819.99 4243.27  2111.95 3375.69 3777.79  
2713.05 4345.06 4828  2379.83 3796.37 4190.42  2113.78 3378.52 3784.06  
2713.05 4345.06 4828  2384.12 3830.25 4296.33  2109.24 3374.46 3769.05  
2713.05 4345.06 4828  2386.54 3827.65 4269.94  2101.93 3370.02 3764.56  
2713.05 4345.06 4828  2382.36 3814.5 4231.66  2090.44 3364.54 3779.79  
2713.05 4345.06 4828  2399.08 3833.05 4281.36  2100.43 3369.38 3763.21  
2713.05 4345.06 4828  2394.51 3833.05 4278.58  2090.96 3359.88 3750.74  
3169.51 5076.62 5710.76  2720.36 4345.54 4905.52  2355.75 3757.42 4190.48  
3169.51 5076.62 5710.76  2704.77 4336.3 4918.17  2346.23 3753.4 4228.48  
3169.51 5076.62 5710.76  2720.36 4345.54 4905.52  2344.06 3752.12 4230.24  
3169.51 5076.62 5710.76  2716.53 4363.36 4915.73  2355.14 3760.23 4192.11  
3169.51 5076.62 5710.76  2732.09 4372.55 4902.51  2326.89 3730.2 4233.08  
3169.51 5076.62 5710.76  2720.36 4345.54 4905.52  2338.63 3757.24 4230.56  
3169.51 5076.62 5710.76  2716.53 4363.36 4915.73  2339.16 3754.76 4229.13  
3169.51 5076.62 5710.76  2716.53 4363.36 4915.73  2327.96 3736.49 4234.1  
3169.51 5076.62 5710.76  2718.03 4366.51 4889.74  2351.3 3746.63 4209.76  
3169.51 5076.62 5710.76  2703.51 4342.14 4921.51  2356.97 3763.2 4191.31  
3169.51 5076.62 5710.76  2703.51 4342.14 4921.51  2346.41 3752.59 4228.02  
3169.51 5076.62 5710.76  2722.84 4357.42 4915.37  2354.26 3761.06 4192.16  
3169.51 5076.62 5710.76  2698.58 4342.14 4918.52  2334.09 3752.6 4220.57  
3169.51 5076.62 5710.76  2698.58 4342.14 4918.52  2326.18 3739.43 4231.14  
3169.51 5076.62 5710.76  2721.56 4363.36 4918.78  2342.8 3754.76 4231.33  
7463.13 11916.2 13427.6  5025.96 8053.33 9022.1  3326.58 5319.2 6047.3  
7463.13 11916.2 13427.6  4993.35 7941.98 8924.01  3380.06 5414.14 6075.06  
7463.13 11916.2 13427.6  5029.2 8014.12 8941.92  3347.9 5338.11 6019.81  
7463.13 11916.2 13427.6  5004.39 8003.54 9027.6  3333.58 5335.28 6045.46  
7463.13 11916.2 13427.6  5028.35 8042.19 9015.7  3333.35 5344.43 6069.19  
7463.13 11916.2 13427.6  5008.95 8025.42 9045.76  3361.94 5375.75 6055.63  
7463.13 11916.2 13427.6  4971.23 7965.01 9033.08  3374.31 5395.49 6059.78  
7463.13 11916.2 13427.6  4993.35 7941.98 8924.01  3380.06 5414.14 6075.06  
7463.13 11916.2 13427.6  5006.6 8036.38 9052.04  3379.39 5379.32 5996.12  
7463.13 11916.2 13427.6  5023.71 8019.91 8997.21  3362.24 5366.14 6030.55  
7463.13 11916.2 13427.6  5029.2 8014.12 8941.92  3333.07 5353.61 6093.43  
7463.13 11916.2 13427.6  4975.7 7986.5 9050.91  3387.38 5422.05 6050.26  
7463.13 11916.2 13427.6  5006.6 8036.38 9052.04  3365.77 5386.87 6065.75  
7463.13 11916.2 13427.6  4992.92 7970.72 8997.58  3383.32 5419.73 6063.44  
7463.13 11916.2 13427.6  4971.23 7965.01 9033.08  3388.86 5429.13 6056.12  
20662.5 32971.6 36711.4  1874.2 3063.35 3763.05  170.994 293.666 383.671  
20662.5 32971.6 36711.4  1865.22 3071.99 3763.86  178.703 286.259 383.008  
20662.5 32971.6 36711.4  1872.86 3061.31 3737.32  171.51 296.53 409.531  
20662.5 32971.6 36711.4  1871.46 3076.32 3771.42  173.393 282.347 376.529  
20662.5 32971.6 36711.4  1868.29 3065.7 3737.73  175.485 290.078 401.755  
20662.5 32971.6 36711.4  1863.67 3046.62 3696.03  180.766 310.28 447.743  
20662.5 32971.6 36711.4  1864.61 3042.16 3693.15  179.568 314.33 450.062  
20662.5 32971.6 36711.4  1872.98 3078.47 3796.96  172.104 281.586 359.134  
20662.5 32971.6 36711.4  1871.08 3052.52 3729.23  173.52 305.168 420.209  
20662.5 32971.6 36711.4  1875.95 3072 3771.01  169.417 287.463 382.619  
20662.5 32971.6 36711.4  1874.2 3063.35 3763.05  170.302 294.704 386.461  
20662.5 32971.6 36711.4  1869.47 3078.46 3794.61  174.52 278.284 351.38  
20662.5 32971.6 36711.4  1875.04 3076.32 3773.8  170.356 282.139 376.692  
20662.5 32971.6 36711.4  1868.29 3065.7 3737.73  176.294 291.995 411.615  
20662.5 32971.6 36711.4  1863.67 3046.62 3696.03  180.463 309.166 443.74  
22667.1 36253.2 40739.7  57.595 105.32 163.101  0.284548 1.42711 2.17384  
22667.1 36253.2 40739.7  57.4781 106.005 164.969  0.401456 0.759412 0.319879  
22667.1 36253.2 40739.7  57.7204 105.842 163.75  0.161123 0.92345 1.52206  
22667.1 36253.2 40739.7  57.7204 105.842 163.75  0.160378 0.911468 1.51719  
22667.1 36253.2 40739.7  57.4704 105.419 164.342  0.410768 1.33746 0.931369  
22667.1 36253.2 40739.7  57.7204 105.842 163.75  0.159666 0.907412 1.52293  
22667.1 36253.2 40739.7  57.7204 105.842 163.75  0.159835 0.918345 1.53801  
22667.1 36253.2 40739.7  57.0689 105.278 165.095  0.80683 1.46659 0.193456  
22667.1 36253.2 40739.7  57.7282 106.438 164.388  0.152744 0.323421 0.89039  
22667.1 36253.2 40739.7  57.6106 106.513 164.377  0.270119 0.252892 0.908596  
22667.1 36253.2 40739.7  57.8114 105.971 162.703  0.069861 0.787972 2.57748  
22667.1 36253.2 40739.7  57.7282 106.438 164.388  0.151219 0.322217 0.900484  
22667.1 36253.2 40739.7  57.4704 105.419 164.342  0.410768 1.33746 0.931369  
22667.1 36253.2 40739.7  57.8566 106.35 163.14  0.0247611 0.409708 2.14483  
22667.1 36253.2 40739.7  57.0689 105.278 165.095  0.811812 1.486 0.19258  
