5 22 22 3
500 200
3200 3200 3200 3200 3200 
1518.23 322.98 1
0.0690567 1 10
3413.64
3400.5
3405.39
3398.46
3401.95
3395.98
3420.49
3398.99
3419.13
3413.13
3395.28
3400.67
3401.37
3397.62
3395.36
3403.01
3414.85
3403.67
3397.37
3409
3402.02
3398.69
43.8296 -1.69479
45.0513 1.14646
44.1561 0.30853
45.8738 -1.51792
46.8292 0.85952
45.2783 -0.25275
43.4675 1.42983
45.3167 -1.49379
43.3671 0.82888
43.588 -0.25307
45.9033 -0.12496
46.8133 0.51989
45.3063 1.48699
45.7806 -1.349
45.9571 -0.13055
46.185 1.72823
43.5156 -0.70792
44.5642 1.07304
46.1634 0.68407
44.7028 2.03174
47.008 -0.76588
46.152 1.02257
44.7864 -0.24405
43.8894 0.18434
46.4964 0.51316
46.9066 0.52415
43.8917 0.39644
