5 16 3
42480.8 21238 35293.5 21128.5 35245.8  12396.8 6198.1 10372.4 6245.55 10383.8  3604.03 1813.68 3029.93 1829.49 3063.18  
42480.8 21238 35293.5 21128.5 35245.8  12414.9 6171.8 10419.3 6283.92 10381.3  3617.71 1833.85 3032.48 1825.8 3088.98  
42480.8 21238 35293.5 21128.5 35245.8  12414.9 6171.8 10419.3 6283.92 10381.3  3617.71 1833.85 3032.48 1825.8 3088.98  
15537.8 7684.69 12975.6 7795.85 12829.8  11486.8 5705.76 9568.2 5753.12 9478.72  8519.12 4246.86 7095.48 4262.47 7061.52  
25714.9 12737.3 21489 12887.7 21325.2  14569 7230.17 12196.4 7318.95 12145.9  8409.52 4221.74 6996.02 4200.98 7014.2  
21525.1 10792.3 17879.8 10681.5 17937.5  13790.9 6911.54 11469.6 6866.01 11497.6  8830.13 4400.27 7353.56 4428.95 7301.1  
25714.9 12737.3 21489 12887.7 21325.2  14569 7230.17 12196.4 7318.95 12145.9  8409.52 4221.74 6996.02 4200.98 7014.2  
7736.97 3816.99 6482.11 3890.17 6416.28  6698.24 3320.83 5612.87 3357.64 5600.72  5862.84 2892.28 4899.55 2951.7 4824.68  
15537.8 7684.69 12975.6 7795.85 12829.8  11439.3 5649.17 9557.52 5756.08 9421.99  8496.15 4219.07 7090.33 4263.91 7033.6  
42480.8 21238 35293.5 21128.5 35245.8  12387.8 6214.69 10373.3 6224.46 10459  3620.26 1797.81 3043.15 1856.75 3007.38  
7736.97 3816.99 6482.11 3890.17 6416.28  6733.04 3341.44 5634.34 3372.23 5619.13  5909.04 2944.35 4921.78 2951.66 4902.13  
42480.8 21238 35293.5 21128.5 35245.8  12416.8 6203.5 10402.5 6259.83 10422.4  3606.94 1815.67 3031.06 1830.62 3063.59  
21525.1 10792.3 17879.8 10681.5 17937.5  13720.4 6904.9 11405.8 6807.94 11506.7  8855.42 4402.65 7376.3 4449.61 7297.9  
7736.97 3816.99 6482.11 3890.17 6416.28  6698.24 3320.83 5612.87 3357.64 5600.72  5906.99 2941.32 4925.45 2952.42 4908.79  
7736.97 3816.99 6482.11 3890.17 6416.28  6739.43 3331.01 5641.82 3386.11 5591.71  5901.66 2940.01 4921.69 2948.72 4909.95  
15537.8 7684.69 12975.6 7795.85 12829.8  11439.3 5649.17 9557.52 5756.08 9421.99  8496.15 4219.07 7090.33 4263.91 7033.6  
