5 50 3
21525.1 10792.3 17879.8 10681.5 17937.5  13790.9 6911.54 11469.6 6866.01 11497.6  8830.13 4400.27 7353.56 4428.95 7301.1  
21525.1 10792.3 17879.8 10681.5 17937.5  13716.9 6908.76 11387.5 6801.19 11479.5  8832.79 4411.41 7349.35 4421.92 7315.11  
21525.1 10792.3 17879.8 10681.5 17937.5  13716.9 6908.76 11387.5 6801.19 11479.5  8883.02 4411.32 7414.35 4468.19 7345.14  
21525.1 10792.3 17879.8 10681.5 17937.5  13794.3 6907.74 11487.6 6872.64 11524.4  8784.34 4420.17 7292.66 4371.14 7325.21  
21525.1 10792.3 17879.8 10681.5 17937.5  13716.9 6908.76 11387.5 6801.19 11479.5  8828.81 4421.29 7362.11 4411.16 7386.88  
21525.1 10792.3 17879.8 10681.5 17937.5  13790.9 6911.54 11469.6 6866.01 11497.6  8806.4 4410.41 7320.24 4399.03 7308.67  
21525.1 10792.3 17879.8 10681.5 17937.5  13720.4 6904.9 11405.8 6807.94 11506.7  8855.42 4402.65 7376.3 4449.61 7297.9  
21525.1 10792.3 17879.8 10681.5 17937.5  13694 6902.57 11353.1 6784.89 11435.6  8874.41 4416.57 7428.66 4457.09 7420.73  
21525.1 10792.3 17879.8 10681.5 17937.5  13804.6 6889.32 11486.8 6895.96 11441.7  8795.36 4430.76 7315.09 4373.43 7382.95  
21525.1 10792.3 17879.8 10681.5 17937.5  13720.4 6904.9 11405.8 6807.94 11506.7  8896.08 4416.54 7429.29 4475.99 7362.65  
42480.8 21238 35293.5 21128.5 35245.8  12387.8 6214.69 10373.3 6224.46 10459  3619.99 1788.69 3048.5 1864.13 2995.89  
42480.8 21238 35293.5 21128.5 35245.8  12414.9 6171.8 10419.3 6283.92 10381.3  3617.71 1833.85 3032.48 1825.8 3088.98  
42480.8 21238 35293.5 21128.5 35245.8  12387.8 6214.69 10373.3 6224.46 10459  3620.26 1797.81 3043.15 1856.75 3007.38  
42480.8 21238 35293.5 21128.5 35245.8  12417.9 6168.51 10435.1 6289.73 10404.8  3598.68 1821.11 3005.05 1818.16 3033.68  
42480.8 21238 35293.5 21128.5 35245.8  12416.8 6203.5 10402.5 6259.83 10422.4  3590 1809.86 3008.92 1819.55 3036.18  
42480.8 21238 35293.5 21128.5 35245.8  12305.9 6161.06 10270 6191.9 10262.9  3677.74 1835.62 3115.59 1879.55 3144.63  
42480.8 21238 35293.5 21128.5 35245.8  12326.6 6198.22 10281.4 6180.86 10341.4  3647.14 1802.71 3090.04 1877.89 3069.4  
42480.8 21238 35293.5 21128.5 35245.8  12416.8 6203.5 10402.5 6259.83 10422.4  3606.94 1815.67 3031.06 1830.62 3063.59  
42480.8 21238 35293.5 21128.5 35245.8  12396.8 6198.1 10372.4 6245.55 10383.8  3604.03 1813.68 3029.93 1829.49 3063.18  
42480.8 21238 35293.5 21128.5 35245.8  12384.6 6218.1 10357 6218.44 10434.7  3629.7 1805.31 3063.11 1859.63 3054.87  
25714.9 12737.3 21489 12887.7 21325.2  14718 7360.34 12252 7347.75 12247  8373.43 4190.97 6968.5 4193.4 6953.31  
25714.9 12737.3 21489 12887.7 21325.2  14569 7230.17 12196.4 7318.95 12145.9  8409.52 4221.74 6996.02 4200.98 7014.2  
25714.9 12737.3 21489 12887.7 21325.2  14623.7 7264.25 12226.1 7340.57 12168.7  8438.35 4265.35 6987.6 4191.96 7033.84  
25714.9 12737.3 21489 12887.7 21325.2  14623.7 7264.25 12226.1 7340.57 12168.7  8367.92 4183.91 6962.55 4193.18 6934.88  
25714.9 12737.3 21489 12887.7 21325.2  14576.1 7209.98 12191.9 7340.41 12057.9  8426.9 4244.23 7005.86 4198.75 7055.07  
25714.9 12737.3 21489 12887.7 21325.2  14591.8 7223.67 12189.8 7343.13 12047.6  8420.18 4238.45 7006.76 4197.59 7059.45  
25714.9 12737.3 21489 12887.7 21325.2  14623.7 7264.25 12226.1 7340.57 12168.7  8406.51 4221.32 6991.17 4198.68 7008.09  
25714.9 12737.3 21489 12887.7 21325.2  14665.6 7321.69 12240.2 7332.49 12251.5  8412.93 4230.39 6993.31 4197.66 7020.49  
25714.9 12737.3 21489 12887.7 21325.2  14671.8 7306.07 12219.7 7348.9 12137.1  8385.99 4203.66 6993.93 4195.11 7021.48  
25714.9 12737.3 21489 12887.7 21325.2  14659.1 7288.26 12239.9 7352.77 12174.8  8426.44 4274.64 6981.11 4174.6 7075.27  
15537.8 7684.69 12975.6 7795.85 12829.8  11439.3 5649.17 9557.52 5756.08 9421.99  8488.98 4208.87 7101.9 4266.12 7055.21  
15537.8 7684.69 12975.6 7795.85 12829.8  11540.9 5753.03 9620.33 5764.83 9599.1  8470.03 4192.78 7074.12 4261.64 6988.75  
15537.8 7684.69 12975.6 7795.85 12829.8  11429.6 5635.51 9573.11 5759.07 9450.94  8533.94 4264.83 7094.23 4260.94 7068.59  
15537.8 7684.69 12975.6 7795.85 12829.8  11439.3 5649.17 9557.52 5756.08 9421.99  8496.15 4219.07 7090.33 4263.91 7033.6  
15537.8 7684.69 12975.6 7795.85 12829.8  11441.9 5646.2 9571.45 5761.2 9442.85  8570.97 4297.4 7133.3 4269.05 7160.47  
15537.8 7684.69 12975.6 7795.85 12829.8  11486.8 5705.76 9568.2 5753.12 9478.72  8519.12 4246.86 7095.48 4262.47 7061.52  
15537.8 7684.69 12975.6 7795.85 12829.8  11520 5751.17 9578.66 5746.66 9542.55  8475.38 4193.24 7084.87 4266.35 7003.08  
15537.8 7684.69 12975.6 7795.85 12829.8  11504.6 5710.61 9594.91 5765.73 9512.99  8545.23 4272.54 7128.48 4266.24 7148.61  
15537.8 7684.69 12975.6 7795.85 12829.8  11494.8 5696.69 9610.8 5768.77 9542.49  8483.85 4204.83 7086.89 4264.41 7018.58  
15537.8 7684.69 12975.6 7795.85 12829.8  11494.8 5696.69 9610.8 5768.77 9542.49  8557.25 4284.38 7123.08 4267.09 7134.75  
7736.97 3816.99 6482.11 3890.17 6416.28  6698.24 3320.83 5612.87 3357.64 5600.72  5862.84 2892.28 4899.55 2951.7 4824.68  
7736.97 3816.99 6482.11 3890.17 6416.28  6643.15 3260.12 5585.65 3356.68 5510.11  5860.73 2902.58 4905.71 2942.1 4875.63  
7736.97 3816.99 6482.11 3890.17 6416.28  6758.75 3357.35 5648.31 3382.39 5629.76  5834.8 2872.77 4890.38 2942.59 4822.72  
7736.97 3816.99 6482.11 3890.17 6416.28  6643.15 3260.12 5585.65 3356.68 5510.11  5830.9 2884.86 4887.34 2929.62 4859.84  
7736.97 3816.99 6482.11 3890.17 6416.28  6701.45 3295.32 5619.79 3380.52 5538.09  5842.15 2880.58 4894.06 2942.83 4834.35  
7736.97 3816.99 6482.11 3890.17 6416.28  6775.36 3368.56 5654.8 3388.12 5632.61  5814.02 2871.21 4878.44 2925.58 4844.22  
7736.97 3816.99 6482.11 3890.17 6416.28  6714.19 3315.39 5628.1 3376.14 5581.27  5894.27 2924.42 4916.86 2954.29 4873.86  
7736.97 3816.99 6482.11 3890.17 6416.28  6733.04 3341.44 5634.34 3372.23 5619.13  5909.04 2944.35 4921.78 2951.66 4902.13  
7736.97 3816.99 6482.11 3890.17 6416.28  6698.24 3320.83 5612.87 3357.64 5600.72  5906.99 2941.32 4925.45 2952.42 4908.79  
7736.97 3816.99 6482.11 3890.17 6416.28  6739.43 3331.01 5641.82 3386.11 5591.71  5901.66 2940.01 4921.69 2948.72 4909.95  
