1 22 22 2 
500 200
3200
1518.23 322.98 1
0.0690567 1 10
166 
399 
198 
543 
500 
145 
195 
238
99 
191 
182 
151 
174 
305 
402 
181 
156 
246 
154 
214 
102 
81
35.8025   51.45972
35.7575   51.36222
35.75444  51.44806
35.74194  51.49194
35.74889  51.30028
35.73722  51.40583
35.72194  51.44611
35.72444  51.49833
35.68361  51.31722
35.68361  51.36667
35.67944  51.39583
35.68000  51.42639
35.70778  51.51417
35.67444  51.47028
35.63083  51.47361
35.63944  51.40917
35.65389  51.36306
35.65167  51.29278
35.62056  51.36694
35.59028  51.44083
35.69056  51.25778
35.74722  51.20417
35.74778  51.37389




