2  18  1.47  1.25  1518.23  3036.46  1  1

******************** Using iran model first stage solution ****************
1518.23  1
------------- Unsatisfy demand per scenario per model ---------------
0  0  0
60  0  60
605  513.671  91.3292
60  0  60
565  473.671  91.3292
1408  1316.67  91.3292
605  513.671  91.3292
1408  1316.67  91.3292
2610  2518.67  91.3292
1408  1316.67  91.3292
2530  2438.67  91.3292
4214  4122.67  91.3292
1607  1515.67  91.3292
2811  2719.67  91.3292
4615  4523.67  91.3292
2811  2719.67  91.3292
4495  4403.67  91.3292
7022  6930.67  91.3292
------------- Recours cost per scenario per model ----------------------
22662.1  22662.1  0
32642.3  32642.3  0
34420.5  34420.5  7.27596e-12
32642.3  32642.3  0
34420.5  34420.5  7.27596e-12
34420.5  34420.5  7.27596e-12
34420.5  34420.5  7.27596e-12
34420.5  34420.5  7.27596e-12
34420.5  34420.5  0
34420.5  34420.5  7.27596e-12
34420.5  34420.5  7.27596e-12
34420.5  34420.5  7.27596e-12
34420.5  34420.5  7.27596e-12
34420.5  34420.5  1.45519e-11
34420.5  34420.5  7.27596e-12
34420.5  34420.5  1.45519e-11
34420.5  34420.5  7.27596e-12
34420.5  34420.5  7.27596e-12
------------- Number of mobile facility  per scenario per model ----------------------
21  1  
21  2  
21  2  
21  2  
21  2  
21  2  
21  2  
21  2  
21  2  
21  2  
21  2  
21  2  
21  2  
21  2  
21  2  
21  2  
21  2  
21  2  
------------- Resolution time per scenario per model ----------------------
0.04  0.03  
0.03  0.02  
0.04  0.11  
0.04  0.03  
0.03  0.11  
0.04  0.07  
0.03  0.12  
0.04  0.1  
0.04  0.09  
0.03  0.07  
0.04  0.07  
0.04  0.13  
0.03  0.07  
0.03  0.14  
0.03  0.08  
0.04  0.12  
0.03  0.07  
0.03  0.11  

******************** Using dbsWc first stage solution ****************
3036.46  2
------------------- Unsatisfy demand per scenario per model ---------------
0  0  0
0  0  0
568  476.967  91.0332
0  0  0
528  436.967  91.0332
1371  1279.97  91.0332
568  476.967  91.0332
1371  1279.97  91.0332
2573  2481.97  91.0332
1371  1279.97  91.0332
2493  2401.97  91.0332
4177  4085.97  91.0332
1570  1478.97  91.0332
2774  2682.97  91.0332
4578  4486.97  91.0332
2774  2682.97  91.0332
4458  4366.97  91.0332
6985  6893.97  91.0332
------------------- Recours cost per scenario per model -------------------
22339.1  21644.1  694.989
34191.1  28613.4  5577.62
35251.7  35251.7  7.27596e-12
34191.1  28613.4  5577.62
35251.7  35251.7  7.27596e-12
35251.7  35251.7  1.45519e-11
35251.7  35251.7  7.27596e-12
35251.7  35251.7  1.45519e-11
35251.7  35251.7  1.45519e-11
35251.7  35251.7  1.45519e-11
35251.7  35251.7  1.45519e-11
35251.7  35251.7  7.27596e-12
35251.7  35251.7  1.45519e-11
35251.7  35251.7  7.27596e-12
35251.7  35251.7  7.27596e-12
35251.7  35251.7  7.27596e-12
35251.7  35251.7  7.27596e-12
35251.7  35251.7  7.27596e-12
------------- Number of mobile facility  per scenario per model ----------------------
20  0  
20  0  
20  1  
20  0  
20  1  
20  1  
20  1  
20  1  
20  1  
20  1  
20  1  
20  1  
20  1  
20  1  
20  1  
20  1  
20  1  
20  1  
------------- Resolution time per scenario per model ----------------------
0.02  0.02  
0.03  0.01  
0.04  0.05  
0.04  0.02  
0.04  0.04  
0.04  0.04  
0.03  0.04  
0.03  0.04  
0.03  0.03  
0.03  0.04  
0.04  0.04  
0.04  0.04  
0.03  0.05  
0.03  0.04  
0.04  0.05  
0.03  0.04  
0.04  0.05  
0.04  0.03  
