2  18  1.28  0.97  1518.23  1518.23  1  1

******************** Using iran model first stage solution ****************
1518.23  1
------------- Unsatisfy demand per scenario per model ---------------
605  513.671  91.3292
60  0  60
565  473.671  91.3292
1408  1316.67  91.3292
1408  1316.67  91.3292
2610  2518.67  91.3292
1408  1316.67  91.3292
2530  2438.67  91.3292
4214  4122.67  91.3292
2811  2719.67  91.3292
4615  4523.67  91.3292
4495  4403.67  91.3292
4495  4403.67  91.3292
4495  4403.67  91.3292
4495  4403.67  91.3292
4495  4403.67  91.3292
4495  4403.67  91.3292
4495  4403.67  91.3292
------------- Recours cost per scenario per model ----------------------
34420.5  34420.5  7.27596e-12
32642.3  32642.3  0
34420.5  34420.5  7.27596e-12
34420.5  34420.5  7.27596e-12
34420.5  34420.5  7.27596e-12
34420.5  34420.5  7.27596e-12
34420.5  34420.5  7.27596e-12
34420.5  34420.5  7.27596e-12
34420.5  34420.5  7.27596e-12
34420.5  34420.5  7.27596e-12
34420.5  34420.5  7.27596e-12
34420.5  34420.5  0
34420.5  34420.5  0
34420.5  34420.5  0
34420.5  34420.5  0
34420.5  34420.5  0
34420.5  34420.5  0
34420.5  34420.5  0
------------- Number of mobile facility  per scenario per model ----------------------
21  2  
21  2  
21  2  
21  2  
21  2  
21  2  
21  2  
21  2  
21  2  
21  2  
21  2  
21  2  
21  2  
21  2  
21  2  
21  2  
21  2  
21  2  
------------- Resolution time per scenario per model ----------------------
0.04  0.13  
0.04  0.03  
0.04  0.11  
0.04  0.11  
0.03  0.09  
0.03  0.09  
0.04  0.08  
0.04  0.1  
0.04  0.12  
0.04  0.13  
0.04  0.13  
0.04  0.13  
0.04  0.12  
0.04  0.14  
0.05  0.12  
0.04  0.11  
0.03  0.13  
0.04  0.15  

******************** Using dbsWc first stage solution ****************
1518.23  1
------------------- Unsatisfy demand per scenario per model ---------------
605  513.671  91.3292
60  0  60
565  473.671  91.3292
1408  1316.67  91.3292
1408  1316.67  91.3292
2610  2518.67  91.3292
1408  1316.67  91.3292
2530  2438.67  91.3292
4214  4122.67  91.3292
2811  2719.67  91.3292
4615  4523.67  91.3292
4495  4403.67  91.3292
4495  4403.67  91.3292
4495  4403.67  91.3292
4495  4403.67  91.3292
4495  4403.67  91.3292
4495  4403.67  91.3292
4495  4403.67  91.3292
------------------- Recours cost per scenario per model -------------------
34420.5  34420.5  7.27596e-12
32642.3  32642.3  0
34420.5  34420.5  7.27596e-12
34420.5  34420.5  7.27596e-12
34420.5  34420.5  7.27596e-12
34420.5  34420.5  7.27596e-12
34420.5  34420.5  7.27596e-12
34420.5  34420.5  7.27596e-12
34420.5  34420.5  7.27596e-12
34420.5  34420.5  7.27596e-12
34420.5  34420.5  7.27596e-12
34420.5  34420.5  0
34420.5  34420.5  0
34420.5  34420.5  0
34420.5  34420.5  0
34420.5  34420.5  0
34420.5  34420.5  0
34420.5  34420.5  0
------------- Number of mobile facility  per scenario per model ----------------------
21  2  
21  2  
21  2  
21  2  
21  2  
21  2  
21  2  
21  2  
21  2  
21  2  
21  2  
21  2  
21  2  
21  2  
21  2  
21  2  
21  2  
21  2  
------------- Resolution time per scenario per model ----------------------
0.03  0.13  
0.04  0.03  
0.03  0.1  
0.03  0.07  
0.03  0.08  
0.04  0.06  
0.04  0.07  
0.03  0.07  
0.04  0.17  
0.03  0.12  
0.03  0.12  
0.04  0.12  
0.04  0.12  
0.04  0.12  
0.06  0.16  
0.04  0.12  
0.04  0.14  
0.03  0.12  
