1  2
resolution time : 0.56
10627.6  10627.6
18  0
******************** fixed facilities: 7 ****************
1  2  5  6  9  12  13  
******************** Response cost ****************
22688.6  114208  201514  152049  49852.5  158072  149087  101199  93992.5  135228  36316.1  173750  0  97544.4  213978  33821.9  231872  338808  
******************** Mobile facilities tour:  ****************
 scenario 0 : 1
11  
21  
------------------------------------
 scenario 1 : 2
14  10  
14  0  
------------------------------------
 scenario 2 : 1
16  
18  
------------------------------------
 scenario 3 : 3
0  14  21  
7  21  14  
------------------------------------
 scenario 4 : 0


------------------------------------
 scenario 5 : 0


------------------------------------
 scenario 6 : 3
14  15  7  
7  8  17  
------------------------------------
 scenario 7 : 2
3  10  
20  21  
------------------------------------
 scenario 8 : 1
7  
21  
------------------------------------
 scenario 9 : 0


------------------------------------
 scenario 10 : 0


------------------------------------
 scenario 11 : 3
3  20  19  
7  19  21  
------------------------------------
 scenario 12 : 0


------------------------------------
 scenario 13 : 2
3  20  
0  21  
------------------------------------
 scenario 14 : 4
3  21  20  7  
0  19  21  18  
------------------------------------
 scenario 15 : 0


------------------------------------
 scenario 16 : 6
0  10  14  21  18  19  
8  3  11  7  16  19  
------------------------------------
 scenario 17 : 5
3  21  8  18  19  
10  8  15  16  21  
------------------------------------
******************** Stock in hospital ****************
0  0  0  
0  78  0  
0  0  0  
0  0  0  
0  500  0  
0  0  0  
0  461  0  
0  0  0  
0  0  0  
0  0  0  
0  0  0  
0  0  0  
0  0  0  
0  0  0  
0  0  0  
0  0  0  
0  261  0  
0  0  0  
******************** Quantity of blood collect in hospitals ****************
200  145  
838  565  
836  879  
760  479  
500  191  
1051  1287  
1293  458  
1487  250  
43  747  
849  933  
0  530  
0  2214  
0  0  
0  811  
2971  0  
0  811  
261  2249  
2238.97  2783.03  
******************** Unsatisfy demand in hospital ****************
343  314  
0  0  
250  40  
0  164  
1064  210  
470  0  
254  0  
34  1037  
2129  1091  
672  354  
2129  1271  
3041  359  
1629  1378  
2281  1119  
287  2757  
2281  1119  
3193  192  
2323.03  1076.97  
