1  2
resolution time : 1.38
4554.69  4554.69
18  0
******************** fixed facilities: 3 ****************
1  2  9  
******************** Response cost ****************
22016.1  36001.4  74524.7  36001.4  72044.9  130628  74577.7  130343  223996  130517  215689  344881  144710  246845  343036  244261  343036  343036  
******************** Mobile facilities tour:  ****************
 scenario 0 : 19
0  3  4  5  6  7  8  10  11  12  13  14  15  16  17  18  19  20  21  

------------------------------------
 scenario 1 : 19
0  3  4  5  6  7  8  10  11  12  13  14  15  16  17  18  19  20  21  
5  
------------------------------------
 scenario 2 : 19
0  3  4  5  6  7  8  10  11  12  13  14  15  16  17  18  19  20  21  
5  
------------------------------------
 scenario 3 : 19
0  3  4  5  6  7  8  10  11  12  13  14  15  16  17  18  19  20  21  
5  
------------------------------------
 scenario 4 : 19
0  3  4  5  6  7  8  10  11  12  13  14  15  16  17  18  19  20  21  
5  
------------------------------------
 scenario 5 : 19
0  3  4  5  6  7  8  10  11  12  13  14  15  16  17  18  19  20  21  
5  6  
------------------------------------
 scenario 6 : 19
0  3  4  5  6  7  8  10  11  12  13  14  15  16  17  18  19  20  21  
5  
------------------------------------
 scenario 7 : 19
0  3  4  5  6  7  8  10  11  12  13  14  15  16  17  18  19  20  21  
5  6  
------------------------------------
 scenario 8 : 19
0  3  4  5  6  7  8  10  11  12  13  14  15  16  17  18  19  20  21  
5  6  8  
------------------------------------
 scenario 9 : 19
0  3  4  5  6  7  8  10  11  12  13  14  15  16  17  18  19  20  21  
5  6  
------------------------------------
 scenario 10 : 19
0  3  4  5  6  7  8  10  11  12  13  14  15  16  17  18  19  20  21  
5  6  8  
------------------------------------
 scenario 11 : 19
0  3  4  5  6  7  8  10  11  12  13  14  15  16  17  18  19  20  21  
3  5  6  8  13  15  
------------------------------------
 scenario 12 : 19
0  3  4  5  6  7  8  10  11  12  13  14  15  16  17  18  19  20  21  
5  6  
------------------------------------
 scenario 13 : 19
0  3  4  5  6  7  8  10  11  12  13  14  15  16  17  18  19  20  21  
5  6  8  
------------------------------------
 scenario 14 : 19
0  3  4  5  6  7  8  10  11  12  13  14  15  16  17  18  19  20  21  
3  5  6  8  13  15  16  
------------------------------------
 scenario 15 : 19
0  3  4  5  6  7  8  10  11  12  13  14  15  16  17  18  19  20  21  
5  6  8  
------------------------------------
 scenario 16 : 19
0  3  4  5  6  7  8  10  11  12  13  14  15  16  17  18  19  20  21  
5  6  8  13  15  16  21  
------------------------------------
 scenario 17 : 19
0  3  4  5  6  7  8  10  11  12  13  14  15  16  17  18  19  20  21  
5  6  8  13  15  16  
------------------------------------
******************** Stock in hospital ****************
0  0  
0  0  
0  0  
0  0  
40  0  
34  0  
53  0  
0  0  
55  0  
0  0  
0  0  
0  0  
29  0  
108  0  
0  0  
53  0  
0  0  
0  0  
******************** Quantity of blood collect in hospitals ****************
543  459  
760  643  
1086  919  
760  643  
1104  861  
1555  1253  
1139  866  
1521  1287  
2227  1783  
1521  1287  
2129  1801  
2451  2571  
1658  1349  
2389  1822  
2265  2757  
2334  1877  
2414  2608  
2687  2335  
******************** Unsatisfy demand in hospital ****************
0  0  
0  0  
0  0  
0  0  
0  0  
0  0  
0  0  
0  0  
0  0  
0  0  
0  0  
590  2  
0  0  
0  0  
993  0  
0  0  
779  94  
1875  1525  
