1 22 22 5
500 200
2200 
1518.23 322.98 1
0.0690567 1 10
733.152
731.866
740.758
734.538
732.981
732.058
733.806
732.09
733.222
731.904
731.957
734.532
735.513
734.087
732.521
732.426
738.416
734.681
738.098
731.873
735.278
733.683
46.3188 -0.2641
45.7238 0.77152
43.7182 -1.46793
46.3282 -0.98541
46.5566 1.61996
45.3343 1.02006
46.9066 1.55018
45.9722 1.46578
46.7742 0.78053
45.8253 1.2087
46.0157 0.80689
46.9318 -0.27256
46.0014 -1.47853
46.4811 -0.65674
46.4661 0.97002
45.2968 0.20657
44.2944 -1.54844
46.2385 -1.09437
44.2427 -1.38019
45.6766 1.11271
44.1216 0.50026
44.6347 1.62857
44.7955 0.22243
