1 33 5
86801.9  11399.3  1549.24  207.856  27.4626  
71606.2  20199.5  5867.02  1664.03  466.433  
76815.3  17767.1  4150.38  960.09  227.593  
76815.3  17798.2  4118.11  966.355  222.993  
37892.2  23495.5  14534.1  9102.68  5668.71  
63350.5  23281.3  8517.04  3086.65  1114.79  
63350.5  23361.2  8466.11  3031.24  1111.47  
4986.36  4725.45  4489.71  4267.09  4054.84  
4986.36  4725.45  4489.71  4276.13  4064.25  
4986.36  4737.98  4499.3  4279.02  4053.15  
71606.2  20264.6  5826.89  1623.63  478.428  
70731.4  20619.5  6087.79  1802.66  524.737  
4986.36  4737.98  4499.3  4279.02  4053.15  
83724.5  13532.8  2288  372.526  60.1598  
4986.36  4735.47  4500.82  4275.08  4044.34  
71606.2  20270.4  5792.38  1666.46  463.628  
76815.3  17767.1  4150.38  960.09  227.593  
83724.5  13532.8  2285.15  374.759  60.9828  
71606.2  20270.4  5798.08  1647.58  478.653  
76815.3  17755.6  4151.76  971.191  227.42  
76815.3  17755.6  4151.76  971.191  227.42  
71606.2  20138.8  5899.51  1661.34  488.39  
86801.9  11413.3  1535.8  206.921  27.8633  
83724.5  13574.3  2238.59  379.197  60.9623  
37892.2  23474.2  14607.9  9082.87  5619.84  
71606.2  20138.8  5899.51  1661.34  488.39  
18924.5  15369  12402.5  10028.9  8153.81  
4986.36  4735.47  4500.82  4275.08  4044.34  
71606.2  20270.4  5792.38  1666.46  463.628  
4986.36  4707.64  4481.26  4281.44  4046.37  
70731.4  20675.5  6016.95  1813.92  530.065  
70731.4  20719.7  6032.28  1758.48  528.807  
37892.2  23531.4  14517.3  9109.39  5623.46  
