1 100 5
37892.2  23536.4  14545.1  9067.5  5655.94  
37892.2  23545.9  14602.8  9042.29  5634.95  
37892.2  23486.3  14603.2  9103.23  5627.41  
37892.2  23531.4  14517.3  9109.39  5623.46  
37892.2  23531.4  14561.5  9102.03  5633.52  
37892.2  23474.2  14607.9  9082.87  5619.84  
37892.2  23495.5  14534.1  9102.68  5668.71  
37892.2  23380.6  14571.3  9129.82  5681.32  
37892.2  23495.5  14592.4  9094.59  5625.9  
37892.2  23446.1  14579  9061.04  5677.32  
63350.5  23281.3  8517.04  3086.65  1114.79  
63350.5  23383.7  8451.86  2998.61  1132.7  
63350.5  23294.6  8427.5  3108.1  1153.59  
63350.5  23136.9  8589  3121.96  1139.62  
63350.5  22928.1  8658.3  3224.85  1143.78  
63350.5  23281.3  8358.68  3159.81  1170.2  
63350.5  23080.8  8540.36  3131.71  1188.07  
63350.5  22871.1  8727.18  3202.92  1165.12  
63350.5  23361.2  8466.11  3031.24  1111.47  
63350.5  23150.4  8526.05  3155.18  1142.12  
18924.5  15353.2  12393.3  10102.4  8184.88  
18924.5  15362.8  12451.4  10004  8194.07  
18924.5  15257.6  12471.3  9994.66  8199.46  
18924.5  15353.2  12405.5  10063.4  8163.55  
18924.5  15288.9  12350.3  10118.5  8115.32  
18924.5  15255.2  12476.8  10107.2  8100.08  
18924.5  15277.9  12398.5  10004.5  8202.04  
18924.5  15369  12402.5  10028.9  8153.81  
18924.5  15277.9  12359.2  10037.2  8221.35  
18924.5  15369  12364.9  10089.3  8177.36  
86801.9  11437.9  1519.34  200.154  26.683  
86801.9  11416.4  1533.96  206.266  27.2584  
86801.9  11443.7  1509.54  203.925  26.91  
86801.9  11436.8  1515.48  204.079  27.5443  
86801.9  11423.6  1531.63  201.94  26.7774  
86801.9  11419  1528.86  208.37  27.7046  
86801.9  11413.3  1533.91  208.646  27.888  
86801.9  11413.3  1535.8  206.921  27.8633  
86801.9  11399.3  1549.24  207.856  27.4626  
86801.9  11430.9  1523.86  202.377  26.8561  
86556  11553  1631.87  214.135  30.2231  
86556  11577.8  1606.65  216.578  28.5131  
86556  11630.7  1560.96  208.77  28.9169  
86556  11599.4  1580.26  219.485  30.2344  
86556  11518  1641.77  234.819  34.1781  
86556  11635.7  1552.49  210.651  30.3019  
86556  11523.9  1641.94  231.419  31.8193  
86556  11661.5  1526.82  212.284  28.9481  
86556  11577.8  1590.82  227.446  32.8898  
86556  11553  1620.53  225.528  29.9711  
70731.4  20675.5  6016.95  1813.92  530.065  
70731.4  20619.5  6087.79  1807.41  523.056  
70731.4  20719.7  6032.28  1758.48  528.807  
70731.4  20619.5  6087.79  1802.66  524.737  
70731.4  20639.9  6105.81  1779.23  518.657  
70731.4  20619.5  6060.62  1822.53  531.483  
70731.4  20670  6078.24  1765.41  523.828  
70731.4  20706.9  6045.48  1766.12  522.017  
70731.4  20604.9  6126.96  1779.32  526.307  
70731.4  20577.1  6146.73  1776.87  536.947  
76815.3  17767.4  4150.61  963.393  224.153  
76815.3  17767.4  4136.48  974.162  227.699  
76815.3  17794.7  4129.26  959.942  222.227  
76815.3  17798.2  4118.11  966.355  222.993  
76815.3  17712.2  4192.47  975.274  225.039  
76815.3  17767.1  4150.38  960.09  227.593  
76815.3  17755.6  4151.76  971.191  227.42  
76815.3  17699.7  4202.06  977.093  226.275  
76815.3  17729.6  4174.16  973.793  228.137  
76815.3  17767.4  4154.41  961.704  223.232  
71606.2  20270.4  5792.38  1666.46  463.628  
71606.2  20138.8  5899.51  1661.34  488.39  
71606.2  20264.6  5826.89  1623.63  478.428  
71606.2  20199.5  5867.02  1644.02  476.795  
71606.2  20379.2  5747.17  1613.33  460.9  
71606.2  20106.3  5944.32  1655.37  482.328  
71606.2  20379.2  5748.43  1605.59  464.919  
71606.2  20270.4  5798.08  1647.58  478.653  
71606.2  20270.4  5798.08  1661.63  467.788  
71606.2  20199.5  5867.02  1664.03  466.433  
4986.36  4725.45  4489.71  4267.09  4054.84  
4986.36  4736.93  4486.07  4275.32  4064.8  
4986.36  4736.93  4486.07  4250.62  4066.03  
4986.36  4707.64  4481.26  4281.44  4046.37  
4986.36  4735.47  4500.82  4275.08  4044.34  
4986.36  4732.43  4489.36  4279.8  4056  
4986.36  4737.98  4499.3  4279.02  4053.15  
4986.36  4734.99  4500.84  4265.4  4057.63  
4986.36  4725.45  4489.71  4276.13  4064.25  
4986.36  4735.47  4501.81  4279.02  4061.74  
83724.5  13551.7  2269.67  371.926  60.5385  
83724.5  13532.8  2285.15  374.759  60.9828  
83724.5  13594.6  2237.61  361.563  59.9619  
83724.5  13633  2205.46  356.984  58.4764  
83724.5  13597.8  2230.84  364.144  60.7696  
83724.5  13532.8  2288  372.526  60.1598  
83724.5  13574.3  2238.59  379.197  60.9623  
83724.5  13561  2265.66  366.161  60.4622  
83724.5  13620.6  2212  360.155  60.9828  
83724.5  13603.5  2226.11  364.313  59.9406  
