4 22 22 2
500 200
2200 1000 2200 1000 
1518.23 322.98 1
0.0690567 1 10
1248.11
1255.44
1248.65
1250
1249.13
1258.59
1250.64
1249.51
1252.34
1250.44
1252.04
1251.44
1250.53
1260.8
1260
1253.88
1248.69
1249.2
1248.06
1258.66
1256.16
1248.26
44.9398 -0.26351
46.37 1.19307
45.1343 0.99634
44.7495 -1.20767
45.4133 0.06295
46.7846 -0.22066
45.7543 0.11868
44.4559 1.72611
43.6144 -1.38918
43.3486 -0.03853
45.0277 -1.63833
45.4705 -1.10157
44.2781 1.99346
46.7738 -1.26102
46.5551 -1.58701
46.2079 0.98275
44.105 -0.61191
44.6127 1.61918
44.7216 1.07439
46.8224 0.43868
46.553 0.27757
44.8853 -0.42751
46.6861 -0.04236
44.119 -0.19375
43.7342 1.95383
44.214 -0.0302
