4 33 2
22754.2 12641.6 7633.96 12701.3  10009.3 5578.74 3355.98 5574.41  
19562.8 10807 6529.19 10880.8  10233.5 5686 3392.01 5675.39  
18236.5 10202.5 6125.55 10205.7  10089 5626.17 3344.11 5603.03  
40182.9 22478 13409.9 22435.2  713.717 243.175 220.934 286.021  
18236.5 10202.5 6125.55 10205.7  10023.9 5604.17 3367.88 5598.09  
19562.8 10807 6529.19 10880.8  10233.5 5686 3392.01 5675.39  
33097.7 18291.9 10985.9 18375.6  6282.96 3562.4 2144.67 3514.7  
22754.2 12641.6 7633.96 12701.3  10013.3 5539.52 3347.55 5558.17  
19562.8 10807 6529.19 10880.8  10177.9 5675.39 3409.11 5671.76  
12121.7 6808.45 4057 6783.37  8443.53 4748 2817.91 4717.23  
22754.2 12641.6 7633.96 12701.3  10077.2 5638.13 3352 5602.92  
37086 20780.4 12525.8 20805.2  3406.28 1764.14 1011.97 1739.66  
19562.8 10807 6529.19 10880.8  10233.5 5686 3392.01 5675.39  
17728.9 9978.51 5939.17 9930.86  10024.2 5593.38 3357.48 5589.21  
37086 20780.4 12525.8 20805.2  3498.14 1781.07 1019.56 1764.98  
5293.82 2948.3 1768.61 2952.81  4602.72 2564.58 1526.64 2560.24  
15468.8 8593.29 5178.12 8627.54  9624.33 5346.09 3210.78 5353.29  
15468.8 8593.29 5178.12 8627.54  9624.33 5346.09 3210.78 5353.29  
19562.8 10807 6529.19 10880.8  10199.9 5619.09 3380.04 5641.56  
15468.8 8593.29 5178.12 8627.54  9627.71 5360.66 3194.91 5349.04  
15468.8 8593.29 5178.12 8627.54  9553.04 5331.88 3212.47 5336.53  
19562.8 10807 6529.19 10880.8  10141.8 5647.71 3405.7 5654.49  
33097.7 18291.9 10985.9 18375.6  6314.19 3571.27 2127.24 3513.18  
12121.7 6808.45 4057 6783.37  8488.37 4762.14 2849.06 4748.34  
37086 20780.4 12525.8 20805.2  3483.02 1786.29 1017.85 1762.97  
5293.82 2948.3 1768.61 2952.81  4613.53 2564.78 1538.53 2569.33  
33097.7 18291.9 10985.9 18375.6  6309.84 3538.85 2125.57 3501.63  
37086 20780.4 12525.8 20805.2  3490.37 1774.86 1019.96 1762.02  
15468.8 8593.29 5178.12 8627.54  9553.04 5331.88 3212.47 5336.53  
40182.9 22478 13409.9 22435.2  702.758 243.728 221.705 285.111  
18236.5 10202.5 6125.55 10205.7  10023.9 5604.17 3367.88 5598.09  
18236.5 10202.5 6125.55 10205.7  10089 5626.17 3344.11 5603.03  
5293.82 2948.3 1768.61 2952.81  4620.76 2550.23 1536.83 2565.22  
