4 100 2
15468.8 8593.29 5178.12 8627.54  9627.71 5360.66 3194.91 5349.04  
15468.8 8593.29 5178.12 8627.54  9553.04 5331.88 3212.47 5336.53  
15468.8 8593.29 5178.12 8627.54  9553.04 5331.88 3212.47 5336.53  
15468.8 8593.29 5178.12 8627.54  9647.58 5326.73 3201.52 5346.27  
15468.8 8593.29 5178.12 8627.54  9626.83 5308.55 3202.75 5337.51  
15468.8 8593.29 5178.12 8627.54  9593.36 5283.02 3199.59 5321.53  
15468.8 8593.29 5178.12 8627.54  9574.53 5350.7 3211.21 5345.6  
15468.8 8593.29 5178.12 8627.54  9624.33 5346.09 3210.78 5353.29  
15468.8 8593.29 5178.12 8627.54  9624.33 5346.09 3210.78 5353.29  
15468.8 8593.29 5178.12 8627.54  9593.36 5283.02 3199.59 5321.53  
33097.7 18291.9 10985.9 18375.6  6315 3545.95 2121.9 3502.61  
33097.7 18291.9 10985.9 18375.6  6309.84 3538.85 2125.57 3501.63  
33097.7 18291.9 10985.9 18375.6  6282.96 3562.4 2144.67 3514.7  
33097.7 18291.9 10985.9 18375.6  6300.79 3545.65 2105.93 3490.57  
33097.7 18291.9 10985.9 18375.6  6317.26 3568.96 2133.91 3516.93  
33097.7 18291.9 10985.9 18375.6  6314.19 3571.27 2127.24 3513.18  
33097.7 18291.9 10985.9 18375.6  6282.96 3562.4 2144.67 3514.7  
33097.7 18291.9 10985.9 18375.6  6312 3561.74 2137.65 3515.93  
33097.7 18291.9 10985.9 18375.6  6302.79 3568.66 2117.65 3504.67  
33097.7 18291.9 10985.9 18375.6  6299.01 3584.46 2133.24 3517.76  
5293.82 2948.3 1768.61 2952.81  4611.23 2566.47 1533.65 2566.55  
5293.82 2948.3 1768.61 2952.81  4609.62 2559.5 1541.27 2568.59  
5293.82 2948.3 1768.61 2952.81  4599.51 2550.64 1541.87 2564.31  
5293.82 2948.3 1768.61 2952.81  4578.75 2566.88 1526.59 2556.4  
5293.82 2948.3 1768.61 2952.81  4578.75 2566.88 1526.59 2556.4  
5293.82 2948.3 1768.61 2952.81  4613.53 2564.78 1538.53 2569.33  
5293.82 2948.3 1768.61 2952.81  4578.75 2566.88 1526.59 2556.4  
5293.82 2948.3 1768.61 2952.81  4578.75 2566.88 1526.59 2556.4  
5293.82 2948.3 1768.61 2952.81  4620.76 2550.23 1536.83 2565.22  
5293.82 2948.3 1768.61 2952.81  4602.72 2564.58 1526.64 2560.24  
22754.2 12641.6 7633.96 12701.3  10145.3 5601.14 3347.94 5601.96  
22754.2 12641.6 7633.96 12701.3  10129.5 5633.09 3351.65 5610.96  
22754.2 12641.6 7633.96 12701.3  10045.8 5606.54 3359.39 5591.75  
22754.2 12641.6 7633.96 12701.3  10153.8 5612.53 3342.08 5603.57  
22754.2 12641.6 7633.96 12701.3  10088.2 5555.16 3345.92 5576.03  
22754.2 12641.6 7633.96 12701.3  10145.3 5601.14 3347.94 5601.96  
22754.2 12641.6 7633.96 12701.3  10013.3 5539.52 3347.55 5558.17  
22754.2 12641.6 7633.96 12701.3  10013.3 5539.52 3347.55 5558.17  
22754.2 12641.6 7633.96 12701.3  10009.3 5578.74 3355.98 5574.41  
22754.2 12641.6 7633.96 12701.3  10077.2 5638.13 3352 5602.92  
19562.8 10807 6529.19 10880.8  10203 5655.1 3399.26 5664.47  
19562.8 10807 6529.19 10880.8  10203 5655.1 3399.26 5664.47  
19562.8 10807 6529.19 10880.8  10233.5 5686 3392.01 5675.39  
19562.8 10807 6529.19 10880.8  10203 5655.1 3399.26 5664.47  
19562.8 10807 6529.19 10880.8  10199.9 5619.09 3380.04 5641.56  
19562.8 10807 6529.19 10880.8  10141.8 5647.71 3405.7 5654.49  
19562.8 10807 6529.19 10880.8  10177.9 5675.39 3409.11 5671.76  
19562.8 10807 6529.19 10880.8  10203 5655.1 3399.26 5664.47  
19562.8 10807 6529.19 10880.8  10233.5 5686 3392.01 5675.39  
19562.8 10807 6529.19 10880.8  10177.9 5675.39 3409.11 5671.76  
12121.7 6808.45 4057 6783.37  8512.45 4757.03 2826.18 4737.83  
12121.7 6808.45 4057 6783.37  8556.54 4770.94 2856.82 4768.42  
12121.7 6808.45 4057 6783.37  8488.37 4762.14 2849.06 4748.34  
12121.7 6808.45 4057 6783.37  8605.29 4763.47 2865.77 4780.54  
12121.7 6808.45 4057 6783.37  8557.65 4752.95 2826.56 4745.28  
12121.7 6808.45 4057 6783.37  8443.53 4748 2817.91 4717.23  
12121.7 6808.45 4057 6783.37  8396.47 4740.22 2833.41 4715.12  
12121.7 6808.45 4057 6783.37  8488.37 4762.14 2849.06 4748.34  
12121.7 6808.45 4057 6783.37  8605.29 4763.47 2865.77 4780.54  
12121.7 6808.45 4057 6783.37  8553.51 4757.76 2871.25 4772.28  
17728.9 9978.51 5939.17 9930.86  9895.95 5563.3 3322.85 5535.57  
17728.9 9978.51 5939.17 9930.86  10024.2 5593.38 3357.48 5589.21  
17728.9 9978.51 5939.17 9930.86  9915.69 5567.63 3339.04 5550.12  
17728.9 9978.51 5939.17 9930.86  10104.8 5603.72 3366.62 5612.85  
17728.9 9978.51 5939.17 9930.86  10024.2 5593.38 3357.48 5589.21  
17728.9 9978.51 5939.17 9930.86  10085.7 5599.53 3350.95 5598.77  
17728.9 9978.51 5939.17 9930.86  10085.7 5599.53 3350.95 5598.77  
17728.9 9978.51 5939.17 9930.86  10104.8 5603.72 3366.62 5612.85  
17728.9 9978.51 5939.17 9930.86  10157.3 5598.65 3366.46 5621.01  
17728.9 9978.51 5939.17 9930.86  9915.69 5567.63 3339.04 5550.12  
18236.5 10202.5 6125.55 10205.7  10032.8 5616.14 3361.68 5599.78  
18236.5 10202.5 6125.55 10205.7  10023.9 5604.17 3367.88 5598.09  
18236.5 10202.5 6125.55 10205.7  10000.8 5584.09 3369.24 5588.39  
18236.5 10202.5 6125.55 10205.7  10104.5 5614.83 3376.72 5621.66  
18236.5 10202.5 6125.55 10205.7  10108.1 5630.38 3359.75 5617.11  
18236.5 10202.5 6125.55 10205.7  10032.8 5616.14 3361.68 5599.78  
18236.5 10202.5 6125.55 10205.7  10089 5626.17 3344.11 5603.03  
18236.5 10202.5 6125.55 10205.7  10113.3 5626.6 3370.62 5623.32  
18236.5 10202.5 6125.55 10205.7  10027.6 5619.99 3350.63 5593.46  
18236.5 10202.5 6125.55 10205.7  10032.8 5616.14 3361.68 5599.78  
40182.9 22478 13409.9 22435.2  711.884 244.084 221.559 286.389  
40182.9 22478 13409.9 22435.2  713.717 243.175 220.934 286.021  
40182.9 22478 13409.9 22435.2  712.303 243.931 222.266 286.726  
40182.9 22478 13409.9 22435.2  712.303 243.931 222.266 286.726  
40182.9 22478 13409.9 22435.2  700.9 243.691 219.924 284.005  
40182.9 22478 13409.9 22435.2  708.512 244.165 222.292 286.313  
40182.9 22478 13409.9 22435.2  702.758 243.728 221.705 285.111  
40182.9 22478 13409.9 22435.2  706.685 244.129 220.54 285.226  
40182.9 22478 13409.9 22435.2  702.324 243.886 220.975 284.762  
40182.9 22478 13409.9 22435.2  708.512 244.165 222.292 286.313  
37086 20780.4 12525.8 20805.2  3498.14 1781.07 1019.56 1764.98  
37086 20780.4 12525.8 20805.2  3490.37 1774.86 1019.96 1762.02  
37086 20780.4 12525.8 20805.2  3406.28 1764.14 1011.97 1739.66  
37086 20780.4 12525.8 20805.2  3498.14 1781.07 1019.56 1764.98  
37086 20780.4 12525.8 20805.2  3393.15 1754.99 1010.9 1734  
37086 20780.4 12525.8 20805.2  3452 1779.04 1017.03 1755.03  
37086 20780.4 12525.8 20805.2  3459.3 1767.35 1019.06 1753.95  
37086 20780.4 12525.8 20805.2  3406.28 1764.14 1011.97 1739.66  
37086 20780.4 12525.8 20805.2  3483.02 1786.29 1017.85 1762.97  
37086 20780.4 12525.8 20805.2  3431.05 1763.63 1016.38 1746.4  
