2 22 22 4
500 200
2200 1000 
1518.23 322.98 1
0.0690567 1 10
1077.65
1079.97
1079.14
1079.69
1080.07
1081
1083.44
1081.65
1081.62
1087.57
1080.87
1079.27
1081.78
1079.37
1086.73
1086.29
1077.45
1078.07
1079.97
1079.16
1086.62
1080.85
45.5317 -0.26392
44.7973 -0.98214
44.89 -0.72865
46.6016 0.07599
45.0932 1.90491
45.7694 -1.60831
43.9466 1.49675
46.6377 -1.0883
46.9467 0.88167
43.5884 -1.42162
46.4662 -1.05475
45.373 1.73489
46.6049 -1.18899
46.1954 1.41814
43.505 -0.92517
43.7027 1.94353
45.358 0.61265
46.1242 0.47175
46.2537 1.61234
46.3938 0.9105
43.7306 -1.44667
46.5772 -0.86838
46.4243 -0.11934
44.6237 -0.36801
