2 18 4
22393.6 15469.9  13855.7 9611.81  8593.22 5958.16  5398.09 3701.03  
22393.6 15469.9  13917.1 9549.55  8600.19 6003.07  5345.85 3709.18  
22393.6 15469.9  13906.6 9542.45  8622.96 5986.05  5333.04 3753.8  
22393.6 15469.9  13918.1 9602.07  8638.56 5977.12  5353.27 3735.41  
22393.6 15469.9  13925.8 9608.04  8628.5 5937.76  5349.96 3745.19  
22393.6 15469.9  13807.3 9577.57  8680.63 5986.45  5379.3 3741.16  
22893.4 15921.6  13957.1 9694.52  8595.27 5946.54  5275.57 3635.98  
22893.4 15921.6  14097.6 9685.8  8539.05 5949.12  5227.37 3627.55  
22893.4 15921.6  13883 9695.66  8606.95 5933.81  5258.94 3632.5  
22893.4 15921.6  14032.7 9692.15  8608.18 5944.16  5254 3626.1  
22893.4 15921.6  14067.6 9717.98  8592.8 5933.37  5255.41 3627.18  
22893.4 15921.6  13957.1 9694.52  8593.3 5945.68  5298.1 3631.5  
27674.8 19003  14677 10239.5  7819.42 5363.97  4158.58 2907.23  
27674.8 19003  14705.2 10260.3  7792.06 5343.87  4171.36 2916.67  
27674.8 19003  14661.8 10171.3  7857.27 5447.2  4134.34 2874.55  
27674.8 19003  14654.1 10110  7782.33 5417.13  4193.05 2980.16  
27674.8 19003  14654.1 10110  7782.33 5417.13  4201.15 2986.3  
27674.8 19003  14629 10204.3  7877.6 5465.26  4177.27 2909.97  
