1 50 2
86801.9  11448.4  
71606.2  20285.1  
76815.3  17805.5  
76815.3  17751.2  
37892.2  23486.3  
63350.5  22871.1  
63350.5  23307  
4986.36  4734.99  
4986.36  4739.89  
4986.36  4707.64  
71606.2  20347.9  
70731.4  20639.9  
4986.36  4707.64  
83724.5  13574.3  
4986.36  4739.89  
71606.2  20310.3  
76815.3  17805.5  
83724.5  13603.2  
71606.2  20285.1  
76815.3  17805.5  
76815.3  17805.5  
71606.2  20264.6  
86801.9  11423.6  
83724.5  13619  
37892.2  23486.3  
71606.2  20379.2  
18924.5  15353.2  
4986.36  4739.89  
71606.2  20379.2  
4986.36  4739.89  
70731.4  20604.9  
70731.4  20511.7  
37892.2  23521.7  
18924.5  15336.1  
63350.5  23138.6  
71606.2  20178.7  
37892.2  23531.4  
18924.5  15191  
71606.2  20370.6  
76815.3  17767.1  
70731.4  20715.7  
18924.5  15326  
4986.36  4739.89  
86801.9  11423.6  
70731.4  20604.9  
86801.9  11399.3  
70731.4  20706.9  
37892.2  23521.7  
70731.4  20511.7  
4986.36  4724.72  
