1 150 2
37892.2  23536.4  
37892.2  23423.1  
37892.2  23446.1  
37892.2  23495.7  
37892.2  23545.9  
37892.2  23521.7  
37892.2  23446.1  
37892.2  23474.2  
37892.2  23486.3  
37892.2  23486.3  
37892.2  23545.9  
37892.2  23446.1  
37892.2  23531.4  
37892.2  23375  
37892.2  23521.7  
63350.5  22871.1  
63350.5  22871.1  
63350.5  23160.1  
63350.5  23080.8  
63350.5  23383.7  
63350.5  23080.8  
63350.5  23361.2  
63350.5  22928.1  
63350.5  23138.6  
63350.5  22928.1  
63350.5  23307  
63350.5  23281.3  
63350.5  22928.1  
63350.5  23307  
63350.5  22928.1  
18924.5  15288.9  
18924.5  15326  
18924.5  15229.5  
18924.5  15191  
18924.5  15359.5  
18924.5  15255.2  
18924.5  15191  
18924.5  15326  
18924.5  15336.1  
18924.5  15336.1  
18924.5  15255.2  
18924.5  15353.2  
18924.5  15288.9  
18924.5  15303.9  
18924.5  15330.2  
86801.9  11419  
86801.9  11399.3  
86801.9  11437.9  
86801.9  11443.7  
86801.9  11430.9  
86801.9  11423.6  
86801.9  11448.4  
86801.9  11423.6  
86801.9  11441.7  
86801.9  11430.9  
86801.9  11430.9  
86801.9  11423.6  
86801.9  11448.4  
86801.9  11399.3  
86801.9  11430.9  
86556  11518  
86556  11574.8  
86556  11574.8  
86556  11625.4  
86556  11656.4  
86556  11574.8  
86556  11599.4  
86556  11610.4  
86556  11635.7  
86556  11625.4  
86556  11599.4  
86556  11574.8  
86556  11574.8  
86556  11630.7  
86556  11635.7  
70731.4  20604.9  
70731.4  20604.9  
70731.4  20719.7  
70731.4  20511.7  
70731.4  20639.9  
70731.4  20639.9  
70731.4  20706.9  
70731.4  20619.5  
70731.4  20511.7  
70731.4  20706.9  
70731.4  20670  
70731.4  20719.7  
70731.4  20715.7  
70731.4  20577.1  
70731.4  20719.7  
76815.3  17789.1  
76815.3  17729.6  
76815.3  17729.6  
76815.3  17767.1  
76815.3  17712.2  
76815.3  17751.2  
76815.3  17794.7  
76815.3  17787.2  
76815.3  17805.5  
76815.3  17805.5  
76815.3  17798.2  
76815.3  17751.2  
76815.3  17787.2  
76815.3  17777.9  
76815.3  17699.7  
71606.2  20310.3  
71606.2  20379.2  
71606.2  20264.6  
71606.2  20347.9  
71606.2  20379.2  
71606.2  20270.4  
71606.2  20370.6  
71606.2  20178.7  
71606.2  20178.7  
71606.2  20199.5  
71606.2  20285.1  
71606.2  20178.7  
71606.2  20347.9  
71606.2  20285.1  
71606.2  20285.1  
4986.36  4734.99  
4986.36  4727.92  
4986.36  4737.98  
4986.36  4724.72  
4986.36  4724.72  
4986.36  4739.89  
4986.36  4739.89  
4986.36  4734.99  
4986.36  4724.72  
4986.36  4707.64  
4986.36  4725.45  
4986.36  4729.79  
4986.36  4739.89  
4986.36  4735.47  
4986.36  4734.99  
83724.5  13500.6  
83724.5  13574.3  
83724.5  13603.2  
83724.5  13597.8  
83724.5  13532.8  
83724.5  13561  
83724.5  13551.7  
83724.5  13620.6  
83724.5  13574.3  
83724.5  13619  
83724.5  13633  
83724.5  13574.3  
83724.5  13603.2  
83724.5  13574.3  
83724.5  13561  
