4 22 22 3
500 200
2200 1000 2200 1000 
1518.23 322.98 1
0.0690567 1 10
1244.84
1246.4
1246.05
1251.34
1246.04
1246.08
1245.61
1249.97
1250.72
1251.58
1248.49
1245.7
1247.86
1245.62
1244.75
1245.01
1246.68
1245.49
1248.84
1246.13
1248.32
1250.08
45.4311 -0.26348
44.3482 0.27408
45.9521 -0.76058
43.5502 -1.03077
45.1694 -1.14298
44.9897 1.2214
45.8834 -0.51694
46.4342 1.92714
43.6432 1.13451
43.5982 1.40321
43.8578 -0.06848
45.2107 1.11313
46.2461 1.41501
45.4813 -0.91521
45.4391 -0.02274
45.3197 0.64554
44.2822 0.37498
45.8386 0.62677
43.8118 -0.30698
44.452 0.40497
46.4878 1.2065
43.9642 -1.47037
43.9781 0.85174
44.7409 1.15718
43.352 0.023
44.4402 -0.3716
