4 66 3
6622.17 15561.5 6622.2 19989.5  3392.44 7906.18 3406.12 10213.2  1769.05 4080.59 1762.89 5238.61  
11304.3 26189.3 11313.8 33808.8  1921.73 4613.56 1922.94 5865.07  339.117 835.392 329.06 1014.74  
2309.6 5348.22 2316.74 6922.05  1919.97 4488.81 1919.33 5771.05  1594.48 3727.5 1593.86 4791  
1893.89 4448.08 1893.11 5712.1  1631.6 3827.17 1625.18 4897.02  1411.4 3287.85 1412.83 4236.98  
1893.89 4448.08 1893.11 5712.1  1639.07 3824.09 1633.01 4901.72  1410.36 3288.28 1411.73 4236.32  
7753.9 18101.9 7749.59 23282  3324.38 7752.33 3341.37 10020.5  1452.84 3369.74 1449.46 4321.33  
2309.6 5348.22 2316.74 6922.05  1923.43 4472.78 1923.34 5761.09  1593.41 3708.32 1596.44 4784.35  
1893.89 4448.08 1893.11 5712.1  1639.07 3824.09 1633.01 4901.72  1411.3 3291.24 1409.81 4230.56  
11196.5 26308.4 11216.3 33859.3  1973.95 4506.93 1969.25 5790.02  382.346 822.941 371.589 1039.65  
4198.86 9853.09 4182.79 12609.7  2900.25 6761.37 2882.29 8642.61  2011.15 4707.01 2013.52 6055.23  
3679.55 8557.46 3674.34 11008  2679.7 6228.05 2688.2 8049.7  1963.86 4574.99 1960.07 5874.27  
7753.9 18101.9 7749.59 23282  3342.92 7798.14 3346.36 10034.6  1445.24 3353.12 1440.6 4295.42  
3679.55 8557.46 3674.34 11008  2685.34 6242.45 2688.31 8049.81  1958.78 4587.43 1955.99 5884.55  
1893.89 4448.08 1893.11 5712.1  1619.74 3818.1 1619.39 4898.2  1388.72 3266.78 1394.01 4210.73  
5160.17 12074.3 5158.21 15522.4  3198.96 7496.63 3193.32 9612.54  1990.15 4645.65 1993.04 5980.19  
6622.17 15561.5 6622.2 19989.5  3351.55 7899.34 3349.61 10121.7  1764.2 4070.44 1768.16 5257.79  
4198.86 9853.09 4182.79 12609.7  2900.25 6761.37 2882.29 8642.61  2011.15 4707.01 2013.52 6055.23  
5160.17 12074.3 5158.21 15522.4  3196.62 7493.27 3184.57 9586.69  1999.54 4615.89 2010.16 5985.76  
2309.6 5348.22 2316.74 6922.05  1919.97 4488.81 1919.33 5771.05  1598.44 3717.6 1594.97 4776.11  
3679.55 8557.46 3674.34 11008  2685.14 6245.27 2677.03 8016.26  1956.94 4555.64 1965.72 5891.33  
11196.5 26308.4 11216.3 33859.3  1990.26 4544.72 1977.57 5813.39  370.228 794.724 365.243 1021.73  
11196.5 26308.4 11216.3 33859.3  1973.95 4506.93 1969.25 5790.02  382.346 822.941 371.589 1039.65  
6622.17 15561.5 6622.2 19989.5  3419.64 7927.61 3427.61 10237.7  1725.51 4042.49 1728.06 5194.42  
4198.86 9853.09 4182.79 12609.7  2905.7 6803.79 2904.84 8741.66  1998.17 4670.9 1987.18 5967.74  
11304.3 26189.3 11313.8 33808.8  1929.14 4658.22 1921.83 5883.68  331.452 785.767 330.009 991.785  
6622.17 15561.5 6622.2 19989.5  3410.87 7955.49 3397.21 10186.2  1740.29 4055.46 1742.92 5219.65  
2309.6 5348.22 2316.74 6922.05  1903.07 4423.24 1914.85 5736.68  1596.86 3716.66 1597.88 4788.49  
2309.6 5348.22 2316.74 6922.05  1903.07 4423.24 1914.85 5736.68  1592.78 3667.66 1591.43 4732.41  
11196.5 26308.4 11216.3 33859.3  1969.99 4523.5 1956.84 5775.14  385.998 814.748 380.569 1052.31  
2309.6 5348.22 2316.74 6922.05  1923.43 4472.78 1923.34 5761.09  1593.41 3708.32 1596.44 4784.35  
11188 26272.8 11218.7 33854.8  2017.44 4597.07 1988.18 5831.64  350.271 774.932 351.231 1005.16  
2309.6 5348.22 2316.74 6922.05  1910.3 4392.97 1915.42 5693.46  1588.32 3683.92 1594.33 4767.4  
11196.5 26308.4 11216.3 33859.3  2010.42 4567.55 1990.17 5827.88  352.696 778.25 353.098 1008.65  
6622.17 15561.5 6622.2 19989.5  3386.06 7936.63 3385.1 10188.6  1763.97 4070.8 1757.36 5224.11  
6622.17 15561.5 6622.2 19989.5  3419.64 7927.61 3427.61 10237.7  1755.77 4070.11 1752.39 5226.62  
7753.9 18101.9 7749.59 23282  3348.69 7773.81 3339.27 9975.5  1439.47 3377.45 1447.7 4354.49  
5160.17 12074.3 5158.21 15522.4  3213.63 7490.64 3208.81 9622.2  1998.65 4631.79 1998.27 5964.1  
11196.5 26308.4 11216.3 33859.3  2007.08 4532.98 1999.58 5833.6  356.336 804.392 347.016 1004.98  
11188 26272.8 11218.7 33854.8  1990.39 4558.07 1972.78 5809.3  371.392 809.379 362.107 1022.42  
11304.3 26189.3 11313.8 33808.8  1929.14 4658.22 1921.83 5883.68  332.997 798.17 331.358 1003.59  
5160.17 12074.3 5158.21 15522.4  3198.96 7496.63 3193.32 9612.54  1990.15 4645.65 1993.04 5980.19  
11196.5 26308.4 11216.3 33859.3  1973.95 4506.93 1969.25 5790.02  382.346 822.941 371.589 1039.65  
1893.89 4448.08 1893.11 5712.1  1639.07 3824.09 1633.01 4901.72  1410.36 3288.28 1411.73 4236.32  
7753.9 18101.9 7749.59 23282  3342.67 7801.61 3332.52 9993.52  1437.25 3367.39 1442.56 4333.95  
11196.5 26308.4 11216.3 33859.3  1983.47 4528.8 1974.77 5805.57  372.375 809.482 362.515 1021.83  
7753.9 18101.9 7749.59 23282  3345.14 7805.17 3341.79 10020.9  1441.37 3361.12 1440.28 4310.9  
4198.86 9853.09 4182.79 12609.7  2905.7 6803.79 2904.84 8741.66  2009.47 4693.87 2006.61 6024.72  
4198.86 9853.09 4182.79 12609.7  2884.33 6790.52 2882.7 8708.77  2002.68 4690.91 2003.54 6028.33  
11188 26272.8 11218.7 33854.8  2001.26 4584.1 1975.66 5817.23  366.882 788.719 364.28 1020.87  
4198.86 9853.09 4182.79 12609.7  2905.7 6803.79 2904.84 8741.66  2009.47 4693.87 2006.61 6024.72  
2309.6 5348.22 2316.74 6922.05  1900.9 4394.01 1913.43 5710.43  1595.65 3697.76 1597.06 4771.43  
11196.5 26308.4 11216.3 33859.3  2018.31 4559.79 2002.57 5841.79  347.067 782.254 344.547 998.186  
7753.9 18101.9 7749.59 23282  3324.38 7752.33 3341.37 10020.5  1452.84 3369.74 1449.46 4321.33  
4198.86 9853.09 4182.79 12609.7  2910.61 6782.92 2898.61 8690.57  1996.67 4677.33 1989.07 5983.33  
3679.55 8557.46 3674.34 11008  2685.34 6242.45 2688.31 8049.81  1961.01 4566.92 1962.76 5882.38  
11188 26272.8 11218.7 33854.8  2021.14 4578.87 2000.47 5845.45  350.877 798.359 342.614 997.869  
7753.9 18101.9 7749.59 23282  3327.44 7807.93 3316.55 9983.95  1441.97 3353.36 1453.48 4345.14  
7753.9 18101.9 7749.59 23282  3342.92 7798.14 3346.36 10034.6  1446.32 3354.68 1444.68 4307.43  
2309.6 5348.22 2316.74 6922.05  1923.43 4472.78 1923.34 5761.09  1593.41 3708.32 1596.44 4784.35  
6622.17 15561.5 6622.2 19989.5  3351.55 7899.34 3349.61 10121.7  1764.2 4070.44 1768.16 5257.79  
2309.6 5348.22 2316.74 6922.05  1909.33 4462.44 1916.47 5762.97  1599.17 3718.64 1597.67 4784.1  
11304.3 26189.3 11313.8 33808.8  1924.97 4573.89 1915.24 5795.91  335.412 860.075 336.591 1071.29  
5160.17 12074.3 5158.21 15522.4  3198.96 7496.63 3193.32 9612.54  1990.15 4645.65 1993.04 5980.19  
7753.9 18101.9 7749.59 23282  3345.14 7805.17 3341.79 10020.9  1444.08 3347.61 1449.29 4321.16  
11304.3 26189.3 11313.8 33808.8  1929.14 4658.22 1921.83 5883.68  332.997 798.17 331.358 1003.59  
11188 26272.8 11218.7 33854.8  1990.39 4558.07 1972.78 5809.3  371.392 809.379 362.107 1022.42  
