4 200 3
5160.17 12074.3 5158.21 15522.4  3213.63 7490.64 3208.81 9622.2  1998.65 4631.79 1998.27 5964.1  
5160.17 12074.3 5158.21 15522.4  3198.96 7496.63 3193.32 9612.54  1990.15 4645.65 1993.04 5980.19  
5160.17 12074.3 5158.21 15522.4  3217.28 7457.18 3219.91 9618.68  1968.67 4651.61 1967.87 5955.3  
5160.17 12074.3 5158.21 15522.4  3198.96 7496.63 3193.32 9612.54  1990.15 4645.65 1993.04 5980.19  
5160.17 12074.3 5158.21 15522.4  3175.44 7482.01 3168.98 9576.38  2004.01 4636.91 2011.88 6000  
5160.17 12074.3 5158.21 15522.4  3217.28 7457.18 3219.91 9618.68  1983.1 4662.65 1974.91 5953.85  
5160.17 12074.3 5158.21 15522.4  3175.44 7482.01 3168.98 9576.38  2004.01 4636.91 2011.88 6000  
5160.17 12074.3 5158.21 15522.4  3173.37 7475.51 3173.22 9589.01  2008.81 4651.93 2002.04 5970.77  
5160.17 12074.3 5158.21 15522.4  3196.62 7493.27 3184.57 9586.69  2005.11 4630.81 2007.46 5977.54  
5160.17 12074.3 5158.21 15522.4  3204.84 7467 3213.06 9635.16  1977.04 4630.03 1982.67 5963.41  
5160.17 12074.3 5158.21 15522.4  3219.46 7464.04 3215.44 9605.37  1996.43 4641.84 1995.75 5970.46  
5160.17 12074.3 5158.21 15522.4  3179.36 7446.82 3192.92 9612.16  2008.03 4664.93 2000.16 5978.37  
5160.17 12074.3 5158.21 15522.4  3211.26 7487.22 3199.9 9595.89  1995.93 4649.6 1997.51 5984.52  
5160.17 12074.3 5158.21 15522.4  3217.28 7457.18 3219.91 9618.68  1979.19 4650.28 1982.93 5977.81  
5160.17 12074.3 5158.21 15522.4  3179.36 7446.82 3192.92 9612.16  1986.6 4637.64 1990.25 5972.11  
5160.17 12074.3 5158.21 15522.4  3210.52 7439.98 3219.77 9618.55  1994.74 4665.39 1984.47 5959.61  
5160.17 12074.3 5158.21 15522.4  3211.49 7483.9 3213.19 9635.29  1994.51 4646.67 1995.21 5977.72  
5160.17 12074.3 5158.21 15522.4  3196.62 7493.27 3184.57 9586.69  1999.54 4615.89 2010.16 5985.76  
5160.17 12074.3 5158.21 15522.4  3175.44 7482.01 3168.98 9576.38  1999.02 4651.19 2002.22 5993.89  
5160.17 12074.3 5158.21 15522.4  3210.52 7439.98 3219.77 9618.55  1998.48 4646.65 1996.88 5973.75  
3679.55 8557.46 3674.34 11008  2687.16 6248.19 2684.59 8038.66  1949.36 4589.56 1947.55 5881.65  
3679.55 8557.46 3674.34 11008  2674.56 6256.22 2660.4 7997.67  1965.24 4567.44 1967.56 5888.25  
3679.55 8557.46 3674.34 11008  2684.63 6208.66 2682.74 8002.38  1957.53 4594.44 1952.06 5881.19  
3679.55 8557.46 3674.34 11008  2685.34 6242.45 2688.31 8049.81  1961.01 4566.92 1962.76 5882.38  
3679.55 8557.46 3674.34 11008  2670.05 6275.48 2666.12 8044.7  1953.94 4582.19 1952.49 5880.01  
3679.55 8557.46 3674.34 11008  2682.79 6202.82 2686.53 8013.71  1961.7 4577.55 1963.24 5892.09  
3679.55 8557.46 3674.34 11008  2682.79 6202.82 2686.53 8013.71  1953.82 4587.67 1942.85 5853.94  
3679.55 8557.46 3674.34 11008  2685.14 6245.27 2677.03 8016.26  1956.94 4555.64 1965.72 5891.33  
3679.55 8557.46 3674.34 11008  2685.34 6242.45 2688.31 8049.81  1958.78 4587.43 1955.99 5884.55  
3679.55 8557.46 3674.34 11008  2685.34 6242.45 2688.31 8049.81  1962.33 4571.12 1960.04 5874.23  
3679.55 8557.46 3674.34 11008  2679.7 6228.05 2688.2 8049.7  1962.53 4570.78 1962.79 5882.41  
3679.55 8557.46 3674.34 11008  2679.7 6228.05 2688.2 8049.7  1963.86 4574.99 1960.07 5874.27  
3679.55 8557.46 3674.34 11008  2682.3 6270.46 2679.05 8052.77  1953.95 4569.48 1944.85 5843.48  
3679.55 8557.46 3674.34 11008  2679.7 6228.05 2688.2 8049.7  1960.51 4543.87 1953.1 5831.1  
3679.55 8557.46 3674.34 11008  2682.79 6202.82 2686.53 8013.71  1957.58 4566.99 1963.15 5892.01  
3679.55 8557.46 3674.34 11008  2684.63 6208.66 2682.74 8002.38  1958.98 4596.54 1957.49 5897.32  
3679.55 8557.46 3674.34 11008  2680.31 6267.59 2671.61 8030.75  1960.14 4580.65 1960.48 5889.68  
3679.55 8557.46 3674.34 11008  2687.16 6248.19 2684.59 8038.66  1949.36 4589.56 1947.55 5881.65  
3679.55 8557.46 3674.34 11008  2679.7 6228.05 2688.2 8049.7  1958.11 4564.39 1946.22 5833.3  
3679.55 8557.46 3674.34 11008  2687.16 6248.19 2684.59 8038.66  1949.36 4589.56 1947.55 5881.65  
2309.6 5348.22 2316.74 6922.05  1900.9 4394.01 1913.43 5710.43  1595.65 3697.76 1597.06 4771.43  
2309.6 5348.22 2316.74 6922.05  1919.97 4488.81 1919.33 5771.05  1598.44 3717.6 1594.97 4776.11  
2309.6 5348.22 2316.74 6922.05  1922.92 4448.57 1919.36 5727.15  1596.86 3720.98 1597.18 4790.17  
2309.6 5348.22 2316.74 6922.05  1900.9 4394.01 1913.43 5710.43  1588.86 3721.57 1592.48 4794.57  
2309.6 5348.22 2316.74 6922.05  1923.43 4472.78 1923.34 5761.09  1593.41 3708.32 1596.44 4784.35  
2309.6 5348.22 2316.74 6922.05  1903.07 4423.24 1914.85 5736.68  1592.78 3667.66 1591.43 4732.41  
2309.6 5348.22 2316.74 6922.05  1909.33 4462.44 1916.47 5762.97  1599.17 3718.64 1597.67 4784.1  
2309.6 5348.22 2316.74 6922.05  1903.07 4423.24 1914.85 5736.68  1583.47 3644.56 1588.93 4725.35  
2309.6 5348.22 2316.74 6922.05  1914.48 4403.63 1915.5 5693.55  1581.55 3647.79 1588.82 4732.55  
2309.6 5348.22 2316.74 6922.05  1917.49 4433.9 1921.98 5735.17  1590.34 3665.88 1590.23 4732.65  
2309.6 5348.22 2316.74 6922.05  1919.39 4462.46 1923.26 5761.01  1586.55 3652.27 1589.94 4728.26  
2309.6 5348.22 2316.74 6922.05  1916 4478.67 1919.25 5770.97  1599.11 3719.31 1594.99 4776.12  
2309.6 5348.22 2316.74 6922.05  1923.43 4472.78 1923.34 5761.09  1593.41 3708.32 1596.44 4784.35  
2309.6 5348.22 2316.74 6922.05  1921.6 4444.38 1922.07 5735.26  1590.91 3726.59 1593.32 4797.01  
2309.6 5348.22 2316.74 6922.05  1916 4478.67 1919.25 5770.97  1589.03 3693.61 1594.78 4775.92  
2309.6 5348.22 2316.74 6922.05  1919.97 4488.81 1919.33 5771.05  1594.48 3727.5 1593.86 4791  
2309.6 5348.22 2316.74 6922.05  1903.29 4375.9 1912.49 5685.05  1595.25 3700.79 1597.22 4775.71  
2309.6 5348.22 2316.74 6922.05  1903.07 4423.24 1914.85 5736.68  1591.22 3702.91 1595.53 4781.72  
2309.6 5348.22 2316.74 6922.05  1910.3 4392.97 1915.42 5693.46  1588.32 3683.92 1594.33 4767.4  
2309.6 5348.22 2316.74 6922.05  1903.07 4423.24 1914.85 5736.68  1596.86 3716.66 1597.88 4788.49  
6622.17 15561.5 6622.2 19989.5  3386.06 7936.63 3385.1 10188.6  1763.97 4070.8 1757.36 5224.11  
6622.17 15561.5 6622.2 19989.5  3410.87 7955.49 3397.21 10186.2  1740.29 4055.46 1742.92 5219.65  
6622.17 15561.5 6622.2 19989.5  3410.87 7955.49 3397.21 10186.2  1740.29 4055.46 1742.92 5219.65  
6622.17 15561.5 6622.2 19989.5  3410.87 7955.49 3397.21 10186.2  1760.05 4056.5 1767.24 5251.84  
6622.17 15561.5 6622.2 19989.5  3404.14 7934.41 3411 10227.2  1724.63 4043.15 1720.37 5172.39  
6622.17 15561.5 6622.2 19989.5  3386.06 7936.63 3385.1 10188.6  1751.13 4061.14 1751.1 5225.33  
6622.17 15561.5 6622.2 19989.5  3392.44 7906.18 3406.12 10213.2  1757.38 4074.87 1754.28 5233.12  
6622.17 15561.5 6622.2 19989.5  3419.64 7927.61 3427.61 10237.7  1725.51 4042.49 1728.06 5194.42  
6622.17 15561.5 6622.2 19989.5  3351.55 7899.34 3349.61 10121.7  1758.2 4056.2 1765.65 5250.73  
6622.17 15561.5 6622.2 19989.5  3351.55 7899.34 3349.61 10121.7  1767.66 4081.08 1761.07 5237.02  
6622.17 15561.5 6622.2 19989.5  3419.64 7927.61 3427.61 10237.7  1755.77 4070.11 1752.39 5226.62  
6622.17 15561.5 6622.2 19989.5  3351.55 7899.34 3349.61 10121.7  1764.2 4070.44 1768.16 5257.79  
6622.17 15561.5 6622.2 19989.5  3351.55 7899.34 3349.61 10121.7  1767.66 4081.08 1761.07 5237.02  
6622.17 15561.5 6622.2 19989.5  3351.55 7899.34 3349.61 10121.7  1764.2 4070.44 1768.16 5257.79  
6622.17 15561.5 6622.2 19989.5  3385.82 7940.02 3371.42 10148.2  1765.37 4070.96 1768.84 5257.91  
6622.17 15561.5 6622.2 19989.5  3410.87 7955.49 3397.21 10186.2  1739.03 4053.67 1738.19 5205.81  
6622.17 15561.5 6622.2 19989.5  3392.44 7906.18 3406.12 10213.2  1769.05 4080.59 1762.89 5238.61  
6622.17 15561.5 6622.2 19989.5  3404.14 7934.41 3411 10227.2  1759.68 4057.61 1760.43 5231.71  
6622.17 15561.5 6622.2 19989.5  3351.55 7899.34 3349.61 10121.7  1782.05 4090.88 1779.43 5270.83  
6622.17 15561.5 6622.2 19989.5  3426.74 7945.56 3427.75 10237.8  1722.11 4033.78 1727.99 5194.36  
4198.86 9853.09 4182.79 12609.7  2903.79 6797.79 2908.76 8753.36  1995.43 4684.6 1998.26 6022.56  
4198.86 9853.09 4182.79 12609.7  2903.79 6797.79 2908.76 8753.36  2010.05 4695.73 2005.41 6021.12  
4198.86 9853.09 4182.79 12609.7  2905.7 6803.79 2904.84 8741.66  2018.67 4690.09 2016.27 6030.51  
4198.86 9853.09 4182.79 12609.7  2882.25 6787.52 2874.88 8685.69  2001.87 4689.77 2000.48 6019.43  
4198.86 9853.09 4182.79 12609.7  2900.25 6761.37 2882.29 8642.61  2011.15 4707.01 2013.52 6055.23  
4198.86 9853.09 4182.79 12609.7  2900.25 6761.37 2882.29 8642.61  2016.02 4694.67 2014.72 6036.06  
4198.86 9853.09 4182.79 12609.7  2905.7 6803.79 2904.84 8741.66  1998.17 4670.9 1987.18 5967.74  
4198.86 9853.09 4182.79 12609.7  2910.61 6782.92 2898.61 8690.57  1989.04 4682.98 1985.09 5993.93  
4198.86 9853.09 4182.79 12609.7  2903.58 6800.74 2896.88 8718.15  1998.82 4671.84 1989.6 5974.91  
4198.86 9853.09 4182.79 12609.7  2910.61 6782.92 2898.61 8690.57  1996.67 4677.33 1989.07 5983.33  
4198.86 9853.09 4182.79 12609.7  2884.33 6790.52 2882.7 8708.77  2020.93 4685.68 2014.6 6015.76  
4198.86 9853.09 4182.79 12609.7  2905.7 6803.79 2904.84 8741.66  2009.47 4693.87 2006.61 6024.72  
4198.86 9853.09 4182.79 12609.7  2882.46 6784.62 2886.55 8720.26  2001.8 4690.67 1996.94 6008.83  
4198.86 9853.09 4182.79 12609.7  2876.21 6775.62 2863.09 8651.01  2014.27 4694.21 2011.03 6028.1  
4198.86 9853.09 4182.79 12609.7  2887.25 6767.45 2868.84 8635.72  2015.15 4705.12 2017.64 6057.34  
4198.86 9853.09 4182.79 12609.7  2910.61 6782.92 2898.61 8690.57  2017.15 4696.54 2018.19 6046.26  
4198.86 9853.09 4182.79 12609.7  2903.79 6797.79 2908.76 8753.36  2019.4 4689.87 2023.44 6051.66  
4198.86 9853.09 4182.79 12609.7  2903.79 6797.79 2908.76 8753.36  1998.76 4672.75 1986 5964.18  
4198.86 9853.09 4182.79 12609.7  2882.25 6787.52 2874.88 8685.69  2018.16 4701.02 2021.33 6058.24  
4198.86 9853.09 4182.79 12609.7  2884.33 6790.52 2882.7 8708.77  2002.68 4690.91 2003.54 6028.33  
11188 26272.8 11218.7 33854.8  2025.35 4589.25 2000.55 5845.55  349.006 789.106 344.212 998.834  
11188 26272.8 11218.7 33854.8  1980.83 4536.05 1967.27 5793.73  381.955 829.022 369.424 1039.21  
11188 26272.8 11218.7 33854.8  1997.2 4574.09 1975.58 5817.14  370.224 796.954 364.346 1020.95  
11188 26272.8 11218.7 33854.8  2014.08 4562.26 1997.57 5837.33  354.725 807.423 344.495 1003.2  
11188 26272.8 11218.7 33854.8  2001.26 4584.1 1975.66 5817.23  366.882 788.719 364.28 1020.87  
11188 26272.8 11218.7 33854.8  1995.29 4544.05 1982.32 5815.5  369.418 825.612 354.84 1018.75  
11188 26272.8 11218.7 33854.8  2017.44 4597.07 1988.18 5831.64  350.271 774.932 351.231 1005.16  
11188 26272.8 11218.7 33854.8  2001.26 4584.1 1975.66 5817.23  367.498 794.726 362.562 1019.84  
11188 26272.8 11218.7 33854.8  2021.14 4578.87 2000.47 5845.45  350.877 798.359 342.614 997.869  
11188 26272.8 11218.7 33854.8  1990.39 4558.07 1972.78 5809.3  371.392 809.379 362.107 1022.42  
11188 26272.8 11218.7 33854.8  2005.02 4566.48 1987.93 5831.36  362.142 803.946 352.425 1008.12  
11188 26272.8 11218.7 33854.8  2025.35 4589.25 2000.55 5845.55  348.279 787.318 344.199 998.819  
11188 26272.8 11218.7 33854.8  1997.2 4574.09 1975.58 5817.14  370.596 802.316 363.12 1021.28  
11188 26272.8 11218.7 33854.8  2011.96 4582.8 1990.78 5839.33  359.336 792.652 352.29 1003.97  
11188 26272.8 11218.7 33854.8  1990.39 4558.07 1972.78 5809.3  372.668 812.225 362.62 1023.81  
11188 26272.8 11218.7 33854.8  1990.39 4558.07 1972.78 5809.3  373.974 806.078 365.61 1024.58  
11188 26272.8 11218.7 33854.8  2005.02 4566.48 1987.93 5831.36  362.142 803.946 352.425 1008.12  
11188 26272.8 11218.7 33854.8  2005.02 4566.48 1987.93 5831.36  360.727 805.292 350.235 1005.65  
11188 26272.8 11218.7 33854.8  1980.83 4536.05 1967.27 5793.73  385.037 831.279 371.754 1041.77  
11188 26272.8 11218.7 33854.8  1995.29 4544.05 1982.32 5815.5  368.31 818.381 356.035 1018.45  
11304.3 26189.3 11313.8 33808.8  1930.42 4662.44 1919.21 5875.68  332.158 795.427 333.071 1008.8  
11304.3 26189.3 11313.8 33808.8  1932.61 4641.46 1925.85 5873.41  329.095 804.869 327.796 1007.49  
11304.3 26189.3 11313.8 33808.8  1930.63 4614.07 1916.35 5822.05  331.985 835.347 335.444 1053.1  
11304.3 26189.3 11313.8 33808.8  1919.71 4583.5 1921.61 5838.48  340.727 855.077 330.861 1034.8  
11304.3 26189.3 11313.8 33808.8  1925.14 4647.67 1921.75 5883.62  334.411 802.01 330.924 1002.21  
11304.3 26189.3 11313.8 33808.8  1933.92 4645.76 1923.18 5865.27  327.179 803.572 329.743 1017.38  
11304.3 26189.3 11313.8 33808.8  1930.63 4614.07 1916.35 5822.05  331.762 834.57 335.91 1054.57  
11304.3 26189.3 11313.8 33808.8  1930.42 4662.44 1919.21 5875.68  330.623 783.107 331.698 996.877  
11304.3 26189.3 11313.8 33808.8  1932.61 4641.46 1925.85 5873.41  329.801 806.784 327.81 1007.5  
11304.3 26189.3 11313.8 33808.8  1919.71 4583.5 1921.61 5838.48  340.791 860.191 330.157 1036.64  
11304.3 26189.3 11313.8 33808.8  1933.92 4645.76 1923.18 5865.27  328.945 804.032 329.556 1012.76  
11304.3 26189.3 11313.8 33808.8  1933.92 4645.76 1923.18 5865.27  328.015 801.362 330.009 1014.2  
11304.3 26189.3 11313.8 33808.8  1929.14 4658.22 1921.83 5883.68  332.997 798.17 331.358 1003.59  
11304.3 26189.3 11313.8 33808.8  1930.63 4614.07 1916.35 5822.05  331.417 829.628 334.251 1045.29  
11304.3 26189.3 11313.8 33808.8  1929.14 4658.22 1921.83 5883.68  331.452 785.767 330.009 991.785  
11304.3 26189.3 11313.8 33808.8  1924.97 4573.89 1915.24 5795.91  335.412 860.075 336.591 1071.29  
11304.3 26189.3 11313.8 33808.8  1928.55 4630.72 1925.77 5873.35  331.21 806.084 326.743 1000.18  
11304.3 26189.3 11313.8 33808.8  1925.14 4647.67 1921.75 5883.62  336.539 807.621 330.966 1002.25  
11304.3 26189.3 11313.8 33808.8  1921.73 4613.56 1922.94 5865.07  339.117 835.392 329.06 1014.74  
11304.3 26189.3 11313.8 33808.8  1921.73 4613.56 1922.94 5865.07  338.092 827.671 330.212 1014.37  
1893.89 4448.08 1893.11 5712.1  1619.62 3819.73 1612.84 4878.79  1414.02 3291.85 1412.62 4233.77  
1893.89 4448.08 1893.11 5712.1  1628.39 3817.03 1631.78 4916.73  1408.93 3281.83 1411.85 4234.16  
1893.89 4448.08 1893.11 5712.1  1631.72 3825.51 1631.85 4916.79  1394.63 3284.39 1394.33 4213.87  
1893.89 4448.08 1893.11 5712.1  1619.74 3818.1 1619.39 4898.2  1388.72 3266.78 1394.01 4210.73  
1893.89 4448.08 1893.11 5712.1  1639.07 3824.09 1633.01 4901.72  1396.25 3271.99 1402.83 4226.15  
1893.89 4448.08 1893.11 5712.1  1631.6 3827.17 1625.18 4897.02  1411.4 3287.85 1412.83 4236.98  
1893.89 4448.08 1893.11 5712.1  1631.72 3825.51 1631.85 4916.79  1405.88 3293.67 1403.16 4224.21  
1893.89 4448.08 1893.11 5712.1  1639.07 3824.09 1633.01 4901.72  1411.3 3291.24 1409.81 4230.56  
1893.89 4448.08 1893.11 5712.1  1616.46 3809.78 1619.32 4898.14  1399.37 3273.97 1404.73 4226.64  
1893.89 4448.08 1893.11 5712.1  1640.28 3825.84 1637.55 4915.16  1410.09 3289.49 1405.26 4217.13  
1893.89 4448.08 1893.11 5712.1  1628.39 3817.03 1631.78 4916.73  1411.75 3290.72 1406.07 4216.91  
1893.89 4448.08 1893.11 5712.1  1639.07 3824.09 1633.01 4901.72  1386.07 3265.96 1392.14 4210.26  
1893.89 4448.08 1893.11 5712.1  1610.97 3796.45 1617.03 4891.56  1415.22 3295.1 1412.04 4231.99  
1893.89 4448.08 1893.11 5712.1  1639.07 3824.09 1633.01 4901.72  1396.25 3271.99 1402.83 4226.15  
1893.89 4448.08 1893.11 5712.1  1639.19 3822.39 1639.79 4921.84  1407.42 3281.09 1410.73 4233.45  
1893.89 4448.08 1893.11 5712.1  1619.62 3819.73 1612.84 4878.79  1406.53 3293 1401.95 4218.14  
1893.89 4448.08 1893.11 5712.1  1639.07 3824.09 1633.01 4901.72  1410.36 3288.28 1411.73 4236.32  
1893.89 4448.08 1893.11 5712.1  1620.79 3821.42 1617.23 4891.76  1398.77 3272.36 1405.02 4227.53  
1893.89 4448.08 1893.11 5712.1  1640.28 3825.84 1637.55 4915.16  1410.09 3289.49 1405.26 4217.13  
1893.89 4448.08 1893.11 5712.1  1632.8 3828.89 1629.65 4910.23  1404.7 3291.72 1399.62 4213.77  
11196.5 26308.4 11216.3 33859.3  1995.62 4558.63 1975.01 5805.83  361.119 777.274 364.034 1022.71  
11196.5 26308.4 11216.3 33859.3  2014.11 4549.48 2002.48 5841.7  351.262 792.562 344.629 998.275  
11196.5 26308.4 11216.3 33859.3  2010.42 4567.55 1990.17 5827.88  352.696 778.25 353.098 1008.65  
11196.5 26308.4 11216.3 33859.3  2009.09 4563.5 1992.86 5835.67  355.421 780.964 352.593 1003.27  
11196.5 26308.4 11216.3 33859.3  1988.36 4514.89 1984.32 5811.78  368.375 821.017 354.722 1016.76  
11196.5 26308.4 11216.3 33859.3  1973.95 4506.93 1969.25 5790.02  382.346 822.941 371.589 1039.65  
11196.5 26308.4 11216.3 33859.3  2010.42 4567.55 1990.17 5827.88  354.317 777.618 354.818 1009.73  
11196.5 26308.4 11216.3 33859.3  2009.09 4563.5 1992.86 5835.67  350.473 778.381 348.191 998.36  
11196.5 26308.4 11216.3 33859.3  1983.47 4528.8 1974.77 5805.57  372.375 809.482 362.515 1021.83  
11196.5 26308.4 11216.3 33859.3  1990.26 4544.72 1977.57 5813.39  370.228 794.724 365.243 1021.73  
11196.5 26308.4 11216.3 33859.3  2018.31 4559.79 2002.57 5841.79  343.651 783.167 340.272 993.356  
11196.5 26308.4 11216.3 33859.3  1998.06 4537.17 1989.93 5827.62  355.803 796.38 346.912 998.366  
11196.5 26308.4 11216.3 33859.3  1969.99 4523.5 1956.84 5775.14  385.998 814.748 380.569 1052.31  
11196.5 26308.4 11216.3 33859.3  2004.97 4553.38 1992.78 5835.58  356.83 784.7 352.136 1001.94  
11196.5 26308.4 11216.3 33859.3  2009.09 4563.5 1992.86 5835.67  353.439 776.37 352.07 1001.87  
11196.5 26308.4 11216.3 33859.3  2009.09 4563.5 1992.86 5835.67  346.9 774.747 344.54 991.771  
11196.5 26308.4 11216.3 33859.3  2007.08 4532.98 1999.58 5833.6  356.336 804.392 347.016 1004.98  
11196.5 26308.4 11216.3 33859.3  1973.95 4506.93 1969.25 5790.02  379.133 825.064 367.497 1035.98  
11196.5 26308.4 11216.3 33859.3  1990.26 4544.72 1977.57 5813.39  369.552 797.874 362.996 1019.28  
11196.5 26308.4 11216.3 33859.3  2018.31 4559.79 2002.57 5841.79  347.067 782.254 344.547 998.186  
7753.9 18101.9 7749.59 23282  3342.92 7798.14 3346.36 10034.6  1446.32 3354.68 1444.68 4307.43  
7753.9 18101.9 7749.59 23282  3351.21 7777.43 3348.71 10003.4  1431.38 3379.65 1429.48 4316.73  
7753.9 18101.9 7749.59 23282  3348.69 7773.81 3339.27 9975.5  1433.85 3383.23 1438.74 4344.21  
7753.9 18101.9 7749.59 23282  3324.38 7752.33 3341.37 10020.5  1452.84 3369.74 1449.46 4321.33  
7753.9 18101.9 7749.59 23282  3342.67 7801.61 3332.52 9993.52  1437.25 3367.39 1442.56 4333.95  
7753.9 18101.9 7749.59 23282  3320.88 7787.23 3330.02 10024.1  1458.88 3360.88 1453.98 4313.37  
7753.9 18101.9 7749.59 23282  3329.87 7811.43 3325.66 10010.9  1444.5 3361.79 1446.43 4324.08  
7753.9 18101.9 7749.59 23282  3345.14 7805.17 3341.79 10020.9  1433.48 3339.88 1444.11 4322.58  
7753.9 18101.9 7749.59 23282  3327.44 7807.93 3316.55 9983.95  1441.97 3353.36 1453.48 4345.14  
7753.9 18101.9 7749.59 23282  3342.92 7798.14 3346.36 10034.6  1436.16 3366.38 1436.67 4316.42  
7753.9 18101.9 7749.59 23282  3327.68 7804.53 3330.15 10024.3  1448.39 3352.41 1452.82 4326.66  
7753.9 18101.9 7749.59 23282  3348.94 7770.28 3353.36 10017.3  1439.32 3379.45 1439.69 4330.71  
7753.9 18101.9 7749.59 23282  3342.92 7798.14 3346.36 10034.6  1445.24 3353.12 1440.6 4295.42  
7753.9 18101.9 7749.59 23282  3345.14 7805.17 3341.79 10020.9  1444.08 3347.61 1449.29 4321.16  
7753.9 18101.9 7749.59 23282  3348.69 7773.81 3339.27 9975.5  1432.8 3381.71 1434.79 4332.51  
7753.9 18101.9 7749.59 23282  3327.44 7807.93 3316.55 9983.95  1441.97 3353.36 1453.48 4345.14  
7753.9 18101.9 7749.59 23282  3342.67 7801.61 3332.52 9993.52  1445.49 3349.64 1454.57 4336.73  
7753.9 18101.9 7749.59 23282  3345.14 7805.17 3341.79 10020.9  1441.37 3361.12 1440.28 4310.9  
7753.9 18101.9 7749.59 23282  3342.92 7798.14 3346.36 10034.6  1436.16 3366.38 1436.67 4316.42  
7753.9 18101.9 7749.59 23282  3348.69 7773.81 3339.27 9975.5  1439.47 3377.45 1447.7 4354.49  
