5 16 4
22454.6 22355.4 28111.9 19502.3 47821.3  8148.13 8165.36 10089 7207.22 17211.7  2904.96 2951.43 3699.59 2554.42 6205.9  1077.75 1098.85 1342.46 970.978 2272.34  
12213 12190.2 15373.7 10580.4 26058.1  7928.8 7866.73 9948.17 6875.24 16950.4  5234.9 5283.07 6517.4 4618.4 11041.7  3426.94 3444.14 4246.81 3032.51 7229.58  
16159.1 16145.4 20205.5 14075.5 34320.3  8694.86 8647.43 10913.9 7557.07 18575.4  4745.59 4756.54 5916.58 4176.26 10063.8  2567.83 2594.12 3196.37 2279.73 5421.96  
12213 12190.2 15373.7 10580.4 26058.1  7912.83 7868.06 9953.04 6857.22 16921.3  5152.68 5189.09 6478.61 4507.4 10945.8  3403.82 3399.16 4236.5 2991.02 7225.04  
22454.6 22355.4 28111.9 19502.3 47821.3  8053.64 8101.8 10135.8 7055.16 17141.9  2996.27 3011.15 3669.41 2692.39 6290.75  1076.06 1099.96 1330.69 975.887 2255.66  
7710.06 7739.16 9590.93 6758.41 16282.5  5976.64 6023.48 7464.7 5241.25 12627.5  4673.53 4688.56 5790.66 4115.43 9855.66  3696.57 3682.36 4622.2 3224.75 7872.01  
7710.06 7739.16 9590.93 6758.41 16282.5  6028.11 6029.42 7553.18 5251.78 12815.6  4716.13 4704.75 5892.13 4115.66 10027  3682.44 3666.14 4590.81 3218.31 7830.62  
16159.1 16145.4 20205.5 14075.5 34320.3  8689.86 8750.12 10867.7 7626.07 18396.6  4721.8 4704.75 5935.92 4116.91 10096.5  2586.64 2558.6 3190.71 2284.13 5496.36  
12213 12190.2 15373.7 10580.4 26058.1  7986.68 7945.29 9990.25 6951.57 17018.2  5215.4 5193.74 6492.01 4567.34 11081.1  3396.18 3429.01 4242.95 2995.51 7181.08  
12213 12190.2 15373.7 10580.4 26058.1  7992.27 7933.06 9972.24 6960.32 17025.6  5179.43 5223.95 6503.45 4539.86 10984.3  3412.21 3437.41 4239.72 3017.74 7200.48  
24960.5 24965.3 31086.3 21817.4 52856.5  7254.4 7208.77 9138.79 6324 15568.1  2116.94 2143.78 2672.83 1879.33 4514.2  615.008 625.94 777.14 552.256 1312.21  
16159.1 16145.4 20205.5 14075.5 34320.3  8730.32 8747.74 10921.2 7638.92 18536.4  4703.36 4705.83 5911.36 4111.1 10032.7  2578.21 2566.84 3187.79 2281.19 5466.46  
22454.6 22355.4 28111.9 19502.3 47821.3  8053.64 8101.8 10135.8 7055.16 17141.9  2996.27 3011.15 3669.41 2692.39 6290.75  1076.06 1099.96 1330.69 975.887 2255.66  
24960.5 24965.3 31086.3 21817.4 52856.5  7246.33 7252.27 9148.26 6332.56 15509.2  2122.65 2112.98 2666.1 1873.28 4555.81  616.02 616.111 778.768 547.592 1327.64  
22454.6 22355.4 28111.9 19502.3 47821.3  8153.49 8189.81 10121.7 7208.13 17227.1  2917.36 2939 3679.87 2570.98 6225.84  1068.23 1095.89 1332.45 965.029 2246.25  
22454.6 22355.4 28111.9 19502.3 47821.3  8053.64 8101.8 10135.8 7055.16 17141.9  2996.27 3011.15 3669.41 2692.39 6290.75  1076.06 1099.96 1330.69 975.887 2255.66  
