5 50 4
12213 12190.2 15373.7 10580.4 26058.1  7928.8 7866.73 9948.17 6875.24 16950.4  5234.9 5283.07 6517.4 4618.4 11041.7  3426.94 3444.14 4246.81 3032.51 7229.58  
12213 12190.2 15373.7 10580.4 26058.1  7940.1 7972.7 9980.1 6923.01 16880.8  5174.97 5173.66 6491.5 4516.22 11022.6  3445.28 3430.03 4248.02 3043.42 7284.67  
12213 12190.2 15373.7 10580.4 26058.1  7992.27 7933.06 9972.24 6960.32 17025.6  5204.43 5237.54 6517.47 4564.95 11033.4  3409.74 3422.19 4243.84 3005.56 7217.49  
12213 12190.2 15373.7 10580.4 26058.1  8019.25 8037.46 9996.97 7026.86 16982.5  5135.11 5113.62 6472.06 4456.23 10992.5  3373.35 3367.09 4223.55 2951.01 7187.75  
12213 12190.2 15373.7 10580.4 26058.1  7912.83 7868.06 9953.04 6857.22 16921.3  5152.68 5189.09 6478.61 4507.4 10945.8  3403.82 3399.16 4236.5 2991.02 7225.04  
12213 12190.2 15373.7 10580.4 26058.1  7970.4 7946.66 9995.22 6933.21 16988.5  5164.56 5182.61 6486.23 4512.77 10985.3  3388.32 3399.46 4228.1 2979.99 7184.82  
12213 12190.2 15373.7 10580.4 26058.1  7905.81 7916.78 9966 6867.66 16862.7  5243.52 5203.58 6500.48 4596.22 11135.4  3393.24 3381.01 4225.72 2977.2 7213.75  
12213 12190.2 15373.7 10580.4 26058.1  7992.27 7933.06 9972.24 6960.32 17025.6  5179.43 5223.95 6503.45 4539.86 10984.3  3412.21 3437.41 4239.72 3017.74 7200.48  
12213 12190.2 15373.7 10580.4 26058.1  7986.68 7945.29 9990.25 6951.57 17018.2  5215.4 5193.74 6492.01 4567.34 11081.1  3396.18 3429.01 4242.95 2995.51 7181.08  
12213 12190.2 15373.7 10580.4 26058.1  7986.68 7945.29 9990.25 6951.57 17018.2  5181.35 5219.7 6497.16 4542.85 10986.9  3413.48 3434.62 4235.63 3019.73 7202.17  
22454.6 22355.4 28111.9 19502.3 47821.3  8148.13 8165.36 10089 7207.22 17211.7  2938.85 2988.21 3701.3 2606.45 6233.87  1057.94 1080.09 1339.63 943.07 2250.99  
22454.6 22355.4 28111.9 19502.3 47821.3  8089.11 8159.28 10150.6 7112.41 17161.6  2973.62 2974.67 3660.02 2656.05 6278.17  1073.83 1087.75 1327.69 969.244 2262.18  
22454.6 22355.4 28111.9 19502.3 47821.3  8134.26 8130.97 10103 7168.81 17238  2941.54 3010.71 3694.26 2623.81 6205.85  1066.25 1081.14 1333.74 955.143 2260.57  
22454.6 22355.4 28111.9 19502.3 47821.3  8147.61 8202.77 10140.6 7198.87 17219.3  2923.14 2926.31 3661.16 2580.04 6233.55  1068.78 1085.93 1326.65 963.728 2252.83  
22454.6 22355.4 28111.9 19502.3 47821.3  8053.64 8101.8 10135.8 7055.16 17141.9  2996.27 3011.15 3669.41 2692.39 6290.75  1076.06 1099.96 1330.69 975.887 2255.66  
22454.6 22355.4 28111.9 19502.3 47821.3  8080.97 8111.5 10144 7083.73 17194.4  2963.42 2988.43 3665.54 2649.17 6246.7  1087.39 1114.14 1326.64 997.079 2257.93  
22454.6 22355.4 28111.9 19502.3 47821.3  8089.11 8159.28 10150.6 7112.41 17161.6  2970.3 2992.62 3663.88 2659.64 6254.45  1065.33 1067.64 1322.9 952.721 2263.62  
22454.6 22355.4 28111.9 19502.3 47821.3  8148.13 8165.36 10089 7207.22 17211.7  2904.96 2951.43 3699.59 2554.42 6205.9  1077.75 1098.85 1342.46 970.978 2272.34  
22454.6 22355.4 28111.9 19502.3 47821.3  8097.47 8110.09 10139 7102.49 17224.4  2971.23 3023.5 3669.41 2673.17 6225.79  1070.78 1086.28 1326.66 965.907 2256.56  
22454.6 22355.4 28111.9 19502.3 47821.3  8153.49 8189.81 10121.7 7208.13 17227.1  2917.36 2939 3679.87 2570.98 6225.84  1068.23 1095.89 1332.45 965.029 2246.25  
24960.5 24965.3 31086.3 21817.4 52856.5  7221.07 7243.39 9140.58 6306.44 15460.2  2138.48 2112.66 2646.82 1898.82 4568.84  622.95 619.855 798.515 546.571 1357.67  
24960.5 24965.3 31086.3 21817.4 52856.5  7254.4 7208.77 9138.79 6324 15568.1  2116.94 2143.78 2672.83 1879.33 4514.2  615.008 625.94 777.14 552.256 1312.21  
24960.5 24965.3 31086.3 21817.4 52856.5  7254.45 7228.34 9059.02 6373.42 15463.7  2102.04 2130.92 2700.92 1843.58 4527.43  623.143 620.415 807.917 542.456 1366.64  
24960.5 24965.3 31086.3 21817.4 52856.5  7254.4 7208.77 9138.79 6324 15568.1  2113.34 2134.62 2676.33 1869.34 4521.12  618.015 631.424 773.205 560.065 1307.96  
24960.5 24965.3 31086.3 21817.4 52856.5  7254.4 7208.77 9138.79 6324 15568.1  2102.7 2144.77 2661.09 1871.1 4472.05  625.553 624.238 783.906 558.816 1342.55  
24960.5 24965.3 31086.3 21817.4 52856.5  7234.26 7221.29 9160.19 6299.12 15533.5  2123.18 2126.17 2662.51 1881.8 4537.51  621.107 628.903 764.482 566.439 1308.3  
24960.5 24965.3 31086.3 21817.4 52856.5  7259.29 7250.33 9088.99 6374.24 15477.9  2113.61 2104.7 2694.27 1845.95 4575.99  612.022 622.394 790.089 540.91 1323.4  
24960.5 24965.3 31086.3 21817.4 52856.5  7246.33 7252.27 9148.26 6332.56 15509.2  2122.65 2112.98 2666.1 1873.28 4555.81  616.02 616.111 778.768 547.592 1327.64  
24960.5 24965.3 31086.3 21817.4 52856.5  7249.24 7220.02 9155.57 6315.97 15561.1  2105.69 2136.82 2633.39 1884.17 4459.45  626.622 622.898 793.088 554.517 1355.68  
24960.5 24965.3 31086.3 21817.4 52856.5  7226.35 7253 9043.98 6364.63 15361.3  2122.43 2113.42 2727.75 1842.5 4616.91  627.38 615.45 804.926 545.757 1378.46  
7710.06 7739.16 9590.93 6758.41 16282.5  5971.91 6005.96 7395.01 5262.75 12567.7  4664.13 4693.27 5808.82 4099.05 9849.34  3653.15 3666.61 4559.67 3204.3 7738.04  
7710.06 7739.16 9590.93 6758.41 16282.5  6034.44 6037.49 7518.66 5279.45 12783.8  4704.85 4703.8 5902.74 4098.5 10015.9  3656.12 3672.01 4584.43 3197.82 7763.34  
7710.06 7739.16 9590.93 6758.41 16282.5  6038.87 6027.82 7504.31 5286.34 12789.7  4717.17 4697.67 5891.82 4113.38 10037.2  3677.2 3673.84 4610.2 3207.11 7830.5  
7710.06 7739.16 9590.93 6758.41 16282.5  6045.14 6018.85 7535.19 5272.77 12844.6  4679.3 4709.23 5835.13 4109.24 9888.51  3676.4 3673.92 4618.23 3202.32 7836.91  
7710.06 7739.16 9590.93 6758.41 16282.5  5998.37 6031.13 7471.26 5263.66 12669.5  4658.39 4687.76 5792.45 4098.85 9827.55  3683.82 3670.3 4579.77 3227.09 7817.07  
7710.06 7739.16 9590.93 6758.41 16282.5  5976.64 6023.48 7464.7 5241.25 12627.5  4673.53 4688.56 5790.66 4115.43 9855.66  3696.57 3682.36 4622.2 3224.75 7872.01  
7710.06 7739.16 9590.93 6758.41 16282.5  6028.11 6029.42 7553.18 5251.78 12815.6  4683.01 4706.91 5831.21 4113.83 9894.78  3687.06 3671.46 4612.76 3214.58 7856.07  
7710.06 7739.16 9590.93 6758.41 16282.5  6028.11 6029.42 7553.18 5251.78 12815.6  4716.13 4704.75 5892.13 4115.66 10027  3682.44 3666.14 4590.81 3218.31 7830.62  
7710.06 7739.16 9590.93 6758.41 16282.5  6040.79 6028.36 7549.3 5266 12838.7  4690.48 4706.28 5828.92 4122.21 9908.49  3664.77 3672.84 4563.93 3217.17 7759.13  
7710.06 7739.16 9590.93 6758.41 16282.5  6028.11 6029.42 7553.18 5251.78 12815.6  4716.13 4704.75 5892.13 4115.66 10027  3629.7 3658.97 4507.87 3203.08 7646.96  
16159.1 16145.4 20205.5 14075.5 34320.3  8694.86 8647.43 10913.9 7557.07 18575.4  4745.59 4756.54 5916.58 4176.26 10063.8  2567.83 2594.12 3196.37 2279.73 5421.96  
16159.1 16145.4 20205.5 14075.5 34320.3  8730.32 8747.74 10921.2 7638.92 18536.4  4705.51 4733.04 5879.61 4142.86 9972.41  2559.51 2529.52 3207.88 2233.4 5493.26  
16159.1 16145.4 20205.5 14075.5 34320.3  8730.32 8747.74 10921.2 7638.92 18536.4  4703.36 4705.83 5911.36 4111.1 10032.7  2578.21 2566.84 3187.79 2281.19 5466.46  
16159.1 16145.4 20205.5 14075.5 34320.3  8699.9 8737.02 10912 7607.41 18477.7  4746.36 4743.02 5885.74 4186.18 10050.1  2572.42 2554.72 3203.7 2261.21 5485.36  
16159.1 16145.4 20205.5 14075.5 34320.3  8694.86 8647.43 10913.9 7557.07 18575.4  4745.59 4756.54 5916.58 4176.26 10063.8  2563.55 2583.03 3200.48 2267.69 5430.41  
16159.1 16145.4 20205.5 14075.5 34320.3  8677.14 8648.92 10919.3 7537.11 18543.1  4732.51 4722.31 5905.49 4151.38 10066.3  2587.56 2596.8 3181.04 2309.11 5443.08  
16159.1 16145.4 20205.5 14075.5 34320.3  8740 8695.29 10909.7 7628.59 18606.5  4736.35 4747.47 5899.76 4171.18 10038.8  2542.48 2573.16 3203.3 2240.1 5402.04  
16159.1 16145.4 20205.5 14075.5 34320.3  8745.92 8745.42 10850.5 7689.19 18499  4725.53 4704.43 5934.8 4121.3 10103.5  2550.84 2576.97 3204.04 2250.13 5415.29  
16159.1 16145.4 20205.5 14075.5 34320.3  8689.86 8750.12 10867.7 7626.07 18396.6  4721.8 4704.75 5935.92 4116.91 10096.5  2586.64 2558.6 3190.71 2284.13 5496.36  
16159.1 16145.4 20205.5 14075.5 34320.3  8739.5 8759.46 10871.3 7679.17 18490.4  4699.18 4700.49 5934.27 4092.89 10053.7  2558.21 2538.97 3205.68 2237.79 5477.05  
