1 33 4
66567.8  22171.5  7494.83  2513.45  
996.414  983.185  976.045  967.687  
80361.1  15846.8  3054.2  586.779  
37748.7  23588.3  14461.5  9128.74  
92404.4  7011.75  537.866  42.1015  
77519  17405.4  3936.67  877.124  
66567.8  22324.8  7416.95  2456.12  
59772.9  24056.6  9665.47  3879.11  
80361.1  15698.5  3152.77  631.983  
92404.4  7011.75  535.395  44.7689  
59772.9  23880.5  9724.66  3948.78  
37748.7  23481.4  14658.3  9065.48  
66567.8  22314.4  7355.34  2503.96  
37748.7  23578.5  14621.6  9113.49  
37748.7  23524.2  14566.6  9129.86  
32799.9  22093.5  14710.9  9900.67  
92404.4  7039.13  513.524  39.687  
80361.1  15648.6  3203.29  629.537  
80361.1  15846.8  3054.2  586.779  
59772.9  23932  9673.11  3961.86  
80361.1  15698.5  3152.77  631.983  
77519  17258.8  4029.32  915.488  
996.414  981.486  977.437  967.69  
77519  17405.4  3936.67  877.124  
28858.7  20562.7  14477.2  10378.6  
32799.9  22093.5  14710.9  9900.67  
28858.7  20390  14669.9  10372.8  
59772.9  23989  9706.97  3898.57  
80361.1  15853.7  3038.67  599.328  
80361.1  15648.6  3203.29  629.537  
32799.9  21852.6  14882.5  9923.12  
59772.9  24067.6  9641.82  3870.68  
59772.9  23989  9688.63  3907.76  
