1 100 4
37748.7  23524.2  14566.6  9129.86  
37748.7  23588.3  14461.5  9128.74  
37748.7  23578.5  14621.6  9109.66  
37748.7  23481.4  14658.3  9094.85  
37748.7  23536.4  14556.2  9036.09  
37748.7  23578.5  14621.6  9113.49  
37748.7  23405.7  14685.6  9083.36  
37748.7  23284.4  14725  9072.06  
37748.7  23361.4  14621.3  9106.95  
37748.7  23481.4  14658.3  9065.48  
996.414  983.58  973.417  967.71  
996.414  985.836  976.988  963.693  
996.414  987.224  971.784  964.117  
996.414  987.224  976.975  967.638  
996.414  981.486  977.437  967.69  
996.414  986.281  973.391  959.115  
996.414  987.224  973.772  967.217  
996.414  986.281  976.984  965.52  
996.414  983.58  968.762  959.187  
996.414  983.185  976.045  967.687  
32799.9  22103.8  14620.3  9970.6  
32799.9  21820.2  14845.2  9989.66  
32799.9  22064.3  14819.7  9828.42  
32799.9  21852.6  14882.5  9923.12  
32799.9  21786.5  14882  9988.68  
32799.9  21916.8  14724.9  10033.3  
32799.9  22054.7  14704.1  9868.61  
32799.9  22102.5  14778.8  9950.24  
32799.9  21986.1  14745.8  9924.22  
32799.9  22093.5  14710.9  9900.67  
66567.8  22243.4  7396.36  2531.25  
66567.8  22252.6  7395.81  2510.01  
66567.8  22324.8  7416.95  2456.12  
66567.8  21970.3  7650.36  2527.46  
66567.8  22048.5  7601.16  2517.42  
66567.8  22314.4  7355.34  2503.96  
66567.8  22252.2  7458.26  2454.04  
66567.8  22252.2  7462.11  2482.54  
66567.8  22171.5  7494.83  2513.45  
66567.8  22324.8  7385.83  2483.96  
34668.6  22748.6  14752.2  9681  
34668.6  22349.2  14757.8  9690.19  
34668.6  22349.2  14757.8  9654.22  
34668.6  22555.9  14788.1  9675.39  
34668.6  22468.7  14818.2  9764.95  
34668.6  22748.6  14752.2  9608.19  
34668.6  22779.1  14741.8  9683.56  
34668.6  22633.4  14741.2  9614.53  
34668.6  22779.1  14836.7  9601.73  
34668.6  22779.1  14634.4  9671.56  
28858.7  20572.4  14474.5  10394.7  
28858.7  20572.4  14478.8  10436.4  
28858.7  20554.3  14544.6  10395  
28858.7  20488  14562.1  10408.9  
28858.7  20527.1  14582.3  10392  
28858.7  20390  14669.9  10372.8  
28858.7  20554.3  14574.3  10375.2  
28858.7  20518.2  14632.9  10368.9  
28858.7  20527.1  14630.3  10401.3  
28858.7  20562.7  14477.2  10378.6  
92404.4  7000.74  551.296  40.2499  
92404.4  7023.02  527.889  40.7125  
92404.4  7039.13  515.347  37.9671  
92404.4  7000.74  543.586  47.421  
92404.4  7011.75  539.607  40.9141  
92404.4  7011.75  537.866  42.1015  
92404.4  7011.75  535.395  44.7689  
92404.4  7039.13  513.524  39.687  
92404.4  7035.82  515.768  40.6273  
92404.4  7023.02  524.983  44.0648  
77519  17315.9  3995.67  902.306  
77519  17477.9  3870.34  874.506  
77519  17348.2  3982.58  885.758  
77519  17315.9  3995.67  902.356  
77519  17485.2  3867.84  870.336  
77519  17405.4  3936.67  877.124  
77519  17391.5  3949.32  882.678  
77519  17258.8  4029.32  915.488  
77519  17427.6  3917.17  872.178  
77519  17348.2  3982.58  894.59  
59772.9  23989  9706.97  3898.57  
59772.9  24067.6  9641.82  3870.68  
59772.9  23989  9688.63  3907.76  
59772.9  24056.6  9665.47  3879.11  
59772.9  24057.7  9642.46  3901.28  
59772.9  23880.5  9747.8  3925.53  
59772.9  23932  9673.11  3961.86  
59772.9  23880.5  9724.66  3948.78  
59772.9  24057.7  9651.85  3886.62  
59772.9  24002.2  9702.91  3891.43  
80361.1  15705.1  3128.3  640.241  
80361.1  15698.5  3152.77  631.983  
80361.1  15846.8  3054.2  586.779  
80361.1  15698.5  3168.22  621.784  
80361.1  15648.6  3203.29  629.537  
80361.1  15853.7  3038.67  599.328  
80361.1  15846.8  3016.25  626.176  
80361.1  15698.2  3143.77  636.684  
80361.1  15853.7  3054.2  588.076  
80361.1  15623.6  3229.83  624.367  
