5 50 3
2995.17 1495.51 2493.73 1491.43 2493.46  2845.27 1421.22 2366.44 1416.63 2363.31  2703.9 1349.62 2252.01 1347.5 2250.89  
12570.4 6276.93 10449.2 6258.25 10422.8  9917.03 4979.52 8238.42 4922.22 8278.92  7827.31 3892.88 6515.71 3920.07 6457.12  
20330.3 10080.3 16989.9 10181.2 16889.9  13379 6627.88 11192.7 6722.18 11110  8888.24 4437.2 7405.94 4449.52 7385.7  
9557.83 4774.38 7968.62 4758.03 7991.28  8056.68 4024.75 6699.89 4013.78 6687.4  6746.3 3345.86 5644.03 3384.61 5615.38  
12570.4 6276.93 10449.2 6258.25 10422.8  9917.03 4979.52 8238.42 4922.22 8278.92  7827.31 3892.88 6515.71 3920.07 6457.12  
55110.4 27496.9 45846.8 27455.9 45725.8  4469.31 2277.55 3785.9 2321.53 3862.79  386.045 205.797 337.721 204.44 375.876  
2995.17 1495.51 2493.73 1491.43 2493.46  2845.49 1413.2 2373.83 1423.39 2359.32  2703.24 1350.75 2248.19 1345.9 2245.94  
9557.83 4774.38 7968.62 4758.03 7991.28  7964.46 4008.22 6626.59 3944.69 6703.14  6760.95 3348.46 5655.74 3395.62 5612.89  
19171.7 9531.12 15977.6 9579.47 15884  12981.6 6478.05 10788 6481.61 10725.2  8879.89 4437.85 7398.11 4440.04 7390.74  
21517.4 10713.1 17963.3 10740.3 17952.2  13815.3 6871.43 11528.1 6920.89 11469.4  8800.21 4387.7 7353.12 4413.08 7347.01  
29233.7 14473.6 24460.8 14657.6 24306.3  15033.6 7529.17 12508.6 7504.13 12515.9  7665.35 3847.51 6374.66 3837.88 6375.64  
29233.7 14473.6 24460.8 14657.6 24306.3  14998.2 7542.08 12474.2 7462.51 12559.5  7682.63 3841.3 6391.48 3858.26 6354.56  
29233.7 14473.6 24460.8 14657.6 24306.3  14953.9 7445.24 12479.9 7499.68 12424.9  7638.42 3863.22 6348.72 3801.42 6426.75  
19171.7 9531.12 15977.6 9579.47 15884  12981.6 6478.05 10788 6481.61 10725.2  8879.89 4437.85 7398.11 4440.04 7390.74  
9557.83 4774.38 7968.62 4758.03 7991.28  8037.71 4032 6681.05 3991.09 6710.87  6749.96 3361.64 5637.99 3375.15 5634.06  
22658.7 11183.8 18965.6 11388.1 18758.5  14109.4 7020.39 11774 7067.25 11722.1  8787.76 4409.47 7305.85 4385.36 7317.45  
29233.7 14473.6 24460.8 14657.6 24306.3  15033.6 7529.17 12508.6 7504.13 12515.9  7646.79 3834.83 6367.47 3831.51 6372.44  
21517.4 10713.1 17963.3 10740.3 17952.2  13832.9 6920.01 11507.8 6897.16 11505.1  8859.13 4414.53 7385.81 4444.14 7345.48  
21517.4 10713.1 17963.3 10740.3 17952.2  13832.9 6920.01 11507.8 6897.16 11505.1  8859.13 4414.53 7385.81 4444.14 7345.48  
21517.4 10713.1 17963.3 10740.3 17952.2  13746 6898.81 11446.3 6836.81 11523.5  8891.76 4444.77 7396.21 4448.8 7368.21  
19171.7 9531.12 15977.6 9579.47 15884  12981.6 6478.05 10788 6481.61 10725.2  8879.89 4437.85 7398.11 4440.04 7390.74  
2995.17 1495.51 2493.73 1491.43 2493.46  2844.83 1413.96 2370.26 1422.08 2354  2702.86 1343.82 2252 1351.14 2237.36  
1786.87 896.782 1487.01 886.124 1498.68  1729.5 872.339 1433.27 854.144 1447.1  1687.16 846.531 1400.96 836.986 1406.14  
22658.7 11183.8 18965.6 11388.1 18758.5  13996 6922.29 11714.8 7043.86 11603.8  8791.31 4436.88 7311.59 4367.3 7400.56  
2995.17 1495.51 2493.73 1491.43 2493.46  2845.49 1413.2 2373.83 1423.39 2359.32  2700.84 1347.39 2252.05 1346.64 2253.08  
19171.7 9531.12 15977.6 9579.47 15884  13005.3 6443.47 10867.7 6532.15 10770.3  8879.94 4464.35 7394.48 4419.27 7456.45  
19171.7 9531.12 15977.6 9579.47 15884  12991.1 6431.18 10869.6 6529.69 10779.6  8876.95 4452.73 7372.19 4424.73 7373.58  
55110.4 27496.9 45846.8 27455.9 45725.8  4469.31 2277.55 3785.9 2321.53 3862.79  386.045 205.797 337.721 204.44 375.876  
2995.17 1495.51 2493.73 1491.43 2493.46  2845.95 1420.45 2370.07 1417.96 2368.73  2698.89 1349.22 2241.88 1343.1 2237.18  
20330.3 10080.3 16989.9 10181.2 16889.9  13417.3 6680.3 11205.5 6714.78 11185.6  8845.38 4418.93 7383.41 4426.41 7392.74  
9557.83 4774.38 7968.62 4758.03 7991.28  8037.71 4032 6681.05 3991.09 6710.87  6749.96 3361.64 5637.99 3375.15 5634.06  
2995.17 1495.51 2493.73 1491.43 2493.46  2840.34 1412.74 2363.55 1418.91 2345.42  2698.82 1342.72 2245.95 1348.29 2229.63  
1786.87 896.782 1487.01 886.124 1498.68  1743.76 870.169 1452.18 868.842 1451  1689.62 842.503 1408.96 842.581 1408.84  
19171.7 9531.12 15977.6 9579.47 15884  12991.1 6431.18 10869.6 6529.69 10779.6  8867.14 4418.98 7395.63 4443.42 7367.14  
2995.17 1495.51 2493.73 1491.43 2493.46  2833.24 1423.3 2349.13 1403.97 2357.22  2701.45 1346.88 2253.28 1347.6 2253.19  
21517.4 10713.1 17963.3 10740.3 17952.2  13830.7 6884.71 11526 6923.56 11459.4  8838.36 4460.26 7335.58 4388.62 7400.2  
22658.7 11183.8 18965.6 11388.1 18758.5  13996 6922.29 11714.8 7043.86 11603.8  8824.9 4458.01 7329.74 4380.46 7414.58  
9557.83 4774.38 7968.62 4758.03 7991.28  7976.39 3990.71 6657.1 3969.89 6700.35  6766.7 3394.13 5622.88 3363.39 5640.5  
55110.4 27496.9 45846.8 27455.9 45725.8  4469.31 2277.55 3785.9 2321.53 3862.79  384.076 205.251 334.801 203.055 371.74  
12570.4 6276.93 10449.2 6258.25 10422.8  9926.88 4963.51 8250.71 4943.69 8238.61  7848.18 3905 6540.43 3929.53 6498.22  
2995.17 1495.51 2493.73 1491.43 2493.46  2845.49 1413.2 2373.83 1423.39 2359.32  2703.24 1350.75 2248.19 1345.9 2245.94  
2995.17 1495.51 2493.73 1491.43 2493.46  2844.83 1413.96 2370.26 1422.08 2354  2702.86 1343.82 2252 1351.14 2237.36  
20330.3 10080.3 16989.9 10181.2 16889.9  13450.3 6702.6 11218.4 6726.16 11191.3  8809.57 4377.09 7370.89 4427.7 7341.01  
20330.3 10080.3 16989.9 10181.2 16889.9  13452.2 6736.81 11200.7 6700.46 11236.1  8899.1 4444.37 7410.56 4453.86 7387  
9557.83 4774.38 7968.62 4758.03 7991.28  8028.46 4024.01 6682.29 3989.48 6716.91  6733.43 3370.52 5613.2 3352.99 5639.98  
22658.7 11183.8 18965.6 11388.1 18758.5  13996 6922.29 11714.8 7043.86 11603.8  8824.9 4458.01 7329.74 4380.46 7414.58  
55110.4 27496.9 45846.8 27455.9 45725.8  4491.7 2295.17 3812.46 2328.28 3921.19  363.899 191.072 310.029 195.527 322.261  
21517.4 10713.1 17963.3 10740.3 17952.2  13746 6898.81 11446.3 6836.81 11523.5  8891.76 4444.77 7396.21 4448.8 7368.21  
1786.87 896.782 1487.01 886.124 1498.68  1723.4 867.067 1434.09 853.083 1451.09  1685.81 844.547 1403.39 837.488 1410.57  
9557.83 4774.38 7968.62 4758.03 7991.28  8058.59 4022.56 6710.17 4017.56 6702.72  6702.08 3354.34 5594.32 3338.03 5631.28  
