5 150 3
21517.4 10713.1 17963.3 10740.3 17952.2  13830.7 6884.71 11526 6923.56 11459.4  8838.36 4460.26 7335.58 4388.62 7400.2  
21517.4 10713.1 17963.3 10740.3 17952.2  13729.3 6850.18 11467.4 6861.38 11487.4  8841.76 4448.53 7349.12 4401.13 7392.94  
21517.4 10713.1 17963.3 10740.3 17952.2  13781.4 6848.56 11514.8 6909.18 11463.6  8812.27 4395.77 7357.85 4417.27 7349.08  
21517.4 10713.1 17963.3 10740.3 17952.2  13729 6816.1 11486.4 6888.42 11442  8886.56 4443.03 7394.83 4445.55 7374.48  
21517.4 10713.1 17963.3 10740.3 17952.2  13832.9 6920.01 11507.8 6897.16 11505.1  8859.13 4414.53 7385.81 4444.14 7345.48  
21517.4 10713.1 17963.3 10740.3 17952.2  13817.2 6906.5 11509.9 6894.44 11515.3  8833.98 4418.39 7366.08 4418.75 7373.86  
21517.4 10713.1 17963.3 10740.3 17952.2  13781.1 6922.49 11459.9 6848.94 11529.5  8856.11 4446.67 7359.21 4415.16 7375.01  
21517.4 10713.1 17963.3 10740.3 17952.2  13781.4 6848.56 11514.8 6909.18 11463.6  8868.98 4454.08 7372.91 4421.13 7396.22  
21517.4 10713.1 17963.3 10740.3 17952.2  13815.3 6871.43 11528.1 6920.89 11469.4  8800.21 4387.7 7353.12 4413.08 7347.01  
21517.4 10713.1 17963.3 10740.3 17952.2  13746 6898.81 11446.3 6836.81 11523.5  8868.69 4455.19 7364.11 4419.48 7377.18  
21517.4 10713.1 17963.3 10740.3 17952.2  13797 6936.24 11457.8 6851.71 11519.1  8782.83 4396.24 7333.6 4390.72 7367.17  
21517.4 10713.1 17963.3 10740.3 17952.2  13815.3 6871.43 11528.1 6920.89 11469.4  8855.59 4423.32 7379.82 4433.89 7364.65  
21517.4 10713.1 17963.3 10740.3 17952.2  13746 6898.81 11446.3 6836.81 11523.5  8891.76 4444.77 7396.21 4448.8 7368.21  
21517.4 10713.1 17963.3 10740.3 17952.2  13817.2 6906.5 11509.9 6894.44 11515.3  8799.51 4375.3 7359.65 4422.54 7330.65  
21517.4 10713.1 17963.3 10740.3 17952.2  13782.7 6883.22 11496.4 6882.52 11509.4  8877.15 4427.66 7389.91 4449.4 7343.95  
55110.4 27496.9 45846.8 27455.9 45725.8  4469.68 2289.16 3779.25 2312.33 3877.68  384.796 196.671 341.796 210.678 364.192  
55110.4 27496.9 45846.8 27455.9 45725.8  4491.7 2295.17 3812.46 2328.28 3921.19  363.899 191.072 310.029 195.527 322.261  
55110.4 27496.9 45846.8 27455.9 45725.8  4483.15 2294.4 3795.46 2320.76 3897.67  371.474 189.922 326.095 203.762 340.238  
55110.4 27496.9 45846.8 27455.9 45725.8  4486.77 2290.7 3813.23 2327.38 3924.71  369.021 195.351 310.26 196.804 320.259  
55110.4 27496.9 45846.8 27455.9 45725.8  4478.86 2301.81 3789.86 2310.69 3916.86  376.872 183.305 334.161 214.308 326.797  
55110.4 27496.9 45846.8 27455.9 45725.8  4480.09 2300.56 3795.89 2312.94 3926.03  375.456 184.742 327.105 211.656 316.237  
55110.4 27496.9 45846.8 27455.9 45725.8  4478.86 2301.81 3789.86 2310.69 3916.86  377.273 183.658 334.087 214.389 326.502  
55110.4 27496.9 45846.8 27455.9 45725.8  4476.66 2266.61 3808.39 2337.54 3870.39  378.065 214.181 316.206 189.754 365.576  
55110.4 27496.9 45846.8 27455.9 45725.8  4471.4 2299.77 3778.6 2305.29 3902.11  384.077 186.57 343.345 218.313 340.547  
55110.4 27496.9 45846.8 27455.9 45725.8  4469.31 2277.55 3785.9 2321.53 3862.79  386.045 205.797 337.721 204.44 375.876  
55110.4 27496.9 45846.8 27455.9 45725.8  4486.1 2279.07 3819.29 2336.31 3909  370.001 205.39 305.184 189.522 333.004  
55110.4 27496.9 45846.8 27455.9 45725.8  4476.66 2266.61 3808.39 2337.54 3870.39  378.393 217.394 315.168 187.76 370.898  
55110.4 27496.9 45846.8 27455.9 45725.8  4469.31 2277.55 3785.9 2321.53 3862.79  384.076 205.251 334.801 203.055 371.74  
55110.4 27496.9 45846.8 27455.9 45725.8  4491.7 2295.17 3812.46 2328.28 3921.19  364.601 191.136 311.455 196.175 324.24  
55110.4 27496.9 45846.8 27455.9 45725.8  4471.4 2299.77 3778.6 2305.29 3902.11  384.077 186.57 343.345 218.313 340.547  
22658.7 11183.8 18965.6 11388.1 18758.5  14150.4 7076.14 11787.8 7059.7 11802  8708.75 4345.34 7275.93 4366.38 7276.55  
22658.7 11183.8 18965.6 11388.1 18758.5  13996 6922.29 11714.8 7043.86 11603.8  8717.73 4355.28 7275.24 4365.36 7280.22  
22658.7 11183.8 18965.6 11388.1 18758.5  14109.4 7020.39 11774 7067.25 11722.1  8787.76 4409.47 7305.85 4385.36 7317.45  
22658.7 11183.8 18965.6 11388.1 18758.5  14029.4 6944.99 11727.9 7055.36 11609.6  8705.27 4346.97 7270.34 4361.02 7278.09  
22658.7 11183.8 18965.6 11388.1 18758.5  14075.3 6997.26 11760.8 7055.52 11716.2  8816.55 4444.7 7320.72 4383.46 7375.92  
22658.7 11183.8 18965.6 11388.1 18758.5  14062 7019.17 11745.2 7026.58 11773.7  8803.74 4412.27 7306.01 4396.84 7281.88  
22658.7 11183.8 18965.6 11388.1 18758.5  14075.3 6997.26 11760.8 7055.52 11716.2  8741.22 4362.32 7283.48 4380.77 7255.64  
22658.7 11183.8 18965.6 11388.1 18758.5  13996 6922.29 11714.8 7043.86 11603.8  8824.9 4458.01 7329.74 4380.46 7414.58  
22658.7 11183.8 18965.6 11388.1 18758.5  14029.4 6944.99 11727.9 7055.36 11609.6  8818 4437.66 7323.37 4389.87 7359.59  
22658.7 11183.8 18965.6 11388.1 18758.5  14121.6 7037.54 11754.6 7063.53 11685.9  8670.92 4313.08 7260.3 4357.95 7249.88  
22658.7 11183.8 18965.6 11388.1 18758.5  14166.1 7089.82 11785.7 7062.42 11791.7  8686.38 4314.01 7265.98 4371.02 7224.06  
22658.7 11183.8 18965.6 11388.1 18758.5  14166.1 7089.82 11785.7 7062.42 11791.7  8727.32 4374.39 7284.79 4360.3 7329.84  
22658.7 11183.8 18965.6 11388.1 18758.5  14022.6 6964.44 11732.2 7034.74 11694.3  8818.62 4432.74 7310.93 4393.74 7311.53  
22658.7 11183.8 18965.6 11388.1 18758.5  13996 6922.29 11714.8 7043.86 11603.8  8717.73 4355.28 7275.24 4365.36 7280.22  
22658.7 11183.8 18965.6 11388.1 18758.5  13996 6922.29 11714.8 7043.86 11603.8  8791.31 4436.88 7311.59 4367.3 7400.56  
2995.17 1495.51 2493.73 1491.43 2493.46  2840.34 1412.74 2363.55 1418.91 2345.42  2698.82 1342.72 2245.95 1348.29 2229.63  
2995.17 1495.51 2493.73 1491.43 2493.46  2833.24 1423.3 2349.13 1403.97 2357.22  2701.45 1346.88 2253.28 1347.6 2253.19  
2995.17 1495.51 2493.73 1491.43 2493.46  2840.34 1412.74 2363.55 1418.91 2345.42  2694.04 1350.53 2242.79 1337.97 2256.55  
2995.17 1495.51 2493.73 1491.43 2493.46  2844.83 1413.96 2370.26 1422.08 2354  2702.86 1343.82 2252 1351.14 2237.36  
2995.17 1495.51 2493.73 1491.43 2493.46  2845.95 1420.45 2370.07 1417.96 2368.73  2698.89 1349.22 2241.88 1343.1 2237.18  
2995.17 1495.51 2493.73 1491.43 2493.46  2845.49 1413.2 2373.83 1423.39 2359.32  2700.84 1347.39 2252.05 1346.64 2253.08  
2995.17 1495.51 2493.73 1491.43 2493.46  2828.1 1416.1 2357.4 1405.56 2372.5  2704.11 1350.61 2249.01 1346.78 2245.29  
2995.17 1495.51 2493.73 1491.43 2493.46  2837.88 1424.56 2356.09 1407.26 2366.1  2703.62 1350.19 2249.07 1346.7 2245.61  
2995.17 1495.51 2493.73 1491.43 2493.46  2838.57 1423.78 2359.78 1408.62 2371.61  2694.13 1349.98 2242.98 1338.48 2255.24  
2995.17 1495.51 2493.73 1491.43 2493.46  2845.27 1421.22 2366.44 1416.63 2363.31  2703.9 1349.62 2252.01 1347.5 2250.89  
2995.17 1495.51 2493.73 1491.43 2493.46  2837.88 1424.56 2356.09 1407.26 2366.1  2697.26 1352.62 2242.75 1339.09 2253.49  
2995.17 1495.51 2493.73 1491.43 2493.46  2845.49 1413.2 2373.83 1423.39 2359.32  2703.24 1350.75 2248.19 1345.9 2245.94  
2995.17 1495.51 2493.73 1491.43 2493.46  2828.1 1416.1 2357.4 1405.56 2372.5  2704.76 1349.88 2252.46 1348.05 2250.43  
2995.17 1495.51 2493.73 1491.43 2493.46  2837.88 1424.56 2356.09 1407.26 2366.1  2694.16 1349.94 2243.16 1338.55 2255.52  
2995.17 1495.51 2493.73 1491.43 2493.46  2835.65 1412.9 2367.73 1414.95 2369.61  2701.33 1347.4 2252.35 1347.06 2252.57  
29233.7 14473.6 24460.8 14657.6 24306.3  15033.6 7529.17 12508.6 7504.13 12515.9  7669.42 3884.71 6364.58 3812.51 6441.52  
29233.7 14473.6 24460.8 14657.6 24306.3  14821.9 7365.07 12402.9 7445.86 12361.6  7772.5 3964.41 6416.19 3840.84 6516.93  
29233.7 14473.6 24460.8 14657.6 24306.3  14990.1 7469.85 12494 7512.16 12431.2  7689.91 3893.82 6381.94 3823.37 6457.06  
29233.7 14473.6 24460.8 14657.6 24306.3  15033.6 7529.17 12508.6 7504.13 12515.9  7665.35 3847.51 6374.66 3837.88 6375.64  
29233.7 14473.6 24460.8 14657.6 24306.3  14939.6 7468.54 12463.3 7468.91 12485.9  7711.14 3876.68 6396.8 3855.12 6390.14  
29233.7 14473.6 24460.8 14657.6 24306.3  14996.7 7504.11 12494.2 7491.43 12509.5  7686.65 3877.26 6381.81 3833.48 6418.94  
29233.7 14473.6 24460.8 14657.6 24306.3  14998.2 7542.08 12474.2 7462.51 12559.5  7682.63 3841.3 6391.48 3858.26 6354.56  
29233.7 14473.6 24460.8 14657.6 24306.3  15033.6 7529.17 12508.6 7504.13 12515.9  7688.65 3897.85 6372.04 3819.13 6444.85  
29233.7 14473.6 24460.8 14657.6 24306.3  14996.7 7504.11 12494.2 7491.43 12509.5  7705.61 3890.22 6389.15 3839.99 6422.21  
29233.7 14473.6 24460.8 14657.6 24306.3  14940 7505.89 12442.7 7439.6 12535.5  7624.22 3804.55 6360.14 3835.29 6330.51  
29233.7 14473.6 24460.8 14657.6 24306.3  14869.6 7365.47 12431.1 7487.29 12305.8  7697.5 3894.96 6389.71 3828.42 6461.86  
29233.7 14473.6 24460.8 14657.6 24306.3  15033.6 7529.17 12508.6 7504.13 12515.9  7696.17 3885.56 6380.99 3835.27 6413.52  
29233.7 14473.6 24460.8 14657.6 24306.3  15033.6 7529.17 12508.6 7504.13 12515.9  7646.79 3834.83 6367.47 3831.51 6372.44  
29233.7 14473.6 24460.8 14657.6 24306.3  14953.9 7445.24 12479.9 7499.68 12424.9  7638.42 3863.22 6348.72 3801.42 6426.75  
29233.7 14473.6 24460.8 14657.6 24306.3  14897.8 7410.31 12449.5 7477.58 12401.7  7762.61 3943.32 6409.93 3848.26 6469.06  
12570.4 6276.93 10449.2 6258.25 10422.8  9917.03 4979.52 8238.42 4922.22 8278.92  7827.31 3892.88 6515.71 3920.07 6457.12  
12570.4 6276.93 10449.2 6258.25 10422.8  9896.59 4927.09 8230.04 4945.36 8165.14  7854.51 3912.58 6544.75 3929.18 6513.45  
12570.4 6276.93 10449.2 6258.25 10422.8  9897.35 4952.2 8215.62 4925.77 8196.46  7831.38 3898.55 6520.44 3919.32 6474.12  
12570.4 6276.93 10449.2 6258.25 10422.8  9926.88 4963.51 8250.71 4943.69 8238.61  7828.57 3934.2 6500.54 3888.17 6530.91  
12570.4 6276.93 10449.2 6258.25 10422.8  9945.22 4965.14 8287.31 4959.65 8288.11  7787.97 3901.24 6457.57 3877.37 6437.49  
12570.4 6276.93 10449.2 6258.25 10422.8  9925.61 4938.21 8264.5 4962.95 8206.56  7828.84 3939.5 6497.67 3884.19 6537.59  
12570.4 6276.93 10449.2 6258.25 10422.8  9897.35 4952.2 8215.62 4925.77 8196.46  7854.35 3907.36 6547.76 3933.27 6506.96  
12570.4 6276.93 10449.2 6258.25 10422.8  9926.88 4963.51 8250.71 4943.69 8238.61  7791.74 3901.57 6465.11 3880.66 6447.67  
12570.4 6276.93 10449.2 6258.25 10422.8  9870.75 4963.62 8178.4 4892.49 8204.96  7872.35 3908.33 6574.16 3949.04 6529  
12570.4 6276.93 10449.2 6258.25 10422.8  9926.88 4963.51 8250.71 4943.69 8238.61  7861.82 3928.42 6548.43 3923.22 6547.8  
12570.4 6276.93 10449.2 6258.25 10422.8  9926.88 4963.51 8250.71 4943.69 8238.61  7848.18 3905 6540.43 3929.53 6498.22  
12570.4 6276.93 10449.2 6258.25 10422.8  9870.75 4963.62 8178.4 4892.49 8204.96  7853.15 3937.65 6534.84 3907.89 6562.56  
12570.4 6276.93 10449.2 6258.25 10422.8  9925.61 4938.21 8264.5 4962.95 8206.56  7826.09 3921.34 6498.87 3896.09 6496.86  
12570.4 6276.93 10449.2 6258.25 10422.8  9870.75 4963.62 8178.4 4892.49 8204.96  7860.94 3924.99 6544.59 3924.93 6530.61  
12570.4 6276.93 10449.2 6258.25 10422.8  9896.59 4927.09 8230.04 4945.36 8165.14  7866.93 3915.94 6563.34 3937.96 6537.27  
1786.87 896.782 1487.01 886.124 1498.68  1723.4 867.067 1434.09 853.083 1451.09  1687.75 846.224 1403.13 837.825 1409.3  
1786.87 896.782 1487.01 886.124 1498.68  1732.82 867.504 1444.41 861.241 1453.31  1678.02 846.336 1390.6 828.877 1403.74  
1786.87 896.782 1487.01 886.124 1498.68  1713.75 867.308 1421.55 844.106 1445.65  1692.43 844.237 1409.62 843.651 1407.75  
1786.87 896.782 1487.01 886.124 1498.68  1743.76 870.169 1452.18 868.842 1451  1689.62 842.503 1408.96 842.581 1408.84  
1786.87 896.782 1487.01 886.124 1498.68  1729.5 872.339 1433.27 854.144 1447.1  1658.4 838.328 1377.82 817.808 1401.76  
1786.87 896.782 1487.01 886.124 1498.68  1725.98 863.28 1440.69 858.533 1450.48  1685.94 839.869 1407.66 841.432 1408.13  
1786.87 896.782 1487.01 886.124 1498.68  1723.4 867.067 1434.09 853.083 1451.09  1685.81 844.547 1403.39 837.488 1410.57  
1786.87 896.782 1487.01 886.124 1498.68  1737.25 870.481 1446.14 862.768 1454.07  1685.6 839.655 1407.5 841.306 1408.02  
1786.87 896.782 1487.01 886.124 1498.68  1737.25 870.481 1446.14 862.768 1454.07  1671.97 841.133 1391.34 827.803 1407.58  
1786.87 896.782 1487.01 886.124 1498.68  1729.93 871.851 1435.57 854.991 1450.53  1687.56 846.08 1403.09 837.769 1409.31  
1786.87 896.782 1487.01 886.124 1498.68  1729.93 871.851 1435.57 854.991 1450.53  1690.04 842.453 1409.46 842.995 1408.85  
1786.87 896.782 1487.01 886.124 1498.68  1729.5 872.339 1433.27 854.144 1447.1  1687.16 846.531 1400.96 836.986 1406.14  
1786.87 896.782 1487.01 886.124 1498.68  1741.8 868.47 1452.44 868.5 1452.28  1685.47 839.715 1407.31 841.135 1408.07  
1786.87 896.782 1487.01 886.124 1498.68  1729.93 871.851 1435.57 854.991 1450.53  1674.69 837.418 1398.06 833.32 1407.1  
1786.87 896.782 1487.01 886.124 1498.68  1716.44 862.772 1430.3 850.329 1448.21  1658.78 838.611 1377.91 817.918 1401.72  
19171.7 9531.12 15977.6 9579.47 15884  12982.1 6441.41 10821.4 6511.97 10707.5  8880.91 4472.27 7375.17 4413.17 7425.24  
19171.7 9531.12 15977.6 9579.47 15884  13028.8 6482.25 10882.3 6522.72 10853  8882.42 4460.71 7388.47 4424.01 7423.46  
19171.7 9531.12 15977.6 9579.47 15884  13002.3 6446.89 10851.6 6526.25 10746.3  8861.51 4416.37 7390.42 4440.51 7361.21  
19171.7 9531.12 15977.6 9579.47 15884  12981.6 6478.05 10788 6481.61 10725.2  8886.28 4430.73 7431.67 4452.37 7441.06  
19171.7 9531.12 15977.6 9579.47 15884  13045.4 6528.08 10863.1 6500.34 10886.8  8867.14 4437.42 7395.94 4429.39 7419.25  
19171.7 9531.12 15977.6 9579.47 15884  13042.3 6531.62 10846.5 6494.22 10861.9  8860.61 4420.86 7379.53 4436.03 7347.59  
19171.7 9531.12 15977.6 9579.47 15884  13005.3 6443.47 10867.7 6532.15 10770.3  8879.94 4464.35 7394.48 4419.27 7456.45  
19171.7 9531.12 15977.6 9579.47 15884  12991.1 6431.18 10869.6 6529.69 10779.6  8867.14 4418.98 7395.63 4443.42 7367.14  
19171.7 9531.12 15977.6 9579.47 15884  13021.3 6525.94 10815.1 6479.42 10821.8  8857.51 4389.15 7413.02 4459.51 7353.88  
19171.7 9531.12 15977.6 9579.47 15884  13002.3 6446.89 10851.6 6526.25 10746.3  8863.58 4414.03 7401.37 4444.53 7377.67  
19171.7 9531.12 15977.6 9579.47 15884  12982.1 6441.41 10821.4 6511.97 10707.5  8886.11 4442.34 7420.99 4442.67 7446.68  
19171.7 9531.12 15977.6 9579.47 15884  12991.1 6431.18 10869.6 6529.69 10779.6  8876.95 4452.73 7372.19 4424.73 7373.58  
19171.7 9531.12 15977.6 9579.47 15884  12981.6 6478.05 10788 6481.61 10725.2  8879.89 4437.85 7398.11 4440.04 7390.74  
19171.7 9531.12 15977.6 9579.47 15884  13028.8 6482.25 10882.3 6522.72 10853  8872.4 4452 7389.81 4422.26 7430.03  
19171.7 9531.12 15977.6 9579.47 15884  13040.2 6498.25 10864 6519.21 10819.1  8861.25 4431.45 7373.95 4428.07 7361.1  
20330.3 10080.3 16989.9 10181.2 16889.9  13411.4 6649.79 11205.3 6733.36 11115.6  8914.38 4496.64 7397.26 4425.75 7457.32  
20330.3 10080.3 16989.9 10181.2 16889.9  13452.2 6736.81 11200.7 6700.46 11236.1  8833.89 4422.08 7372.87 4413.85 7405.03  
20330.3 10080.3 16989.9 10181.2 16889.9  13328.8 6596.79 11165.5 6702.38 11089.3  8909.09 4467.98 7415.33 4443.95 7439.26  
20330.3 10080.3 16989.9 10181.2 16889.9  13462.1 6719.15 11199.6 6722.56 11156.3  8895.73 4450.32 7410.94 4446.36 7413.92  
20330.3 10080.3 16989.9 10181.2 16889.9  13426 6662.51 11203.3 6735.9 11106  8907.98 4469.42 7409.66 4441.83 7430.91  
20330.3 10080.3 16989.9 10181.2 16889.9  13417.3 6680.3 11205.5 6714.78 11185.6  8845.38 4418.93 7383.41 4426.41 7392.74  
20330.3 10080.3 16989.9 10181.2 16889.9  13422.9 6666.04 11186.8 6729.81 11081.2  8909.02 4468.22 7415.28 4443.89 7439.27  
20330.3 10080.3 16989.9 10181.2 16889.9  13450.3 6702.6 11218.4 6726.16 11191.3  8809.57 4377.09 7370.89 4427.7 7341.01  
20330.3 10080.3 16989.9 10181.2 16889.9  13452.2 6736.81 11200.7 6700.46 11236.1  8899.1 4444.37 7410.56 4453.86 7387  
20330.3 10080.3 16989.9 10181.2 16889.9  13450.3 6702.6 11218.4 6726.16 11191.3  8899.74 4455.9 7404.54 4445.13 7402.11  
20330.3 10080.3 16989.9 10181.2 16889.9  13452.2 6736.81 11200.7 6700.46 11236.1  8868.25 4443.4 7391.52 4427.45 7419.23  
20330.3 10080.3 16989.9 10181.2 16889.9  13426 6662.51 11203.3 6735.9 11106  8909.41 4492.33 7397.92 4424.89 7460.58  
20330.3 10080.3 16989.9 10181.2 16889.9  13379 6627.88 11192.7 6722.18 11110  8888.24 4437.2 7405.94 4449.52 7385.7  
20330.3 10080.3 16989.9 10181.2 16889.9  13422.9 6666.04 11186.8 6729.81 11081.2  8900.42 4482.37 7404.88 4425.21 7475.58  
20330.3 10080.3 16989.9 10181.2 16889.9  13467.4 6749.99 11198.7 6703.1 11226.1  8866.02 4407.19 7391.68 4453.66 7324.06  
9557.83 4774.38 7968.62 4758.03 7991.28  8029.41 4001.18 6703.54 4009.04 6705.21  6706.67 3357.72 5595.37 3339.37 5630.88  
9557.83 4774.38 7968.62 4758.03 7991.28  8056.68 4024.75 6699.89 4013.78 6687.4  6746.3 3345.86 5644.03 3384.61 5615.38  
9557.83 4774.38 7968.62 4758.03 7991.28  8058.59 4022.56 6710.17 4017.56 6702.72  6702.08 3354.34 5594.32 3338.03 5631.28  
9557.83 4774.38 7968.62 4758.03 7991.28  8008.02 4010.24 6674.31 3982.41 6713.41  6777.64 3384.91 5635.99 3380.53 5618.69  
9557.83 4774.38 7968.62 4758.03 7991.28  8028.64 3981.03 6714.31 4024.57 6678.55  6758.38 3395.68 5613.79 3354.75 5643.98  
9557.83 4774.38 7968.62 4758.03 7991.28  8008.02 4010.24 6674.31 3982.41 6713.41  6710.05 3356.28 5600 3343.56 5629.57  
9557.83 4774.38 7968.62 4758.03 7991.28  8028.46 4024.01 6682.29 3989.48 6716.91  6733.43 3370.52 5613.2 3352.99 5639.98  
9557.83 4774.38 7968.62 4758.03 7991.28  8028.64 3981.03 6714.31 4024.57 6678.55  6767.35 3363.95 5648.2 3388.62 5619.63  
9557.83 4774.38 7968.62 4758.03 7991.28  8056.68 4024.75 6699.89 4013.78 6687.4  6720.83 3346.66 5620.78 3361.2 5627.01  
9557.83 4774.38 7968.62 4758.03 7991.28  7976.39 3990.71 6657.1 3969.89 6700.35  6766.7 3394.13 5622.88 3363.39 5640.5  
9557.83 4774.38 7968.62 4758.03 7991.28  8048.37 3994.32 6722.01 4031.39 6681.94  6722.13 3351.46 5617.25 3358.41 5627.88  
9557.83 4774.38 7968.62 4758.03 7991.28  8037.71 4032 6681.05 3991.09 6710.87  6749.96 3361.64 5637.99 3375.15 5634.06  
9557.83 4774.38 7968.62 4758.03 7991.28  7964.46 4008.22 6626.59 3944.69 6703.14  6760.95 3348.46 5655.74 3395.62 5612.89  
9557.83 4774.38 7968.62 4758.03 7991.28  7976.39 3990.71 6657.1 3969.89 6700.35  6775.68 3362.42 5657.35 3397.36 5616.17  
9557.83 4774.38 7968.62 4758.03 7991.28  8049.5 4014.71 6711.39 4015.98 6708.66  6730.09 3372 5608.58 3348.81 5641.3  
