5 22 22 3
500 200
3200 3200 3200 3200 3200 
1518.23 322.98 1
0.0690567 1 10
3218.67
3202.09
3208.55
3201.23
3201.84
3198.45
3223.4
3202.34
3222.64
3217.29
3196.99
3200.85
3202.41
3200.37
3197.01
3202.91
3219.44
3205.81
3198.16
3210.18
3202.95
3199.22
43.8296 -1.69479
45.0513 1.14646
44.1561 0.30853
45.8738 -1.51792
46.8292 0.85952
45.2783 -0.25275
43.4675 1.42983
45.3167 -1.49379
43.3671 0.82888
43.588 -0.25307
45.9033 -0.12496
46.8133 0.51989
45.3063 1.48699
45.7806 -1.349
45.9571 -0.13055
46.185 1.72823
43.5156 -0.70792
44.5642 1.07304
46.1634 0.68407
44.7028 2.03174
47.008 -0.76588
46.152 1.02257
44.7864 -0.24405
43.8894 0.18434
46.4964 0.51316
46.9066 0.52415
43.8917 0.39644
