5 33 3
23371.7 11645.1 19471.9 11657.5 19421.5  14261.2 7098.02 11898.5 7143.34 11845.2  8710.02 4375.47 7249.49 4344.79 7285.66  
52099.7 25856.6 43456.6 26068.7 43136  6829.43 3544.94 5658.27 3408.41 5856.55  929.088 515.255 769.7 454.108 871.221  
52099.7 25856.6 43456.6 26068.7 43136  6840.11 3547.96 5674.1 3415.88 5877.74  917.129 508.614 755.054 448.092 847.069  
8371.66 4143.73 6989.58 4197.73 6917.73  7141.44 3521.57 5962.01 3593.94 5859.35  6218.79 3116.37 5175.32 3092.88 5196.72  
38934.9 19432 32386.6 19392.6 32311.7  13636.3 6862.2 11373.8 6813.49 11479.4  4819.55 2389.7 4047.08 2460.23 3999.52  
14365.2 7187.35 11951 7141.14 11976.5  10922 5418.37 9127.68 5476.17 9072.07  8294.96 4172.68 6884.93 4118.67 6921.35  
41879.2 20742.6 34973.9 20988.9 34666.6  12640.5 6423.41 10466.1 6278.89 10598  3829.82 1967.04 3189.96 1909.79 3292.31  
10157.7 5095.39 8430.97 5038.35 8454.86  8428.82 4221.1 7021.83 4191.75 7057.96  7011.47 3512.62 5834.62 3489.24 5853.64  
21452.5 10595.7 17963.2 10776.4 17799.3  13798.6 6858.76 11514.6 6915.31 11446.1  8884.91 4469.63 7384.68 4422.93 7427.67  
23371.7 11645.1 19471.9 11657.5 19421.5  14216.4 7045.68 11867.1 7144.46 11739  8717.66 4387.23 7263.05 4342.65 7333.47  
14316.7 7071.73 11981.7 7191.25 11863.4  10779.7 5327.15 9043.27 5421.76 8986.88  8329.43 4147.6 6942.77 4169.76 6907.74  
14365.2 7187.35 11951 7141.14 11976.5  10922 5418.37 9127.68 5476.17 9072.07  8318.53 4160.63 6925.79 4149.99 6929.03  
10157.7 5095.39 8430.97 5038.35 8454.86  8351.19 4216.37 6907.39 4124.12 6960.22  6990.11 3504.13 5802.17 3476.11 5804.26  
23371.7 11645.1 19471.9 11657.5 19421.5  14210.5 7060.75 11887 7128.51 11849.6  8707.13 4400.25 7222.49 4321.87 7292.87  
14365.2 7187.35 11951 7141.14 11976.5  10935.9 5456.68 9111.6 5457.39 9100.28  8239.52 4151.11 6851.71 4086.56 6926.4  
10157.7 5095.39 8430.97 5038.35 8454.86  8351.19 4216.37 6907.39 4124.12 6960.22  6990.11 3504.13 5802.17 3476.11 5804.26  
52099.7 25856.6 43456.6 26068.7 43136  6860.09 3576.23 5680.57 3412.2 5917.72  902.604 490.807 749.125 449.089 821.656  
38934.9 19432 32386.6 19392.6 32311.7  13646.4 6843.89 11372.9 6836.59 11396.9  4814.13 2400.22 4053.79 2447.51 4061.81  
41879.2 20742.6 34973.9 20988.9 34666.6  12651.2 6445.83 10496.9 6272.24 10713  3822.95 1961.49 3163.4 1907.14 3225.31  
52099.7 25856.6 43456.6 26068.7 43136  6861.19 3594.59 5671.39 3399.12 5941.29  898.205 469.518 754.014 461.403 787.235  
23371.7 11645.1 19471.9 11657.5 19421.5  14261.2 7098.02 11898.5 7143.34 11845.2  8710.02 4375.47 7249.49 4344.79 7285.66  
23371.7 11645.1 19471.9 11657.5 19421.5  14237.3 7132.09 11827.2 7093.19 11821.4  8717.96 4339.98 7288.78 4380.95 7265.93  
22152.7 11000.6 18462.8 11078.7 18320.6  13976.9 6974.2 11643.9 6984.41 11616.1  8801.32 4410.36 7324.03 4396.42 7329.89  
41879.2 20742.6 34973.9 20988.9 34666.6  12660.4 6428.93 10495.9 6292.92 10636.8  3783.12 1926.75 3153.07 1898.79 3212.09  
8371.66 4143.73 6989.58 4197.73 6917.73  7169.72 3542.48 6004.96 3603.63 5952.56  6206.95 3091.6 5178.45 3102.17 5167.63  
14365.2 7187.35 11951 7141.14 11976.5  10849.1 5467.23 9007.42 5370.39 9097.35  8325.43 4119.82 6966.87 4189.62 6901.53  
41879.2 20742.6 34973.9 20988.9 34666.6  12541.3 6294.23 10460.1 6292.43 10496.1  3874.17 2029.85 3187.43 1898.46 3341.51  
38934.9 19432 32386.6 19392.6 32311.7  13666.2 6814.85 11424.3 6878.58 11394  4778.78 2424.99 3979.22 2394.54 4034.68  
22152.7 11000.6 18462.8 11078.7 18320.6  13924.3 6902.22 11649.9 6995.65 11573.7  8834.69 4440.58 7342.64 4402.11 7372.24  
23371.7 11645.1 19471.9 11657.5 19421.5  14260.1 7138.28 11861.4 7109.39 11865.3  8693.27 4336.18 7243.9 4360.86 7206.23  
38934.9 19432 32386.6 19392.6 32311.7  13644.6 6809 11391.9 6863.23 11352.5  4807.04 2434.32 4017.14 2413.14 4082.2  
21452.5 10595.7 17963.2 10776.4 17799.3  13854 6926.59 11526 6910.58 11514.1  8735.89 4328.57 7317.3 4401.91 7265.6  
23371.7 11645.1 19471.9 11657.5 19421.5  14216.4 7045.68 11867.1 7144.46 11739  8717.66 4387.23 7263.05 4342.65 7333.47  
