5 100 3
21452.5 10595.7 17963.2 10776.4 17799.3  13720.4 6785.1 11469.5 6903.68 11336.3  8783.14 4377.66 7337.48 4404.38 7327.95  
21452.5 10595.7 17963.2 10776.4 17799.3  13765.2 6836.16 11501.6 6903.83 11440.4  8771.58 4380.08 7326.9 4392.67 7338.09  
21452.5 10595.7 17963.2 10776.4 17799.3  13735.2 6797.98 11467.5 6906.24 11326.6  8831.55 4408.05 7363.99 4423.47 7348.61  
21452.5 10595.7 17963.2 10776.4 17799.3  13798.6 6858.76 11514.6 6915.31 11446.1  8859.19 4434.42 7376.05 4427.65 7377.39  
21452.5 10595.7 17963.2 10776.4 17799.3  13854 6926.59 11526 6910.58 11514.1  8735.89 4328.57 7317.3 4401.91 7265.6  
21452.5 10595.7 17963.2 10776.4 17799.3  13806 6925.09 11496.4 6869.61 11564.3  8785.32 4349.33 7345.46 4429.37 7261.42  
21452.5 10595.7 17963.2 10776.4 17799.3  13765.2 6836.16 11501.6 6903.83 11440.4  8871.12 4442.4 7380.71 4431.78 7379.42  
21452.5 10595.7 17963.2 10776.4 17799.3  13798.6 6858.76 11514.6 6915.31 11446.1  8884.91 4469.63 7384.68 4422.93 7427.67  
21452.5 10595.7 17963.2 10776.4 17799.3  13713.6 6804.1 11473.7 6883.49 11419  8785.46 4371.06 7335.96 4411.58 7298.91  
21452.5 10595.7 17963.2 10776.4 17799.3  13643.8 6762.56 11430.7 6854.29 11382.1  8884.45 4467.62 7388.02 4423.97 7432.73  
41879.2 20742.6 34973.9 20988.9 34666.6  12663.4 6425.49 10511.7 6298.73 10660.8  3813.5 1976.75 3148.26 1886.92 3254.21  
41879.2 20742.6 34973.9 20988.9 34666.6  12618.4 6391.75 10501.5 6285.65 10664.7  3841.48 1995.3 3160.78 1897.04 3261.83  
41879.2 20742.6 34973.9 20988.9 34666.6  12582.3 6341.61 10489.5 6292.57 10592.5  3845.62 1997.39 3166.93 1898.35 3274.91  
41879.2 20742.6 34973.9 20988.9 34666.6  12651.2 6445.83 10496.9 6272.24 10713  3822.95 1961.49 3163.4 1907.14 3225.31  
41879.2 20742.6 34973.9 20988.9 34666.6  12623.6 6378.11 10483.9 6299.72 10565.1  3837.4 1994.63 3178.11 1894.51 3318.07  
41879.2 20742.6 34973.9 20988.9 34666.6  12604 6372.7 10454.7 6285.94 10527  3844.06 1986.42 3194.23 1906.88 3318.99  
41879.2 20742.6 34973.9 20988.9 34666.6  12541.3 6294.23 10460.1 6292.43 10496.1  3874.17 2029.85 3187.43 1898.46 3341.51  
41879.2 20742.6 34973.9 20988.9 34666.6  12640.5 6423.41 10466.1 6278.89 10598  3829.82 1967.04 3189.96 1909.79 3292.31  
41879.2 20742.6 34973.9 20988.9 34666.6  12626.5 6374.73 10499.4 6305.41 10588.7  3815.01 1974.71 3159.99 1889.4 3277.58  
41879.2 20742.6 34973.9 20988.9 34666.6  12660.4 6428.93 10495.9 6292.92 10636.8  3783.12 1926.75 3153.07 1898.79 3212.09  
10157.7 5095.39 8430.97 5038.35 8454.86  8438.51 4229.48 7020.52 4193.44 7051.61  6972.28 3509.76 5793.26 3456.11 5845.71  
10157.7 5095.39 8430.97 5038.35 8454.86  8419.72 4208.59 6990.13 4192.42 6965.17  6997.37 3497.38 5814.67 3488.28 5797.42  
10157.7 5095.39 8430.97 5038.35 8454.86  8428.82 4221.1 7021.83 4191.75 7057.96  7011.47 3512.62 5834.62 3489.24 5853.64  
10157.7 5095.39 8430.97 5038.35 8454.86  8436.46 4231.81 7009.53 4189.39 7035.23  6959.23 3508.18 5768.31 3445.08 5812.34  
10157.7 5095.39 8430.97 5038.35 8454.86  8351.19 4216.37 6907.39 4124.12 6960.22  6990.11 3504.13 5802.17 3476.11 5804.26  
10157.7 5095.39 8430.97 5038.35 8454.86  8436.46 4231.81 7009.53 4189.39 7035.23  6975.77 3501.52 5785.09 3465.22 5791.68  
10157.7 5095.39 8430.97 5038.35 8454.86  8422.65 4228.08 6988.84 4179.61 7008.82  7012.52 3511.44 5840.19 3491.28 5861.98  
10157.7 5095.39 8430.97 5038.35 8454.86  8438.51 4229.48 7020.52 4193.44 7051.61  6996.66 3510.03 5808.5 3477.45 5819.18  
10157.7 5095.39 8430.97 5038.35 8454.86  8391.22 4230.11 6959.32 4149.84 7024.12  6983.39 3501.81 5793.49 3471.82 5793.54  
10157.7 5095.39 8430.97 5038.35 8454.86  8393.31 4227.74 6970.5 4153.96 7040.77  6983.05 3502.21 5791.62 3471.13 5790.75  
23371.7 11645.1 19471.9 11657.5 19421.5  14263.5 7134.42 11879.7 7116.1 11892.5  8684.45 4373.96 7214 4322.48 7259.24  
23371.7 11645.1 19471.9 11657.5 19421.5  14210.5 7060.75 11887 7128.51 11849.6  8707.13 4400.25 7222.49 4321.87 7292.87  
23371.7 11645.1 19471.9 11657.5 19421.5  14245.5 7084.33 11900.6 7140.59 11855.6  8716.16 4380.79 7248.67 4345.85 7281.64  
23371.7 11645.1 19471.9 11657.5 19421.5  14210.5 7060.75 11887 7128.51 11849.6  8718.68 4359.13 7266.78 4365.51 7261.35  
23371.7 11645.1 19471.9 11657.5 19421.5  14245.5 7084.33 11900.6 7140.59 11855.6  8714.1 4383.17 7237.55 4341.76 7264.99  
23371.7 11645.1 19471.9 11657.5 19421.5  14260.1 7138.28 11861.4 7109.39 11865.3  8693.27 4336.18 7243.9 4360.86 7206.23  
23371.7 11645.1 19471.9 11657.5 19421.5  14261.2 7098.02 11898.5 7143.34 11845.2  8710.02 4375.47 7249.49 4344.79 7285.66  
23371.7 11645.1 19471.9 11657.5 19421.5  14237.3 7132.09 11827.2 7093.19 11821.4  8717.96 4339.98 7288.78 4380.95 7265.93  
23371.7 11645.1 19471.9 11657.5 19421.5  14226.6 7151.15 11828.1 7069.2 11907  8722.12 4332.6 7288.43 4390.29 7232.82  
23371.7 11645.1 19471.9 11657.5 19421.5  14216.4 7045.68 11867.1 7144.46 11739  8717.66 4387.23 7263.05 4342.65 7333.47  
14365.2 7187.35 11951 7141.14 11976.5  10935.9 5456.68 9111.6 5457.39 9100.28  8299.9 4150.11 6899.03 4141.11 6880.93  
14365.2 7187.35 11951 7141.14 11976.5  10935.9 5456.68 9111.6 5457.39 9100.28  8285.1 4129.4 6922.81 4145.66 6924.86  
14365.2 7187.35 11951 7141.14 11976.5  10922 5418.37 9127.68 5476.17 9072.07  8318.53 4160.63 6925.79 4149.99 6929.03  
14365.2 7187.35 11951 7141.14 11976.5  10935.9 5456.68 9111.6 5457.39 9100.28  8239.52 4151.11 6851.71 4086.56 6926.4  
14365.2 7187.35 11951 7141.14 11976.5  10867.2 5439.97 9062.9 5409.65 9114.8  8294.48 4163.83 6879.99 4124.78 6885.19  
14365.2 7187.35 11951 7141.14 11976.5  10922 5418.37 9127.68 5476.17 9072.07  8317.2 4139.4 6936.78 4165.88 6901.5  
14365.2 7187.35 11951 7141.14 11976.5  10867.2 5439.97 9062.9 5409.65 9114.8  8263.49 4165.82 6850.93 4095.4 6900.22  
14365.2 7187.35 11951 7141.14 11976.5  10887 5467.66 9031.11 5403.55 9056.06  8305.33 4158.57 6918.75 4139.87 6941.29  
14365.2 7187.35 11951 7141.14 11976.5  10849.1 5467.23 9007.42 5370.39 9097.35  8325.43 4119.82 6966.87 4189.62 6901.53  
14365.2 7187.35 11951 7141.14 11976.5  10922 5418.37 9127.68 5476.17 9072.07  8294.96 4172.68 6884.93 4118.67 6921.35  
14316.7 7071.73 11981.7 7191.25 11863.4  10779.7 5327.15 9043.27 5421.76 8986.88  8338.55 4155.54 6941.56 4171.33 6901.79  
14316.7 7071.73 11981.7 7191.25 11863.4  10774.4 5302.63 9042.14 5436.12 8929.76  8237.3 4095.13 6892.43 4129.55 6882.5  
14316.7 7071.73 11981.7 7191.25 11863.4  10834.9 5359.86 9077.26 5444.85 9016.07  8340.42 4172.77 6942.74 4159.77 6947.84  
14316.7 7071.73 11981.7 7191.25 11863.4  10779.7 5327.15 9043.27 5421.76 8986.88  8329.43 4147.6 6942.77 4169.76 6907.74  
14316.7 7071.73 11981.7 7191.25 11863.4  10911.3 5416.12 9094.61 5467.13 9009.54  8247.02 4093.76 6905.83 4139.75 6886.04  
14316.7 7071.73 11981.7 7191.25 11863.4  10779.7 5327.15 9043.27 5421.76 8986.88  8278.15 4114.54 6918.07 4150.57 6891.37  
14316.7 7071.73 11981.7 7191.25 11863.4  10906.8 5427.71 9109.85 5454.92 9094.4  8271.19 4123.19 6909.83 4137.85 6912.57  
14316.7 7071.73 11981.7 7191.25 11863.4  10851.8 5355.04 9072.36 5462.84 8943.11  8319.39 4151.15 6924.35 4157.72 6896.73  
14316.7 7071.73 11981.7 7191.25 11863.4  10933.6 5445.83 9120.31 5464.17 9099.02  8296.4 4138.54 6924.47 4148.11 6924.55  
14316.7 7071.73 11981.7 7191.25 11863.4  10774.4 5302.63 9042.14 5436.12 8929.76  8337.93 4163.54 6931.59 4164.12 6899.89  
8371.66 4143.73 6989.58 4197.73 6917.73  7141.44 3521.57 5962.01 3593.94 5859.35  6217.3 3118.06 5167.39 3089.97 5184.84  
8371.66 4143.73 6989.58 4197.73 6917.73  7202.86 3588.17 5991.63 3595.79 5955.57  6180.07 3065.83 5151.32 3098.15 5097.96  
8371.66 4143.73 6989.58 4197.73 6917.73  7217.08 3607.74 6008.16 3593.4 6014.76  6185.15 3072.3 5172.06 3098.35 5156.36  
8371.66 4143.73 6989.58 4197.73 6917.73  7141.44 3521.57 5962.01 3593.94 5859.35  6217.79 3100.48 5183.53 3104.72 5176.07  
8371.66 4143.73 6989.58 4197.73 6917.73  7169.72 3542.48 6004.96 3603.63 5952.56  6206.95 3091.6 5178.45 3102.17 5167.63  
8371.66 4143.73 6989.58 4197.73 6917.73  7202.86 3588.17 5991.63 3595.79 5955.57  6155.94 3033.83 5153.08 3102.51 5078.67  
8371.66 4143.73 6989.58 4197.73 6917.73  7154.03 3522.69 5987.12 3604.88 5893.37  6176.23 3059.85 5169.06 3100.16 5138.27  
8371.66 4143.73 6989.58 4197.73 6917.73  7194.91 3560.98 6010.68 3610.98 5950.4  6157.05 3037.53 5150.43 3100.39 5079.37  
8371.66 4143.73 6989.58 4197.73 6917.73  7190.27 3570.49 6011.87 3599.67 5993.06  6199.73 3092.69 5154.14 3094.14 5127.1  
8371.66 4143.73 6989.58 4197.73 6917.73  7141.44 3521.57 5962.01 3593.94 5859.35  6218.79 3116.37 5175.32 3092.88 5196.72  
22152.7 11000.6 18462.8 11078.7 18320.6  13966.7 6992.54 11645.1 6961.47 11699.1  8812.57 4419 7345.16 4400.22 7378.67  
22152.7 11000.6 18462.8 11078.7 18320.6  13980.2 6970.47 11661.5 6990.86 11642.3  8815.42 4438.19 7326.53 4387 7376.18  
22152.7 11000.6 18462.8 11078.7 18320.6  13982.4 7006.22 11643 6964.2 11688.8  8816.71 4422.61 7344.6 4400.94 7375.95  
22152.7 11000.6 18462.8 11078.7 18320.6  13924.3 6902.22 11649.9 6995.65 11573.7  8836.77 4438.2 7353.7 4406.17 7388.9  
22152.7 11000.6 18462.8 11078.7 18320.6  13914.5 6913.2 11598.3 6976.66 11496.3  8824.25 4432.73 7340.83 4399.28 7373.62  
22152.7 11000.6 18462.8 11078.7 18320.6  13976.9 6974.2 11643.9 6984.41 11616.1  8801.32 4410.36 7324.03 4396.42 7329.89  
22152.7 11000.6 18462.8 11078.7 18320.6  13924.3 6902.22 11649.9 6995.65 11573.7  8834.69 4440.58 7342.64 4402.11 7372.24  
22152.7 11000.6 18462.8 11078.7 18320.6  13874.5 6897.78 11550.7 6952.4 11439  8813.47 4403.33 7350.3 4413.15 7345.08  
22152.7 11000.6 18462.8 11078.7 18320.6  13924.3 6902.22 11649.9 6995.65 11573.7  8821.9 4459.5 7309.62 4375.24 7374.11  
22152.7 11000.6 18462.8 11078.7 18320.6  13966.7 6992.54 11645.1 6961.47 11699.1  8820.42 4430.05 7332.56 4397.8 7355.28  
38934.9 19432 32386.6 19392.6 32311.7  13632.9 6865.97 11355.9 6806.91 11452.7  4799.98 2379.84 4030.21 2450.27 3981.83  
38934.9 19432 32386.6 19392.6 32311.7  13646.4 6843.89 11372.9 6836.59 11396.9  4814.13 2400.22 4053.79 2447.51 4061.81  
38934.9 19432 32386.6 19392.6 32311.7  13644.6 6809 11391.9 6863.23 11352.5  4807.04 2434.32 4017.14 2413.14 4082.2  
38934.9 19432 32386.6 19392.6 32311.7  13569.2 6844.03 11273.2 6765.79 11350.3  4863 2401.41 4112.32 2491.15 4082.62  
38934.9 19432 32386.6 19392.6 32311.7  13636.3 6862.2 11373.8 6813.49 11479.4  4819.55 2389.7 4047.08 2460.23 3999.52  
38934.9 19432 32386.6 19392.6 32311.7  13669.5 6811.21 11441.5 6884.94 11419.8  4797.99 2422.57 4003.16 2413.9 4037.82  
38934.9 19432 32386.6 19392.6 32311.7  13666.2 6814.85 11424.3 6878.58 11394  4778.78 2424.99 3979.22 2394.54 4034.68  
38934.9 19432 32386.6 19392.6 32311.7  13604.7 6793.66 11344.4 6838.9 11295.2  4835.92 2427.91 4073.07 2445.08 4131.05  
38934.9 19432 32386.6 19392.6 32311.7  13610.6 6859.91 11322.4 6791.01 11409.7  4814.72 2395.87 4044.69 2450.77 4024.66  
38934.9 19432 32386.6 19392.6 32311.7  13632.9 6865.97 11355.9 6806.91 11452.7  4809.95 2405.17 4034.35 2438.82 4037.36  
52099.7 25856.6 43456.6 26068.7 43136  6861.19 3594.59 5671.39 3399.12 5941.29  898.205 469.518 754.014 461.403 787.235  
52099.7 25856.6 43456.6 26068.7 43136  6829.43 3544.94 5658.27 3408.41 5856.55  929.088 515.255 769.7 454.108 871.221  
52099.7 25856.6 43456.6 26068.7 43136  6850.12 3591.47 5654.98 3391.37 5919.32  908.936 473.617 771.698 468.114 816.572  
52099.7 25856.6 43456.6 26068.7 43136  6860.09 3576.23 5680.57 3412.2 5917.72  902.604 490.807 749.125 449.089 821.656  
52099.7 25856.6 43456.6 26068.7 43136  6837.49 3555.56 5683.71 3408.27 5933.3  920.39 503.075 746.572 454.88 798.682  
52099.7 25856.6 43456.6 26068.7 43136  6840.11 3547.96 5674.1 3415.88 5877.74  917.129 508.614 755.054 448.092 847.069  
52099.7 25856.6 43456.6 26068.7 43136  6855.22 3585.64 5681.2 3401 5960.2  906.777 482.653 748.576 458.775 784.776  
52099.7 25856.6 43456.6 26068.7 43136  6841.75 3546.08 5682.53 3418.98 5890.89  915.7 510.213 747.73 445.4 835.772  
52099.7 25856.6 43456.6 26068.7 43136  6840.11 3547.96 5674.1 3415.88 5877.74  916.397 509.414 751.677 446.868 841.396  
52099.7 25856.6 43456.6 26068.7 43136  6861.76 3574.32 5689.15 3415.35 5931.1  901.767 491.163 741.582 447.832 804.234  
