4 33 5
22754.2 12641.6 7633.96 12701.3  10123.5 5582.01 3349.22 5592.78  4461.55 2479.89 1478.54 2464.83  1973.5 1123.98 656.804 1096.76  878.373 493.053 288.105 482.012  
19562.8 10807 6529.19 10880.8  10118.5 5592.88 3387.92 5622.88  5307.14 2978.41 1777.67 2956.89  2818.56 1580.35 927.246 1556.5  1472.09 837.02 485.505 815.345  
18236.5 10202.5 6125.55 10205.7  10104.5 5614.83 3376.72 5621.66  5605.22 3103.75 1854.98 3098.23  3102.94 1710.33 1019.07 1704.71  1705.6 939.592 561.608 935.887  
40182.9 22478 13409.9 22435.2  708.173 243.367 219.22 284.533  13.7342 3.59146 5.80171 5.15594  0.19662 0.0435392 0.0923382 0.060797  0.00385629 0.000566831 0.00098249 0.000720507  
18236.5 10202.5 6125.55 10205.7  10113.3 5626.6 3370.62 5623.32  5583.9 3081.1 1861.81 3091.32  3100.43 1704.46 1024.29 1705.54  1712.27 947.109 558.95 937.862  
19562.8 10807 6529.19 10880.8  10203 5655.1 3399.26 5664.47  5267.27 2949.13 1772.25 2937.14  2806.43 1583.5 927.649 1555.33  1465.5 821.002 481.562 806.906  
33097.7 18291.9 10985.9 18375.6  6311.98 3548.21 2115.35 3498.92  1205.96 703.949 428.398 683.603  232.856 145.391 85.2549 134.854  45.5979 28.4178 15.9392 25.7021  
22754.2 12641.6 7633.96 12701.3  10098.6 5602.03 3358.92 5599.98  4470.52 2505.75 1475.8 2472.7  1990.68 1088.4 650.285 1085.3  880.542 493.296 288.873 482.918  
19562.8 10807 6529.19 10880.8  10141.8 5647.71 3405.7 5654.49  5322.34 2971.35 1773.4 2954.98  2809.2 1555.37 916.482 1540.72  1461.61 818.126 480.07 804.468  
12121.7 6808.45 4057 6783.37  8396.47 4740.22 2833.41 4715.12  6095 3344.83 2018 3366.58  4226.68 2340.63 1394.67 2335.95  2992.48 1639.67 983.28 1644.29  
22754.2 12641.6 7633.96 12701.3  10062.7 5574.7 3355.57 5582.93  4499.91 2504.88 1480.73 2480.92  2000.72 1117.12 651.679 1096.72  883.186 492.612 287.172 482.182  
37086 20780.4 12525.8 20805.2  3431.05 1763.63 1016.38 1746.4  349.776 164.959 85.1369 158.242  34.1279 14.6001 7.00278 13.7699  3.62931 1.31167 0.61653 1.27082  
19562.8 10807 6529.19 10880.8  10203 5655.1 3399.26 5664.47  5267.27 2949.13 1772.25 2937.14  2806.43 1583.5 927.649 1555.33  1465.5 821.002 481.562 806.906  
17728.9 9978.51 5939.17 9930.86  9923.57 5556.35 3295.13 5522.3  5767.07 3158.62 1916.17 3182.17  3239.27 1767.89 1087.51 1788.62  1847.76 994.409 608.296 1006.94  
37086 20780.4 12525.8 20805.2  3490.37 1774.86 1019.96 1762.02  291.932 153.207 81.3304 142.51  33.1722 15.1492 7.25121 13.9653  3.23356 1.29023 0.604312 1.20411  
5293.82 2948.3 1768.61 2952.81  4624.59 2555.42 1534.14 2565.95  3990.25 2230.7 1342.19 2232.04  3479.42 1945.82 1165.72 1943.06  3045.16 1692.85 1011.25 1691.52  
15468.8 8593.29 5178.12 8627.54  9518.36 5305.45 3209.21 5319.98  6024.38 3315.57 1987.37 3323.28  3744.33 2070.07 1234.72 2065.04  2314.59 1302.72 769.141 1285.13  
15468.8 8593.29 5178.12 8627.54  9655.61 5337.56 3195.92 5347.8  5951.71 3287.61 1990.44 3302.84  3706.96 2058.56 1237.37 2056.07  2321.94 1299.65 769.686 1285.89  
19562.8 10807 6529.19 10880.8  10199.9 5619.09 3380.04 5641.56  5326.74 2988.81 1782.32 2966.39  2773.39 1576.27 932.396 1549.7  1450.79 825.644 485.067 807.605  
15468.8 8593.29 5178.12 8627.54  9627.71 5360.66 3194.91 5349.04  5937.17 3309.32 1998.84 3311.68  3707.32 2060.7 1239.55 2058.05  2337.91 1281.97 766.066 1281.32  
15468.8 8593.29 5178.12 8627.54  9626.83 5308.55 3202.75 5337.51  5962.52 3298.45 1987.86 3306.71  3706.46 2091.83 1240.25 2067.8  2323.33 1298.67 769.207 1285.56  
19562.8 10807 6529.19 10880.8  10141.8 5647.71 3405.7 5654.49  5366.04 2985.44 1769.37 2965.06  2779.45 1551.15 922.713 1537.54  1461.31 830.159 482.568 809.46  
33097.7 18291.9 10985.9 18375.6  6302.79 3568.66 2117.65 3504.67  1211.6 698.409 425.969 681.517  236.893 133.736 84.6639 131.832  45.1987 26.1049 16.725 25.3819  
12121.7 6808.45 4057 6783.37  8492.82 4758.88 2858.46 4753.7  5907.18 3320.35 1978.17 3300.43  4233.44 2343.08 1403.67 2343.33  3016.2 1642.33 1000.56 1659.7  
37086 20780.4 12525.8 20805.2  3498.14 1781.07 1019.56 1764.98  292.359 149.926 82.4017 142.137  26.0019 12.5264 6.63692 11.6561  2.25591 1.00716 0.54577 0.94326  
5293.82 2948.3 1768.61 2952.81  4575.48 2552.7 1542.08 2560.55  4028.43 2227.03 1330.6 2231.27  3472.49 1946.5 1157.02 1936.85  3048.99 1692.47 1016.06 1694.96  
33097.7 18291.9 10985.9 18375.6  6296.79 3574.76 2143.84 3520.56  1222.22 691.017 406.969 670.206  233.267 134.698 79.1408 128.276  44.4137 26.358 15.4345 24.5846  
37086 20780.4 12525.8 20805.2  3443.96 1772.62 1017.43 1751.97  335.243 156.584 83.6826 152.36  35.35 13.9084 7.36214 13.9837  4.06305 1.38588 0.658258 1.37734  
15468.8 8593.29 5178.12 8627.54  9624.33 5346.09 3210.78 5353.29  5963.48 3284.42 1984.82 3300.76  3718.13 2073.92 1238.67 2063.6  2314.39 1292.06 768.21 1281.29  
40182.9 22478 13409.9 22435.2  710.507 243.896 220.544 285.658  11.4343 3.06892 4.49831 4.0444  0.161144 0.03703 0.0702686 0.0470017  0.00556893 0.000576505 0.00209092 0.00116831  
18236.5 10202.5 6125.55 10205.7  10113.3 5626.6 3370.62 5623.32  5583.9 3081.1 1861.81 3091.32  3100.43 1704.46 1024.29 1705.54  1712.27 947.109 558.95 937.862  
18236.5 10202.5 6125.55 10205.7  10104.5 5614.83 3376.72 5621.66  5605.22 3103.75 1854.98 3098.23  3102.94 1710.33 1019.07 1704.71  1705.6 939.592 561.608 935.887  
5293.82 2948.3 1768.61 2952.81  4553.24 2562.31 1534.61 2554.91  3990.46 2221.96 1342.66 2229.68  3498.45 1944.18 1156.47 1940.69  3051.91 1693.31 1012.32 1693.57  
