4 100 5
15468.8 8593.29 5178.12 8627.54  9627.71 5360.66 3194.91 5349.04  5937.17 3309.32 1998.84 3311.68  3707.32 2060.7 1239.55 2058.05  2337.91 1281.97 766.066 1281.32  
15468.8 8593.29 5178.12 8627.54  9626.83 5308.55 3202.75 5337.51  5962.52 3298.45 1987.86 3306.71  3706.46 2091.83 1240.25 2067.8  2323.33 1298.67 769.207 1285.56  
15468.8 8593.29 5178.12 8627.54  9624.33 5346.09 3210.78 5353.29  5963.48 3284.42 1984.82 3300.76  3718.13 2073.92 1238.67 2063.6  2314.39 1292.06 768.21 1281.29  
15468.8 8593.29 5178.12 8627.54  9582.84 5361.92 3205.4 5347.18  6017.95 3312.36 1984.57 3319.37  3730.43 2057.09 1236.75 2059.6  2310.76 1289.87 766.968 1279.19  
15468.8 8593.29 5178.12 8627.54  9518.36 5305.45 3209.21 5319.98  6022.82 3339.01 1992.35 3333.11  3702.69 2060.05 1235.32 2054.54  2330.83 1297.63 767.02 1285.38  
15468.8 8593.29 5178.12 8627.54  9593.36 5283.02 3199.59 5321.53  5999.56 3354.4 1992.46 3333.49  3725.36 2063.91 1236.44 2060.59  2309.74 1293.23 770.406 1282.06  
15468.8 8593.29 5178.12 8627.54  9647.58 5326.73 3201.52 5346.27  5988.39 3318.89 1989.52 3318.77  3711.27 2079.69 1237.72 2063.48  2286.8 1285.24 770.411 1275.3  
15468.8 8593.29 5178.12 8627.54  9655.61 5337.56 3195.92 5347.8  5951.71 3287.61 1990.44 3302.84  3706.96 2058.56 1237.37 2056.07  2321.94 1299.65 769.686 1285.89  
15468.8 8593.29 5178.12 8627.54  9518.36 5305.45 3209.21 5319.98  6024.38 3315.57 1987.37 3323.28  3744.33 2070.07 1234.72 2065.04  2314.59 1302.72 769.141 1285.13  
15468.8 8593.29 5178.12 8627.54  9655.61 5337.56 3195.92 5347.8  5972.48 3303.49 1992.4 3312.76  3689.8 2059.85 1240.2 2054.87  2315.57 1288.76 768.17 1280.49  
33097.7 18291.9 10985.9 18375.6  6317.26 3568.96 2133.91 3516.93  1205.23 691.164 412.629 670.393  229.852 138.317 81.4954 130.073  44.4157 27.6533 16.8655 25.7678  
33097.7 18291.9 10985.9 18375.6  6296.79 3574.76 2143.84 3520.56  1222.22 691.017 406.969 670.206  233.267 134.698 79.1408 128.276  44.4137 26.358 15.4345 24.5846  
33097.7 18291.9 10985.9 18375.6  6311.98 3548.21 2115.35 3498.92  1205.96 703.949 428.398 683.603  232.856 145.391 85.2549 134.854  45.5979 28.4178 15.9392 25.7021  
33097.7 18291.9 10985.9 18375.6  6309.84 3538.85 2125.57 3501.63  1210.64 718.439 422.42 685.316  231.797 140.321 81.0881 130.793  44.4178 28.5556 15.9645 25.5179  
33097.7 18291.9 10985.9 18375.6  6311.98 3548.21 2115.35 3498.92  1209.93 712.349 429.915 687.697  230.365 139.404 83.8445 131.802  44.4012 26.4872 15.8546 24.8648  
33097.7 18291.9 10985.9 18375.6  6302.79 3568.66 2117.65 3504.67  1211.6 698.409 425.969 681.517  236.893 133.736 84.6639 131.832  45.1987 26.1049 16.725 25.3819  
33097.7 18291.9 10985.9 18375.6  6299.01 3584.46 2133.24 3517.76  1220.42 683.199 415.505 672.47  232.839 132.317 80.3463 128.187  44.4979 26.6762 16.0296 25.0328  
33097.7 18291.9 10985.9 18375.6  6302.79 3568.66 2117.65 3504.67  1214.18 691.32 422.447 677.916  234.722 138.529 87.0019 134.193  44.959 27.6707 17.5295 26.2435  
33097.7 18291.9 10985.9 18375.6  6317.26 3568.96 2133.91 3516.93  1204.66 691.602 411.355 669.686  230.725 138.606 83.7514 131.591  44.1887 27.2517 16.1687 25.2169  
33097.7 18291.9 10985.9 18375.6  6312 3561.74 2137.65 3515.93  1208.48 695.556 410.34 671.01  231.476 140.587 80.3384 130.382  44.7608 28.1591 16.597 25.834  
5293.82 2948.3 1768.61 2952.81  4553.24 2562.31 1534.61 2554.91  4021.63 2233.96 1335.32 2234.91  3502.62 1942.77 1166.43 1946.91  3048.85 1690.81 1015.2 1693.92  
5293.82 2948.3 1768.61 2952.81  4589.75 2567.08 1538.69 2565.66  4025.21 2219.21 1337.55 2232.35  3451.73 1942.19 1162.64 1934.93  3027.25 1693.57 1006.99 1685.88  
5293.82 2948.3 1768.61 2952.81  4589.75 2567.08 1538.69 2565.66  3996.15 2235.36 1334.85 2230.27  3506.69 1930.95 1164.67 1943  3044.32 1688.07 1016.77 1693.14  
5293.82 2948.3 1768.61 2952.81  4609.62 2559.5 1541.27 2568.59  3986.06 2234.67 1328.31 2224.3  3489.3 1932.33 1169.01 1942.71  3024.9 1693.83 1007.03 1685.53  
5293.82 2948.3 1768.61 2952.81  4620.76 2550.23 1536.83 2565.22  4014.9 2234.05 1339.27 2235.99  3473.73 1941.99 1167.86 1942.07  3042.14 1688.99 1016.02 1692.57  
5293.82 2948.3 1768.61 2952.81  4575.48 2552.7 1542.08 2560.55  4028.43 2227.03 1330.6 2231.27  3472.49 1946.5 1157.02 1936.85  3048.99 1692.47 1016.06 1694.96  
5293.82 2948.3 1768.61 2952.81  4589.75 2567.08 1538.69 2565.66  3985.77 2221.35 1342.13 2228.29  3508.03 1932.76 1163.73 1943.26  3053.89 1688.05 1008.08 1689.82  
5293.82 2948.3 1768.61 2952.81  4589.75 2567.08 1538.69 2565.66  3996.15 2235.36 1334.85 2230.27  3501.2 1941.97 1165.96 1946.12  3052.38 1680.53 1013.67 1690.52  
5293.82 2948.3 1768.61 2952.81  4553.24 2562.31 1534.61 2554.91  3990.46 2221.96 1342.66 2229.68  3498.45 1944.18 1156.47 1940.69  3051.91 1693.31 1012.32 1693.57  
5293.82 2948.3 1768.61 2952.81  4624.59 2555.42 1534.14 2565.95  3990.25 2230.7 1342.19 2232.04  3479.42 1945.82 1165.72 1943.06  3045.16 1692.85 1011.25 1691.52  
22754.2 12641.6 7633.96 12701.3  10009.3 5578.74 3355.98 5574.41  4505.92 2504.63 1480.71 2482.03  2027.14 1115 651.462 1100.87  897.612 494.41 286.455 484.96  
22754.2 12641.6 7633.96 12701.3  10088.2 5555.16 3345.92 5576.03  4423.65 2489.2 1481.22 2462.24  2006.59 1128.09 656.481 1104.1  904.899 503.606 289.32 490.841  
22754.2 12641.6 7633.96 12701.3  10088.2 5555.16 3345.92 5576.03  4446.05 2505.28 1484.83 2473.42  2007.86 1131.12 653.687 1103.52  882.588 490.228 288.198 482.011  
22754.2 12641.6 7633.96 12701.3  10088.2 5555.16 3345.92 5576.03  4446.05 2505.28 1484.83 2473.42  2009.99 1114.47 652.503 1098.21  891.144 506.904 289.743 489.506  
22754.2 12641.6 7633.96 12701.3  10077.2 5638.13 3352 5602.92  4491.9 2469.64 1482.73 2469.76  1985.64 1092.22 652.16 1086.64  884.815 488.378 287.495 481.408  
22754.2 12641.6 7633.96 12701.3  10013.3 5539.52 3347.55 5558.17  4552.23 2529.17 1477.77 2496.36  1977.08 1114.64 657.5 1095.07  891.562 497.592 289.769 486.818  
22754.2 12641.6 7633.96 12701.3  10009.3 5578.74 3355.98 5574.41  4543.51 2516.53 1477.3 2490.57  2012.75 1106.61 650.346 1094.97  869.749 484.569 288.654 478.158  
22754.2 12641.6 7633.96 12701.3  10098.6 5602.03 3358.92 5599.98  4470.52 2505.75 1475.8 2472.7  1990.68 1088.4 650.285 1085.3  880.542 493.296 288.873 482.918  
22754.2 12641.6 7633.96 12701.3  10123.5 5582.01 3349.22 5592.78  4461.55 2479.89 1478.54 2464.83  1973.5 1123.98 656.804 1096.76  878.373 493.053 288.105 482.012  
22754.2 12641.6 7633.96 12701.3  10062.7 5574.7 3355.57 5582.93  4499.91 2504.88 1480.73 2480.92  2000.72 1117.12 651.679 1096.72  883.186 492.612 287.172 482.182  
19562.8 10807 6529.19 10880.8  10229.8 5649.44 3372.92 5652.29  5326.43 2971.4 1771.89 2954.89  2765.36 1575.56 940.451 1552.67  1444.04 816.88 488.209 805.524  
19562.8 10807 6529.19 10880.8  10092 5612.07 3397.56 5629.42  5365.08 3002.89 1779.08 2976.01  2820.91 1565.72 915.719 1545.59  1464.89 824.34 484.811 809.736  
19562.8 10807 6529.19 10880.8  10118.5 5592.88 3387.92 5622.88  5307.14 2978.41 1777.67 2956.89  2818.56 1580.35 927.246 1556.5  1472.09 837.02 485.505 815.345  
19562.8 10807 6529.19 10880.8  10203 5655.1 3399.26 5664.47  5306.71 2957.44 1771.39 2946.58  2795.67 1566.85 918.567 1542.91  1451.44 830.798 487.539 810.728  
19562.8 10807 6529.19 10880.8  10199.9 5619.09 3380.04 5641.56  5326.74 2988.81 1782.32 2966.39  2773.39 1576.27 932.396 1549.7  1450.79 825.644 485.067 807.605  
19562.8 10807 6529.19 10880.8  10141.8 5647.71 3405.7 5654.49  5366.04 2985.44 1769.37 2965.06  2779.45 1551.15 922.713 1537.54  1461.31 830.159 482.568 809.46  
19562.8 10807 6529.19 10880.8  10141.8 5647.71 3405.7 5654.49  5322.34 2971.35 1773.4 2954.98  2809.2 1555.37 916.482 1540.72  1461.61 818.126 480.07 804.468  
19562.8 10807 6529.19 10880.8  10167.5 5627.9 3395.91 5647.51  5323.59 2970.28 1772.98 2954.66  2802.27 1570.5 920.989 1546.7  1461.92 834.567 484.959 812.333  
19562.8 10807 6529.19 10880.8  10203 5655.1 3399.26 5664.47  5267.27 2949.13 1772.25 2937.14  2806.43 1583.5 927.649 1555.33  1465.5 821.002 481.562 806.906  
19562.8 10807 6529.19 10880.8  10092 5612.07 3397.56 5629.42  5376.66 2973.11 1763.91 2960.17  2786.39 1588.37 932.952 1556.2  1470.7 823.743 483.347 809.8  
12121.7 6808.45 4057 6783.37  8560.91 4767.73 2866.06 4773.69  6009.45 3332.59 2012.07 3343.23  4223.62 2336.42 1408.9 2342.4  2954.26 1637.77 971.063 1629.33  
12121.7 6808.45 4057 6783.37  8443.53 4748 2817.91 4717.23  5998.27 3341.56 2010.85 3343.27  4255.26 2344.36 1409.96 2351.46  2992.67 1642.17 991.369 1649.86  
12121.7 6808.45 4057 6783.37  8379.77 4736.53 2819.67 4702.77  5940.06 3326.99 1989.59 3315.45  4257.02 2347.78 1411.77 2354  3049.85 1648.69 1001.23 1668.33  
12121.7 6808.45 4057 6783.37  8600.98 4766.61 2856.68 4775.35  5988.35 3339.66 1995.43 3331.65  4221.65 2339.54 1414.15 2346.06  2974.4 1637.14 983.224 1640.06  
12121.7 6808.45 4057 6783.37  8585.11 4763.11 2843.61 4763.6  6024.44 3337.72 1999.37 3340.16  4179.9 2338.43 1408.47 2334.57  2980.82 1639.11 987.617 1644.46  
12121.7 6808.45 4057 6783.37  8396.47 4740.22 2833.41 4715.12  6095 3344.83 2018 3366.58  4226.68 2340.63 1394.67 2335.95  2992.48 1639.67 983.28 1644.29  
12121.7 6808.45 4057 6783.37  8605.29 4763.47 2865.77 4780.54  5886.18 3321.58 1985.65 3301.16  4249.14 2338.62 1394.86 2339.63  2979.77 1645.24 989.124 1647.07  
12121.7 6808.45 4057 6783.37  8492.82 4758.88 2858.46 4753.7  5907.18 3320.35 1978.17 3300.43  4233.44 2343.08 1403.67 2343.33  3016.2 1642.33 1000.56 1659.7  
12121.7 6808.45 4057 6783.37  8540.38 4767.37 2843.52 4756.46  6015.57 3332.71 2018.83 3348.39  4227.91 2336.49 1413.64 2346.02  2989.5 1640.04 987.972 1646.56  
12121.7 6808.45 4057 6783.37  8379.77 4736.53 2819.67 4702.77  6053.95 3348.67 2006.42 3353.3  4209.34 2336.13 1398.04 2333.38  2998.83 1642.37 989.625 1650.09  
17728.9 9978.51 5939.17 9930.86  10024.2 5593.38 3357.48 5589.21  5615.6 3122.01 1873.18 3117.3  3279.5 1770.86 1073.39 1788.75  1856.84 992.995 610.815 1009.64  
17728.9 9978.51 5939.17 9930.86  9971.26 5576.77 3320.77 5552.59  5714.34 3144.04 1915.02 3167.09  3222.58 1761.29 1061.51 1768.28  1866.96 993.863 608.973 1010.7  
17728.9 9978.51 5939.17 9930.86  10024.2 5593.38 3357.48 5589.21  5704.57 3135.55 1877.5 3140.54  3222.75 1761.77 1077.14 1777.56  1851.42 990.818 605.287 1004.7  
17728.9 9978.51 5939.17 9930.86  10024.2 5593.38 3357.48 5589.21  5723.3 3142.36 1889.02 3152.9  3206.72 1758.64 1063.5 1765.61  1822.42 987.506 601.727 996.267  
17728.9 9978.51 5939.17 9930.86  9923.57 5556.35 3295.13 5522.3  5767.07 3158.62 1916.17 3182.17  3239.27 1767.89 1087.51 1788.62  1847.76 994.409 608.296 1006.94  
17728.9 9978.51 5939.17 9930.86  10085.7 5599.53 3350.95 5598.77  5696.57 3139.65 1891.87 3148.71  3234.43 1758.83 1068.13 1773.48  1813.46 988.492 605.829 997.245  
17728.9 9978.51 5939.17 9930.86  10029.5 5589.55 3368.56 5595.53  5702.31 3137.23 1872.71 3137.8  3239.5 1765.85 1068.78 1777.02  1789.1 981.486 594.542 984.053  
17728.9 9978.51 5939.17 9930.86  10157.3 5598.65 3366.46 5621.01  5705.67 3139.54 1893.84 3151.46  3172.05 1757.02 1054.02 1752.99  1814.87 988.823 604.327 996.72  
17728.9 9978.51 5939.17 9930.86  10085.7 5599.53 3350.95 5598.77  5600.54 3121.77 1885.14 3121.35  3248.66 1764.43 1064.5 1775.81  1814.47 987.483 605.362 996.956  
17728.9 9978.51 5939.17 9930.86  10052.7 5587.39 3330.51 5576.83  5721.75 3147.34 1909.65 3166.26  3195.12 1759.09 1066.26 1765.19  1815.83 987.755 603.285 996.027  
18236.5 10202.5 6125.55 10205.7  10113.3 5626.6 3370.62 5623.32  5583.9 3081.1 1861.81 3091.32  3083.76 1712.05 1015.98 1699.88  1719 941.038 565.559 941.169  
18236.5 10202.5 6125.55 10205.7  10113.3 5626.6 3370.62 5623.32  5583.9 3081.1 1861.81 3091.32  3100.43 1704.46 1024.29 1705.54  1712.27 947.109 558.95 937.862  
18236.5 10202.5 6125.55 10205.7  10160.6 5625.29 3359.59 5625.29  5604.39 3089.91 1865.79 3100.15  3079.87 1710.7 1025.21 1704.1  1691.36 940.947 561.691 933.683  
18236.5 10202.5 6125.55 10205.7  10108.1 5630.38 3359.75 5617.11  5541.32 3073.37 1861.83 3081.02  3104.86 1713.82 1020.82 1707.25  1731.41 944.676 565.342 944.472  
18236.5 10202.5 6125.55 10205.7  10027.6 5619.99 3350.63 5593.46  5636.66 3103.52 1860.67 3107.46  3098.31 1704.96 1025.41 1706  1728.67 939.144 569.757 944.85  
18236.5 10202.5 6125.55 10205.7  10104.5 5614.83 3376.72 5621.66  5542.88 3080.29 1854.22 3078.98  3107.39 1716.51 1020 1708.05  1753.59 945.668 565.831 949.112  
18236.5 10202.5 6125.55 10205.7  10104.5 5614.83 3376.72 5621.66  5605.22 3103.75 1854.98 3098.23  3102.94 1710.33 1019.07 1704.71  1705.6 939.592 561.608 935.887  
18236.5 10202.5 6125.55 10205.7  10000.8 5584.09 3369.24 5588.39  5633.86 3100.07 1862.43 3106.97  3135.25 1721.02 1024.23 1717.1  1719.87 944.147 562.423 940.453  
18236.5 10202.5 6125.55 10205.7  10165.7 5621.57 3370.27 5631.39  5564.59 3100.49 1843.26 3082.7  3070.72 1704.45 1027.79 1702.04  1732.89 939 570.154 945.772  
18236.5 10202.5 6125.55 10205.7  10023.9 5604.17 3367.88 5598.09  5670.44 3105.77 1858.75 3113.28  3109.81 1714.21 1021.34 1708.53  1709.37 941.724 562.856 937.987  
40182.9 22478 13409.9 22435.2  702.758 243.728 221.705 285.111  18.7737 3.22937 3.33062 4.54753  0.565139 0.0442504 0.0773665 0.0912712  0.0113709 0.000483713 0.00122351 0.00121151  
40182.9 22478 13409.9 22435.2  708.173 243.367 219.22 284.533  13.7342 3.59146 5.80171 5.15594  0.19662 0.0435392 0.0923382 0.060797  0.00385629 0.000566831 0.00098249 0.000720507  
40182.9 22478 13409.9 22435.2  712.303 243.931 222.266 286.726  9.69138 3.02269 2.79547 2.98512  0.112399 0.0478309 0.0523912 0.0386521  0.00152105 0.000611348 0.000664927 0.000402977  
40182.9 22478 13409.9 22435.2  708.512 244.165 222.292 286.313  13.3352 2.80384 2.78734 3.39711  0.255452 0.0323887 0.0344806 0.0401676  0.00490446 0.000462816 0.00090765 0.000725407  
40182.9 22478 13409.9 22435.2  707.965 243.663 222.696 286.255  13.9484 3.29749 2.38774 3.45924  0.189607 0.0408222 0.0301408 0.0358291  0.00527927 0.000548177 0.000457514 0.000578055  
40182.9 22478 13409.9 22435.2  712.303 243.931 222.266 286.726  9.66303 3.02652 2.81747 2.99208  0.139605 0.0439527 0.0302505 0.0315304  0.00263487 0.000656907 0.000804584 0.000567143  
40182.9 22478 13409.9 22435.2  710.507 243.896 220.544 285.658  11.4343 3.06892 4.49831 4.0444  0.161144 0.03703 0.0702686 0.0470017  0.00556893 0.000576505 0.00209092 0.00116831  
40182.9 22478 13409.9 22435.2  700.9 243.691 219.924 284.005  20.9038 3.26317 5.13405 5.68451  0.298137 0.0469576 0.055394 0.0598205  0.00653338 0.000546336 0.00113291 0.000945396  
40182.9 22478 13409.9 22435.2  708.086 244.321 221.573 285.969  13.6705 2.64421 3.4483 3.70617  0.34468 0.036526 0.0908185 0.0735752  0.00692875 0.000552376 0.0024118 0.00137925  
40182.9 22478 13409.9 22435.2  708.512 244.165 222.292 286.313  13.3757 2.80145 2.76537 3.38935  0.214486 0.0347518 0.055859 0.0476996  0.00550429 0.000485874 0.00148233 0.000961285  
37086 20780.4 12525.8 20805.2  3490.37 1774.86 1019.96 1762.02  291.932 153.207 81.3304 142.51  33.1722 15.1492 7.25121 13.9653  3.23356 1.29023 0.604312 1.20411  
37086 20780.4 12525.8 20805.2  3443.96 1772.62 1017.43 1751.97  335.243 156.584 83.6826 152.36  35.35 13.9084 7.36214 13.9837  4.06305 1.38588 0.658258 1.37734  
37086 20780.4 12525.8 20805.2  3431.05 1763.63 1016.38 1746.4  349.776 164.959 85.1369 158.242  34.1279 14.6001 7.00278 13.7699  3.62931 1.31167 0.61653 1.27082  
37086 20780.4 12525.8 20805.2  3431.05 1763.63 1016.38 1746.4  350.951 165.926 84.9463 158.575  32.8695 13.5978 7.17196 13.3992  3.76759 1.34844 0.64147 1.31726  
37086 20780.4 12525.8 20805.2  3483.02 1786.29 1017.85 1762.97  305.442 144.62 84.005 143.737  27.4438 12.4393 6.7232 11.9189  2.78279 1.16424 0.55991 1.07489  
37086 20780.4 12525.8 20805.2  3498.14 1781.07 1019.56 1764.98  285.045 147.613 81.6911 139.842  32.1731 14.4615 7.27848 13.6323  3.3466 1.36372 0.611009 1.24582  
37086 20780.4 12525.8 20805.2  3431.05 1763.63 1016.38 1746.4  353.46 165.898 85.3265 159.192  31.4645 13.8725 6.8725 13.0579  2.77929 1.12316 0.567106 1.06619  
37086 20780.4 12525.8 20805.2  3431.05 1763.63 1016.38 1746.4  353.794 166.255 85.1725 159.245  30.3459 13.3025 6.96578 12.7947  3.46385 1.31095 0.622359 1.25368  
37086 20780.4 12525.8 20805.2  3498.14 1781.07 1019.56 1764.98  292.359 149.926 82.4017 142.137  26.0019 12.5264 6.63692 11.6561  2.25591 1.00716 0.54577 0.94326  
37086 20780.4 12525.8 20805.2  3452 1779.04 1017.03 1755.03  329.657 150.147 84.4569 149.895  33.1694 13.9252 7.02925 13.447  3.73058 1.37149 0.623704 1.30734  
