2 50 50 5
500 200
2200 1000 
1518.23 322.98 1
0.0690567 1 10
594.973
596.101
595.673
595.37
595.464
596.315
595.134
594.454
596.779
596.098
594.902
596.186
594.429
596.185
594.457
595.746
596.223
594.58
594.813
594.899
596.304
595.428
595.633
595.028
594.699
595.224
594.499
594.863
596.453
594.703
595.567
594.448
596.465
594.479
594.868
595.177
595.023
594.526
595.178
595.721
595.5
595.701
595.693
595.795
594.922
595.624
594.889
594.698
595.278
594.683
44.2532 -0.26377
45.8925 1.94344
45.244 1.76755
44.3395 0.96049
43.8737 -0.36447
44.2645 1.84177
44.5922 -1.68132
45.325 -0.08316
43.3557 -1.54089
44.8366 2.02683
44.3518 -0.726
44.074 1.52764
45.2404 -0.32099
43.4675 -0.61306
45.3946 -0.62436
46.7316 0.25745
46.2443 1.78685
44.7841 -0.73
45.4398 -1.53427
45.7466 0.74199
43.4048 -0.56228
45.7062 1.43779
44.0469 0.84928
46.2055 0.22676
45.7827 0.27641
45.7352 1.19907
44.9152 -0.56868
45.9917 -1.07134
43.4395 0.52998
45.913 -0.71785
43.8195 -0.64034
45.0569 -0.41698
43.7593 1.34237
45.1133 0.01706
45.7645 0.67062
44.418 -1.53411
44.9055 1.02183
44.8592 -0.60761
44.1645 -0.99225
43.7996 0.34274
45.8164 1.44966
44.0703 0.98643
46.4898 0.87627
43.9574 -1.64958
45.5207 0.92253
44.2357 1.14216
44.5462 -1.20813
45.7558 0.3169
45.0466 1.37019
44.612 -0.72486
45.7066 0.42541
43.3816 -0.4663
