2 50 5
8083.1 5809.05  6911.64 4950.29  6011.32 4346.06  5156.76 3712.23  4438.13 3203.01  
41037.8 29787.1  11923.6 8649.8  3566.93 2523.06  1034.47 736.602  308.669 214.476  
1735.15 1258.23  1678.05 1216.76  1623.79 1181.97  1584.03 1143.72  1526.01 1112.06  
57265.8 41495.9  720.208 497.335  13.7258 6.61565  0.225877 0.128087  0.00270007 0.00213698  
1735.15 1258.23  1685.17 1218.22  1630.22 1184.52  1572.66 1146.13  1538.84 1113.24  
30435.5 22196.2  14545 10485.5  6869.96 4933.75  3240.95 2313.47  1504.71 1083.69  
15599.4 11227.2  11336.7 8120.68  8362.84 6099.78  6079.46 4401.27  4444.1 3206.52  
41037.8 29787.1  11873.8 8630.46  3576.74 2537.26  1062.5 739.466  317.475 216.833  
8083.1 5809.05  6950.07 5024  5934.07 4255.74  5134.09 3682.32  4441.04 3208.24  
39886.8 28648.2  12396.4 9072.79  3905.99 2885.57  1247.45 955.365  385.503 297.662  
1735.15 1258.23  1678.05 1216.76  1630.35 1183.34  1579.38 1145.08  1534.48 1113.63  
41037.8 29787.1  12024.3 8616.37  3495.62 2546.71  1019.48 744.619  297.602 215.991  
21934.7 15890.3  13548.2 9861.96  8542.8 6160.03  5301.72 3824.56  3290.12 2372.11  
8083.1 5809.05  6931.61 4989.84  5961.09 4317.68  5113.33 3670.82  4425.28 3212.19  
0 0  0 0  0 0  0 0  0 0  
30435.5 22196.2  14468.4 10416  6882.1 4959.54  3278.92 2344.62  1546.63 1102.77  
21934.7 15890.3  13568.2 9775.38  8498.64 6179.04  5288.1 3841.57  3304.44 2391.24  
21934.7 15890.3  13548.2 9861.96  8542.8 6160.03  5301.72 3824.56  3290.12 2372.11  
1735.15 1258.23  1671.13 1217.96  1635.12 1181.8  1586.14 1146.46  1534.42 1114.75  
0 0  0 0  0 0  0 0  0 0  
41037.8 29787.1  11974.1 8659.13  3525.91 2520.65  1027.77 731.703  304.042 212.994  
41037.8 29787.1  11873.8 8630.46  3576.74 2537.26  1062.5 739.466  317.475 216.833  
20838.7 15073.6  13303.3 9650.46  8506.14 6171.94  5502.42 3993.45  3539.97 2551.36  
39886.8 28648.2  12460.6 9123.37  3878.92 2893.01  1218.51 908.432  381.9 291.759  
8083.1 5809.05  6920.33 4952.11  5960.9 4274.48  5128.04 3688.23  4460.08 3238.06  
30435.5 22196.2  14545 10485.5  6869.96 4933.75  3240.95 2313.47  1504.71 1083.69  
41037.8 29787.1  11923.6 8649.8  3541.61 2520.89  1056.59 736.625  309.56 216.42  
21934.7 15890.3  13644 9901.45  8482.26 6146.56  5243.99 3767  3261.4 2359.17  
41037.8 29787.1  11923 8640.68  3556.73 2524.84  1047.88 742.882  307.17 215.966  
30435.5 22196.2  14464.1 10470.2  6876.2 4909.14  3270.78 2337.45  1536.6 1097.27  
30435.5 22196.2  14322.9 10421.8  6850.55 4909.23  3339.37 2359.4  1574.03 1106.29  
1735.15 1258.23  1678.3 1220.56  1621.37 1182.72  1580.08 1145.05  1539.02 1112.12  
1735.15 1258.23  1685.17 1218.22  1630.22 1184.52  1572.66 1146.13  1538.84 1113.24  
15599.4 11227.2  11384.7 8196.8  8361.2 6057.01  6107 4449.94  4448.76 3215.95  
41037.8 29787.1  11974.1 8659.13  3525.91 2520.65  1027.77 731.703  304.042 212.994  
8083.1 5809.05  6968.43 5032.84  5979.83 4325.34  5167.28 3729.1  4439.48 3212.87  
21934.7 15890.3  13568.2 9775.38  8498.64 6179.04  5288.1 3841.57  3304.44 2391.24  
30435.5 22196.2  14525.4 10481.5  6726.27 4880.12  3317.32 2346.81  1549.58 1096.39  
57265.8 41495.9  725.618 497.403  8.44572 6.55967  0.0972828 0.115895  0.00125886 0.00198131  
57265.8 41495.9  724.564 495.568  9.46862 8.3654  0.128123 0.14442  0.00155044 0.0024397  
8083.1 5809.05  6904.4 4974.33  6012.05 4338.35  5131.12 3719.48  4425.44 3193  
21934.7 15890.3  13682.9 9899.01  8420.52 6138.37  5252.57 3813.99  3304.06 2370.28  
20838.7 15073.6  13339.9 9628.65  8551.21 6185.5  5472.94 3992.28  3521.34 2544.42  
57265.8 41495.9  725.629 495.807  8.43431 8.16306  0.097864 0.109426  0.0011565 0.00137779  
57265.8 41495.9  722.366 496.675  11.6254 7.31948  0.168958 0.0844938  0.00190647 0.00147943  
39886.8 28648.2  12429.5 9134.95  3915.55 2891.19  1213.26 906.952  380.704 285.001  
30435.5 22196.2  14545 10485.5  6869.96 4933.75  3240.95 2313.47  1504.71 1083.69  
15599.4 11227.2  11384.7 8196.8  8338.09 6009.69  6055.73 4370.06  4438.62 3217.25  
30435.5 22196.2  14464.1 10470.2  6884.36 4931.01  3275.94 2323  1544.96 1098.66  
57265.8 41495.9  724.564 495.568  9.43889 8.38416  0.156676 0.125594  0.00268395 0.00249283  
