2 150 5
21934.7 15890.3  13548.2 9861.96  8542.8 6160.03  5301.72 3824.56  3290.12 2372.11  
21934.7 15890.3  13644.7 9911.75  8494.28 6095.54  5275.77 3816.91  3281.75 2380.56  
21934.7 15890.3  13682.9 9899.01  8420.52 6138.37  5252.57 3813.99  3304.06 2370.28  
21934.7 15890.3  13682.9 9899.01  8420.52 6138.37  5289.61 3790.35  3276.21 2364.33  
21934.7 15890.3  13644.7 9911.75  8469.77 6127.52  5248.42 3770.27  3287.55 2371.15  
21934.7 15890.3  13644 9901.45  8482.26 6146.56  5243.99 3767  3261.4 2359.17  
21934.7 15890.3  13568.2 9775.38  8498.64 6179.04  5288.1 3841.57  3304.44 2391.24  
21934.7 15890.3  13624.9 9827.07  8477.55 6128.31  5289.6 3836.48  3253.23 2367.83  
21934.7 15890.3  13568.2 9775.38  8535.23 6192.84  5229.58 3815.29  3285.1 2368.4  
21934.7 15890.3  13662.9 9864.9  8499.31 6158.9  5252.14 3815.37  3268.03 2372.04  
21934.7 15890.3  13624.9 9827.07  8477.55 6128.31  5259.68 3826.21  3264.44 2371.66  
21934.7 15890.3  13663.7 9825.5  8438.57 6136.1  5282.38 3848.37  3288.5 2380.14  
21934.7 15890.3  13663.7 9825.5  8427.75 6166.2  5234.06 3806.47  3315.6 2390.42  
21934.7 15890.3  13624.4 9877.06  8442.5 6077.37  5295.77 3851.09  3292.49 2393.18  
21934.7 15890.3  13682.2 9888.89  8431.62 6112.24  5240.9 3818.08  3281.16 2370.29  
39886.8 28648.2  12460.6 9123.37  3868.58 2873.31  1228.99 932.888  382.34 290.676  
39886.8 28648.2  12428.7 9088.57  3900.44 2901.91  1227.45 932.99  382.918 292.685  
39886.8 28648.2  12396.4 9072.79  3901.05 2884.49  1245.81 949.198  389.353 300.003  
39886.8 28648.2  12462.4 9151.02  3887.87 2879.08  1214.48 909.879  374.23 276.791  
39886.8 28648.2  12478.1 9191.65  3850.1 2802.7  1229.67 930.695  382.534 292.591  
39886.8 28648.2  12477.9 9145.23  3866.17 2854.79  1208.68 910.656  382.878 297.163  
39886.8 28648.2  12396.4 9072.79  3905.99 2885.57  1247.45 955.365  385.503 297.662  
39886.8 28648.2  12477.9 9145.23  3850.2 2833.94  1227.98 937.89  380.15 293.058  
39886.8 28648.2  12360.7 9000.8  3947.08 2961.63  1235.55 944.04  391.514 302.934  
39886.8 28648.2  12478.5 9154.45  3856.26 2852.14  1223.44 919.192  382.316 291.797  
39886.8 28648.2  12477.9 9145.23  3871.46 2861.57  1210.25 915.522  378.834 291.829  
39886.8 28648.2  12396.4 9072.79  3938.26 2945.74  1225.23 914.121  381.148 288.551  
39886.8 28648.2  12460.6 9123.37  3868.58 2873.31  1217.37 913.485  388.731 299.713  
39886.8 28648.2  12429.5 9134.95  3915.55 2891.19  1213.26 906.952  380.704 285.001  
39886.8 28648.2  12460.6 9123.37  3878.92 2893.01  1218.51 908.432  381.9 291.759  
41037.8 29787.1  12023.3 8642.53  3500.81 2526.57  1019.34 738.636  295.593 216.367  
41037.8 29787.1  11907.1 8646.39  3583.14 2523.87  1034.57 737.662  310.01 215.159  
41037.8 29787.1  12023.8 8651.34  3500.59 2522.91  1012.15 735.075  299.157 214.773  
41037.8 29787.1  11907.1 8646.39  3558.57 2524.1  1059.43 735.14  309.776 217.432  
41037.8 29787.1  11989.7 8653.52  3480.76 2515.32  1056 739.302  308.879 215.007  
41037.8 29787.1  12023.8 8651.34  3456.87 2516.84  1045.77 740.709  308.869 214.477  
41037.8 29787.1  11923.6 8649.8  3566.93 2523.06  1034.47 736.602  308.669 214.476  
41037.8 29787.1  12024.3 8616.37  3495.62 2546.71  1019.48 744.619  297.602 215.991  
41037.8 29787.1  11974.1 8659.13  3525.91 2520.65  1027.77 731.703  304.042 212.994  
41037.8 29787.1  11975.7 8632.64  3519.65 2530.62  1039.81 740.526  301.466 218.489  
41037.8 29787.1  11873.8 8630.46  3576.74 2537.26  1062.5 739.466  317.475 216.833  
41037.8 29787.1  12008 8648.05  3511.69 2522.69  1014 738.112  303.773 214.507  
41037.8 29787.1  11923 8640.68  3556.73 2524.84  1047.88 742.882  307.17 215.966  
41037.8 29787.1  11923.6 8649.8  3541.61 2520.89  1056.59 736.625  309.56 216.42  
41037.8 29787.1  11941.3 8643.46  3534.53 2526.16  1053.66 736.046  306.71 217.416  
8083.1 5809.05  6904.4 4974.33  6012.05 4338.35  5131.12 3719.48  4425.44 3193  
8083.1 5809.05  6977.11 5029.67  6002.17 4335.02  5163.18 3731.95  4441.26 3209.54  
8083.1 5809.05  6920.01 4947.22  5993.82 4316.83  5152.03 3737.96  4410.16 3171.82  
8083.1 5809.05  6911.64 4950.29  5994.98 4316.41  5159.03 3716.32  4434.44 3205.35  
8083.1 5809.05  6950.07 5024  5998.19 4334.18  5160.83 3731.45  4428.67 3206.89  
8083.1 5809.05  6931.61 4989.84  5961.09 4317.68  5113.33 3670.82  4425.28 3212.19  
8083.1 5809.05  6950.07 5024  5956.52 4260.45  5130.98 3681.67  4414.08 3176.72  
8083.1 5809.05  6950.07 5024  6005.67 4331.45  5112.38 3688.44  4409.86 3166.09  
8083.1 5809.05  6950.07 5024  5934.07 4255.74  5134.09 3682.32  4441.04 3208.24  
8083.1 5809.05  6920.33 4952.11  5960.9 4274.48  5128.04 3688.23  4460.08 3238.06  
8083.1 5809.05  6893.95 4941.76  5964.56 4275.9  5118.04 3683.09  4464.44 3236.76  
8083.1 5809.05  6931.61 4989.84  5936.62 4260.4  5116.7 3678.64  4426.73 3179.85  
8083.1 5809.05  6911.64 4950.29  6011.32 4346.06  5156.76 3712.23  4438.13 3203.01  
8083.1 5809.05  6968.43 5032.84  5979.83 4325.34  5167.28 3729.1  4439.48 3212.87  
8083.1 5809.05  6920.33 4952.11  5993.77 4316.16  5151.99 3737.38  4451.93 3222.19  
0 0  0 0  0 0  0 0  0 0  
0 0  0 0  0 0  0 0  0 0  
0 0  0 0  0 0  0 0  0 0  
0 0  0 0  0 0  0 0  0 0  
0 0  0 0  0 0  0 0  0 0  
0 0  0 0  0 0  0 0  0 0  
0 0  0 0  0 0  0 0  0 0  
0 0  0 0  0 0  0 0  0 0  
0 0  0 0  0 0  0 0  0 0  
0 0  0 0  0 0  0 0  0 0  
0 0  0 0  0 0  0 0  0 0  
0 0  0 0  0 0  0 0  0 0  
0 0  0 0  0 0  0 0  0 0  
0 0  0 0  0 0  0 0  0 0  
0 0  0 0  0 0  0 0  0 0  
30435.5 22196.2  14425.6 10428.5  6932.97 4963.93  3247.67 2322.93  1548.06 1099.69  
30435.5 22196.2  14545 10485.5  6869.96 4933.75  3240.95 2313.47  1504.71 1083.69  
30435.5 22196.2  14322.9 10421.8  6850.55 4909.23  3339.37 2359.4  1574.03 1106.29  
30435.5 22196.2  14464.1 10470.2  6884.36 4931.01  3275.94 2323  1544.96 1098.66  
30435.5 22196.2  14468.4 10416  6882.1 4959.54  3278.92 2344.62  1546.63 1102.77  
30435.5 22196.2  14281.7 10402.1  6871.77 4919.46  3368.87 2367.92  1580.56 1112.63  
30435.5 22196.2  14425.6 10428.5  6807.31 4924.38  3294.27 2340.06  1571.19 1104.44  
30435.5 22196.2  14464.1 10470.2  6876.2 4909.14  3270.78 2337.45  1536.6 1097.27  
30435.5 22196.2  14322.9 10421.8  6889.78 4932.75  3323.94 2342.91  1582.05 1111.1  
30435.5 22196.2  14525.4 10481.5  6726.27 4880.12  3317.32 2346.81  1549.58 1096.39  
30435.5 22196.2  14464.1 10470.2  6816.38 4907.33  3288.47 2330.82  1549.59 1096.43  
30435.5 22196.2  14527.4 10449.4  6783.47 4918.21  3299.81 2348.85  1528.08 1092.2  
30435.5 22196.2  14464.1 10470.2  6884.36 4931.01  3266.49 2325.91  1549.92 1097.12  
30435.5 22196.2  14527.4 10449.4  6851.12 4941.95  3264.13 2336.28  1526.72 1095.2  
30435.5 22196.2  14485.6 10462.5  6795.81 4915.87  3269.06 2326.73  1577.2 1105.15  
57265.8 41495.9  723.516 498.075  10.5192 5.93103  0.124594 0.0735166  0.00187914 0.000900393  
57265.8 41495.9  724.564 495.568  9.43889 8.38416  0.157592 0.126467  0.00180559 0.0016489  
57265.8 41495.9  722.527 494.645  11.4753 9.31189  0.15732 0.121958  0.00187098 0.00204285  
57265.8 41495.9  719.305 495.038  14.6101 8.86635  0.242224 0.173884  0.00497213 0.00251761  
57265.8 41495.9  722.527 494.645  11.4636 9.3324  0.168852 0.102242  0.00203788 0.00127484  
57265.8 41495.9  725.629 495.807  8.43431 8.16306  0.097864 0.109426  0.0011565 0.00137779  
57265.8 41495.9  724.564 495.568  9.46862 8.3654  0.128123 0.14442  0.00155044 0.0024397  
57265.8 41495.9  725.618 497.403  8.44572 6.55967  0.0972828 0.115895  0.00125886 0.00198131  
57265.8 41495.9  724.564 495.568  9.43889 8.38416  0.156676 0.125594  0.00268395 0.00249283  
57265.8 41495.9  722.527 494.645  11.4958 9.31849  0.136725 0.116065  0.00196344 0.00135004  
57265.8 41495.9  725.522 497.858  8.5232 6.14241  0.113823 0.0788881  0.00244047 0.00146727  
57265.8 41495.9  722.366 496.675  11.6254 7.31948  0.168958 0.0844938  0.00190647 0.00147943  
57265.8 41495.9  720.208 497.335  13.7258 6.61565  0.225877 0.128087  0.00270007 0.00213698  
57265.8 41495.9  719.305 495.038  14.6859 8.92573  0.168605 0.115276  0.00284956 0.00175236  
57265.8 41495.9  722.366 496.675  11.6549 7.3136  0.139258 0.0908655  0.00211493 0.000992968  
15599.4 11227.2  11336.7 8120.68  8362.84 6099.78  6079.46 4401.27  4444.1 3206.52  
15599.4 11227.2  11355.2 8182.55  8300.62 5961.34  6107.4 4451.9  4479.01 3279.02  
15599.4 11227.2  11415.5 8253.08  8274.1 5940.55  6122.38 4448.09  4436.58 3237.52  
15599.4 11227.2  11293.5 8103.71  8297.93 6008.96  6124.28 4437.62  4480.17 3272.19  
15599.4 11227.2  11430.3 8256.18  8315.27 6052.49  6107.3 4417.23  4442.91 3238.21  
15599.4 11227.2  11430.3 8256.18  8316.14 6028.2  6090.46 4393.55  4453.06 3222.82  
15599.4 11227.2  11384.7 8196.8  8361.2 6057.01  6107.2 4431.94  4460.84 3242.88  
15599.4 11227.2  11384.7 8196.8  8338.47 6015.67  6105.08 4459.37  4425.37 3192.13  
15599.4 11227.2  11310.6 8157.11  8326.05 6013.51  6136.45 4472.35  4482.4 3254.35  
15599.4 11227.2  11336.7 8120.68  8341.26 6064.47  6085.22 4410.65  4467.43 3260.02  
15599.4 11227.2  11384.7 8196.8  8338.09 6009.69  6055.73 4370.06  4438.62 3217.25  
15599.4 11227.2  11384.7 8196.8  8361.2 6057.01  6107 4449.94  4448.76 3215.95  
15599.4 11227.2  11355.2 8182.55  8369.16 6060.83  6064.71 4411.35  4448.63 3222.17  
15599.4 11227.2  11340 8212.67  8362.4 6050.47  6070.55 4406.06  4428.73 3187.3  
15599.4 11227.2  11415.5 8253.08  8342.09 6039.64  6063.91 4382.06  4457.2 3223.66  
20838.7 15073.6  13301.6 9680.07  8516.95 6188.84  5492.47 3962.99  3540.43 2535.34  
20838.7 15073.6  13339.9 9628.65  8528.15 6143.32  5496.77 4006.41  3511.13 2568.06  
20838.7 15073.6  13319.5 9683.82  8568.94 6186.83  5445.33 3949.78  3517.67 2554.6  
20838.7 15073.6  13301.6 9680.07  8540.34 6200.07  5506.13 3947.56  3517.28 2552.97  
20838.7 15073.6  13339.9 9628.65  8551.21 6185.5  5472.94 3992.28  3521.34 2544.42  
20838.7 15073.6  13265.2 9662.55  8588.85 6200.78  5501.56 3969.55  3514.58 2551.11  
20838.7 15073.6  13303.9 9562.99  8541.01 6166.62  5483.61 3996.79  3529.65 2574.62  
20838.7 15073.6  13265.2 9662.55  8529.92 6195.11  5522.97 3955.6  3537.89 2541.99  
20838.7 15073.6  13303.3 9650.46  8506.14 6171.94  5502.42 3993.45  3539.97 2551.36  
20838.7 15073.6  13356.5 9622.58  8497.4 6209.5  5486.49 3989.96  3529.85 2551.72  
20838.7 15073.6  13301.6 9680.07  8551.84 6202.47  5501.99 3946.7  3519.83 2548.16  
20838.7 15073.6  13265.2 9662.55  8554.48 6187.36  5492.66 3953.86  3529.94 2558.95  
20838.7 15073.6  13249.3 9619.7  8583.71 6188.7  5486.58 3996.92  3508.83 2544.02  
20838.7 15073.6  13319.5 9683.82  8558.58 6165.8  5493.38 3962.44  3514.29 2544.01  
20838.7 15073.6  13303.9 9562.99  8550.64 6238.12  5486.02 3996.95  3515.7 2554.8  
1735.15 1258.23  1683.03 1219  1619 1182.3  1586.27 1146.42  1523.92 1112.64  
1735.15 1258.23  1678.3 1220.56  1621.37 1182.72  1580.08 1145.05  1539.02 1112.12  
1735.15 1258.23  1678.05 1216.76  1635.05 1178.26  1585.94 1146.6  1525.62 1112.08  
1735.15 1258.23  1685.17 1218.22  1630.22 1184.52  1572.66 1146.13  1538.84 1113.24  
1735.15 1258.23  1685.31 1214.53  1634.69 1181.9  1585.79 1141.94  1538.24 1112.42  
1735.15 1258.23  1685.17 1218.22  1634.77 1183  1585.87 1142.95  1538.31 1113.38  
1735.15 1258.23  1678.05 1216.76  1630.35 1183.34  1579.38 1145.08  1534.48 1113.63  
1735.15 1258.23  1673.7 1218.35  1621.42 1181.53  1586.53 1141.84  1539.01 1107.84  
1735.15 1258.23  1682.79 1215.27  1632.46 1179.02  1572.66 1146.38  1526.03 1113.29  
1735.15 1258.23  1683.03 1219  1619 1182.3  1573.06 1146.17  1537.2 1112.86  
1735.15 1258.23  1678.05 1216.76  1623.79 1181.97  1584.03 1143.72  1526.01 1112.06  
1735.15 1258.23  1683.03 1219  1632.69 1182.53  1581.44 1147.87  1534.2 1113.5  
1735.15 1258.23  1671.22 1219.24  1623.99 1181.89  1586.53 1141.81  1536.78 1109.59  
1735.15 1258.23  1671.13 1217.96  1635.12 1181.8  1586.14 1146.46  1534.42 1114.75  
1735.15 1258.23  1678.05 1216.76  1630.43 1184.57  1579.82 1145.11  1532.48 1114.32  
