2  134  15.99  1.8  13664.1  17023.5  1  1

******************** Using iran model first stage solution ****************
13664.1  17862.8  13  13
------------- Unsatisfy demand per scenario per model ---------------
125329  125329  
68349.8  68349.8  
22644.2  22644.2  
157538  157538  
179056  179056  
212286  212285  
68387.5  68387.5  
68425.3  68425.3  
34506  34506  
179154  179154  
22649.8  22649.8  
68456.2  68456.2  
125284  125284  
68419  68419  
215093  215093  
22616.1  22616.1  
211005  211005  
125284  125284  
215093  215093  
157016  157016  
212344  212344  
210858  210858  
125284  125284  
211021  211021  
125186  125186  
215093  215093  
212286  212285  
210911  210911  
211005  211005  
215093  215093  
179174  179174  
125402  125402  
68456.2  68456.2  
211034  211034  
215093  215093  
211009  211009  
212292  212292  
34633.8  34633.8  
157016  157016  
210937  210937  
34632.6  34632.6  
211081  211081  
212286  212285  
179154  179154  
210937  210937  
212286  212285  
34607.5  34607.5  
34680.5  34680.5  
68209.9  68209.9  
125382  125382  
212286  212285  
178855  178855  
215093  215093  
179154  179154  
125338  125338  
22643.4  22643.4  
211021  211021  
179165  179165  
157300  157300  
210937  210937  
68412.8  68412.8  
22649.8  22649.8  
211026  211026  
210957  210957  
156948  156948  
179053  179053  
215093  215093  
212286  212285  
125338  125338  
34506  34506  
211009  211009  
179222  179222  
211005  211005  
215093  215093  
125284  125284  
178855  178855  
210980  210980  
125216  125216  
125186  125186  
211034  211034  
215093  215093  
215093  215093  
125382  125382  
68338.3  68338.3  
34647.4  34647.4  
68313.7  68313.7  
22631.1  22631.1  
212302  212302  
211034  211034  
211033  211033  
215093  215093  
215093  215093  
211062  211062  
157272  157272  
125382  125382  
156948  156948  
34654.7  34654.7  
211100  211100  
156915  156915  
215093  215093  
210957  210957  
22623.3  22623.3  
68456.2  68456.2  
125382  125382  
125281  125281  
212214  212214  
211034  211034  
212243  212243  
156915  156915  
179174  179174  
34601.8  34601.8  
157445  157445  
125310  125310  
34647.4  34647.4  
125284  125284  
157339  157339  
211009  211009  
215093  215093  
212286  212285  
68387.5  68387.5  
22616.1  22616.1  
125338  125338  
215093  215093  
210980  210980  
215093  215093  
157272  157272  
34532.7  34532.7  
210957  210957  
125382  125382  
179165  179165  
210957  210957  
157016  157016  
34654.7  34654.7  
212292  212292  
------------- Recours cost per scenario per model ----------------------
3.59842e+06  nan  
3.59842e+06  nan  
3.59843e+06  nan  
3.59842e+06  nan  
3.59842e+06  nan  
3.59843e+06  nan  
3.59842e+06  nan  
3.59842e+06  nan  
3.59843e+06  nan  
3.59842e+06  nan  
3.59843e+06  nan  
3.59842e+06  nan  
3.59842e+06  nan  
3.59842e+06  nan  
2.36193e+06  nan  
3.59843e+06  nan  
3.59843e+06  nan  
3.59842e+06  nan  
2.35508e+06  nan  
3.59842e+06  nan  
3.59843e+06  nan  
3.59843e+06  nan  
3.59842e+06  nan  
3.59843e+06  nan  
3.59842e+06  nan  
2.35791e+06  nan  
3.59843e+06  nan  
3.59843e+06  nan  
3.59843e+06  nan  
2.35803e+06  nan  
3.59842e+06  nan  
3.59842e+06  nan  
3.59842e+06  nan  
3.59843e+06  nan  
2.36148e+06  nan  
3.59843e+06  nan  
3.59843e+06  nan  
3.59843e+06  nan  
3.59842e+06  nan  
3.59843e+06  nan  
3.59843e+06  nan  
3.59843e+06  nan  
3.59843e+06  nan  
3.59842e+06  nan  
3.59843e+06  nan  
3.59843e+06  nan  
3.59843e+06  nan  
3.59843e+06  nan  
3.59842e+06  nan  
3.59842e+06  nan  
3.59843e+06  nan  
3.59842e+06  nan  
2.35508e+06  nan  
3.59842e+06  nan  
3.59842e+06  nan  
3.59843e+06  nan  
3.59843e+06  nan  
3.59842e+06  nan  
3.59842e+06  nan  
3.59843e+06  nan  
3.59842e+06  nan  
3.59843e+06  nan  
3.59843e+06  nan  
3.59843e+06  nan  
3.59842e+06  nan  
3.59842e+06  nan  
2.36148e+06  nan  
3.59843e+06  nan  
3.59842e+06  nan  
3.59843e+06  nan  
3.59843e+06  nan  
3.59842e+06  nan  
3.59843e+06  nan  
2.354e+06  nan  
3.59842e+06  nan  
3.59842e+06  nan  
3.59843e+06  nan  
3.59842e+06  nan  
3.59842e+06  nan  
3.59843e+06  nan  
2.36148e+06  nan  
2.35508e+06  nan  
3.59842e+06  nan  
3.59842e+06  nan  
3.59843e+06  nan  
3.59842e+06  nan  
3.59843e+06  nan  
3.59843e+06  nan  
3.59843e+06  nan  
3.59843e+06  nan  
2.36007e+06  nan  
2.35803e+06  nan  
3.59843e+06  nan  
3.59842e+06  nan  
3.59842e+06  nan  
3.59842e+06  nan  
3.59843e+06  nan  
3.59843e+06  nan  
3.59842e+06  nan  
2.354e+06  nan  
3.59843e+06  nan  
3.59843e+06  nan  
3.59842e+06  nan  
3.59842e+06  nan  
3.59842e+06  nan  
3.59843e+06  nan  
3.59843e+06  nan  
3.59843e+06  nan  
3.59842e+06  nan  
3.59842e+06  nan  
3.59843e+06  nan  
3.59842e+06  nan  
3.59842e+06  nan  
3.59843e+06  nan  
3.59842e+06  nan  
3.59842e+06  nan  
3.59843e+06  nan  
2.36193e+06  nan  
3.59843e+06  nan  
3.59842e+06  nan  
3.59843e+06  nan  
3.59842e+06  nan  
2.36416e+06  nan  
3.59843e+06  nan  
2.36007e+06  nan  
3.59842e+06  nan  
3.59843e+06  nan  
3.59843e+06  nan  
3.59842e+06  nan  
3.59842e+06  nan  
3.59843e+06  nan  
3.59842e+06  nan  
3.59843e+06  nan  
3.59843e+06  nan  
------------- Resolution time per scenario per model ----------------------
0.02  0.01  
0.03  0.01  
0.04  0.01  
0.03  0.01  
0.02  0.01  
0.03  0.01  
0.02  0.01  
0.03  0.01  
0.03  0.01  
0.03  0.01  
0.03  0.01  
0.03  0.01  
0.03  0.01  
0.03  0.01  
0.03  0.01  
0.02  0.01  
0.03  0.01  
0.02  0.01  
0.03  0.02  
0.02  0.01  
0.03  0.01  
0.03  0  
0.02  0.01  
0.03  0.01  
0.02  0.01  
0.03  0.01  
0.03  0.01  
0.03  0.01  
0.03  0.01  
0.04  0.01  
0.02  0.02  
0.03  0.01  
0.03  0.01  
0.03  0.01  
0.02  0.01  
0.04  0.01  
0.03  0.01  
0.03  0.01  
0.03  0.01  
0.03  0.01  
0.03  0.01  
0.03  0.01  
0.03  0  
0.02  0.01  
0.03  0.01  
0.02  0.01  
0.03  0.01  
0.03  0.01  
0.02  0.01  
0.02  0.01  
0.02  0  
0.03  0.01  
0.03  0  
0.02  0.01  
0.03  0.02  
0.03  0.01  
0.03  0.01  
0.02  0.01  
0.03  0.01  
0.03  0.01  
0.03  0.01  
0.03  0.01  
0.03  0.01  
0.03  0.01  
0.03  0  
0.02  0.01  
0.03  0.01  
0.03  0.01  
0.02  0.01  
0.02  0.01  
0.03  0.01  
0.03  0.01  
0.03  0.01  
0.03  0.01  
0.03  0.01  
0.03  0.01  
0.03  0.02  
0.02  0.01  
0.03  0.01  
0.04  0.01  
0.03  0.01  
0.03  0.01  
0.02  0.01  
0.02  0.01  
0.02  0.01  
0.02  0.01  
0.02  0.01  
0.03  0.01  
0.03  0.01  
0.03  0.01  
0.02  0.01  
0.04  0.01  
0.03  0.01  
0.03  0.01  
0.02  0.01  
0.03  0.01  
0.02  0.01  
0.03  0.01  
0.02  0.01  
0.03  0.01  
0.02  0.01  
0.03  0.01  
0.02  0.01  
0.02  0.01  
0.02  0.01  
0.03  0.01  
0.02  0.01  
0.02  0.01  
0.03  0  
0.03  0.01  
0.03  0.02  
0.02  0.01  
0.02  0.01  
0.02  0.01  
0.02  0.01  
0.02  0.01  
0.04  0.01  
0.02  0.01  
0.03  0.01  
0.03  0.01  
0.02  0.02  
0.02  0.01  
0.02  0.01  
0.03  0.01  
0.02  0.01  
0.02  0.01  
0.03  0.02  
0.03  0.01  
0.02  0.01  
0.02  0.01  
0.03  0.01  
0.02  0.01  
0.03  0.01  
0.03  0.01  

******************** Using dbsWc first stage solution ****************
16700.5  17023.5  11  1
------------------- Unsatisfy demand per scenario per model ---------------
125329  125326  
68349.8  68346.6  
22644.2  22641  
157538  157535  
179056  179053  
212286  212282  
68387.5  68384.3  
68425.3  68422.1  
34506  34502.8  
179154  179151  
22649.8  22646.6  
68456.2  68453  
125284  125281  
68419  68415.8  
215093  215090  
22616.1  22612.9  
211005  211001  
125284  125281  
215093  215090  
157016  157013  
212344  212340  
210858  210855  
125284  125281  
211021  211018  
125186  125182  
215093  215090  
212286  212282  
210911  210908  
211005  211001  
215093  215090  
179174  179171  
125402  125399  
68456.2  68453  
211034  211031  
215093  215090  
211009  211006  
212292  212289  
34633.8  34630.6  
157016  157013  
210937  210934  
34632.6  34629.4  
211081  211078  
212286  212282  
179154  179151  
210937  210934  
212286  212282  
34607.5  34604.3  
34680.5  34677.3  
68209.9  68206.7  
125382  125379  
212286  212282  
178855  178852  
215093  215090  
179154  179151  
125338  125335  
22643.4  22640.2  
211021  211018  
179165  179161  
157300  157297  
210937  210934  
68412.8  68409.6  
22649.8  22646.6  
211026  211023  
210957  210954  
156948  156944  
179053  179050  
215093  215090  
212286  212282  
125338  125335  
34506  34502.8  
211009  211006  
179222  179219  
211005  211001  
215093  215090  
125284  125281  
178855  178852  
210980  210977  
125216  125213  
125186  125182  
211034  211031  
215093  215090  
215093  215090  
125382  125379  
68338.3  68335.1  
34647.4  34644.2  
68313.7  68310.5  
22631.1  22627.9  
212302  212299  
211034  211031  
211033  211030  
215093  215090  
215093  215090  
211062  211059  
157272  157269  
125382  125379  
156948  156944  
34654.7  34651.5  
211100  211097  
156915  156911  
215093  215090  
210957  210954  
22623.3  22620.1  
68456.2  68453  
125382  125379  
125281  125278  
212214  212211  
211034  211031  
212243  212240  
156915  156911  
179174  179171  
34601.8  34598.6  
157445  157442  
125310  125307  
34647.4  34644.2  
125284  125281  
157339  157336  
211009  211006  
215093  215090  
212286  212282  
68387.5  68384.3  
22616.1  22612.9  
125338  125335  
215093  215090  
210980  210977  
215093  215090  
157272  157269  
34532.7  34529.5  
210957  210954  
125382  125379  
179165  179161  
210957  210954  
157016  157013  
34654.7  34651.5  
212292  212289  
------------------- Recours cost per scenario per model -------------------
3.59777e+06  nan  
3.59777e+06  nan  
3.59778e+06  nan  
3.59777e+06  nan  
3.59777e+06  nan  
3.59778e+06  nan  
3.59777e+06  nan  
3.59777e+06  nan  
3.59778e+06  nan  
3.59777e+06  nan  
3.59778e+06  nan  
3.59777e+06  nan  
3.59777e+06  nan  
3.59777e+06  nan  
2.36128e+06  nan  
3.59778e+06  nan  
3.59778e+06  nan  
3.59777e+06  nan  
2.35443e+06  nan  
3.59777e+06  nan  
3.59778e+06  nan  
3.59778e+06  nan  
3.59777e+06  nan  
3.59778e+06  nan  
3.59777e+06  nan  
2.35726e+06  nan  
3.59778e+06  nan  
3.59778e+06  nan  
3.59778e+06  nan  
2.35738e+06  nan  
3.59777e+06  nan  
3.59777e+06  nan  
3.59777e+06  nan  
3.59778e+06  nan  
2.36083e+06  nan  
3.59778e+06  nan  
3.59778e+06  nan  
3.59778e+06  nan  
3.59777e+06  nan  
3.59778e+06  nan  
3.59778e+06  nan  
3.59778e+06  nan  
3.59778e+06  nan  
3.59777e+06  nan  
3.59778e+06  nan  
3.59778e+06  nan  
3.59778e+06  nan  
3.59778e+06  nan  
3.59777e+06  nan  
3.59777e+06  nan  
3.59778e+06  nan  
3.59777e+06  nan  
2.35443e+06  nan  
3.59777e+06  nan  
3.59777e+06  nan  
3.59778e+06  nan  
3.59778e+06  nan  
3.59777e+06  nan  
3.59777e+06  nan  
3.59778e+06  nan  
3.59777e+06  nan  
3.59778e+06  nan  
3.59778e+06  nan  
3.59778e+06  nan  
3.59777e+06  nan  
3.59777e+06  nan  
2.36083e+06  nan  
3.59778e+06  nan  
3.59777e+06  nan  
3.59778e+06  nan  
3.59778e+06  nan  
3.59777e+06  nan  
3.59778e+06  nan  
2.35335e+06  nan  
3.59777e+06  nan  
3.59777e+06  nan  
3.59778e+06  nan  
3.59777e+06  nan  
3.59777e+06  nan  
3.59778e+06  nan  
2.36083e+06  nan  
2.35443e+06  nan  
3.59777e+06  nan  
3.59777e+06  nan  
3.59778e+06  nan  
3.59777e+06  nan  
3.59778e+06  nan  
3.59778e+06  nan  
3.59778e+06  nan  
3.59778e+06  nan  
2.35942e+06  nan  
2.35738e+06  nan  
3.59778e+06  nan  
3.59777e+06  nan  
3.59777e+06  nan  
3.59777e+06  nan  
3.59778e+06  nan  
3.59778e+06  nan  
3.59777e+06  nan  
2.35335e+06  nan  
3.59778e+06  nan  
3.59778e+06  nan  
3.59777e+06  nan  
3.59777e+06  nan  
3.59777e+06  nan  
3.59778e+06  nan  
3.59778e+06  nan  
3.59778e+06  nan  
3.59777e+06  nan  
3.59777e+06  nan  
3.59778e+06  nan  
3.59777e+06  nan  
3.59777e+06  nan  
3.59778e+06  nan  
3.59777e+06  nan  
3.59777e+06  nan  
3.59778e+06  nan  
2.36128e+06  nan  
3.59778e+06  nan  
3.59777e+06  nan  
3.59778e+06  nan  
3.59777e+06  nan  
2.36351e+06  nan  
3.59778e+06  nan  
2.35942e+06  nan  
3.59777e+06  nan  
3.59778e+06  nan  
3.59778e+06  nan  
3.59777e+06  nan  
3.59777e+06  nan  
3.59778e+06  nan  
3.59777e+06  nan  
3.59778e+06  nan  
3.59778e+06  nan  
------------- Resolution time per scenario per model ----------------------
0.02  0.01  
0.02  0.01  
0.03  0.01  
0.02  0.01  
0.02  0.01  
0.03  0.02  
0.03  0.01  
0.02  0  
0.03  0.01  
0.02  0.01  
0.03  0.01  
0.02  0  
0.03  0.01  
0.02  0.02  
0.03  0.01  
0.03  0.01  
0.03  0.01  
0.02  0  
0.02  0.01  
0.03  0.01  
0.03  0  
0.03  0.01  
0.02  0.01  
0.04  0.01  
0.02  0.01  
0.03  0.01  
0.03  0.01  
0.03  0.01  
0.02  0.01  
0.03  0.02  
0.03  0.01  
0.02  0.01  
0.03  0.01  
0.03  0.01  
0.02  0.01  
0.03  0.01  
0.03  0.01  
0.03  0  
0.03  0.01  
0.03  0.01  
0.02  0.01  
0.03  0.01  
0.03  0.01  
0.02  0.02  
0.04  0.01  
0.03  0.01  
0.03  0.01  
0.03  0  
0.03  0.01  
0.02  0.01  
0.03  0.01  
0.03  0.01  
0.02  0.01  
0.02  0.01  
0.02  0.01  
0.03  0.01  
0.03  0.01  
0.02  0.02  
0.02  0.02  
0.03  0.01  
0.02  0.01  
0.03  0.01  
0.02  0.02  
0.02  0  
0.02  0.02  
0.03  0.01  
0.03  0.01  
0.02  0.01  
0.02  0.02  
0.02  0.02  
0.02  0.01  
0.01  0.01  
0.03  0.03  
0.03  0.01  
0.03  0.02  
0.03  0.01  
0.03  0.01  
0.02  0.01  
0.03  0.01  
0.04  0.01  
0.03  0.01  
0.02  0  
0.03  0.01  
0.03  0.01  
0.02  0.01  
0.02  0.01  
0.02  0.01  
0.03  0.01  
0.03  0.01  
0.03  0.01  
0.02  0.01  
0.03  0.01  
0.03  0  
0.03  0.01  
0.02  0.01  
0.02  0.01  
0.03  0.01  
0.03  0.01  
0.02  0.01  
0.03  0.01  
0.02  0.01  
0.03  0.01  
0.02  0.01  
0.02  0.01  
0.02  0.01  
0.03  0  
0.03  0.01  
0.03  0.01  
0.02  0  
0.02  0.01  
0.03  0.01  
0.02  0  
0.02  0  
0.02  0.01  
0.02  0.01  
0.02  0.01  
0.03  0.01  
0.04  0.01  
0.02  0.01  
0.02  0.01  
0.02  0.01  
0.03  0.01  
0.03  0.01  
0.02  0.01  
0.03  0.01  
0.02  0.01  
0.03  0.01  
0.03  0.01  
0.02  0.01  
0.03  0.02  
0.03  0.01  
0.02  0.01  
0.02  0.01  
0.02  0.01  
