2  134  15.68  1.16  13664.1  33401.1  1  1

******************** Using iran model first stage solution ****************
13664.1  13664.1  13  0
------------- Unsatisfy demand per scenario per model ---------------
125329  123329  
68349.8  66349.8  
22644.2  20644.2  
157538  155538  
179056  177056  
212286  210286  
68387.5  66387.5  
68425.3  66425.3  
34506  32506  
179154  177154  
22649.8  20649.8  
68456.2  66456.2  
125284  123284  
68419  66419  
215093  219989  
22616.1  20616.1  
211005  209005  
125284  123284  
215093  219975  
157016  155016  
212344  210344  
210858  208858  
125284  123284  
211021  209021  
125186  123186  
215093  219981  
212286  210286  
210911  208911  
211005  209005  
215093  219981  
179174  177174  
125402  123402  
68456.2  66456.2  
211034  209034  
215093  219988  
211009  209009  
212292  210292  
34633.8  32633.8  
157016  155016  
210937  208937  
34632.6  32632.6  
211081  209081  
212286  210286  
179154  177154  
210937  208937  
212286  210286  
34607.5  32607.5  
34680.5  32680.5  
68209.9  66209.9  
125382  123382  
212286  210286  
178855  176855  
215093  219975  
179154  177154  
125338  123338  
22643.4  20643.4  
211021  209021  
179165  177165  
157300  155300  
210937  208937  
68412.8  66412.8  
22649.8  20649.8  
211026  209026  
210957  208957  
156948  154948  
179053  177053  
215093  219988  
212286  210286  
125338  123338  
34506  32506  
211009  209009  
179222  177222  
211005  209005  
215093  219972  
125284  123284  
178855  176855  
210980  208980  
125216  123216  
125186  123186  
211034  209034  
215093  219988  
215093  219975  
125382  123382  
68338.3  66338.3  
34647.4  32647.4  
68313.7  66313.7  
22631.1  20631.1  
212302  210302  
211034  209034  
211033  209033  
215093  219985  
215093  219981  
211062  209062  
157272  155272  
125382  123382  
156948  154948  
34654.7  32654.7  
211100  209100  
156915  154915  
215093  219972  
210957  208957  
22623.3  20623.3  
68456.2  66456.2  
125382  123382  
125281  123281  
212214  210214  
211034  209034  
212243  210243  
156915  154915  
179174  177174  
34601.8  32601.8  
157445  155445  
125310  123310  
34647.4  32647.4  
125284  123284  
157339  155339  
211009  209009  
215093  219989  
212286  210286  
68387.5  66387.5  
22616.1  20616.1  
125338  123338  
215093  219994  
210980  208980  
215093  219985  
157272  155272  
34532.7  32532.7  
210957  208957  
125382  123382  
179165  177165  
210957  208957  
157016  155016  
34654.7  32654.7  
212292  210292  
------------- Recours cost per scenario per model ----------------------
nan  nan  
nan  nan  
nan  nan  
nan  nan  
nan  nan  
nan  nan  
nan  nan  
nan  nan  
nan  nan  
nan  nan  
nan  nan  
nan  nan  
nan  nan  
nan  nan  
nan  nan  
nan  nan  
nan  nan  
nan  nan  
nan  nan  
nan  nan  
nan  nan  
nan  nan  
nan  nan  
nan  nan  
nan  nan  
nan  nan  
nan  nan  
nan  nan  
nan  nan  
nan  nan  
nan  nan  
nan  nan  
nan  nan  
nan  nan  
nan  nan  
nan  nan  
nan  nan  
nan  nan  
nan  nan  
nan  nan  
nan  nan  
nan  nan  
nan  nan  
nan  nan  
nan  nan  
nan  nan  
nan  nan  
nan  nan  
nan  nan  
nan  nan  
nan  nan  
nan  nan  
nan  nan  
nan  nan  
nan  nan  
nan  nan  
nan  nan  
nan  nan  
nan  nan  
nan  nan  
nan  nan  
nan  nan  
nan  nan  
nan  nan  
nan  nan  
nan  nan  
nan  nan  
nan  nan  
nan  nan  
nan  nan  
nan  nan  
nan  nan  
nan  nan  
nan  nan  
nan  nan  
nan  nan  
nan  nan  
nan  nan  
nan  nan  
nan  nan  
nan  nan  
nan  nan  
nan  nan  
nan  nan  
nan  nan  
nan  nan  
nan  nan  
nan  nan  
nan  nan  
nan  nan  
nan  nan  
nan  nan  
nan  nan  
nan  nan  
nan  nan  
nan  nan  
nan  nan  
nan  nan  
nan  nan  
nan  nan  
nan  nan  
nan  nan  
nan  nan  
nan  nan  
nan  nan  
nan  nan  
nan  nan  
nan  nan  
nan  nan  
nan  nan  
nan  nan  
nan  nan  
nan  nan  
nan  nan  
nan  nan  
nan  nan  
nan  nan  
nan  nan  
nan  nan  
nan  nan  
nan  nan  
nan  nan  
nan  nan  
nan  nan  
nan  nan  
nan  nan  
nan  nan  
nan  nan  
nan  nan  
nan  nan  
nan  nan  
nan  nan  
nan  nan  
nan  nan  
------------- Resolution time per scenario per model ----------------------
0.03  0.01  
0.03  0.01  
0.02  0.01  
0.02  0  
0.02  0  
0.02  0.01  
0.02  0.01  
0.02  0.01  
0.03  0.01  
0.02  0.01  
0.02  0.01  
0.03  0.01  
0.03  0.01  
0.02  0.01  
0.03  0.01  
0.04  0.01  
0.03  0.01  
0.02  0  
0.02  0.01  
0.02  0.01  
0.03  0.01  
0.03  0.01  
0.02  0.01  
0.04  0.01  
0.03  0.01  
0.03  0.01  
0.03  0.01  
0.03  0.01  
0.03  0.01  
0.03  0  
0.03  0.01  
0.02  0.01  
0.03  0.01  
0.03  0  
0.02  0.01  
0.03  0.01  
0.03  0.01  
0.02  0.01  
0.02  0.01  
0.02  0.01  
0.04  0.01  
0.03  0.01  
0.02  0.01  
0.02  0.01  
0.03  0.01  
0.03  0.01  
0.04  0.01  
0.04  0.01  
0.02  0.01  
0.03  0.01  
0.03  0.02  
0.03  0.01  
0.03  0.01  
0.03  0.01  
0.03  0.01  
0.03  0.01  
0.02  0.01  
0.02  0.02  
0.03  0.01  
0.05  0.01  
0.03  0.02  
0.03  0.01  
0.03  0.01  
0.02  0.01  
0.02  0.01  
0.02  0  
0.03  0.01  
0.04  0.01  
0.02  0.01  
0.02  0.01  
0.03  0.01  
0.02  0.01  
0.03  0.01  
0.03  0.01  
0.03  0.01  
0.02  0.01  
0.03  0.01  
0.02  0.01  
0.02  0  
0.03  0.01  
0.03  0  
0.03  0.01  
0.02  0.01  
0.02  0  
0.03  0.01  
0.02  0.01  
0.03  0.01  
0.03  0.01  
0.02  0.01  
0.03  0.01  
0.03  0.01  
0.02  0.01  
0.03  0.01  
0.02  0.01  
0.02  0.01  
0.02  0.02  
0.03  0.01  
0.04  0.01  
0.03  0.01  
0.03  0.01  
0.05  0.02  
0.03  0.01  
0.02  0.01  
0.03  0.01  
0.01  0.01  
0.03  0.01  
0.03  0.01  
0.03  0.01  
0.03  0.01  
0.02  0.01  
0.02  0.01  
0.03  0.01  
0.02  0.01  
0.03  0.01  
0.02  0.01  
0.02  0  
0.03  0.01  
0.02  0  
0.02  0.01  
0.01  0.01  
0.02  0.01  
0.02  0.01  
0.03  0.01  
0.03  0.01  
0.03  0.01  
0.02  0.01  
0.03  0.01  
0.04  0.01  
0.02  0.01  
0.03  0.01  
0.03  0.02  
0.02  0.01  
0.02  0  
0.03  0.01  

******************** Using dbsWc first stage solution ****************
33401.1  33401.1  0  0
------------------- Unsatisfy demand per scenario per model ---------------
125329  110329  
68349.8  53349.8  
22644.2  7644.2  
157538  142538  
179056  164056  
212286  197286  
68387.5  53387.5  
68425.3  53425.3  
34506  19506  
179154  164154  
22649.8  7649.8  
68456.2  53456.2  
125284  110284  
68419  53419  
215093  219989  
22616.1  7616.1  
211005  196005  
125284  110284  
215093  219975  
157016  142016  
212344  197344  
210858  195858  
125284  110284  
211021  196021  
125186  110185  
215093  219981  
212286  197286  
210911  195911  
211005  196005  
215093  219981  
179174  164174  
125402  110402  
68456.2  53456.2  
211034  196034  
215093  219988  
211009  196009  
212292  197292  
34633.8  19633.8  
157016  142016  
210937  195937  
34632.6  19632.6  
211081  196081  
212286  197286  
179154  164154  
210937  195937  
212286  197286  
34607.5  19607.5  
34680.5  19680.5  
68209.9  53209.9  
125382  110382  
212286  197286  
178855  163855  
215093  219975  
179154  164154  
125338  110338  
22643.4  7643.4  
211021  196021  
179165  164165  
157300  142300  
210937  195937  
68412.8  53412.8  
22649.8  7649.8  
211026  196026  
210957  195957  
156948  141948  
179053  164053  
215093  219988  
212286  197286  
125338  110338  
34506  19506  
211009  196009  
179222  164222  
211005  196005  
215093  219972  
125284  110284  
178855  163855  
210980  195980  
125216  110216  
125186  110185  
211034  196034  
215093  219988  
215093  219975  
125382  110382  
68338.3  53338.3  
34647.4  19647.4  
68313.7  53313.7  
22631.1  7631.1  
212302  197302  
211034  196034  
211033  196033  
215093  219985  
215093  219981  
211062  196062  
157272  142272  
125382  110382  
156948  141948  
34654.7  19654.7  
211100  196100  
156915  141915  
215093  219972  
210957  195957  
22623.3  7623.3  
68456.2  53456.2  
125382  110382  
125281  110281  
212214  197214  
211034  196034  
212243  197243  
156915  141915  
179174  164174  
34601.8  19601.8  
157445  142445  
125310  110310  
34647.4  19647.4  
125284  110284  
157339  142339  
211009  196009  
215093  219989  
212286  197286  
68387.5  53387.5  
22616.1  7616.1  
125338  110338  
215093  219994  
210980  195980  
215093  219985  
157272  142272  
34532.7  19532.7  
210957  195957  
125382  110382  
179165  164165  
210957  195957  
157016  142016  
34654.7  19654.7  
212292  197292  
------------------- Recours cost per scenario per model -------------------
nan  nan  
nan  nan  
nan  nan  
nan  nan  
nan  nan  
nan  nan  
nan  nan  
nan  nan  
nan  nan  
nan  nan  
nan  nan  
nan  nan  
nan  nan  
nan  nan  
nan  nan  
nan  nan  
nan  nan  
nan  nan  
nan  nan  
nan  nan  
nan  nan  
nan  nan  
nan  nan  
nan  nan  
nan  nan  
nan  nan  
nan  nan  
nan  nan  
nan  nan  
nan  nan  
nan  nan  
nan  nan  
nan  nan  
nan  nan  
nan  nan  
nan  nan  
nan  nan  
nan  nan  
nan  nan  
nan  nan  
nan  nan  
nan  nan  
nan  nan  
nan  nan  
nan  nan  
nan  nan  
nan  nan  
nan  nan  
nan  nan  
nan  nan  
nan  nan  
nan  nan  
nan  nan  
nan  nan  
nan  nan  
nan  nan  
nan  nan  
nan  nan  
nan  nan  
nan  nan  
nan  nan  
nan  nan  
nan  nan  
nan  nan  
nan  nan  
nan  nan  
nan  nan  
nan  nan  
nan  nan  
nan  nan  
nan  nan  
nan  nan  
nan  nan  
nan  nan  
nan  nan  
nan  nan  
nan  nan  
nan  nan  
nan  nan  
nan  nan  
nan  nan  
nan  nan  
nan  nan  
nan  nan  
nan  nan  
nan  nan  
nan  nan  
nan  nan  
nan  nan  
nan  nan  
nan  nan  
nan  nan  
nan  nan  
nan  nan  
nan  nan  
nan  nan  
nan  nan  
nan  nan  
nan  nan  
nan  nan  
nan  nan  
nan  nan  
nan  nan  
nan  nan  
nan  nan  
nan  nan  
nan  nan  
nan  nan  
nan  nan  
nan  nan  
nan  nan  
nan  nan  
nan  nan  
nan  nan  
nan  nan  
nan  nan  
nan  nan  
nan  nan  
nan  nan  
nan  nan  
nan  nan  
nan  nan  
nan  nan  
nan  nan  
nan  nan  
nan  nan  
nan  nan  
nan  nan  
nan  nan  
nan  nan  
nan  nan  
nan  nan  
nan  nan  
nan  nan  
------------- Resolution time per scenario per model ----------------------
0.02  0.01  
0.02  0.01  
0.01  0  
0.02  0.01  
0.02  0.01  
0.03  0.01  
0.02  0.01  
0.01  0.01  
0.02  0  
0.02  0.01  
0.02  0.01  
0.02  0.01  
0.03  0.01  
0.02  0.01  
0.02  0.01  
0.02  0  
0.03  0  
0.02  0  
0.02  0.01  
0.02  0.01  
0.02  0  
0.02  0.01  
0.01  0.01  
0.03  0.01  
0.03  0.01  
0.02  0.01  
0.03  0.01  
0.02  0  
0.02  0.01  
0.03  0.01  
0.02  0.01  
0.02  0.01  
0.02  0  
0.02  0.01  
0.02  0  
0.03  0.01  
0.03  0.01  
0.02  0.01  
0.02  0.01  
0.02  0.01  
0.01  0.01  
0.03  0.01  
0.02  0  
0.02  0  
0.02  0.01  
0.02  0  
0.01  0  
0.02  0.01  
0.03  0.01  
0.03  0  
0.02  0.01  
0.02  0.01  
0.02  0.01  
0.01  0.01  
0.03  0  
0.02  0  
0.02  0.01  
0.03  0.01  
0.02  0  
0.02  0.01  
0.02  0  
0.03  0  
0.02  0.01  
0.03  0.01  
0.02  0  
0.02  0  
0.02  0.01  
0.02  0.01  
0.01  0  
0.02  0  
0.02  0  
0.02  0.01  
0.02  0.01  
0.02  0  
0.01  0.01  
0.02  0.01  
0.02  0  
0.03  0.01  
0.02  0.01  
0.03  0.01  
0.03  0.01  
0.02  0.01  
0.03  0.01  
0.03  0.01  
0.01  0.01  
0.03  0.01  
0.02  0  
0.02  0.01  
0.02  0  
0.02  0  
0.02  0.01  
0.02  0.01  
0.02  0.01  
0.02  0.01  
0.03  0.01  
0.02  0  
0.01  0  
0.02  0  
0.02  0.01  
0.03  0.01  
0.03  0.01  
0.02  0  
0.02  0.01  
0.02  0.01  
0.01  0.01  
0.02  0  
0.02  0.01  
0.02  0.01  
0.02  0  
0.02  0.01  
0.03  0.01  
0.02  0  
0.01  0  
0.02  0.01  
0.02  0  
0.02  0.01  
0.02  0.01  
0.02  0.01  
0.03  0.01  
0.03  0.01  
0.02  0.01  
0.02  0  
0.01  0  
0.03  0.01  
0.02  0  
0.02  0.01  
0.02  0  
0.02  0  
0.02  0.01  
0.02  0.01  
0.02  0  
0.02  0.01  
0.03  0.01  
0.02  0.01  
