1  2
resolution time : 1.16
33401.1  33401.1
66  0
******************** fixed facilities: 22 ****************
0  1  2  3  4  5  6  7  8  9  10  11  12  13  14  15  16  17  18  19  20  21  
******************** Response cost ****************
nan  nan  nan  nan  nan  nan  nan  nan  nan  nan  nan  nan  nan  nan  nan  nan  nan  nan  nan  nan  nan  nan  nan  nan  nan  nan  nan  nan  nan  nan  nan  nan  nan  nan  nan  nan  nan  nan  nan  nan  nan  nan  nan  nan  nan  nan  nan  nan  nan  nan  nan  nan  nan  nan  nan  nan  nan  nan  nan  nan  nan  nan  nan  nan  nan  nan  
******************** Mobile facilities tour: 0 ****************
 scenario : 0


------------------------------------
 scenario : 1


------------------------------------
 scenario : 2


------------------------------------
 scenario : 3


------------------------------------
 scenario : 4


------------------------------------
 scenario : 5


------------------------------------
 scenario : 6


------------------------------------
 scenario : 7


------------------------------------
 scenario : 8


------------------------------------
 scenario : 9


------------------------------------
 scenario : 10


------------------------------------
 scenario : 11


------------------------------------
 scenario : 12


------------------------------------
 scenario : 13


------------------------------------
 scenario : 14


------------------------------------
 scenario : 15


------------------------------------
 scenario : 16


------------------------------------
 scenario : 17


------------------------------------
 scenario : 18


------------------------------------
 scenario : 19


------------------------------------
 scenario : 20


------------------------------------
 scenario : 21


------------------------------------
 scenario : 22


------------------------------------
 scenario : 23


------------------------------------
 scenario : 24


------------------------------------
 scenario : 25


------------------------------------
 scenario : 26


------------------------------------
 scenario : 27


------------------------------------
 scenario : 28


------------------------------------
 scenario : 29


------------------------------------
 scenario : 30


------------------------------------
 scenario : 31


------------------------------------
 scenario : 32


------------------------------------
 scenario : 33


------------------------------------
 scenario : 34


------------------------------------
 scenario : 35


------------------------------------
 scenario : 36


------------------------------------
 scenario : 37


------------------------------------
 scenario : 38


------------------------------------
 scenario : 39


------------------------------------
 scenario : 40


------------------------------------
 scenario : 41


------------------------------------
 scenario : 42


------------------------------------
 scenario : 43


------------------------------------
 scenario : 44


------------------------------------
 scenario : 45


------------------------------------
 scenario : 46


------------------------------------
 scenario : 47


------------------------------------
 scenario : 48


------------------------------------
 scenario : 49


------------------------------------
 scenario : 50


------------------------------------
 scenario : 51


------------------------------------
 scenario : 52


------------------------------------
 scenario : 53


------------------------------------
 scenario : 54


------------------------------------
 scenario : 55


------------------------------------
 scenario : 56


------------------------------------
 scenario : 57


------------------------------------
 scenario : 58


------------------------------------
 scenario : 59


------------------------------------
 scenario : 60


------------------------------------
 scenario : 61


------------------------------------
 scenario : 62


------------------------------------
 scenario : 63


------------------------------------
 scenario : 64


------------------------------------
 scenario : 65


------------------------------------
******************** Stock in hospital ****************
0  0  0  
0  0  0  
0  0  0  
0  0  0  
0  0  0  
0  0  0  
0  0  0  
0  0  0  
0  0  0  
0  0  0  
0  0  0  
0  0  0  
0  0  0  
0  0  0  
0  0  0  
0  1395.01  0  
0  0  0  
0  0  0  
0  0  0  
0  0  0  
0  1389.59  0  
0  0  0  
0  0  0  
0  1395.01  0  
0  0  0  
0  0  0  
0  0  0  
0  0  0  
0  0  0  
0  0  0  
0  0  0  
0  0  0  
0  0  0  
0  0  0  
0  0  0  
0  0  0  
0  0  0  
0  0  0  
0  0  0  
0  0  0  
0  0  0  
0  0  0  
0  0  0  
0  0  0  
0  0  0  
0  0  0  
0  1389.59  0  
0  0  0  
0  0  0  
0  0  0  
0  0  0  
0  0  0  
0  0  0  
0  1379.43  0  
0  0  0  
0  0  0  
0  0  0  
0  0  0  
0  0  0  
0  0  0  
0  0  0  
0  0  0  
0  0  0  
0  0  0  
0  0  0  
0  0  0  
******************** Quantity of blood collect in hospitals ****************
0  0  
0  0  
0  0  
0  0  
0  0  
0  0  
0  0  
0  0  
0  0  
0  0  
0  0  
0  0  
0  0  
0  0  
0  0  
0  0  
0  0  
0  0  
0  0  
0  0  
0  0  
0  0  
0  0  
0  0  
0  0  
0  0  
0  0  
0  0  
0  0  
0  0  
0  0  
0  0  
0  0  
0  0  
0  0  
0  0  
0  0  
0  0  
0  0  
0  0  
0  0  
0  0  
0  0  
0  0  
0  0  
0  0  
0  0  
0  0  
0  0  
0  0  
0  0  
0  0  
0  0  
0  0  
0  0  
0  0  
0  0  
0  0  
0  0  
0  0  
0  0  
0  0  
0  0  
0  0  
0  0  
0  0  
******************** Unsatisfy demand in hospital ****************
15363.1  14260.2  
199243  18694  
21925.4  19682.1  
199516  18509.9  
199516  18590.5  
207621  11670.8  
199243  18714.2  
21925.4  19707.2  
15363.1  14260.2  
15363.1  14285.8  
81176.4  51228.9  
41677.8  33778.4  
81176.4  51104.5  
199516  18464  
41677.8  33735  
219988  0  
199516  18545.9  
15363.1  14280.3  
133799  52055.9  
21925.4  19678.4  
219983  0  
15363.1  14280.3  
41677.8  33776.3  
219988  0  
21925.4  19707.2  
21925.4  19628.4  
133799  52055.9  
109369  54973  
15363.1  14260.2  
199516  18504.7  
199243  18694  
207621  11670.8  
41677.8  33709.7  
109369  54973  
81176.4  51009.1  
109369  55169.2  
207621  11670.8  
207621  11664.5  
109369  54973  
81176.4  51009.1  
15363.1  14253  
41677.8  33532.1  
21925.4  19580.6  
109369  54711.8  
21925.4  19722  
41677.8  33776.3  
219983  0  
41677.8  33532.1  
199243  18694  
199243  18766.2  
199516  18545.9  
15363.1  14268  
207621  11670.8  
219972  0  
15363.1  14253  
81176.4  51205.8  
207621  11670.8  
41677.8  33532.1  
133799  52375.1  
199243  18761.6  
41677.8  33778.4  
207621  11610.8  
15363.1  14253  
21925.4  19607.3  
109369  54438.7  
207621  11670.8  
