1  2
resolution time : 15.99
13664.1  13664.1
66  0
******************** fixed facilities: 9 ****************
1  2  3  7  11  12  14  16  20  
******************** Response cost ****************
4.61672e+06  4.61672e+06  4.61672e+06  4.61672e+06  4.61672e+06  4.61672e+06  4.61672e+06  4.61672e+06  4.61672e+06  4.61672e+06  4.61672e+06  4.61672e+06  4.61672e+06  4.61672e+06  4.61672e+06  4.61672e+06  4.61672e+06  4.61672e+06  4.61672e+06  4.61672e+06  4.61672e+06  4.61672e+06  4.61672e+06  4.61672e+06  4.61672e+06  4.61672e+06  4.61672e+06  4.61672e+06  4.61672e+06  4.61672e+06  4.61672e+06  4.61672e+06  4.61672e+06  4.61672e+06  4.61672e+06  4.61672e+06  4.61672e+06  4.61672e+06  4.61672e+06  4.61672e+06  4.61672e+06  4.61672e+06  4.61672e+06  4.61672e+06  4.61672e+06  4.61672e+06  4.61672e+06  4.61672e+06  4.61672e+06  4.61672e+06  4.61672e+06  4.61672e+06  4.61672e+06  4.61672e+06  4.61672e+06  4.61672e+06  4.61672e+06  4.61672e+06  4.61672e+06  4.61672e+06  4.61672e+06  4.61672e+06  4.61672e+06  4.61672e+06  4.61672e+06  4.61672e+06  
******************** Mobile facilities tour: 13 ****************
 scenario : 0
0  4  5  6  8  9  10  13  15  17  18  19  21  

------------------------------------
 scenario : 1
0  4  5  6  8  9  10  13  15  17  18  19  21  

------------------------------------
 scenario : 2
0  4  5  6  8  9  10  13  15  17  18  19  21  

------------------------------------
 scenario : 3
0  4  5  6  8  9  10  13  15  17  18  19  21  

------------------------------------
 scenario : 4
0  4  5  6  8  9  10  13  15  17  18  19  21  

------------------------------------
 scenario : 5
0  4  5  6  8  9  10  13  15  17  18  19  21  

------------------------------------
 scenario : 6
0  4  5  6  8  9  10  13  15  17  18  19  21  

------------------------------------
 scenario : 7
0  4  5  6  8  9  10  13  15  17  18  19  21  

------------------------------------
 scenario : 8
0  4  5  6  8  9  10  13  15  17  18  19  21  

------------------------------------
 scenario : 9
0  4  5  6  8  9  10  13  15  17  18  19  21  

------------------------------------
 scenario : 10
0  4  5  6  8  9  10  13  15  17  18  19  21  

------------------------------------
 scenario : 11
0  4  5  6  8  9  10  13  15  17  18  19  21  

------------------------------------
 scenario : 12
0  4  5  6  8  9  10  13  15  17  18  19  21  

------------------------------------
 scenario : 13
0  4  5  6  8  9  10  13  15  17  18  19  21  

------------------------------------
 scenario : 14
0  4  5  6  8  9  10  13  15  17  18  19  21  

------------------------------------
 scenario : 15
0  4  5  6  8  9  10  13  15  17  18  19  21  

------------------------------------
 scenario : 16
0  4  5  6  8  9  10  13  15  17  18  19  21  

------------------------------------
 scenario : 17
0  4  5  6  8  9  10  13  15  17  18  19  21  

------------------------------------
 scenario : 18
0  4  5  6  8  9  10  13  15  17  18  19  21  

------------------------------------
 scenario : 19
0  4  5  6  8  9  10  13  15  17  18  19  21  

------------------------------------
 scenario : 20
0  4  5  6  8  9  10  13  15  17  18  19  21  

------------------------------------
 scenario : 21
0  4  5  6  8  9  10  13  15  17  18  19  21  

------------------------------------
 scenario : 22
0  4  5  6  8  9  10  13  15  17  18  19  21  

------------------------------------
 scenario : 23
0  4  5  6  8  9  10  13  15  17  18  19  21  

------------------------------------
 scenario : 24
0  4  5  6  8  9  10  13  15  17  18  19  21  

------------------------------------
 scenario : 25
0  4  5  6  8  9  10  13  15  17  18  19  21  

------------------------------------
 scenario : 26
0  4  5  6  8  9  10  13  15  17  18  19  21  

------------------------------------
 scenario : 27
0  4  5  6  8  9  10  13  15  17  18  19  21  

------------------------------------
 scenario : 28
0  4  5  6  8  9  10  13  15  17  18  19  21  

------------------------------------
 scenario : 29
0  4  5  6  8  9  10  13  15  17  18  19  21  

------------------------------------
 scenario : 30
0  4  5  6  8  9  10  13  15  17  18  19  21  

------------------------------------
 scenario : 31
0  4  5  6  8  9  10  13  15  17  18  19  21  

------------------------------------
 scenario : 32
0  4  5  6  8  9  10  13  15  17  18  19  21  

------------------------------------
 scenario : 33
0  4  5  6  8  9  10  13  15  17  18  19  21  

------------------------------------
 scenario : 34
0  4  5  6  8  9  10  13  15  17  18  19  21  

------------------------------------
 scenario : 35
0  4  5  6  8  9  10  13  15  17  18  19  21  

------------------------------------
 scenario : 36
0  4  5  6  8  9  10  13  15  17  18  19  21  

------------------------------------
 scenario : 37
0  4  5  6  8  9  10  13  15  17  18  19  21  

------------------------------------
 scenario : 38
0  4  5  6  8  9  10  13  15  17  18  19  21  

------------------------------------
 scenario : 39
0  4  5  6  8  9  10  13  15  17  18  19  21  

------------------------------------
 scenario : 40
0  4  5  6  8  9  10  13  15  17  18  19  21  

------------------------------------
 scenario : 41
0  4  5  6  8  9  10  13  15  17  18  19  21  

------------------------------------
 scenario : 42
0  4  5  6  8  9  10  13  15  17  18  19  21  

------------------------------------
 scenario : 43
0  4  5  6  8  9  10  13  15  17  18  19  21  

------------------------------------
 scenario : 44
0  4  5  6  8  9  10  13  15  17  18  19  21  

------------------------------------
 scenario : 45
0  4  5  6  8  9  10  13  15  17  18  19  21  

------------------------------------
 scenario : 46
0  4  5  6  8  9  10  13  15  17  18  19  21  

------------------------------------
 scenario : 47
0  4  5  6  8  9  10  13  15  17  18  19  21  

------------------------------------
 scenario : 48
0  4  5  6  8  9  10  13  15  17  18  19  21  

------------------------------------
 scenario : 49
0  4  5  6  8  9  10  13  15  17  18  19  21  

------------------------------------
 scenario : 50
0  4  5  6  8  9  10  13  15  17  18  19  21  

------------------------------------
 scenario : 51
0  4  5  6  8  9  10  13  15  17  18  19  21  

------------------------------------
 scenario : 52
0  4  5  6  8  9  10  13  15  17  18  19  21  

------------------------------------
 scenario : 53
0  4  5  6  8  9  10  13  15  17  18  19  21  

------------------------------------
 scenario : 54
0  4  5  6  8  9  10  13  15  17  18  19  21  

------------------------------------
 scenario : 55
0  4  5  6  8  9  10  13  15  17  18  19  21  

------------------------------------
 scenario : 56
0  4  5  6  8  9  10  13  15  17  18  19  21  

------------------------------------
 scenario : 57
0  4  5  6  8  9  10  13  15  17  18  19  21  

------------------------------------
 scenario : 58
0  4  5  6  8  9  10  13  15  17  18  19  21  

------------------------------------
 scenario : 59
0  4  5  6  8  9  10  13  15  17  18  19  21  

------------------------------------
 scenario : 60
0  4  5  6  8  9  10  13  15  17  18  19  21  

------------------------------------
 scenario : 61
0  4  5  6  8  9  10  13  15  17  18  19  21  

------------------------------------
 scenario : 62
0  4  5  6  8  9  10  13  15  17  18  19  21  

------------------------------------
 scenario : 63
0  4  5  6  8  9  10  13  15  17  18  19  21  

------------------------------------
 scenario : 64
0  4  5  6  8  9  10  13  15  17  18  19  21  

------------------------------------
 scenario : 65
0  4  5  6  8  9  10  13  15  17  18  19  21  

------------------------------------
******************** Stock in hospital ****************
0  0  
0  0  
0  0  
0  0  
0  0  
0  0  
0  0  
0  0  
0  0  
0  0  
0  0  
0  0  
0  0  
0  0  
0  0  
0  0  
0  0  
0  0  
0  0  
0  0  
0  0  
0  0  
0  0  
0  0  
0  0  
0  0  
0  0  
0  0  
0  0  
0  0  
0  0  
0  0  
0  0  
0  0  
0  0  
0  0  
0  0  
0  0  
0  0  
0  0  
0  0  
0  0  
0  0  
0  0  
0  0  
0  0  
0  0  
0  0  
0  0  
0  0  
0  0  
0  0  
0  0  
0  0  
0  0  
0  0  
0  0  
0  0  
0  0  
0  0  
0  0  
0  0  
0  0  
0  0  
0  0  
0  0  
******************** Quantity of blood collect in hospitals ****************
4000  4000  
4000  4000  
4000  4000  
4000  4000  
4000  4000  
4000  4000  
4000  4000  
4000  4000  
4000  4000  
4000  4000  
4000  4000  
4000  4000  
4000  4000  
4000  4000  
4000  4000  
4949.43  1395.01  
4000  4000  
4000  4000  
4000  4000  
4000  4000  
4950.65  1389.59  
4000  4000  
4000  4000  
4949.43  1395.01  
4000  4000  
4000  4000  
4000  4000  
4000  4000  
4000  4000  
4000  4000  
4000  4000  
4000  4000  
4000  4000  
4000  4000  
4000  4000  
4000  4000  
4000  4000  
4000  4000  
4000  4000  
4000  4000  
4000  4000  
4000  4000  
4000  4000  
4000  4000  
4000  4000  
4000  4000  
4950.65  1389.59  
4000  4000  
4000  4000  
4000  4000  
4000  4000  
4000  4000  
4000  4000  
4952.95  1379.43  
4000  4000  
4000  4000  
4000  4000  
4000  4000  
4000  4000  
4000  4000  
4000  4000  
4000  4000  
4000  4000  
4000  4000  
4000  4000  
4000  4000  
******************** Unsatisfy demand in hospital ****************
11363.1  10260.2  
195243  14694  
17925.4  15682.1  
195516  14509.9  
195516  14590.5  
203621  7670.8  
195243  14714.2  
17925.4  15707.2  
11363.1  10260.2  
11363.1  10285.8  
77176.4  47228.9  
37677.8  29778.4  
77176.4  47104.5  
195516  14464  
37677.8  29735  
213644  0  
195516  14545.9  
11363.1  10280.3  
129799  48055.9  
17925.4  15678.4  
213642  0  
11363.1  10280.3  
37677.8  29776.3  
213644  0  
17925.4  15707.2  
17925.4  15628.4  
129799  48055.9  
105369  50973  
11363.1  10260.2  
195516  14504.7  
195243  14694  
203621  7670.8  
37677.8  29709.7  
105369  50973  
77176.4  47009.1  
105369  51169.2  
203621  7670.8  
203621  7664.5  
105369  50973  
77176.4  47009.1  
11363.1  10253  
37677.8  29532.1  
17925.4  15580.6  
105369  50711.8  
17925.4  15722  
37677.8  29776.3  
213642  0  
37677.8  29532.1  
195243  14694  
195243  14766.2  
195516  14545.9  
11363.1  10268  
203621  7670.8  
213640  0  
11363.1  10253  
77176.4  47205.8  
203621  7670.8  
37677.8  29532.1  
129799  48375.1  
195243  14761.6  
37677.8  29778.4  
203621  7610.8  
11363.1  10253  
17925.4  15607.3  
105369  50438.7  
203621  7670.8  
