1 66 2
79348  16463.5  
49711.2  24867  
69383.3  21126.2  
37752.6  23455.9  
22879.3  17632.9  
79348  16406.9  
22930.7  17628.6  
69383.3  21260.7  
22879.3  17640.3  
39664.4  23955.4  
8968.66  8158.44  
37752.6  23561.7  
14914.1  12709.2  
49711.2  24987.3  
90586.2  8504.03  
22930.7  17633.6  
79348  16165  
49711.2  24867  
8968.66  8139.68  
39664.4  23730.7  
37752.6  23308.5  
69383.3  21091.1  
49711.2  24839  
90586.2  8504.03  
49711.2  24926.5  
22930.7  17628.6  
79348  16308.5  
69383.3  21260.7  
8968.66  8142.59  
22879.3  17555.9  
69383.3  21160.8  
22930.7  17635.1  
79348  16429.1  
79348  16429.1  
90586.2  8528.34  
8968.66  8132.73  
39664.4  23906.7  
49711.2  24926.5  
39664.4  23796.3  
49711.2  24987.3  
90586.2  8483.16  
8968.66  8158.44  
14914.1  12709.2  
8968.66  8132.73  
8968.66  8159.15  
69383.3  21068.4  
8968.66  8158.44  
49711.2  25011.6  
39664.4  23955.4  
22930.7  17610.6  
8968.66  8132.73  
90586.2  8483.16  
49711.2  25011.6  
14914.1  12713.7  
22879.3  17578.9  
37752.6  23401.6  
39664.4  23906.7  
37752.6  23561.7  
8968.66  8167.42  
37752.6  23308.5  
22930.7  17633.6  
37752.6  23308.5  
8968.66  8142.59  
22930.7  17616.9  
49711.2  25011.6  
8968.66  8164.47  
