1 200 2
37752.6  23470.7  
37752.6  23553.4  
37752.6  23478.9  
37752.6  23553.4  
37752.6  23255.3  
37752.6  23455.9  
37752.6  23478.9  
37752.6  23255.3  
37752.6  23255.3  
37752.6  23401.6  
37752.6  23561.7  
37752.6  23513.3  
37752.6  23478.9  
37752.6  23478.9  
37752.6  23561.7  
37752.6  23255.3  
37752.6  23308.5  
37752.6  23538.2  
37752.6  23401.6  
37752.6  23455.9  
8968.66  8132.73  
8968.66  8158.44  
8968.66  8142.59  
8968.66  8132.73  
8968.66  8142.59  
8968.66  8158.44  
8968.66  8129.89  
8968.66  8134.08  
8968.66  8164.47  
8968.66  8159.15  
8968.66  8159.15  
8968.66  8139.68  
8968.66  8159.15  
8968.66  8167.42  
8968.66  8164.47  
8968.66  8142.59  
8968.66  8105.97  
8968.66  8158.44  
8968.66  8158.44  
8968.66  8159.15  
22930.7  17610.6  
22930.7  17651.2  
22930.7  17651.2  
22930.7  17610.6  
22930.7  17635.1  
22930.7  17610.6  
22930.7  17633.6  
22930.7  17628.6  
22930.7  17670.6  
22930.7  17651.2  
22930.7  17651.2  
22930.7  17639.9  
22930.7  17670.6  
22930.7  17616.9  
22930.7  17616.9  
22930.7  17628.6  
22930.7  17616.9  
22930.7  17635.1  
22930.7  17610.6  
22930.7  17628.6  
79348  16429.1  
79348  16406.9  
79348  16165  
79348  16308.5  
79348  16406.9  
79348  16165  
79348  16463.5  
79348  16308.5  
79348  16446.5  
79348  16371.6  
79348  16371.6  
79348  16308.5  
79348  16291  
79348  16308.5  
79348  16446.5  
79348  16446.5  
79348  16463.5  
79348  16206.5  
79348  16165  
79348  16331.9  
69383.3  21091.1  
69383.3  21126.2  
69383.3  21126.2  
69383.3  21160.8  
69383.3  21091.1  
69383.3  21160.8  
69383.3  21028.2  
69383.3  21160.8  
69383.3  21268.2  
69383.3  21133.6  
69383.3  21068.4  
69383.3  21068.4  
69383.3  21068.4  
69383.3  21234.6  
69383.3  21068.4  
69383.3  21260.7  
69383.3  21299.8  
69383.3  21268.2  
69383.3  21344  
69383.3  21260.7  
22879.3  17467.4  
22879.3  17555.9  
22879.3  17578.9  
22879.3  17645.4  
22879.3  17524.2  
22879.3  17640.3  
22879.3  17632.9  
22879.3  17555.9  
22879.3  17663  
22879.3  17645.4  
22879.3  17632.9  
22879.3  17676  
22879.3  17640.3  
22879.3  17553.3  
22879.3  17578.9  
22879.3  17632.9  
22879.3  17646.8  
22879.3  17646.8  
22879.3  17632.9  
22879.3  17645.4  
14914.1  12627.5  
14914.1  12709.2  
14914.1  12627.5  
14914.1  12669.1  
14914.1  12581.3  
14914.1  12701.1  
14914.1  12723.2  
14914.1  12581.3  
14914.1  12671.2  
14914.1  12710.3  
14914.1  12632.2  
14914.1  12723.2  
14914.1  12723.2  
14914.1  12710.3  
14914.1  12713.7  
14914.1  12624.3  
14914.1  12624.3  
14914.1  12671.2  
14914.1  12709.2  
14914.1  12680  
39664.4  23804.6  
39664.4  23804.6  
39664.4  23990.4  
39664.4  23906.7  
39664.4  23686.1  
39664.4  23906.7  
39664.4  23730.7  
39664.4  23796.3  
39664.4  23686.1  
39664.4  23834.7  
39664.4  23686.1  
39664.4  23730.7  
39664.4  23804.6  
39664.4  23990.4  
39664.4  24039.9  
39664.4  23834.7  
39664.4  23730.7  
39664.4  23955.4  
39664.4  23804.6  
39664.4  23955.4  
90586.2  8501.91  
90586.2  8471.24  
90586.2  8531.22  
90586.2  8501.91  
90586.2  8440.91  
90586.2  8510.05  
90586.2  8483.16  
90586.2  8468.26  
90586.2  8468.26  
90586.2  8495.21  
90586.2  8510.05  
90586.2  8501.91  
90586.2  8483.16  
90586.2  8528.34  
90586.2  8528.34  
90586.2  8510.05  
90586.2  8468.26  
90586.2  8531.22  
90586.2  8504.03  
90586.2  8528.34  
49711.2  24926.5  
49711.2  24959.8  
49711.2  24987.3  
49711.2  24926.5  
49711.2  25011.6  
49711.2  24867  
49711.2  24987.3  
49711.2  25038.6  
49711.2  25011.6  
49711.2  24839  
49711.2  25004  
49711.2  25013.2  
49711.2  24926.5  
49711.2  24839  
49711.2  24987.3  
49711.2  25038.6  
49711.2  25011.6  
49711.2  24987.3  
49711.2  24987.3  
49711.2  24926.5  
