2 50 50 5
500 200
2200 1000 
1518.23 322.98 1
0.0690567 1 10
543.71
544.756
544.164
545.786
545.556
544.402
544.277
544.933
545.544
543.649
545.716
544.54
545.342
544.031
544.237
543.952
544.916
545.244
543.993
545.426
545.393
543.714
544.021
544.279
545.231
544.61
544.066
544.968
545.833
544.576
544.129
545.02
544.23
543.98
544.198
543.987
544.963
545.43
544.361
545.151
544.609
545.289
543.66
545.376
543.853
544.799
544.703
544.06
544.057
544.303
44.7445 -0.26374
43.8707 1.02445
46.0618 0.01063
46.8749 1.13739
43.6298 -1.5704
46.2045 -0.47642
44.7213 1.44333
43.5685 0.11787
43.3845 0.98281
45.0862 -0.29169
46.9168 0.84386
43.8142 -0.01792
43.4736 -0.89944
45.9098 -0.26725
44.2786 0.93991
45.8434 -0.07977
46.4216 -0.98652
46.01 2.03786
44.53 0.84461
43.3763 0.70829
43.3396 0.36665
44.785 0.39493
44.3184 -0.4611
45.7749 -1.15838
43.6778 1.30187
43.7847 0.32103
45.9419 0.32541
46.6136 0.27959
46.7921 -1.40085
46.1392 -1.05925
45.7038 -0.99887
46.2484 1.52441
45.6042 1.29214
45.4522 1.01783
46.0399 0.4742
45.8527 0.34868
44.5836 2.06373
46.5938 1.38438
44.3515 -1.21418
46.6762 -0.55403
46.2846 0.80221
46.6415 1.0461
45.1063 0.38085
46.6666 1.11881
45.1045 0.92049
45.3797 2.01903
46.4632 0.11178
45.1806 -1.22062
44.4547 -0.84054
46.1634 0.28784
43.7194 -1.31445
44.0476 0.61369
