2 66 5
1113.67 5860.87  1027.66 5408.48  964.231 5066.94  898.237 4725.17  838.35 4388.48  
1113.67 5860.87  1036.99 5456.7  959.78 5067.3  898.538 4719.62  831.162 4376.01  
15334.9 80285.6  634.915 3525.61  28.8585 180.802  1.22473 7.68083  0.0548282 0.322054  
2228.82 11732  1899.23 10028.9  1639.56 8658.4  1423.39 7480.59  1228.66 6422.8  
13402.3 70364.8  2174.88 11348.2  353.452 1916.47  58.1323 310.476  9.42525 50.1313  
15334.9 80285.6  634.915 3525.61  28.8076 180.705  1.27212 7.69907  0.0583202 0.398356  
15334.9 80285.6  635.902 3526.36  27.9061 179.365  1.19533 8.32628  0.0497674 0.36683  
11004.6 57745.5  3441.14 18044.7  1067.98 5648.55  334.824 1755.35  104.286 552.324  
6049.81 31832.5  3758.16 19729.4  2346.94 12296.1  1458.72 7624.04  901.032 4743.74  
6049.81 31832.5  3743.34 19743.9  2343.53 12286.9  1462.59 7615.01  899.911 4728.16  
1113.67 5860.87  1037.74 5454.21  959.921 5057.11  896.743 4711.44  827.848 4354.81  
15334.9 80285.6  635.322 3557.27  28.4231 150.44  1.25351 6.4249  0.0544365 0.285164  
3343 17508.7  2622.44 13693  2103.79 11044.3  1660.78 8712.94  1308.71 6905.54  
1113.67 5860.87  1027.66 5408.48  961.855 5072.47  890.551 4706.15  838.081 4378.85  
13402.3 70364.8  2171.48 11426.2  355.857 1846.7  58.7469 303.559  9.71334 49.2614  
6049.81 31832.5  3744.08 19703.5  2351.69 12258.5  1462.26 7648.1  906.456 4741.67  
15334.9 80285.6  636.033 3548.33  27.7618 157.925  1.20722 7.83325  0.051476 0.333168  
6049.81 31832.5  3744.08 19703.5  2346.89 12306.9  1446.63 7611.27  907.582 4720.25  
1113.67 5860.87  1027.66 5408.48  961.855 5072.47  890.551 4706.15  838.081 4378.85  
13402.3 70364.8  2171.48 11426.2  354.984 1848.77  59.4725 301.819  9.87369 49.0048  
5893.83 31010.7  3721.16 19559.3  2330.45 12290.9  1490.61 7799.85  935.806 4904.29  
11004.6 57745.5  3438 18070.9  1065.47 5612.78  337.784 1769.62  105.543 548.681  
13402.3 70364.8  2168.8 11398.8  358.912 1869.33  58.2185 306.447  9.86004 50.8165  
2228.82 11732  1899.19 10050.5  1637.27 8652.71  1424.19 7463.44  1230.32 6438.29  
12075.1 63316  2944.09 15412.1  737.921 3948.99  183.778 1002.4  44.3037 238.738  
6049.81 31832.5  3770.47 19698.6  2344.42 12289.9  1445.01 7639.88  904.557 4751.35  
1113.67 5860.87  1036.99 5456.7  959.78 5067.3  898.538 4719.62  831.162 4376.01  
5893.83 31010.7  3723.82 19550.4  2354.86 12294.4  1475.59 7776.04  934.957 4916.3  
15334.9 80285.6  636.627 3542.94  27.2059 163.522  1.16765 7.56783  0.0526157 0.384418  
12075.1 63316  2944.09 15412.1  735.607 3927.48  185.273 1010.11  45.3675 252.949  
13402.3 70364.8  2165.3 11339  360.129 1921.71  60.4268 313.846  9.92517 50.8405  
5893.83 31010.7  3683.47 19476.1  2344.21 12321.5  1501.72 7822.22  949.849 4922.8  
2228.82 11732  1899.19 10050.5  1647.94 8678.5  1427.7 7477  1213.13 6392.21  
3343 17508.7  2650.51 13875.1  2073.26 10835.5  1657.9 8753.02  1308.94 6856.19  
11004.6 57745.5  3441.14 18044.7  1067.24 5651.27  335.336 1753.5  104.398 554.112  
15334.9 80285.6  635.902 3526.36  27.9061 179.365  1.19261 8.33838  0.0524965 0.355657  
5893.83 31010.7  3721.16 19559.3  2330.45 12290.9  1490.61 7799.85  935.806 4904.29  
1113.67 5860.87  1037.74 5454.21  966.685 5055.87  894.063 4716.67  830.746 4360.39  
5893.83 31010.7  3683.47 19476.1  2353.16 12324.7  1500.11 7801.8  936.498 4920.23  
6049.81 31832.5  3744.08 19703.5  2346.89 12306.9  1446.63 7611.27  907.582 4720.25  
956.761 5010.3  900.286 4727.71  841.399 4429.14  791.34 4164.97  744.583 3900.38  
6049.81 31832.5  3774.84 19746.2  2337.87 12260.5  1436.49 7593.97  909.802 4745.22  
956.761 5010.3  899.028 4687.76  845.299 4409.55  793.543 4146.89  746.192 3900.84  
1113.67 5860.87  1039.12 5435.25  961.059 5070.6  897.66 4723.04  826.685 4365.15  
1113.67 5860.87  1035.73 5443.74  967.061 5076.14  900.362 4714.85  826.319 4364.75  
12075.1 63316  2966.31 15543.8  717.638 3853.95  180.24 961.54  45.6371 243.186  
2228.82 11732  1899.23 10028.9  1639.56 8658.4  1423.39 7480.59  1228.66 6422.8  
5893.83 31010.7  3707.47 19534.1  2353.17 12319.5  1487.76 7782.93  942.826 4916.53  
15334.9 80285.6  636.627 3542.94  27.1426 162.331  1.23078 8.75994  0.0527085 0.383137  
6049.81 31832.5  3724.71 19650  2350.59 12322.6  1470.03 7644.08  911.279 4739.22  
956.761 5010.3  897.627 4686.67  841.556 4431.58  791.488 4167.26  748.32 3925.44  
2228.82 11732  1924.79 10078  1633.74 8648.91  1423.86 7474.46  1212.09 6392.87  
956.761 5010.3  897.627 4686.67  841.556 4431.58  791.488 4167.26  748.32 3925.44  
5893.83 31010.7  3715.42 19551.9  2340.96 12322  1476.03 7760.83  946.531 4917.76  
956.761 5010.3  900.286 4727.71  843.907 4406.16  791.535 4149.13  748.866 3915.91  
3343 17508.7  2640.13 13803.2  2087.42 10954.2  1642.88 8594.24  1313.78 6942.73  
6049.81 31832.5  3743.34 19743.9  2343.53 12286.9  1462.59 7615.01  899.911 4728.16  
11004.6 57745.5  3419.02 17932.4  1085.9 5719.72  335.823 1782.2  106.259 564.269  
2228.82 11732  1899.23 10028.9  1654.02 8692.7  1423.58 7478.62  1220.73 6425.81  
15334.9 80285.6  636.067 3540.37  27.6918 166.699  1.24086 7.03498  0.0539804 0.312802  
2228.82 11732  1899.19 10050.5  1647.94 8678.5  1427.7 7477  1213.13 6392.21  
5893.83 31010.7  3716.64 19512.8  2354.36 12351.2  1470.72 7764.56  934.673 4910.67  
3343 17508.7  2653.59 13908.6  2094.82 10972.7  1637.86 8640.12  1313.15 6879.92  
15334.9 80285.6  636.627 3542.94  27.231 163.482  1.14496 7.67063  0.0504019 0.327073  
15334.9 80285.6  636.356 3550.36  27.4788 157.112  1.16656 6.67192  0.0523554 0.281827  
5893.83 31010.7  3716.64 19512.8  2344.01 12340.8  1482.19 7772.7  940.359 4926.11  
