2 200 5
6049.81 31832.5  3774.84 19746.2  2337.87 12260.5  1436.49 7593.97  909.802 4745.22  
6049.81 31832.5  3771.39 19774.8  2316.14 12231.4  1463.69 7612.95  902.678 4739.39  
6049.81 31832.5  3744.08 19703.5  2346.89 12306.9  1446.63 7611.27  907.582 4720.25  
6049.81 31832.5  3770.47 19698.6  2313.27 12230  1460.33 7654.06  911.743 4751.96  
6049.81 31832.5  3765.44 19767.4  2341.44 12252.5  1445.88 7625.29  905.502 4735.85  
6049.81 31832.5  3774.84 19746.2  2314.85 12242.3  1447.11 7619.56  909.278 4755.07  
6049.81 31832.5  3758.16 19729.4  2346.94 12296.1  1458.72 7624.04  901.032 4743.74  
6049.81 31832.5  3770.47 19698.6  2344.42 12289.9  1445.01 7639.88  904.557 4751.35  
6049.81 31832.5  3744.08 19703.5  2344.01 12277.6  1445.69 7603.52  905.788 4751.26  
6049.81 31832.5  3770.47 19698.6  2313.27 12230  1454.49 7614.59  910.965 4774.26  
6049.81 31832.5  3748.9 19750.9  2332.97 12268.7  1455.24 7580.62  913.177 4762.03  
6049.81 31832.5  3762.75 19776.4  2342.45 12249.1  1457.35 7635.1  901.796 4729.99  
6049.81 31832.5  3744.08 19703.5  2351.69 12258.5  1462.26 7648.1  906.456 4741.67  
6049.81 31832.5  3744.08 19703.5  2349.5 12276.6  1461.75 7652.32  902.296 4745.86  
6049.81 31832.5  3724.71 19650  2359.03 12278.6  1463.19 7669.01  908.809 4765.14  
6049.81 31832.5  3743.34 19743.9  2343.53 12286.9  1462.59 7615.01  899.911 4728.16  
6049.81 31832.5  3756.95 19768.9  2343.69 12276.5  1459.08 7627.56  899.293 4701.13  
6049.81 31832.5  3724.71 19650  2350.59 12322.6  1463.06 7652.88  902.83 4724.2  
6049.81 31832.5  3724.71 19650  2350.59 12322.6  1470.03 7644.08  911.279 4739.22  
6049.81 31832.5  3756.95 19768.9  2329.93 12261.9  1464.3 7633.1  903.864 4733.93  
2228.82 11732  1901.86 10053.6  1645.12 8674.97  1425.47 7474.23  1221.34 6425.46  
2228.82 11732  1899.19 10050.5  1637.31 8634.19  1423.71 7480.95  1221.47 6415.21  
2228.82 11732  1922.56 10053.7  1648.76 8668.58  1406.69 7430.73  1227.59 6415.35  
2228.82 11732  1924.79 10078  1633.74 8648.91  1423.86 7474.46  1212.09 6392.87  
2228.82 11732  1921.72 10074.4  1648.88 8665.73  1419.43 7458.27  1221.52 6431.94  
2228.82 11732  1899.19 10050.5  1637.27 8652.71  1424.19 7463.44  1230.32 6438.29  
2228.82 11732  1918.63 10093.4  1648.77 8680.41  1414.27 7459.04  1222.68 6427.11  
2228.82 11732  1915.66 10089.6  1637.29 8649.98  1425.91 7462.06  1218.89 6410.22  
2228.82 11732  1899.23 10028.9  1639.56 8658.4  1423.39 7480.59  1228.66 6422.8  
2228.82 11732  1922.56 10053.7  1650.77 8689.24  1408.36 7446.16  1213.86 6410.27  
2228.82 11732  1915.66 10089.6  1649.18 8680.93  1407.55 7440  1227.83 6420.56  
2228.82 11732  1919.99 10088.8  1652.3 8680.36  1413.88 7444.47  1217.62 6421.66  
2228.82 11732  1920.78 10068.6  1654.81 8686.46  1422.06 7455.57  1223.22 6429.73  
2228.82 11732  1899.23 10028.9  1654.02 8692.7  1423.58 7478.62  1220.73 6425.81  
2228.82 11732  1918.63 10093.4  1643.13 8651.69  1415.06 7463.06  1214.54 6407.62  
2228.82 11732  1899.19 10050.5  1652.02 8669.06  1427.14 7478.31  1226.41 6418.63  
2228.82 11732  1921.72 10074.4  1648.34 8683.05  1416.01 7464  1224.83 6428.19  
2228.82 11732  1899.19 10050.5  1647.94 8678.5  1427.7 7477  1213.13 6392.21  
2228.82 11732  1901.86 10053.6  1653.65 8689.25  1426.53 7475.06  1218.2 6421.07  
2228.82 11732  1901.86 10053.6  1647.57 8678.06  1418.87 7467.58  1228.41 6422.16  
12075.1 63316  2938.69 15509.7  746.621 3904.22  179.148 953.377  45.6457 237.951  
12075.1 63316  2936.12 15531.3  744.895 3891.65  182.427 942.613  46.1625 240.453  
12075.1 63316  2944.09 15412.1  737.921 3948.99  183.778 1002.4  44.3037 238.738  
12075.1 63316  2966.31 15543.8  721.236 3850.62  177.641 966.733  44.9891 243.48  
12075.1 63316  2944.09 15412.1  735.607 3927.48  183.508 1007.72  46.343 254.284  
12075.1 63316  2971.71 15608.4  712.017 3779.9  181.817 977.159  44.6837 240.572  
12075.1 63316  2936.12 15531.3  748.24 3904.41  181.261 938.808  44.8732 234.141  
12075.1 63316  2970.4 15674.4  722.647 3780.21  174.726 924.728  42.8132 226.979  
12075.1 63316  2958.64 15559.7  721.722 3815.86  182.911 978.052  46.0656 246.934  
12075.1 63316  2937.37 15467.8  738.544 3915.84  188.376 985.308  45.8734 238.409  
12075.1 63316  2944.09 15412.1  735.607 3927.48  185.273 1010.11  45.3675 252.949  
12075.1 63316  2973.07 15651.9  712.261 3762.7  180.523 954.669  44.4667 236.669  
12075.1 63316  2966.31 15543.8  717.638 3853.95  180.24 961.54  45.6371 243.186  
12075.1 63316  2970.4 15674.4  717.536 3784.36  179.293 928.458  43.6123 224.923  
12075.1 63316  2937.37 15467.8  744.606 3934.05  183.041 964.252  44.6821 236.661  
12075.1 63316  2936.12 15531.3  739.486 3868.13  186.379 964.078  47.5148 240.764  
12075.1 63316  2937.37 15467.8  738.859 3899.72  186.069 986.681  47.1178 249.053  
12075.1 63316  2973.07 15651.9  715.529 3801.32  176.699 923.956  44.906 231.375  
12075.1 63316  2936.12 15531.3  745.556 3886.14  184.027 959.661  44.6066 231.412  
12075.1 63316  2937.37 15467.8  738.859 3899.72  188.138 997.516  45.5024 238.903  
1113.67 5860.87  1031.65 5447.73  962.411 5037.76  896.993 4713.24  831.292 4388.11  
1113.67 5860.87  1038.16 5443.29  959.664 5038.47  893.369 4707.3  837.511 4395.65  
1113.67 5860.87  1039.38 5456.26  959.806 5056.96  899.792 4722.15  836.968 4392.41  
1113.67 5860.87  1037.74 5454.21  966.685 5055.87  894.063 4716.67  830.746 4360.39  
1113.67 5860.87  1037.74 5454.21  959.921 5057.11  896.743 4711.44  827.848 4354.81  
1113.67 5860.87  1035.73 5443.74  967.061 5076.14  900.362 4714.85  826.319 4364.75  
1113.67 5860.87  1039.12 5435.25  965.298 5074.82  895.98 4720.96  830.614 4360.1  
1113.67 5860.87  1035.73 5443.74  967.061 5076.14  894.948 4686.22  835.733 4392.81  
1113.67 5860.87  1039.12 5435.25  967.708 5069.38  888.127 4692.96  837.042 4378.12  
1113.67 5860.87  1027.93 5435.18  956.95 5057.12  896.194 4688.14  828.766 4357.73  
1113.67 5860.87  1027.66 5408.48  963.918 5077.09  893.626 4716.7  838.694 4388.36  
1113.67 5860.87  1036.99 5456.7  961.207 5069.11  900.683 4714.43  830.718 4359.46  
1113.67 5860.87  1036.99 5456.7  966.736 5055.69  892.75 4687.13  836.157 4384.46  
1113.67 5860.87  1035.73 5443.74  955.091 5044.11  901.198 4717.08  834.515 4384.44  
1113.67 5860.87  1027.66 5408.48  961.855 5072.47  890.551 4706.15  838.081 4378.85  
1113.67 5860.87  1036.99 5456.7  959.78 5067.3  898.538 4719.62  831.162 4376.01  
1113.67 5860.87  1027.66 5408.48  964.231 5066.94  898.237 4725.17  838.35 4388.48  
1113.67 5860.87  1039.12 5435.25  961.059 5070.6  897.66 4723.04  826.685 4365.15  
1113.67 5860.87  1037.74 5454.21  964.705 5075.82  898.509 4709.76  832.559 4359.12  
1113.67 5860.87  1027.93 5435.18  960.408 5068.8  889.403 4693  828.999 4356.59  
13402.3 70364.8  2174.88 11348.2  353.452 1916.47  58.1146 309.253  9.37339 51.1644  
13402.3 70364.8  2176.47 11425.2  352.514 1847.34  57.1665 302.765  9.63486 50.1347  
13402.3 70364.8  2165.3 11339  360.94 1923.68  59.529 311.796  10.0171 50.7029  
13402.3 70364.8  2173.06 11421.2  355.546 1842.78  57.5568 310.76  9.67322 50.396  
13402.3 70364.8  2174.88 11348.2  353.001 1911.78  58.5643 313.939  9.40941 51.3437  
13402.3 70364.8  2165.3 11339  360.129 1921.71  60.4268 313.846  9.92517 50.8405  
13402.3 70364.8  2175.02 11404.9  353.9 1865.43  57.5793 305.084  9.35401 49.7826  
13402.3 70364.8  2173.06 11421.2  355.382 1850.85  57.6177 303.258  9.69498 50.0745  
13402.3 70364.8  2160.67 11383.9  364.861 1881.97  60.4577 308.305  9.77338 50.8017  
13402.3 70364.8  2168.8 11398.8  358.912 1869.33  58.2185 306.447  9.86004 50.8165  
13402.3 70364.8  2174.88 11348.2  353.452 1916.47  58.1323 310.476  9.42525 50.1313  
13402.3 70364.8  2163.49 11411.5  361.944 1849.23  60.5168 311.68  9.85038 52.6563  
13402.3 70364.8  2173.88 11397.9  354.993 1867.36  57.678 310.047  9.36321 50.189  
13402.3 70364.8  2171.48 11426.2  354.984 1848.77  59.4725 301.819  9.87369 49.0048  
13402.3 70364.8  2171.48 11426.2  357.024 1843.83  57.9037 305.943  9.43026 49.3092  
13402.3 70364.8  2176.47 11425.2  353.094 1843.87  56.9001 306.077  9.39397 50.3132  
13402.3 70364.8  2171.48 11426.2  355.857 1846.7  58.7469 303.559  9.71334 49.2614  
13402.3 70364.8  2176.47 11425.2  353.094 1843.87  57.0599 304.704  9.30422 51.3975  
13402.3 70364.8  2178.46 11408.7  351.425 1857.67  56.7428 308.997  9.28482 50.1063  
13402.3 70364.8  2160.67 11383.9  363.982 1884.15  60.8492 307.328  10.2222 50.0738  
956.761 5010.3  893.746 4672.57  841.786 4432.42  791.543 4123.62  743.603 3890.01  
956.761 5010.3  894.775 4660.89  844.235 4410.12  794.952 4183.2  743.196 3888.51  
956.761 5010.3  894.959 4711.11  846.146 4437.72  791.212 4121.04  744.15 3877.86  
956.761 5010.3  900.689 4707.54  843.883 4407.36  796.235 4164.31  747.715 3925.82  
956.761 5010.3  894.959 4711.11  847.104 4426.77  796.029 4180.78  748.724 3913.78  
956.761 5010.3  900.286 4727.71  843.907 4406.16  791.535 4149.13  748.866 3915.91  
956.761 5010.3  899.028 4687.76  845.144 4445.45  790.12 4132.29  744.508 3903.72  
956.761 5010.3  897.627 4686.67  841.556 4431.58  791.488 4167.26  748.32 3925.44  
956.761 5010.3  899.67 4719.19  845.477 4424.94  791.835 4159.88  747.943 3924.34  
956.761 5010.3  900.286 4727.71  841.399 4429.14  791.34 4164.97  744.583 3900.38  
956.761 5010.3  898.863 4725.92  841.31 4382.02  794.883 4180.99  748.571 3932.33  
956.761 5010.3  899.028 4687.76  845.299 4409.55  793.543 4146.89  746.192 3900.84  
956.761 5010.3  899.258 4706.11  841.287 4383.19  792.109 4163.14  747.53 3933.02  
956.761 5010.3  895.752 4704.5  845.495 4408.56  791.71 4150.36  746.484 3899.7  
956.761 5010.3  900.689 4707.54  843.883 4407.36  791.169 4167.47  748.53 3932.73  
956.761 5010.3  893.746 4672.57  845.615 4410.45  796.547 4166.21  747.336 3933.22  
956.761 5010.3  894.775 4660.89  841.553 4385.85  795.827 4178.69  743.303 3890.21  
956.761 5010.3  893.746 4672.57  845.615 4410.45  796.191 4184.07  747.686 3915.66  
956.761 5010.3  900.689 4707.54  840.234 4394.1  791.386 4168.26  749.42 3927.77  
956.761 5010.3  897.627 4686.67  845.599 4426.87  791.087 4123.12  749.3 3929.76  
5893.83 31010.7  3688.64 19482.2  2366.79 12344.9  1493.91 7796.66  943.383 4914.13  
5893.83 31010.7  3716.64 19512.8  2344.01 12340.8  1482.19 7772.7  940.359 4926.11  
5893.83 31010.7  3725.34 19511.2  2337.8 12311.7  1486.39 7809.99  942.897 4920.83  
5893.83 31010.7  3729.71 19557.7  2349.53 12334.5  1485.12 7772.6  938.057 4917.88  
5893.83 31010.7  3715.42 19551.9  2350.27 12313.1  1491.15 7796.73  940.195 4910.21  
5893.83 31010.7  3723.82 19550.4  2350.02 12342.9  1482.93 7768.45  929.192 4898.52  
5893.83 31010.7  3716.64 19512.8  2354.36 12351.2  1470.72 7764.56  934.673 4910.67  
5893.83 31010.7  3683.47 19476.1  2353.16 12324.7  1500.11 7801.8  936.498 4920.23  
5893.83 31010.7  3701.97 19527.1  2362.92 12303  1489.09 7806.65  938.277 4926.76  
5893.83 31010.7  3683.47 19476.1  2369.75 12321.8  1495.39 7791.37  941.711 4946.18  
5893.83 31010.7  3707.47 19534.1  2353.17 12319.5  1487.76 7782.93  942.826 4916.53  
5893.83 31010.7  3721.16 19559.3  2330.45 12290.9  1497.71 7790.89  937.979 4920.69  
5893.83 31010.7  3688.64 19482.2  2366.79 12344.9  1494.93 7810.74  939.921 4916.59  
5893.83 31010.7  3729.71 19557.7  2336.21 12294.7  1479.98 7789.2  944.642 4907.49  
5893.83 31010.7  3683.47 19476.1  2344.21 12321.5  1501.72 7822.22  949.849 4922.8  
5893.83 31010.7  3721.16 19559.3  2330.45 12290.9  1490.61 7799.85  935.806 4904.29  
5893.83 31010.7  3729.71 19557.7  2345 12310.9  1469.38 7762.91  939.901 4924.23  
5893.83 31010.7  3723.82 19550.4  2354.86 12294.4  1475.59 7776.04  934.957 4916.3  
5893.83 31010.7  3683.47 19476.1  2340.91 12317.6  1497.41 7813.56  946.873 4921.34  
5893.83 31010.7  3715.42 19551.9  2340.96 12322  1476.03 7760.83  946.531 4917.76  
15334.9 80285.6  636.627 3542.94  27.2059 163.522  1.16765 7.56783  0.0526157 0.384418  
15334.9 80285.6  634.915 3525.61  28.8076 180.705  1.27501 7.75468  0.0556479 0.347338  
15334.9 80285.6  636.033 3548.33  27.7618 157.925  1.20722 7.83325  0.051476 0.333168  
15334.9 80285.6  635.902 3526.36  27.9061 179.365  1.19261 8.33838  0.0524965 0.355657  
15334.9 80285.6  634.915 3525.61  28.8585 180.802  1.22473 7.68083  0.0548282 0.322054  
15334.9 80285.6  634.915 3525.61  28.8076 180.705  1.27212 7.69907  0.0583202 0.398356  
15334.9 80285.6  635.135 3517.32  28.6075 187.086  1.25344 9.52054  0.0567406 0.491778  
15334.9 80285.6  635.902 3526.36  27.9386 179.802  1.15976 7.85016  0.0527099 0.40577  
15334.9 80285.6  636.067 3540.37  27.7811 166.411  1.15288 7.25764  0.0527682 0.375659  
15334.9 80285.6  636.067 3540.37  27.6918 166.699  1.24086 7.03498  0.0539804 0.312802  
15334.9 80285.6  635.902 3526.36  27.9061 179.365  1.19533 8.32628  0.0497674 0.36683  
15334.9 80285.6  636.356 3550.36  27.4129 155.374  1.23347 8.3212  0.051374 0.366623  
15334.9 80285.6  634.915 3525.61  28.83 180.402  1.25337 8.04311  0.0548965 0.361979  
15334.9 80285.6  635.322 3557.27  28.4231 150.44  1.25351 6.4249  0.0544365 0.285164  
15334.9 80285.6  635.322 3557.27  28.402 150.506  1.27322 6.35914  0.0557447 0.285213  
15334.9 80285.6  636.627 3542.94  27.231 163.482  1.14496 7.67063  0.0504019 0.327073  
15334.9 80285.6  637.369 3551.55  26.4476 155.992  1.18586 6.55746  0.0513995 0.324532  
15334.9 80285.6  635.322 3557.27  28.4337 150.124  1.24439 6.74014  0.0530972 0.285478  
15334.9 80285.6  636.356 3550.36  27.4788 157.112  1.16656 6.67192  0.0523554 0.281827  
15334.9 80285.6  636.627 3542.94  27.1426 162.331  1.23078 8.75994  0.0527085 0.383137  
3343 17508.7  2638.85 13762.6  2087.69 10962.6  1648.68 8684.04  1312.78 6930.65  
3343 17508.7  2638.85 13762.6  2087.69 10962.6  1655.29 8729.05  1314.41 6920.66  
3343 17508.7  2638.85 13762.6  2093.62 11046.6  1658.69 8672.92  1297.64 6854.12  
3343 17508.7  2619.9 13714.2  2095 11030.4  1656.61 8666.18  1316.57 6929.78  
3343 17508.7  2619.9 13714.2  2079.57 10868.5  1664.82 8758.07  1308.52 6919.26  
3343 17508.7  2650.51 13875.1  2073.26 10835.5  1657.9 8753.02  1308.94 6856.19  
3343 17508.7  2622.44 13693  2103.79 11044.3  1660.78 8712.94  1308.71 6905.54  
3343 17508.7  2622.44 13693  2091.09 10977  1656.09 8656.08  1310.2 6895.05  
3343 17508.7  2638.85 13762.6  2097.9 11003.1  1639.39 8605.91  1315.6 6937.97  
3343 17508.7  2640.13 13803.2  2088.39 10905.4  1660.29 8718.88  1306.82 6843.44  
3343 17508.7  2641.87 13896.7  2090.43 10992.3  1636.32 8581.27  1318.38 6907.29  
3343 17508.7  2653.59 13908.6  2094.82 10972.7  1637.86 8640.12  1313.15 6879.92  
3343 17508.7  2641.87 13896.7  2092.99 11018.5  1650.9 8643.93  1298.06 6792.23  
3343 17508.7  2651.17 13928.8  2071.12 10841.3  1661.6 8706.1  1304.12 6864.53  
3343 17508.7  2649.26 13835.2  2080.56 10948.5  1659.24 8678.22  1297.37 6812.26  
3343 17508.7  2640.13 13803.2  2087.42 10954.2  1642.88 8594.24  1313.78 6942.73  
3343 17508.7  2649.26 13835.2  2087.51 10931  1652.06 8661.72  1294.25 6819.81  
3343 17508.7  2622.44 13693  2086.11 10977.9  1646.08 8683.61  1313.93 6858.51  
3343 17508.7  2649.26 13835.2  2094.73 10956.4  1657.48 8735.36  1310.3 6905.45  
3343 17508.7  2651.17 13928.8  2095.85 11010.9  1638.16 8628.03  1303.87 6845.56  
11004.6 57745.5  3438 18070.9  1071.1 5622.46  333.688 1747.39  105.082 557.671  
11004.6 57745.5  3430.12 18072.4  1078.26 5623.51  335.336 1753.5  104.494 553.302  
11004.6 57745.5  3439.54 17993.7  1070.04 5675.46  333.358 1763.88  104.299 563.349  
11004.6 57745.5  3439.54 17993.7  1070.04 5675.46  334.507 1771.82  103.972 559.7  
11004.6 57745.5  3419.02 17932.4  1085.9 5719.72  335.823 1782.2  106.259 564.269  
11004.6 57745.5  3430.12 18072.4  1071.82 5603.87  339.37 1771.26  106.057 555.411  
11004.6 57745.5  3419.02 17932.4  1084.11 5717.38  336.885 1778.83  106.329 563.973  
11004.6 57745.5  3430.12 18072.4  1070.87 5611.76  339.252 1753.66  106.239 559.249  
11004.6 57745.5  3417.54 18006.9  1079.39 5656.28  340.212 1777.18  108.783 557.75  
11004.6 57745.5  3441.14 18044.7  1067.98 5648.55  334.824 1755.35  104.286 552.324  
11004.6 57745.5  3420.57 17981.6  1077.32 5673.63  341.833 1788.26  107.062 557.174  
11004.6 57745.5  3438 18070.9  1065.47 5612.78  337.784 1769.62  105.543 548.681  
11004.6 57745.5  3419.02 17932.4  1085.4 5703.52  337.355 1801.57  105.602 559.714  
11004.6 57745.5  3434.02 17987.9  1068.16 5669.46  339.454 1787.59  104.957 555.211  
11004.6 57745.5  3434.02 17987.9  1074.59 5689.84  333.164 1759.86  105.78 559.826  
11004.6 57745.5  3441.14 18044.7  1068.45 5624.79  334.655 1776.65  103.863 556.171  
11004.6 57745.5  3409.93 18008.3  1084.59 5655.29  344.293 1774.97  107.68 560.512  
11004.6 57745.5  3417.54 18006.9  1083.44 5677.32  340.427 1761.57  106.08 555.838  
11004.6 57745.5  3441.14 18044.7  1067.24 5651.27  335.336 1753.5  104.398 554.112  
11004.6 57745.5  3435.59 18038  1064.71 5635.61  340.333 1768.15  106.276 559.464  
