4 18 3
6901.91 12060.5 13721.4 5156.3  4271.86 7464.98 8477.95 3190.45  2655.59 4625.35 5289.99 1997.92  
6901.91 12060.5 13721.4 5156.3  4278.33 7496.08 8573.76 3206.74  2656.99 4638.95 5290.1 1992.64  
6901.91 12060.5 13721.4 5156.3  4256.68 7443.85 8429.17 3171.59  2655.59 4626.5 5284.61 1995.97  
6901.91 12060.5 13721.4 5156.3  4266.43 7485.23 8512.73 3183.24  2657.66 4617.77 5277 2000.65  
6901.91 12060.5 13721.4 5156.3  4266.43 7485.23 8512.73 3183.24  2646.4 4623.27 5259.54 1980.83  
6901.91 12060.5 13721.4 5156.3  4280.88 7465.93 8553.35 3219.4  2646.44 4618.21 5238.44 1978  
6360.07 11088 12642.4 4763.84  4123.49 7195.23 8255.01 3102.9  2689.13 4729.4 5393.74 2009.39  
6360.07 11088 12642.4 4763.84  4135.33 7224.78 8240.76 3097.63  2682.72 4674.33 5349.87 2018.44  
6360.07 11088 12642.4 4763.84  4126.38 7175.55 8198.47 3101.37  2691.67 4723.56 5392.16 2014.69  
6360.07 11088 12642.4 4763.84  4126.46 7185.14 8160.76 3086.98  2689.75 4720.01 5389.36 2013.65  
6360.07 11088 12642.4 4763.84  4118.25 7215.13 8287.3 3095.48  2686.8 4690.54 5370.58 2020.18  
6360.07 11088 12642.4 4763.84  4127.03 7243.87 8249.46 3081.16  2685.67 4673.99 5322.27 2014.8  
1441.22 2529.17 2906.76 1082.02  1323.06 2320.84 2671.73 994.771  1204.39 2119.88 2448.43 906.276  
1441.22 2529.17 2906.76 1082.02  1316.61 2308.4 2665.07 992.125  1210.72 2132.11 2454.98 908.877  
1441.22 2529.17 2906.76 1082.02  1321.79 2308.03 2661.84 997.215  1222.82 2146.51 2462.01 916.905  
1441.22 2529.17 2906.76 1082.02  1318.61 2323.7 2670.54 988.111  1217.67 2124.9 2449.34 918.719  
1441.22 2529.17 2906.76 1082.02  1330.43 2336.33 2674.4 995.901  1211.96 2124.24 2452.01 913.414  
1441.22 2529.17 2906.76 1082.02  1330.43 2336.33 2674.4 995.901  1213.8 2138.32 2457.05 909.718  
