1 22 22 2
500 200
2200 
1518.23 322.98 1
0.0690567 1 10
2287.28
2290.54
2289.62
2289.5
2290.42
2290.48
2291.13
2289.68
2292.89
2286.92
2290.41
2291.59
2288.5
2288.58
2288.84
2288.39
2289.28
2286.71
2286.72
2288.69
2287.84
2287.37
45.8276 -0.26413
44.0109 1.69051
46.6352 0.28899
43.7928 -1.16231
46.8005 -0.93437
43.3944 -0.422
46.7775 -1.57447
43.9939 1.26475
46.7454 2.0171
45.5757 -0.23304
43.4508 -0.76297
43.4569 1.27299
44.0335 -0.90008
44.0388 -1.00255
43.8474 -0.59425
46.1849 0.54379
44.1171 1.22493
45.0126 -0.10197
45.1525 0.00118
44.3122 1.14641
44.1868 -0.42867
45.5558 -1.08882
44.5241 1.53281
