2  67  4.26  0.77  6072.92  10724.3  1  1

******************** Using iran model first stage solution ****************
6072.92  11886.6  18  18
------------- Unsatisfy demand per scenario per model ---------------
196923  196923  
67945  67945  
178448  178448  
194205  194205  
170709  170709  
194205  194205  
29624.6  29624.6  
154893  154893  
172876  172876  
193914  193914  
67859.6  67859.6  
29624.6  29624.6  
193970  193970  
67794.1  67794.1  
162397  162397  
162479  162479  
197138  197138  
194112  194112  
162436  162436  
170972  170972  
29589.1  29589.1  
178493  178493  
67747.3  67747.3  
162397  162397  
162416  162416  
29618.2  29618.2  
154477  154477  
162293  162293  
162416  162416  
172764  172764  
197138  197138  
194107  194107  
162293  162293  
162430  162430  
197094  197094  
162416  162416  
171054  171054  
178532  178532  
67945  67945  
29577.3  29577.3  
162312  162312  
178118  178118  
67663.4  67663.4  
162416  162416  
194107  194107  
178118  178118  
68102.6  68102.6  
172764  172764  
196923  196923  
171005  171005  
29577.3  29577.3  
194107  194107  
155107  155107  
170868  170868  
178177  178177  
197066  197066  
196923  196923  
178493  178493  
193914  193914  
29612.7  29612.7  
154965  154965  
29618.2  29618.2  
194107  194107  
29565.7  29565.7  
29593.9  29593.9  
67859.6  67859.6  
197040  197040  
------------- Recours cost per scenario per model ----------------------
5813.64  nan  
5813.64  nan  
5813.64  nan  
5813.64  nan  
5813.64  nan  
5813.64  nan  
5831.64  nan  
5813.64  nan  
5813.64  nan  
5813.64  nan  
5813.64  nan  
5831.64  nan  
5813.64  nan  
5813.64  nan  
5813.64  nan  
5813.64  nan  
5813.64  nan  
5813.64  nan  
5813.64  nan  
5813.64  nan  
5831.64  nan  
5813.64  nan  
5813.64  nan  
5813.64  nan  
5813.64  nan  
5831.64  nan  
5813.64  nan  
5813.64  nan  
5813.64  nan  
5813.64  nan  
5813.64  nan  
5813.64  nan  
5813.64  nan  
5813.64  nan  
5813.64  nan  
5813.64  nan  
5813.64  nan  
5813.64  nan  
5813.64  nan  
5831.64  nan  
5813.64  nan  
5813.64  nan  
5813.64  nan  
5813.64  nan  
5813.64  nan  
5813.64  nan  
5813.64  nan  
5813.64  nan  
5813.64  nan  
5813.64  nan  
5831.64  nan  
5813.64  nan  
5813.64  nan  
5813.64  nan  
5813.64  nan  
5813.64  nan  
5813.64  nan  
5813.64  nan  
5813.64  nan  
5831.64  nan  
5813.64  nan  
5831.64  nan  
5813.64  nan  
5831.64  nan  
5831.64  nan  
5813.64  nan  
5813.64  nan  
------------- Resolution time per scenario per model ----------------------
0.02  0.01  
0.02  0  
0.03  0.01  
0.03  0.01  
0.01  0.01  
0.03  0.01  
0.03  0.01  
0.03  0.01  
0.03  0  
0.02  0.01  
0.02  0  
0.03  0.01  
0.03  0  
0.03  0.01  
0.03  0.01  
0.03  0.01  
0.02  0  
0.02  0.01  
0.02  0.01  
0.02  0.01  
0.03  0.01  
0.02  0  
0.02  0  
0.03  0.01  
0.02  0  
0.04  0.01  
0.02  0  
0.02  0  
0.02  0.01  
0.03  0.01  
0.03  0.01  
0.03  0.01  
0.04  0.01  
0.06  0.01  
0.02  0  
0.02  0.01  
0.02  0  
0.02  0  
0.02  0.01  
0.04  0.01  
0.02  0  
0.02  0  
0.03  0.01  
0.03  0.01  
0.03  0  
0.03  0  
0.03  0.01  
0.02  0.01  
0.03  0.01  
0.02  0.01  
0.03  0.01  
0.03  0.01  
0.03  0.01  
0.03  0.01  
0.02  0  
0.03  0.01  
0.01  0.01  
0.03  0.01  
0.02  0.01  
0.03  0.01  
0.02  0  
0.03  0.01  
0.03  0.01  
0.04  0.01  
0.04  0.01  
0.03  0.01  
0.03  0  

******************** Using dbsWc first stage solution ****************
9109.38  10724.3  16  5
------------------- Unsatisfy demand per scenario per model ---------------
196923  196919  
67945  67941.6  
178448  178444  
194205  194202  
170709  170705  
194205  194202  
29624.6  29621.2  
154893  154890  
172876  172873  
193914  193911  
67859.6  67856.2  
29624.6  29621.2  
193970  193967  
67794.1  67790.7  
162397  162394  
162479  162476  
197138  197135  
194112  194108  
162436  162433  
170972  170969  
29589.1  29585.7  
178493  178489  
67747.3  67743.9  
162397  162394  
162416  162412  
29618.2  29614.8  
154477  154473  
162293  162290  
162416  162412  
172764  172761  
197138  197135  
194107  194103  
162293  162290  
162430  162427  
197094  197091  
162416  162412  
171054  171050  
178532  178528  
67945  67941.6  
29577.3  29573.9  
162312  162309  
178118  178115  
67663.4  67660  
162416  162412  
194107  194103  
178118  178115  
68102.6  68099.2  
172764  172761  
196923  196919  
171005  171002  
29577.3  29573.9  
194107  194103  
155107  155104  
170868  170865  
178177  178173  
197066  197063  
196923  196919  
178493  178489  
193914  193911  
29612.7  29609.3  
154965  154962  
29618.2  29614.8  
194107  194103  
29565.7  29562.3  
29593.9  29590.5  
67859.6  67856.2  
197040  197037  
------------------- Recours cost per scenario per model -------------------
5167.68  nan  
5167.68  nan  
5167.68  nan  
5167.68  nan  
5167.68  nan  
5167.68  nan  
5183.68  nan  
5167.68  nan  
5167.68  nan  
5167.68  nan  
5167.68  nan  
5183.68  nan  
5167.68  nan  
5167.68  nan  
5167.68  nan  
5167.68  nan  
5167.68  nan  
5167.68  nan  
5167.68  nan  
5167.68  nan  
5183.68  nan  
5167.68  nan  
5167.68  nan  
5167.68  nan  
5167.68  nan  
5183.68  nan  
5167.68  nan  
5167.68  nan  
5167.68  nan  
5167.68  nan  
5167.68  nan  
5167.68  nan  
5167.68  nan  
5167.68  nan  
5167.68  nan  
5167.68  nan  
5167.68  nan  
5167.68  nan  
5167.68  nan  
5183.68  nan  
5167.68  nan  
5167.68  nan  
5167.68  nan  
5167.68  nan  
5167.68  nan  
5167.68  nan  
5167.68  nan  
5167.68  nan  
5167.68  nan  
5167.68  nan  
5183.68  nan  
5167.68  nan  
5167.68  nan  
5167.68  nan  
5167.68  nan  
5167.68  nan  
5167.68  nan  
5167.68  nan  
5167.68  nan  
5183.68  nan  
5167.68  nan  
5183.68  nan  
5167.68  nan  
5183.68  nan  
5183.68  nan  
5167.68  nan  
5167.68  nan  
------------- Resolution time per scenario per model ----------------------
0.03  0.03  
0.02  0.03  
0.02  0.03  
0.03  0.03  
0.03  0.03  
0.03  0.03  
0.03  0.03  
0.03  0.03  
0.03  0.03  
0.02  0.03  
0.03  0.02  
0.04  0.03  
0.03  0.02  
0.02  0.03  
0.03  0.03  
0.02  0.03  
0.01  0.03  
0.01  0.02  
0.03  0.03  
0.02  0.02  
0.03  0.03  
0.02  0.03  
0.02  0.03  
0.03  0.02  
0.03  0.02  
0.04  0.03  
0.02  0.02  
0.02  0.02  
0.02  0.03  
0.04  0.03  
0.03  0.03  
0.03  0.03  
0.04  0.03  
0.02  0.02  
0.02  0.02  
0.02  0.02  
0.02  0.03  
0.02  0.03  
0.02  0.01  
0.03  0.02  
0.02  0.03  
0.03  0.03  
0.02  0.02  
0.03  0.02  
0.03  0.03  
0.02  0.03  
0.03  0.03  
0.03  0.03  
0.03  0.02  
0.03  0.03  
0.03  0.02  
0.02  0.03  
0.03  0.03  
0.02  0.02  
0.03  0.03  
0.02  0.03  
0.02  0.03  
0.03  0.03  
0.02  0.03  
0.04  0.03  
0.01  0.02  
0.04  0.03  
0.02  0.03  
0.03  0.03  
0.04  0.03  
0.03  0.03  
0.02  0.03  
