1  2
resolution time : 0.77
10724.3  9109.38
33  0
******************** fixed facilities: 6 ****************
2  11  13  16  20  21  
******************** Response cost ****************
nan  nan  nan  nan  nan  nan  nan  nan  nan  nan  nan  nan  nan  nan  nan  nan  nan  nan  nan  nan  nan  nan  nan  nan  nan  nan  nan  nan  nan  nan  nan  nan  nan  
******************** Mobile facilities tour: 5 ****************
 scenario : 0


------------------------------------
 scenario : 1


------------------------------------
 scenario : 2
4  10  12  14  15  
4  10  12  14  15  
------------------------------------
 scenario : 3


------------------------------------
 scenario : 4


------------------------------------
 scenario : 5
14  15  
14  15  
------------------------------------
 scenario : 6


------------------------------------
 scenario : 7


------------------------------------
 scenario : 8
3  17  
3  17  
------------------------------------
 scenario : 9


------------------------------------
 scenario : 10


------------------------------------
 scenario : 11
3  4  12  17  
3  4  12  17  
------------------------------------
 scenario : 12


------------------------------------
 scenario : 13


------------------------------------
 scenario : 14
6  
6  
------------------------------------
 scenario : 15


------------------------------------
 scenario : 16


------------------------------------
 scenario : 17


------------------------------------
 scenario : 18


------------------------------------
 scenario : 19


------------------------------------
 scenario : 20
0  3  4  
0  3  4  
------------------------------------
 scenario : 21


------------------------------------
 scenario : 22
3  8  14  15  
3  8  14  15  
------------------------------------
 scenario : 23


------------------------------------
 scenario : 24


------------------------------------
 scenario : 25


------------------------------------
 scenario : 26


------------------------------------
 scenario : 27


------------------------------------
 scenario : 28


------------------------------------
 scenario : 29


------------------------------------
 scenario : 30
3  6  12  15  19  
3  6  12  15  19  
------------------------------------
 scenario : 31


------------------------------------
 scenario : 32


------------------------------------
******************** Stock in hospital ****************
0  0  0  
0  0  0  
0  0  0  
0  0  0  
0  0  0  
0  0  0  
0  0  0  
0  0  0  
0  0  0  
0  0  0  
0  0  0  
0  0  0  
0  0  0  
0  0  0  
0  0  0  
0  0  0  
0  0  0  
0  0  0  
0  0  0  
0  0  0  
0  0  0  
0  0  0  
0  0  0  
0  0  0  
0  0  0  
0  0  0  
0  0  0  
0  0  0  
0  0  0  
0  0  0  
0  0  0  
0  0  0  
0  0  0  
******************** Quantity of blood collect in hospitals ****************
0  0  
0  0  
472.7  200  
0  0  
0  0  
2000  2000  
0  0  
0  0  
2000  1784.6  
0  0  
0  0  
1900  200  
0  0  
0  0  
172.7  500  
0  0  
0  0  
0  0  
0  0  
0  0  
1942.79  1767.21  
0  0  
0  672.7  
0  0  
0  0  
0  0  
0  0  
0  0  
0  0  
0  0  
700  500  
0  0  
0  0  
******************** Unsatisfy demand in hospital ****************
15349.3  14173.5  
37122.7  30822.3  
144029  49109  
15351.5  14261.2  
37122.7  30624.6  
146954  46184.3  
100481  54262.5  
118081  54576.9  
146954  46184.3  
107497  54900.4  
118081  54319.1  
142602  49409.8  
15349.3  14173.5  
37122.7  30979.9  
144329  48809  
15351.5  14225.8  
107497  54918.9  
15349.3  14239.8  
100481  54771  
124459  53659  
147011  46127.1  
116167  54886.9  
144502  48636.3  
116167  54541.8  
116167  54701.3  
37122.7  30832.3  
107497  54815.2  
100481  54262.5  
124459  53717.7  
15349.3  14195.4  
143802  49203  
116167  54446.1  
15351.5  14239.7  
