1  2
resolution time : 4.26
6072.92  6072.92
33  0
******************** fixed facilities: 4 ****************
2  13  16  20  
******************** Response cost ****************
4.94814e+06  4.94814e+06  4.94814e+06  4.94814e+06  4.94814e+06  4.94814e+06  4.94814e+06  4.94814e+06  4.94814e+06  4.94814e+06  4.94814e+06  4.94814e+06  4.94814e+06  4.94814e+06  4.94814e+06  4.94814e+06  4.94814e+06  4.94814e+06  4.94814e+06  4.94814e+06  4.94814e+06  4.94814e+06  4.94814e+06  4.94814e+06  4.94814e+06  4.94814e+06  4.94814e+06  4.94814e+06  4.94814e+06  4.94814e+06  4.94814e+06  4.94814e+06  4.94814e+06  
******************** Mobile facilities tour: 18 ****************
 scenario : 0
0  1  3  4  5  6  7  8  9  10  11  12  14  15  17  18  19  21  

------------------------------------
 scenario : 1
0  1  3  4  5  6  7  8  9  10  11  12  14  15  17  18  19  21  

------------------------------------
 scenario : 2
0  1  3  4  5  6  7  8  9  10  11  12  14  15  17  18  19  21  

------------------------------------
 scenario : 3
0  1  3  4  5  6  7  8  9  10  11  12  14  15  17  18  19  21  

------------------------------------
 scenario : 4
0  1  3  4  5  6  7  8  9  10  11  12  14  15  17  18  19  21  

------------------------------------
 scenario : 5
0  1  3  4  5  6  7  8  9  10  11  12  14  15  17  18  19  21  

------------------------------------
 scenario : 6
0  1  3  4  5  6  7  8  9  10  11  12  14  15  17  18  19  21  

------------------------------------
 scenario : 7
0  1  3  4  5  6  7  8  9  10  11  12  14  15  17  18  19  21  

------------------------------------
 scenario : 8
0  1  3  4  5  6  7  8  9  10  11  12  14  15  17  18  19  21  

------------------------------------
 scenario : 9
0  1  3  4  5  6  7  8  9  10  11  12  14  15  17  18  19  21  

------------------------------------
 scenario : 10
0  1  3  4  5  6  7  8  9  10  11  12  14  15  17  18  19  21  

------------------------------------
 scenario : 11
0  1  3  4  5  6  7  8  9  10  11  12  14  15  17  18  19  21  

------------------------------------
 scenario : 12
0  1  3  4  5  6  7  8  9  10  11  12  14  15  17  18  19  21  

------------------------------------
 scenario : 13
0  1  3  4  5  6  7  8  9  10  11  12  14  15  17  18  19  21  

------------------------------------
 scenario : 14
0  1  3  4  5  6  7  8  9  10  11  12  14  15  17  18  19  21  

------------------------------------
 scenario : 15
0  1  3  4  5  6  7  8  9  10  11  12  14  15  17  18  19  21  

------------------------------------
 scenario : 16
0  1  3  4  5  6  7  8  9  10  11  12  14  15  17  18  19  21  

------------------------------------
 scenario : 17
0  1  3  4  5  6  7  8  9  10  11  12  14  15  17  18  19  21  

------------------------------------
 scenario : 18
0  1  3  4  5  6  7  8  9  10  11  12  14  15  17  18  19  21  

------------------------------------
 scenario : 19
0  1  3  4  5  6  7  8  9  10  11  12  14  15  17  18  19  21  

------------------------------------
 scenario : 20
0  1  3  4  5  6  7  8  9  10  11  12  14  15  17  18  19  21  

------------------------------------
 scenario : 21
0  1  3  4  5  6  7  8  9  10  11  12  14  15  17  18  19  21  

------------------------------------
 scenario : 22
0  1  3  4  5  6  7  8  9  10  11  12  14  15  17  18  19  21  

------------------------------------
 scenario : 23
0  1  3  4  5  6  7  8  9  10  11  12  14  15  17  18  19  21  

------------------------------------
 scenario : 24
0  1  3  4  5  6  7  8  9  10  11  12  14  15  17  18  19  21  

------------------------------------
 scenario : 25
0  1  3  4  5  6  7  8  9  10  11  12  14  15  17  18  19  21  

------------------------------------
 scenario : 26
0  1  3  4  5  6  7  8  9  10  11  12  14  15  17  18  19  21  

------------------------------------
 scenario : 27
0  1  3  4  5  6  7  8  9  10  11  12  14  15  17  18  19  21  

------------------------------------
 scenario : 28
0  1  3  4  5  6  7  8  9  10  11  12  14  15  17  18  19  21  

------------------------------------
 scenario : 29
0  1  3  4  5  6  7  8  9  10  11  12  14  15  17  18  19  21  

------------------------------------
 scenario : 30
0  1  3  4  5  6  7  8  9  10  11  12  14  15  17  18  19  21  

------------------------------------
 scenario : 31
0  1  3  4  5  6  7  8  9  10  11  12  14  15  17  18  19  21  

------------------------------------
 scenario : 32
0  1  3  4  5  6  7  8  9  10  11  12  14  15  17  18  19  21  

------------------------------------
******************** Stock in hospital ****************
0  0  
0  0  
0  0  
0  0  
0  0  
0  0  
0  0  
0  0  
0  0  
0  0  
0  0  
0  0  
0  0  
0  0  
0  0  
0  0  
0  0  
0  0  
0  0  
0  0  
0  0  
0  0  
0  0  
0  0  
0  0  
0  0  
0  0  
0  0  
0  0  
0  0  
0  0  
0  0  
0  0  
******************** Quantity of blood collect in hospitals ****************
2000  2000  
2000  2000  
2000  2000  
2000  2000  
2000  2000  
2000  2000  
2000  2000  
2000  2000  
2000  2000  
2000  2000  
2000  2000  
2000  2000  
2000  2000  
2000  2000  
2000  2000  
2000  2000  
2000  2000  
2000  2000  
2000  2000  
2000  2000  
2000  2000  
2000  2000  
2000  2000  
2000  2000  
2000  2000  
2000  2000  
2000  2000  
2000  2000  
2000  2000  
2000  2000  
2000  2000  
2000  2000  
2000  2000  
******************** Unsatisfy demand in hospital ****************
13349.3  12173.5  
35122.7  28822.3  
142502  47309  
13351.5  12261.2  
35122.7  28624.6  
146954  46184.3  
98481  52262.5  
116081  52576.9  
146954  45968.9  
105497  52900.4  
116081  52319.1  
142502  47609.8  
13349.3  12173.5  
35122.7  28979.9  
142502  47309  
13351.5  12225.8  
105497  52918.9  
13349.3  12239.8  
98481  52771  
122459  51659  
146954  45894.3  
114167  52886.9  
142502  47309  
114167  52541.8  
114167  52701.3  
35122.7  28832.3  
105497  52815.2  
98481  52262.5  
122459  51717.7  
13349.3  12195.4  
142502  47703  
114167  52446.1  
13351.5  12239.7  
