1 33 2
92567.3  6865.04  
38852.1  23633.3  
17929.3  14676  
17914  14734.9  
16811.1  14040.3  
20908.7  16535.2  
17914  14734.9  
17914  14724.7  
13931.6  11882.1  
17929.3  14707  
92567.3  6853.77  
37775.3  23282.2  
37775.3  23474.1  
17929.3  14707  
2978.56  2879.9  
17914  14699.1  
17929.3  14624.2  
17929.3  14666.4  
92567.3  6865.04  
16811.1  13977.3  
13931.6  11872.3  
37775.3  23474.1  
2978.56  2879.9  
37775.3  23474.1  
13931.6  11996.1  
17914  14734.9  
17914  14734.9  
17914  14734.9  
13931.6  11928.5  
17914  14549.2  
16811.1  13977.3  
2978.56  2884.53  
2978.56  2884.67  
