1 100 2
37775.3  23514.4  
37775.3  23282.2  
37775.3  23514.4  
37775.3  23474.1  
37775.3  23282.2  
37775.3  23416  
37775.3  23394.1  
37775.3  23416  
37775.3  23563.2  
37775.3  23538.1  
17914  14724.7  
17914  14694.2  
17914  14724.7  
17914  14549.2  
17914  14734.9  
17914  14720.1  
17914  14709.8  
17914  14699.1  
17914  14734.9  
17914  14678.8  
13931.6  11882.1  
13931.6  11996.1  
13931.6  12004.5  
13931.6  11928.5  
13931.6  11872.3  
13931.6  11959.3  
13931.6  11950.7  
13931.6  11950.7  
13931.6  11872.3  
13931.6  11928.5  
92567.3  6845.76  
92567.3  6865.04  
92567.3  6845.76  
92567.3  6853.77  
92567.3  6853.77  
92567.3  6807.45  
92567.3  6877.3  
92567.3  6798.76  
92567.3  6865.04  
92567.3  6879.6  
2973.61  2880.05  
2973.61  2882.74  
2973.61  2856.01  
2973.61  2861.7  
2973.61  2882.74  
2973.61  2876.95  
2973.61  2884.68  
2973.61  2856.01  
2973.61  2895.8  
2973.61  2889.89  
16811.1  13930.4  
16811.1  14040.3  
16811.1  14040.3  
16811.1  13864.7  
16811.1  14014.9  
16811.1  13992.5  
16811.1  13903.2  
16811.1  13992.5  
16811.1  13903.2  
16811.1  13977.3  
38852.1  23723.2  
38852.1  23739.4  
38852.1  23757.4  
38852.1  23715.4  
38852.1  23674.8  
38852.1  23594.2  
38852.1  23633.3  
38852.1  23715.4  
38852.1  23764.8  
38852.1  23715.4  
2978.56  2902.71  
2978.56  2855.86  
2978.56  2866.12  
2978.56  2894.69  
2978.56  2879.9  
2978.56  2894.69  
2978.56  2884.53  
2978.56  2884.67  
2978.56  2879.9  
2978.56  2884.67  
20908.7  16500.3  
20908.7  16535.2  
20908.7  16472.7  
20908.7  16535.2  
20908.7  16460.5  
20908.7  16442.1  
20908.7  16546.8  
20908.7  16500.3  
20908.7  16535.2  
20908.7  16552.1  
17929.3  14676  
17929.3  14666.4  
17929.3  14707  
17929.3  14722  
17929.3  14707  
17929.3  14662  
17929.3  14706.3  
17929.3  14717.4  
17929.3  14624.2  
17929.3  14706.3  
