5 33 2
40702.9 20215 33913.4 20353.2 33644.5  13037.9 6580.66 10839.2 6506.61 10926  
40702.9 20215 33913.4 20353.2 33644.5  13037.9 6580.66 10839.2 6506.61 10926  
41924 20820.4 34984.9 20967 34791.7  12551.2 6288.33 10481.8 6307.9 10506.2  
55616.3 27866.4 46246.4 27615.4 46421  4065.96 1973.67 3483.75 2205.14 3322.16  
55616.3 27866.4 46246.4 27615.4 46421  4070 1967.46 3488.61 2214.47 3306.01  
2991.1 1497.4 2484.47 1486.08 2485.89  2818.15 1422.62 2332.59 1390.89 2353.71  
20902.2 10377.8 17471.7 10456.9 17414.4  13490 6733.36 11275.9 6739.05 11318  
20902.2 10377.8 17471.7 10456.9 17414.4  13490 6733.36 11275.9 6739.05 11318  
4178.55 2087.18 3484.71 2080.27 3495.81  3901.62 1947.35 3248.88 1944.14 3246.25  
20902.2 10377.8 17471.7 10456.9 17414.4  13490.8 6700.38 11295.4 6766.26 11273.8  
55616.3 27866.4 46246.4 27615.4 46421  4044.89 1971.45 3464.54 2186.69 3324.54  
44207.8 21924.5 36958.5 22135.3 36778.6  11626.1 5924.14 9619.88 5777.06 9760.18  
40702.9 20215 33913.4 20353.2 33644.5  13047.8 6533.08 10921.2 6554.92 10981.4  
20902.2 10377.8 17471.7 10456.9 17414.4  13490 6733.36 11275.9 6739.05 11318  
21556.5 10780.2 17925.4 10719.8 17935.9  13791.6 6858.54 11489.6 6909.13 11397.7  
21556.5 10780.2 17925.4 10719.8 17935.9  13815.5 6899.67 11503.7 6898.03 11484.7  
40702.9 20215 33913.4 20353.2 33644.5  13000.9 6528.85 10828.1 6514.37 10853.5  
2991.1 1497.4 2484.47 1486.08 2485.89  2818.15 1422.62 2332.59 1390.89 2353.71  
40702.9 20215 33913.4 20353.2 33644.5  13100.2 6597.68 10932 6550.43 11046.6  
20902.2 10377.8 17471.7 10456.9 17414.4  13561.3 6775.68 11319.9 6768.98 11355.7  
2991.1 1497.4 2484.47 1486.08 2485.89  2838.09 1424.47 2356.54 1407.52 2366.48  
2991.1 1497.4 2484.47 1486.08 2485.89  2838.78 1423.68 2360.24 1408.88 2371.99  
41924 20820.4 34984.9 20967 34791.7  12587.2 6338.06 10493.8 6300.96 10577.8  
23338.7 11608.8 19426.5 11655.7 19291.7  14145.7 7067.79 11749.8 7061.7 11689.6  
2991.1 1497.4 2484.47 1486.08 2485.89  2840.55 1412.65 2364.01 1419.17 2345.8  
41924 20820.4 34984.9 20967 34791.7  12631.2 6407.66 10471.2 6284.08 10591.9  
44207.8 21924.5 36958.5 22135.3 36778.6  11653.7 5914.02 9646.4 5809.3 9726.2  
21556.5 10780.2 17925.4 10719.8 17935.9  13757.1 6909.81 11419.5 6836.42 11455.1  
40702.9 20215 33913.4 20353.2 33644.5  13100.2 6597.68 10932 6550.43 11046.6  
21556.5 10780.2 17925.4 10719.8 17935.9  13815.5 6899.67 11503.7 6898.03 11484.7  
57427 28768.5 47706.6 28516.6 47799.7  2447.6 1177.89 2167.5 1397.4 2085.03  
23338.7 11608.8 19426.5 11655.7 19291.7  14145.7 7067.79 11749.8 7061.7 11689.6  
41924 20820.4 34984.9 20967 34791.7  12631.2 6407.66 10471.2 6284.08 10591.9  
