5 100 2
21556.5 10780.2 17925.4 10719.8 17935.9  13815.5 6899.67 11503.7 6898.03 11484.7  
21556.5 10780.2 17925.4 10719.8 17935.9  13791.6 6858.54 11489.6 6909.13 11397.7  
21556.5 10780.2 17925.4 10719.8 17935.9  13793.4 6893.68 11470.4 6882.31 11442.3  
21556.5 10780.2 17925.4 10719.8 17935.9  13818.8 6895.94 11521.3 6904.53 11511  
21556.5 10780.2 17925.4 10719.8 17935.9  13815.5 6899.67 11503.7 6898.03 11484.7  
21556.5 10780.2 17925.4 10719.8 17935.9  13757.1 6909.81 11419.5 6836.42 11455.1  
21556.5 10780.2 17925.4 10719.8 17935.9  13791.6 6858.54 11489.6 6909.13 11397.7  
21556.5 10780.2 17925.4 10719.8 17935.9  13815.5 6899.67 11503.7 6898.03 11484.7  
21556.5 10780.2 17925.4 10719.8 17935.9  13803.3 6882.47 11523.4 6901.82 11521.2  
21556.5 10780.2 17925.4 10719.8 17935.9  13793.4 6893.68 11470.4 6882.31 11442.3  
44207.8 21924.5 36958.5 22135.3 36778.6  11580.9 5895.7 9595.59 5759.3 9741.47  
44207.8 21924.5 36958.5 22135.3 36778.6  11625 5894.32 9635.32 5799.44 9721.25  
44207.8 21924.5 36958.5 22135.3 36778.6  11626.1 5924.14 9619.88 5777.06 9760.18  
44207.8 21924.5 36958.5 22135.3 36778.6  11626.1 5924.14 9619.88 5777.06 9760.18  
44207.8 21924.5 36958.5 22135.3 36778.6  11632.8 5878.67 9633.46 5817.73 9651.99  
44207.8 21924.5 36958.5 22135.3 36778.6  11655.3 5944.19 9631.16 5787.09 9765.23  
44207.8 21924.5 36958.5 22135.3 36778.6  11580.6 5866.37 9611.46 5782 9702.87  
44207.8 21924.5 36958.5 22135.3 36778.6  11653.7 5914.02 9646.4 5809.3 9726.2  
44207.8 21924.5 36958.5 22135.3 36778.6  11580.9 5895.7 9595.59 5759.3 9741.47  
44207.8 21924.5 36958.5 22135.3 36778.6  11580.9 5895.7 9595.59 5759.3 9741.47  
41924 20820.4 34984.9 20967 34791.7  12631.2 6407.66 10471.2 6284.08 10591.9  
41924 20820.4 34984.9 20967 34791.7  12632.1 6371.52 10504 6314.08 10573.9  
41924 20820.4 34984.9 20967 34791.7  12632.1 6371.52 10504 6314.08 10573.9  
41924 20820.4 34984.9 20967 34791.7  12587.2 6338.06 10493.8 6300.96 10577.8  
41924 20820.4 34984.9 20967 34791.7  12587.2 6338.06 10493.8 6300.96 10577.8  
41924 20820.4 34984.9 20967 34791.7  12631.2 6407.66 10471.2 6284.08 10591.9  
41924 20820.4 34984.9 20967 34791.7  12551.2 6288.33 10481.8 6307.9 10506.2  
41924 20820.4 34984.9 20967 34791.7  12609.3 6369.47 10458.5 6294.2 10511.6  
41924 20820.4 34984.9 20967 34791.7  12631.2 6407.66 10471.2 6284.08 10591.9  
41924 20820.4 34984.9 20967 34791.7  12618.1 6359.23 10505.8 6311.64 10583.1  
40702.9 20215 33913.4 20353.2 33644.5  13062 6545.56 10919.3 6557.38 10971.9  
40702.9 20215 33913.4 20353.2 33644.5  13099.1 6635.1 10897.9 6519.3 11065.3  
40702.9 20215 33913.4 20353.2 33644.5  13000.9 6528.85 10828.1 6514.37 10853.5  
40702.9 20215 33913.4 20353.2 33644.5  13100.2 6597.68 10932 6550.43 11046.6  
40702.9 20215 33913.4 20353.2 33644.5  13099.1 6635.1 10897.9 6519.3 11065.3  
40702.9 20215 33913.4 20353.2 33644.5  13100.2 6597.68 10932 6550.43 11046.6  
40702.9 20215 33913.4 20353.2 33644.5  13037.9 6580.66 10839.2 6506.61 10926  
40702.9 20215 33913.4 20353.2 33644.5  13062 6545.56 10919.3 6557.38 10971.9  
40702.9 20215 33913.4 20353.2 33644.5  13047.8 6533.08 10921.2 6554.92 10981.4  
40702.9 20215 33913.4 20353.2 33644.5  13100.2 6597.68 10932 6550.43 11046.6  
23338.7 11608.8 19426.5 11655.7 19291.7  14145.7 7067.79 11749.8 7061.7 11689.6  
23338.7 11608.8 19426.5 11655.7 19291.7  14207 7053.59 11851.6 7129.52 11746.3  
23338.7 11608.8 19426.5 11655.7 19291.7  14207.6 7129.86 11794.4 7068.18 11810.8  
23338.7 11608.8 19426.5 11655.7 19291.7  14145.7 7067.79 11749.8 7061.7 11689.6  
23338.7 11608.8 19426.5 11655.7 19291.7  14274.1 7112.03 11916.2 7144.04 11895.5  
23338.7 11608.8 19426.5 11655.7 19291.7  14206.5 7093.71 11815.1 7096.28 11765.7  
23338.7 11608.8 19426.5 11655.7 19291.7  14207.6 7129.86 11794.4 7068.18 11810.8  
23338.7 11608.8 19426.5 11655.7 19291.7  14229.2 7059.59 11884.7 7145.16 11788.8  
23338.7 11608.8 19426.5 11655.7 19291.7  14274.1 7112.03 11916.2 7144.04 11895.5  
23338.7 11608.8 19426.5 11655.7 19291.7  14272.9 7152.37 11879.1 7110.09 11915.6  
4178.55 2087.18 3484.71 2080.27 3495.81  3877.14 1941.38 3231.52 1927.14 3251.42  
4178.55 2087.18 3484.71 2080.27 3495.81  3852.07 1915.66 3224.91 1925.52 3230.48  
4178.55 2087.18 3484.71 2080.27 3495.81  3872.44 1927.7 3237.49 1934.07 3241.24  
4178.55 2087.18 3484.71 2080.27 3495.81  3891.51 1951.91 3234.78 1931.33 3250.2  
4178.55 2087.18 3484.71 2080.27 3495.81  3901.62 1947.35 3248.88 1944.14 3246.25  
4178.55 2087.18 3484.71 2080.27 3495.81  3861.83 1931.93 3223.19 1921.08 3245.1  
4178.55 2087.18 3484.71 2080.27 3495.81  3891.51 1951.91 3234.78 1931.33 3250.2  
4178.55 2087.18 3484.71 2080.27 3495.81  3887.49 1936.99 3245.67 1940.02 3247.46  
4178.55 2087.18 3484.71 2080.27 3495.81  3872.33 1918.11 3242.84 1941.69 3228.44  
4178.55 2087.18 3484.71 2080.27 3495.81  3852.07 1915.66 3224.91 1925.52 3230.48  
20902.2 10377.8 17471.7 10456.9 17414.4  13561.3 6775.68 11319.9 6768.98 11355.7  
20902.2 10377.8 17471.7 10456.9 17414.4  13606.8 6743.14 11366.5 6834.99 11261.3  
20902.2 10377.8 17471.7 10456.9 17414.4  13614.1 6808.35 11348.5 6789.83 11377.5  
20902.2 10377.8 17471.7 10456.9 17414.4  13561.3 6775.68 11319.9 6768.98 11355.7  
20902.2 10377.8 17471.7 10456.9 17414.4  13561 6741.96 11338.6 6795.65 11310.8  
20902.2 10377.8 17471.7 10456.9 17414.4  13490 6733.36 11275.9 6739.05 11318  
20902.2 10377.8 17471.7 10456.9 17414.4  13661.4 6809.83 11377.8 6830.32 11328.1  
20902.2 10377.8 17471.7 10456.9 17414.4  13490.8 6700.38 11295.4 6766.26 11273.8  
20902.2 10377.8 17471.7 10456.9 17414.4  13577.8 6823.77 11299 6744.73 11391.4  
20902.2 10377.8 17471.7 10456.9 17414.4  13490 6733.36 11275.9 6739.05 11318  
55616.3 27866.4 46246.4 27615.4 46421  4070 1967.46 3488.61 2214.47 3306.01  
55616.3 27866.4 46246.4 27615.4 46421  4069.7 1978.63 3477.67 2203.96 3311.56  
55616.3 27866.4 46246.4 27615.4 46421  4060.01 1982.18 3467.93 2191.48 3323.21  
55616.3 27866.4 46246.4 27615.4 46421  4065.96 1973.67 3483.75 2205.14 3322.16  
55616.3 27866.4 46246.4 27615.4 46421  4038.21 1981.36 3443.2 2170.84 3318.09  
55616.3 27866.4 46246.4 27615.4 46421  4044.89 1971.45 3464.54 2186.69 3324.54  
55616.3 27866.4 46246.4 27615.4 46421  4070 1967.46 3488.61 2214.47 3306.01  
55616.3 27866.4 46246.4 27615.4 46421  4033.4 1977.35 3443.91 2169.93 3321.17  
55616.3 27866.4 46246.4 27615.4 46421  4059.09 1983.28 3462.44 2189.38 3315.45  
55616.3 27866.4 46246.4 27615.4 46421  4069.7 1978.63 3477.67 2203.96 3311.56  
57427 28768.5 47706.6 28516.6 47799.7  2454.2 1175.17 2177.4 1406.91 2082.88  
57427 28768.5 47706.6 28516.6 47799.7  2455.16 1180.62 2177.06 1402.62 2095.99  
57427 28768.5 47706.6 28516.6 47799.7  2465.29 1172.87 2196.8 1420.72 2093.21  
57427 28768.5 47706.6 28516.6 47799.7  2457.26 1178.69 2187.63 1406.73 2110.89  
57427 28768.5 47706.6 28516.6 47799.7  2447.6 1177.89 2167.5 1397.4 2085.03  
57427 28768.5 47706.6 28516.6 47799.7  2446.81 1180.55 2171.51 1394.04 2105.68  
57427 28768.5 47706.6 28516.6 47799.7  2441.9 1180.13 2161.27 1389.3 2092.53  
57427 28768.5 47706.6 28516.6 47799.7  2455.16 1180.62 2177.06 1402.62 2095.99  
57427 28768.5 47706.6 28516.6 47799.7  2459.98 1181.03 2187.13 1407.28 2108.93  
57427 28768.5 47706.6 28516.6 47799.7  2463.69 1175.97 2197.19 1416.07 2108.3  
2991.1 1497.4 2484.47 1486.08 2485.89  2818.15 1422.62 2332.59 1390.89 2353.71  
2991.1 1497.4 2484.47 1486.08 2485.89  2832.46 1416.65 2350.03 1408.54 2342.91  
2991.1 1497.4 2484.47 1486.08 2485.89  2846.15 1420.35 2370.53 1418.23 2369.11  
2991.1 1497.4 2484.47 1486.08 2485.89  2838.78 1423.68 2360.24 1408.88 2371.99  
2991.1 1497.4 2484.47 1486.08 2485.89  2845.47 1421.12 2366.9 1416.89 2363.69  
2991.1 1497.4 2484.47 1486.08 2485.89  2840.55 1412.65 2364.01 1419.17 2345.8  
2991.1 1497.4 2484.47 1486.08 2485.89  2838.09 1424.47 2356.54 1407.52 2366.48  
2991.1 1497.4 2484.47 1486.08 2485.89  2846.15 1420.35 2370.53 1418.23 2369.11  
2991.1 1497.4 2484.47 1486.08 2485.89  2832.24 1409.47 2354.15 1414.14 2333.96  
2991.1 1497.4 2484.47 1486.08 2485.89  2833.44 1423.21 2349.59 1404.24 2357.59  
