1 16 4
17914  14669.1  11948.8  9883.32  
92567.3  6832.89  542.748  43.6259  
2973.61  2895.8  2811.27  2707.71  
37775.3  23282.2  14755.5  9047.38  
13931.6  12016.6  10310.1  8850.26  
2973.61  2882.75  2782.08  2708.95  
37775.3  23394.1  14672.3  9070.28  
37775.3  23433  14606.2  9046.8  
17914  14572.2  12089.3  9903.94  
2973.61  2882.75  2809.75  2713.59  
17914  14720.1  11997.2  9921.43  
37775.3  23514.4  14482.4  9153.15  
37775.3  23474.1  14497.4  9124.24  
2973.61  2882.75  2809.75  2713.59  
92567.3  6857.35  522.815  39.3866  
37775.3  23431.7  14513.3  9156.89  
