1 50 4
37775.3  23514.4  14482.4  9153.15  
37775.3  23474.1  14497.4  9124.24  
37775.3  23394.1  14610.8  9169.17  
37775.3  23538.1  14478.6  9145.71  
37775.3  23563.2  14649  8985.41  
37775.3  23522.1  14484.5  9174.92  
37775.3  23433  14606.2  9046.8  
37775.3  23394.1  14672.3  9070.28  
37775.3  23431.7  14513.3  9156.89  
37775.3  23282.2  14755.5  9047.38  
17914  14572.2  12089.3  9903.94  
17914  14724.7  12083  9898.03  
17914  14669.1  12047.3  9828.76  
17914  14678.8  11991.7  9908.89  
17914  14694.2  11963.3  9876.22  
17914  14572.2  12106.6  9867.15  
17914  14720.1  11997.2  9921.43  
17914  14572.2  12085.3  9932.16  
17914  14709.8  12085.7  9924.35  
17914  14669.1  11948.8  9883.32  
13931.6  11983.4  10314.7  8878.39  
13931.6  11882.1  10241.4  8859.18  
13931.6  11983.4  10332.9  8851.67  
13931.6  11996.1  10334.4  8833.28  
13931.6  12004.5  10311.8  8851.69  
13931.6  11882.1  10347  8847.27  
13931.6  12016.6  10310.1  8850.26  
13931.6  11983.4  10267.5  8900.63  
13931.6  12016.6  10262.9  8880.99  
13931.6  11983.4  10264.4  8844.68  
92567.3  6877.3  503.78  38.4646  
92567.3  6832.89  545.948  40.4589  
92567.3  6872.16  507.354  39.7643  
92567.3  6832.89  542.748  43.6259  
92567.3  6845.76  528.243  44.9898  
92567.3  6853.77  525.223  40.5399  
92567.3  6872.16  509.613  37.9389  
92567.3  6832.89  540.763  45.4151  
92567.3  6832.89  546.612  39.6357  
92567.3  6857.35  522.815  39.3866  
2973.61  2867.29  2777.12  2700.46  
2973.61  2900.85  2803.48  2715.06  
2973.61  2895.8  2794.09  2711.14  
2973.61  2897.76  2776.22  2714.14  
2973.61  2882.75  2782.08  2708.95  
2973.61  2895.8  2811.27  2707.71  
2973.61  2882.75  2809.75  2713.59  
2973.61  2882.74  2761.94  2727.31  
2973.61  2884.68  2803.96  2708.25  
2973.61  2897.76  2803.57  2725.62  
