4 66 4
8704.54 2759 5494.16 5972.15  6664.45 2120.26 4225.2 4597.11  5175.8 1636.5 3259.84 3545.8  3991.07 1255.37 2501.3 2718.43  
13602.6 4296.58 8631.88 9274.81  8663.19 2735.58 5508.58 5910.88  5595.1 1778.83 3532.13 3867.84  3636.19 1143.71 2276.1 2482.69  
8704.54 2759 5494.16 5972.15  6728.78 2115.02 4240.95 4565.41  5119.78 1633.1 3235.55 3550.47  3989.18 1257.34 2503.25 2724.6  
36028.6 11369.7 22659.3 24578.8  1861.58 595.844 1256.76 1342.55  104.082 32.6134 79.3453 74.4026  5.40083 1.69705 4.39175 4.02538  
7172.57 2276.68 4516.2 4933.88  5792.55 1838.62 3639.63 3988.79  4732.51 1495 2981.25 3236.53  3778.89 1203.25 2384.06 2615.36  
33602.1 10655.8 21125.3 23089.6  3890.66 1190.65 2524.54 2575.78  448.715 136.032 307.516 296.094  51.7991 15.5457 37.4791 34.0575  
24272.7 7627.46 15301.6 16447.7  8752.08 2787.85 5562.68 6069.44  3172 1010.37 2005.32 2212.98  1149.64 366.175 722.911 806.88  
24272.7 7627.46 15301.6 16447.7  8702.58 2738.95 5501.04 5935.64  3208.84 1037.61 2031.91 2287.3  1157.85 377.426 742.36 837  
36028.6 11369.7 22659.3 24578.8  1867.76 595.835 1262.48 1340.16  98.004 32.3095 73.4579 75.7354  5.29393 1.98211 4.49287 4.98965  
3786.07 1199.45 2391.77 2595.29  3384.07 1077.43 2145.02 2335.75  3061.39 967.202 1943.71 2089.15  2770.19 874.853 1746.43 1892.73  
13640.2 4309.46 8573.89 9322.17  8748.51 2766.26 5535.89 5987.39  5557.99 1764.28 3500.55 3835.31  3589.9 1127.5 2258.61 2443.21  
14326.1 4554.26 9036.33 9873.13  8843.23 2814.83 5604.11 6110.2  5539.79 1750.69 3505.23 3795.14  3510.55 1093.63 2207.87 2362  
24272.7 7627.46 15301.6 16447.7  8702.58 2738.95 5501.04 5935.64  3196.26 1035.73 2042.36 2280.99  1168.57 380.748 736.527 847.228  
7949.93 2502.77 5032.74 5396.85  6301.92 1984.64 3968.72 4288.16  4968.19 1571.69 3147.25 3401.46  3929.44 1234.56 2477.04 2667.87  
13602.6 4296.58 8631.88 9274.81  8663.19 2735.58 5508.58 5910.88  5598.79 1773.94 3537.97 3850.2  3606.51 1140.49 2268.41 2479.4  
24272.7 7627.46 15301.6 16447.7  8702.58 2738.95 5501.04 5935.64  3208.84 1037.61 2031.91 2287.3  1159.38 381.099 743.56 848.452  
3786.07 1199.45 2391.77 2595.29  3397.43 1074.38 2157.93 2320.76  3075.76 969.06 1942.05 2092.87  2767.43 874.972 1745.31 1893.85  
3786.07 1199.45 2391.77 2595.29  3402.13 1079.21 2144.58 2338.31  3039.29 968.649 1919.44 2103.15  2757.8 870.669 1752.07 1880.35  
33602.1 10655.8 21125.3 23089.6  3860.21 1192.08 2522.82 2585.93  472.804 134.942 308.535 288.207  57.6653 15.2812 38.4073 32.0939  
24272.7 7627.46 15301.6 16447.7  8704.58 2749.35 5530.51 5961.88  3207.57 1031.02 2013.19 2270.72  1158.91 378.668 736.7 842.283  
36028.6 11369.7 22659.3 24578.8  1864.65 598.161 1270.63 1346.66  100.786 30.461 66.0862 70.7661  5.59818 1.54383 3.77783 3.59601  
36028.6 11369.7 22659.3 24578.8  1864.81 591.789 1258.67 1328.23  100.398 36.2042 76.5396 87.4225  5.80947 2.13367 5.18177 5.25357  
13640.2 4309.46 8573.89 9322.17  8748.51 2766.26 5535.89 5987.39  5557.99 1764.28 3500.55 3835.31  3589.9 1127.5 2258.61 2443.21  
3786.07 1199.45 2391.77 2595.29  3406.64 1079.01 2155.68 2334.37  3069.05 968.484 1943.75 2091.85  2743.57 873.175 1738.07 1894.02  
14326.1 4554.26 9036.33 9873.13  8891.5 2819.59 5602.95 6117.04  5574.63 1756.35 3533.07 3800.86  3427.55 1080.83 2160.17 2346.5  
24272.7 7627.46 15301.6 16447.7  8752.08 2787.85 5562.68 6069.44  3172 1010.37 2005.32 2212.98  1149.64 366.175 722.911 806.88  
13640.2 4309.46 8573.89 9322.17  8746.38 2755.4 5504.85 5960.19  5610.11 1770.15 3566.17 3829.94  3558.45 1130.83 2241.11 2463.42  
7949.93 2502.77 5032.74 5396.85  6284.17 1976.03 3972.51 4263.04  4968.82 1558.92 3123.53 3365.97  3893.49 1235.08 2482.17 2674.72  
36028.6 11369.7 22659.3 24578.8  1863.11 597.477 1261.27 1346.67  102.574 31.107 75.2455 70.619  5.38112 1.57507 3.99441 3.69641  
14326.1 4554.26 9036.33 9873.13  8957.28 2826.66 5672.65 6112.23  5559.4 1746.89 3483.95 3784.52  3460.09 1090.58 2190.07 2365.26  
3786.07 1199.45 2391.77 2595.29  3395.47 1079.08 2146.28 2338.7  3070.17 968.477 1944.69 2091.43  2762.87 874.455 1747.56 1892.51  
8704.54 2759 5494.16 5972.15  6712.42 2117.41 4253.05 4573.22  5136.78 1630.61 3222.99 3542.34  4002.04 1257.37 2514.68 2719.83  
7949.93 2502.77 5032.74 5396.85  6241.11 1959.23 3959.97 4220.04  4944.83 1555.05 3133.2 3355.66  3933.67 1249.81 2490.22 2712.71  
24272.7 7627.46 15301.6 16447.7  8762.32 2785.07 5518.32 6068.84  3165.51 1012.14 2033.69 2213.38  1148.61 366.449 727.285 806.927  
13602.6 4296.58 8631.88 9274.81  8663.19 2735.58 5508.58 5910.88  5624.56 1779.02 3544.68 3860.32  3594.99 1141.82 2262.27 2487.15  
8704.54 2759 5494.16 5972.15  6725.09 2117.66 4249.81 4572.49  5178.74 1636.99 3268.55 3544.89  3945.69 1257.34 2492.16 2734.87  
36028.6 11369.7 22659.3 24578.8  1869.26 597.441 1266.91 1344.22  96.4826 31.1028 69.4399 72.9536  5.31991 1.61385 4.12484 3.8116  
7172.57 2276.68 4516.2 4933.88  5846.44 1843.53 3682.4 3985.22  4649.8 1483.85 2928.72 3227.61  3852.72 1209.44 2424.43 2612.91  
36028.6 11369.7 22659.3 24578.8  1870.26 595.759 1269.06 1338.06  95.7857 32.605 67.4892 78.4085  5.03648 1.78552 3.97063 4.47735  
3786.07 1199.45 2391.77 2595.29  3402.13 1079.21 2144.58 2338.31  3039.29 968.649 1919.44 2103.15  2757.8 870.669 1752.07 1880.35  
14326.1 4554.26 9036.33 9873.13  8943.14 2815.9 5611.1 6094.33  5564.7 1750.95 3507.02 3791.26  3465.38 1091.71 2199.78 2365.71  
33602.1 10655.8 21125.3 23089.6  3882.05 1185.72 2512.01 2564.23  449.823 139.626 314.112 305.826  57.923 16.6046 42.1524 35.4643  
13640.2 4309.46 8573.89 9322.17  8727.46 2744.22 5478.12 5933.96  5614.15 1779.17 3569.98 3857.07  3599.67 1136 2292.56 2460.98  
7172.57 2276.68 4516.2 4933.88  5846.44 1843.53 3682.4 3985.22  4722.34 1494.07 2973.21 3237.21  3804.4 1209.09 2401.68 2625.5  
24272.7 7627.46 15301.6 16447.7  8753.4 2769.18 5540.72 6014.33  3171.15 1022.27 2019.36 2248  1151.64 371.107 724.697 822.018  
13602.6 4296.58 8631.88 9274.81  8629.9 2739.12 5496.89 5930.77  5610.64 1772.68 3542.16 3843.11  3614.15 1139.68 2271.1 2474.84  
7172.57 2276.68 4516.2 4933.88  5846.44 1843.53 3682.4 3985.22  4737.66 1494 2986.43 3231.31  3801.54 1209.1 2399.21 2626.62  
14326.1 4554.26 9036.33 9873.13  8843.23 2814.83 5604.11 6110.2  5539.79 1750.69 3505.23 3795.14  3510.55 1093.63 2207.87 2362  
13640.2 4309.46 8573.89 9322.17  8746.38 2755.4 5504.85 5960.19  5610.49 1772.89 3552.81 3841.62  3583.77 1128.38 2261.55 2446.46  
13602.6 4296.58 8631.88 9274.81  8702.41 2743.32 5518.84 5926.24  5581.16 1776.06 3528.46 3862.36  3627.13 1141.93 2273.73 2479.16  
13602.6 4296.58 8631.88 9274.81  8702.41 2743.32 5518.84 5926.24  5642.46 1776.89 3532.92 3853.03  3613.95 1140.34 2265.66 2478.28  
7949.93 2502.77 5032.74 5396.85  6272.51 1975.8 3975.48 4263.71  4981.33 1578.17 3138.36 3421.78  3923.42 1236.43 2484.44 2673.23  
7949.93 2502.77 5032.74 5396.85  6284.17 1976.03 3972.51 4263.04  4972.67 1562.96 3134.06 3375.79  3932.2 1238.16 2479 2678.36  
36028.6 11369.7 22659.3 24578.8  1864.65 598.161 1270.63 1346.66  100.844 30.4208 65.9424 70.6519  5.54579 1.57098 3.89834 3.66957  
36028.6 11369.7 22659.3 24578.8  1857.47 593.367 1250.5 1336.49  107.741 34.6265 84.7013 79.1581  5.81666 2.12459 5.1798 5.22037  
13602.6 4296.58 8631.88 9274.81  8745.19 2770.56 5519.37 6005.36  5621.28 1774.33 3534.38 3848.45  3589.38 1126.46 2268.82 2437.69  
7949.93 2502.77 5032.74 5396.85  6272.51 1975.8 3975.48 4263.71  4947.43 1562.46 3140.48 3377.25  3926.59 1244.81 2485.44 2699.12  
24272.7 7627.46 15301.6 16447.7  8762.32 2785.07 5518.32 6068.84  3165.51 1012.14 2033.69 2213.38  1148.61 366.449 727.285 806.927  
7949.93 2502.77 5032.74 5396.85  6283.31 1992.49 3973.65 4315.38  4947.81 1546.48 3121.74 3330.56  3934.94 1250.03 2487.17 2713.92  
36028.6 11369.7 22659.3 24578.8  1869.26 597.441 1266.91 1344.22  96.7281 31.016 69.5081 72.5988  5.09239 1.69793 4.09083 4.14678  
7949.93 2502.77 5032.74 5396.85  6301.92 1984.64 3968.72 4288.16  4968.19 1571.69 3147.25 3401.46  3929.44 1234.56 2477.04 2667.87  
13640.2 4309.46 8573.89 9322.17  8753.4 2762.75 5524.11 5977.99  5586.64 1772.62 3537.91 3848.38  3564.24 1127.32 2244.27 2450.45  
14326.1 4554.26 9036.33 9873.13  8897.89 2822.5 5644.56 6115.84  5572.27 1752.49 3530.77 3789.55  3458.73 1085.68 2162.51 2356.04  
13602.6 4296.58 8631.88 9274.81  8746.37 2747.67 5517.78 5932.52  5557.4 1759.85 3530.77 3814.25  3570.27 1136.37 2260.39 2474.52  
13640.2 4309.46 8573.89 9322.17  8753.4 2762.75 5524.11 5977.99  5603.47 1765.55 3533.55 3823.81  3580.75 1137.52 2275.39 2473.08  
36028.6 11369.7 22659.3 24578.8  1863.11 597.477 1261.27 1346.67  102.574 31.107 75.2455 70.619  5.38112 1.57507 3.99441 3.69641  
