4 200 4
14326.1 4554.26 9036.33 9873.13  8927.85 2822.39 5669.38 6104.64  5571.9 1755.51 3505.25 3804.94  3448.09 1087.13 2183.7 2357.8  
14326.1 4554.26 9036.33 9873.13  8943.14 2815.9 5611.1 6094.33  5564.7 1750.95 3507.02 3791.26  3465.38 1091.71 2199.78 2365.71  
14326.1 4554.26 9036.33 9873.13  8873.68 2819.24 5607.5 6118.06  5581.35 1756.49 3531.36 3800.46  3455.39 1086.69 2182.74 2355.26  
14326.1 4554.26 9036.33 9873.13  8927.85 2822.39 5669.38 6104.64  5478.1 1741.03 3448.13 3788.26  3501.9 1094.43 2204.79 2366.73  
14326.1 4554.26 9036.33 9873.13  8812.92 2804.23 5546.87 6094.68  5570.17 1757.45 3528.79 3805.92  3509.62 1090.73 2207.86 2352.9  
14326.1 4554.26 9036.33 9873.13  8873.68 2819.24 5607.5 6118.06  5562.63 1753.79 3529.27 3795.67  3431.59 1081.78 2161.69 2348.47  
14326.1 4554.26 9036.33 9873.13  8812.92 2804.23 5546.87 6094.68  5585.44 1759.48 3552.13 3804.54  3464.67 1089.54 2196.33 2359.55  
14326.1 4554.26 9036.33 9873.13  8843.23 2814.83 5604.11 6110.2  5539.79 1750.69 3505.23 3795.14  3510.55 1093.63 2207.87 2362  
14326.1 4554.26 9036.33 9873.13  8873.68 2819.24 5607.5 6118.06  5610.57 1756.59 3544.12 3792.82  3453.4 1085.37 2171.37 2353.95  
14326.1 4554.26 9036.33 9873.13  8794.81 2803.87 5551.48 6095.72  5625.29 1760.27 3541.97 3802.26  3477.99 1092.34 2214.3 2362.21  
14326.1 4554.26 9036.33 9873.13  8943.14 2815.9 5611.1 6094.33  5584.25 1757.85 3542.76 3801.81  3469.26 1089.05 2196.08 2357.41  
14326.1 4554.26 9036.33 9873.13  8891.5 2819.59 5602.95 6117.04  5574.63 1756.35 3533.07 3800.86  3427.55 1080.83 2160.17 2346.5  
14326.1 4554.26 9036.33 9873.13  8891.5 2819.59 5602.95 6117.04  5491.47 1742.08 3472.73 3783.57  3509.67 1090.73 2207.84 2352.89  
14326.1 4554.26 9036.33 9873.13  8957.28 2826.66 5672.65 6112.23  5559.4 1746.89 3483.95 3784.52  3460.09 1090.58 2190.07 2365.26  
14326.1 4554.26 9036.33 9873.13  8843.23 2814.83 5604.11 6110.2  5520.76 1744.1 3469.41 3785.51  3510.83 1096 2223.12 2366.05  
14326.1 4554.26 9036.33 9873.13  8957.28 2826.66 5672.65 6112.23  5560.77 1753.89 3504.02 3802.05  3472.81 1086.48 2187.46 2350.55  
14326.1 4554.26 9036.33 9873.13  8897.89 2822.5 5644.56 6115.84  5572.27 1752.49 3530.77 3789.55  3458.73 1085.68 2162.51 2356.04  
14326.1 4554.26 9036.33 9873.13  8979.52 2823.42 5656.2 6101.66  5555.53 1752.85 3502.59 3800  3446.38 1089.42 2190.97 2363.79  
14326.1 4554.26 9036.33 9873.13  8945.36 2827.18 5643.42 6122.56  5568.42 1751.43 3507.39 3792.08  3421.62 1083.91 2176.96 2353.72  
14326.1 4554.26 9036.33 9873.13  8843.23 2814.83 5604.11 6110.2  5592.89 1755.4 3546.09 3791.68  3492.51 1090.44 2187.71 2359.56  
3786.07 1199.45 2391.77 2595.29  3406.64 1079.01 2155.68 2334.37  3069.05 968.484 1943.75 2091.85  2767.18 874.567 1745.36 1892.59  
3786.07 1199.45 2391.77 2595.29  3397.43 1074.38 2157.93 2320.76  3075.76 969.06 1942.05 2092.87  2767.43 874.972 1745.31 1893.85  
3786.07 1199.45 2391.77 2595.29  3384.07 1077.43 2145.02 2335.75  3067.37 970.304 1927.49 2101.6  2760.61 874.601 1740.39 1894.99  
3786.07 1199.45 2391.77 2595.29  3395.45 1077.39 2154.44 2331.47  3070.16 968.646 1943.87 2092.14  2744.56 873.321 1738.18 1894.28  
3786.07 1199.45 2391.77 2595.29  3402.13 1079.21 2144.58 2338.31  3039.29 968.649 1919.44 2103.15  2757.8 870.669 1752.07 1880.35  
3786.07 1199.45 2391.77 2595.29  3395.45 1077.39 2154.44 2331.47  3066.25 970.308 1926.56 2102.03  2754.18 873.123 1747.54 1889.82  
3786.07 1199.45 2391.77 2595.29  3395.47 1079.08 2146.28 2338.7  3076.18 970.096 1935.93 2097.48  2760.18 873.329 1735.64 1892.09  
3786.07 1199.45 2391.77 2595.29  3416.73 1074.76 2153.01 2319.64  3073.84 969.022 1942.54 2092.98  2760.38 874.832 1747.1 1894.26  
3786.07 1199.45 2391.77 2595.29  3395.45 1077.39 2154.44 2331.47  3074.46 971.496 1939.25 2101.49  2744.14 873.037 1738.64 1893.34  
3786.07 1199.45 2391.77 2595.29  3395.45 1077.39 2154.44 2331.47  3058.49 971.441 1932.28 2105.73  2770.7 871.972 1749.46 1882.79  
3786.07 1199.45 2391.77 2595.29  3406.64 1079.01 2155.68 2334.37  3069.05 968.484 1943.75 2091.85  2743.57 873.175 1738.07 1894.02  
3786.07 1199.45 2391.77 2595.29  3397.43 1074.38 2157.93 2320.76  3074.27 971.797 1938.9 2102.56  2763.71 872.132 1749.78 1884.46  
3786.07 1199.45 2391.77 2595.29  3384.07 1077.43 2145.02 2335.75  3061.39 967.202 1943.71 2089.15  2770.19 874.853 1746.43 1892.73  
3786.07 1199.45 2391.77 2595.29  3416.73 1074.76 2153.01 2319.64  3056.38 971.703 1932.43 2106.91  2767.43 874.67 1746.76 1892.56  
3786.07 1199.45 2391.77 2595.29  3395.47 1079.08 2146.28 2338.7  3070.17 968.477 1944.69 2091.43  2762.87 874.455 1747.56 1892.51  
3786.07 1199.45 2391.77 2595.29  3395.45 1077.39 2154.44 2331.47  3039.96 968.831 1918.47 2103.84  2770.52 871.265 1738.21 1883.1  
3786.07 1199.45 2391.77 2595.29  3384.07 1077.43 2145.02 2335.75  3047.18 968.948 1917.84 2103.06  2758.81 870.817 1752.19 1880.62  
3786.07 1199.45 2391.77 2595.29  3395.47 1079.08 2146.28 2338.7  3075.96 968.592 1943.21 2091.09  2736.54 872.15 1727.64 1894.35  
3786.07 1199.45 2391.77 2595.29  3414.86 1076.11 2157.51 2323.24  3044.15 969.08 1916.62 2104.3  2771.71 871.246 1747.07 1880.83  
3786.07 1199.45 2391.77 2595.29  3415.1 1077.78 2149.43 2330.33  3068.21 968.607 1944.37 2092.26  2735.37 872.279 1727.22 1895.07  
13602.6 4296.58 8631.88 9274.81  8702.41 2743.32 5518.84 5926.24  5581.16 1776.06 3528.46 3862.36  3627.13 1141.93 2273.73 2479.16  
13602.6 4296.58 8631.88 9274.81  8745.19 2770.56 5519.37 6005.36  5621.28 1774.33 3534.38 3848.45  3589.38 1126.46 2268.82 2437.69  
13602.6 4296.58 8631.88 9274.81  8716.45 2766.38 5516.19 5997.89  5579.88 1762.94 3535.24 3819.24  3602.96 1130.35 2268.39 2447.71  
13602.6 4296.58 8631.88 9274.81  8663.19 2735.58 5508.58 5910.88  5595.1 1778.83 3532.13 3867.84  3636.19 1143.71 2276.1 2482.69  
13602.6 4296.58 8631.88 9274.81  8629.9 2739.12 5496.89 5930.77  5668.54 1778.4 3540.8 3851.42  3585.95 1131.35 2269.09 2453.71  
13602.6 4296.58 8631.88 9274.81  8766.26 2763.09 5524.04 5976.73  5602.94 1776.8 3535.44 3859.35  3584.82 1132.88 2268.07 2459.18  
13602.6 4296.58 8631.88 9274.81  8663.19 2735.58 5508.58 5910.88  5598.79 1773.94 3537.97 3850.2  3606.51 1140.49 2268.41 2479.4  
13602.6 4296.58 8631.88 9274.81  8762.02 2770.89 5515.09 6004.4  5530.57 1753.87 3524.25 3801.61  3630.75 1140.13 2274.87 2472.56  
13602.6 4296.58 8631.88 9274.81  8745.19 2770.56 5519.37 6005.36  5610.49 1774.12 3537.11 3849.07  3551.96 1123.16 2257.55 2436.36  
13602.6 4296.58 8631.88 9274.81  8746.37 2747.67 5517.78 5932.52  5557.4 1759.85 3530.77 3814.25  3570.27 1136.37 2260.39 2474.52  
13602.6 4296.58 8631.88 9274.81  8749.73 2762.76 5528.24 5977.68  5581.4 1759.45 3533.59 3808.15  3608.66 1134.68 2264.21 2461.42  
13602.6 4296.58 8631.88 9274.81  8771.08 2759.64 5512.51 5967.49  5614.7 1773.25 3542.57 3844.25  3599.25 1135.79 2264.47 2466.69  
13602.6 4296.58 8631.88 9274.81  8629.9 2739.12 5496.89 5930.77  5665.42 1780.62 3548.19 3857.37  3629.77 1141.94 2272.8 2478.94  
13602.6 4296.58 8631.88 9274.81  8702.41 2743.32 5518.84 5926.24  5642.46 1776.89 3532.92 3853.03  3613.95 1140.34 2265.66 2478.28  
13602.6 4296.58 8631.88 9274.81  8721.49 2758.66 5525.11 5970.33  5591.46 1760.91 3534.72 3810.75  3625.42 1140.57 2262.77 2477.63  
13602.6 4296.58 8631.88 9274.81  8675.78 2758.36 5505.55 5981.97  5638.29 1773.5 3547.77 3839.68  3602.44 1138.94 2266.61 2475.69  
13602.6 4296.58 8631.88 9274.81  8629.9 2739.12 5496.89 5930.77  5610.64 1772.68 3542.16 3843.11  3614.15 1139.68 2271.1 2474.84  
13602.6 4296.58 8631.88 9274.81  8681.54 2750.78 5514.66 5954.7  5623.57 1766.31 3540.44 3820.94  3591.17 1137.79 2265.35 2474.23  
13602.6 4296.58 8631.88 9274.81  8702.41 2743.32 5518.84 5926.24  5628.72 1778.9 3542.99 3859.59  3610.07 1140.91 2268.5 2480.15  
13602.6 4296.58 8631.88 9274.81  8663.19 2735.58 5508.58 5910.88  5624.56 1779.02 3544.68 3860.32  3594.99 1141.82 2262.27 2487.15  
8704.54 2759 5494.16 5972.15  6728.78 2115.02 4240.95 4565.41  5119.78 1633.1 3235.55 3550.47  3989.18 1257.34 2503.25 2724.6  
8704.54 2759 5494.16 5972.15  6703.83 2121.04 4215.16 4594.83  5135.69 1631.93 3238.75 3543.12  3991.22 1256.23 2508.36 2719.55  
8704.54 2759 5494.16 5972.15  6725.09 2117.66 4249.81 4572.49  5178.74 1636.99 3268.55 3544.89  3945.69 1257.34 2492.16 2734.87  
8704.54 2759 5494.16 5972.15  6700.01 2123.78 4224.34 4602.16  5170.61 1633.58 3252.95 3538.99  3984.12 1255.23 2503.06 2718.82  
8704.54 2759 5494.16 5972.15  6720.18 2115.31 4219.14 4572.79  5121.71 1633.04 3240.49 3548.78  4008.87 1257.12 2531.44 2714.07  
8704.54 2759 5494.16 5972.15  6712.42 2117.41 4253.05 4573.22  5163.58 1630.62 3234.86 3534.92  3986.17 1260.77 2509.6 2734.64  
8704.54 2759 5494.16 5972.15  6646.35 2117.81 4197.47 4598.78  5138.42 1632.46 3245.38 3542.81  3980.6 1258.5 2507.22 2728.86  
8704.54 2759 5494.16 5972.15  6664.45 2120.26 4225.2 4597.11  5175.8 1636.5 3259.84 3545.8  4004.09 1255.37 2512.63 2713.59  
8704.54 2759 5494.16 5972.15  6712.42 2117.41 4253.05 4573.22  5136.78 1630.61 3222.99 3542.34  4002.04 1257.37 2514.68 2719.83  
8704.54 2759 5494.16 5972.15  6646.35 2117.81 4197.47 4598.78  5169.78 1634.29 3281.19 3535.03  3989.74 1259.33 2528.75 2725.1  
8704.54 2759 5494.16 5972.15  6725.09 2117.66 4249.81 4572.49  5151.81 1634.32 3269.2 3541.06  3975.88 1259.36 2519.5 2729.74  
8704.54 2759 5494.16 5972.15  6728.78 2115.02 4240.95 4565.41  5183.27 1630.94 3269.06 3524.71  3943.84 1259.33 2494.06 2741.13  
8704.54 2759 5494.16 5972.15  6663.59 2115.29 4184.73 4590.56  5192.85 1637.53 3283.47 3540.75  3980.55 1259.16 2531.15 2725.68  
8704.54 2759 5494.16 5972.15  6725.56 2120.95 4233.9 4586.45  5133.77 1629.8 3227.31 3539.3  4000.69 1261.69 2532.25 2729.9  
8704.54 2759 5494.16 5972.15  6686.88 2123.52 4227.69 4602.92  5186.24 1629.23 3255.27 3521.85  3984.55 1261.32 2516.19 2735.18  
8704.54 2759 5494.16 5972.15  6703.83 2121.04 4215.16 4594.83  5139.37 1633.61 3262.8 3542.43  3983.57 1258.74 2528.91 2724.31  
8704.54 2759 5494.16 5972.15  6664.45 2120.26 4225.2 4597.11  5175.8 1636.5 3259.84 3545.8  3991.07 1255.37 2501.3 2718.43  
8704.54 2759 5494.16 5972.15  6659.7 2118.08 4194.07 4598.01  5186.5 1632.09 3289.16 3523.3  4003.7 1261.83 2527.2 2730.92  
8704.54 2759 5494.16 5972.15  6708.9 2123.38 4246.21 4594.4  5172.5 1635.48 3271.91 3540.44  3987.95 1259.68 2521.16 2728.26  
8704.54 2759 5494.16 5972.15  6725.09 2117.66 4249.81 4572.49  5134.55 1634.38 3254.9 3547.56  3987.64 1261.48 2511.23 2736.27  
24272.7 7627.46 15301.6 16447.7  8704.58 2749.35 5530.51 5961.88  3207.57 1031.02 2013.19 2270.72  1158.91 378.668 736.7 842.283  
24272.7 7627.46 15301.6 16447.7  8773.44 2784.69 5546.83 6059.05  3156.9 1004.54 1993.28 2199.65  1139.42 366.767 736.451 807.384  
24272.7 7627.46 15301.6 16447.7  8752.08 2787.85 5562.68 6069.44  3172 1010.37 2005.32 2212.98  1149.64 366.175 722.911 806.88  
24272.7 7627.46 15301.6 16447.7  8748.67 2772.61 5552.12 6023.57  3177.94 1019.06 1996.03 2241.91  1147.58 368.322 734.202 811.466  
24272.7 7627.46 15301.6 16447.7  8702.58 2738.95 5501.04 5935.64  3208.14 1044.61 2039.89 2308.26  1157.62 372.607 732.063 823.89  
24272.7 7627.46 15301.6 16447.7  8702.58 2738.95 5501.04 5935.64  3203.95 1034.55 2036.62 2277.12  1160.32 379.84 740.88 844.709  
24272.7 7627.46 15301.6 16447.7  8704.58 2749.35 5530.51 5961.88  3194.97 1029.13 2023.54 2264.43  1166.69 378.377 726 842.459  
24272.7 7627.46 15301.6 16447.7  8709.23 2745.99 5519.33 5952.82  3199.29 1037.06 2033.04 2287.08  1159.55 375.851 732.905 833.898  
24272.7 7627.46 15301.6 16447.7  8702.58 2738.95 5501.04 5935.64  3209.59 1041.66 2043.17 2297.62  1156.48 373.894 732.714 828.083  
24272.7 7627.46 15301.6 16447.7  8753.4 2769.18 5540.72 6014.33  3171.15 1022.27 2019.36 2248  1151.64 371.107 724.697 822.018  
24272.7 7627.46 15301.6 16447.7  8702.58 2738.95 5501.04 5935.64  3208.84 1037.61 2031.91 2287.3  1157.85 377.426 742.36 837  
24272.7 7627.46 15301.6 16447.7  8769.34 2792.5 5537.64 6086.98  3152.48 994.109 1997.19 2166.13  1151.26 371.064 741.175 818.003  
24272.7 7627.46 15301.6 16447.7  8728.36 2751.1 5496.23 5971.06  3178.44 1020.14 2023.3 2238.56  1160.66 383.378 753.91 853.147  
24272.7 7627.46 15301.6 16447.7  8702.58 2738.95 5501.04 5935.64  3196.26 1035.73 2042.36 2280.99  1168.57 380.748 736.527 847.228  
24272.7 7627.46 15301.6 16447.7  8748.67 2772.61 5552.12 6023.57  3172.15 1010.62 1997.37 2215.3  1145.14 369.129 726.573 816.144  
24272.7 7627.46 15301.6 16447.7  8702.58 2738.95 5501.04 5935.64  3208.84 1037.61 2031.91 2287.3  1159.38 381.099 743.56 848.452  
24272.7 7627.46 15301.6 16447.7  8704.58 2749.35 5530.51 5961.88  3200.92 1029.25 2022.02 2264.07  1160.94 375.745 724.732 835.203  
24272.7 7627.46 15301.6 16447.7  8748.67 2772.61 5552.12 6023.57  3158.53 1004.76 1996.36 2199.03  1161.81 379.087 729.53 844.805  
24272.7 7627.46 15301.6 16447.7  8762.32 2785.07 5518.32 6068.84  3165.51 1012.14 2033.69 2213.38  1148.61 366.449 727.285 806.927  
24272.7 7627.46 15301.6 16447.7  8769.34 2792.5 5537.64 6086.98  3164.71 1006.39 2005.2 2201.61  1143.5 363.29 736.081 795.67  
36028.6 11369.7 22659.3 24578.8  1857.47 593.367 1250.5 1336.49  107.66 34.7215 84.54 79.5129  5.90556 2.04377 5.35719 4.90995  
36028.6 11369.7 22659.3 24578.8  1868.78 594.182 1264.7 1334.07  96.8943 34.2381 71.6823 82.7037  5.38656 1.72584 4.10067 4.16564  
36028.6 11369.7 22659.3 24578.8  1870.26 595.759 1269.06 1338.06  95.7857 32.605 67.4892 78.4085  5.03648 1.78552 3.97063 4.47735  
36028.6 11369.7 22659.3 24578.8  1864.65 598.161 1270.63 1346.66  100.786 30.461 66.0862 70.7661  5.59818 1.54383 3.77783 3.59601  
36028.6 11369.7 22659.3 24578.8  1863.11 597.477 1261.27 1346.67  102.574 31.107 75.2455 70.619  5.38112 1.57507 3.99441 3.69641  
36028.6 11369.7 22659.3 24578.8  1864.65 598.161 1270.63 1346.66  101.238 30.3333 66.3566 70.1983  5.16839 1.66017 3.51142 4.12127  
36028.6 11369.7 22659.3 24578.8  1869.26 597.441 1266.91 1344.22  96.4826 31.1028 69.4399 72.9536  5.31991 1.61385 4.12484 3.8116  
36028.6 11369.7 22659.3 24578.8  1868.78 594.182 1264.7 1334.07  97.1861 34.0949 71.5879 82.1624  5.10683 1.86582 4.182 4.69456  
36028.6 11369.7 22659.3 24578.8  1867.76 595.835 1262.48 1340.16  98.004 32.3095 73.4579 75.7354  5.29393 1.98211 4.49287 4.98965  
36028.6 11369.7 22659.3 24578.8  1864.65 598.161 1270.63 1346.66  100.844 30.4208 65.9424 70.6519  5.54579 1.57098 3.89834 3.66957  
36028.6 11369.7 22659.3 24578.8  1857.47 593.367 1250.5 1336.49  107.741 34.6265 84.7013 79.1581  5.81666 2.12459 5.1798 5.22037  
36028.6 11369.7 22659.3 24578.8  1868.78 594.182 1264.7 1334.07  97.2352 33.9993 71.712 81.7891  5.06294 1.9506 4.07218 5.0236  
36028.6 11369.7 22659.3 24578.8  1861.58 595.844 1256.76 1342.55  104.082 32.6134 79.3453 74.4026  5.40083 1.69705 4.39175 4.02538  
36028.6 11369.7 22659.3 24578.8  1869.26 597.441 1266.91 1344.22  96.4826 31.1028 69.4399 72.9536  5.32425 1.61827 4.13937 3.82342  
36028.6 11369.7 22659.3 24578.8  1864.81 591.789 1258.67 1328.23  100.398 36.2042 76.5396 87.4225  5.80947 2.13367 5.18177 5.25357  
36028.6 11369.7 22659.3 24578.8  1864.81 591.789 1258.67 1328.23  100.732 36.2051 76.8937 87.2742  5.49683 2.14196 4.87885 5.42067  
36028.6 11369.7 22659.3 24578.8  1864.81 591.789 1258.67 1328.23  101.034 36.4555 77.5471 87.9398  5.23203 1.89847 4.28859 4.75841  
36028.6 11369.7 22659.3 24578.8  1869.26 597.441 1266.91 1344.22  96.5184 30.8883 69.1689 72.2742  5.26968 1.82416 4.38546 4.48163  
36028.6 11369.7 22659.3 24578.8  1863.11 597.477 1261.27 1346.67  102.63 31.0661 75.0844 70.5025  5.28944 1.60713 4.08523 3.80081  
36028.6 11369.7 22659.3 24578.8  1869.26 597.441 1266.91 1344.22  96.7281 31.016 69.5081 72.5988  5.09239 1.69793 4.09083 4.14678  
13640.2 4309.46 8573.89 9322.17  8753.4 2762.75 5524.11 5977.99  5607.59 1767.51 3559.25 3823.57  3590.94 1136.74 2276.19 2468.59  
13640.2 4309.46 8573.89 9322.17  8753.4 2762.75 5524.11 5977.99  5603.47 1765.55 3533.55 3823.81  3580.75 1137.52 2275.39 2473.08  
13640.2 4309.46 8573.89 9322.17  8746.38 2755.4 5504.85 5960.19  5610.49 1772.89 3552.81 3841.62  3583.77 1128.38 2261.55 2446.46  
13640.2 4309.46 8573.89 9322.17  8746.38 2755.4 5504.85 5960.19  5608.77 1763.3 3546.56 3812.75  3594.8 1137.68 2291.37 2467.45  
13640.2 4309.46 8573.89 9322.17  8727.46 2744.22 5478.12 5933.96  5619.99 1771.94 3568.32 3833.35  3594.93 1137.32 2276.6 2469.6  
13640.2 4309.46 8573.89 9322.17  8752.8 2758.47 5544.88 5959.81  5585.5 1767.08 3510.27 3837.14  3586.51 1133.96 2263.25 2463.4  
13640.2 4309.46 8573.89 9322.17  8725.1 2762.87 5499.66 5988.92  5595.35 1765.5 3526.31 3826.71  3592.86 1132.95 2273.6 2456.7  
13640.2 4309.46 8573.89 9322.17  8717.96 2755.4 5480.07 5970.8  5604.03 1761 3532.03 3809.53  3596.26 1132.62 2277.73 2454.09  
13640.2 4309.46 8573.89 9322.17  8757.6 2755.02 5533.31 5950.58  5603.33 1775.28 3550.18 3851.11  3559.85 1132.26 2244.91 2466.88  
13640.2 4309.46 8573.89 9322.17  8752.8 2758.47 5544.88 5959.81  5585.5 1767.08 3510.27 3837.14  3592.18 1138.3 2288.08 2470.66  
13640.2 4309.46 8573.89 9322.17  8727.46 2744.22 5478.12 5933.96  5599.11 1776.99 3546.61 3858.05  3593.62 1138.6 2282.18 2472.64  
13640.2 4309.46 8573.89 9322.17  8665.44 2747.79 5440.02 5964.93  5604.26 1763.59 3529.88 3818.14  3625.54 1140.31 2320.67 2463.84  
13640.2 4309.46 8573.89 9322.17  8752.8 2758.47 5544.88 5959.81  5608.19 1771.79 3538.48 3841.76  3570.51 1127.6 2242.04 2450.75  
13640.2 4309.46 8573.89 9322.17  8746.38 2755.4 5504.85 5960.19  5610.11 1770.15 3566.17 3829.94  3558.45 1130.83 2241.11 2463.42  
13640.2 4309.46 8573.89 9322.17  8727.46 2744.22 5478.12 5933.96  5614.15 1779.17 3569.98 3857.07  3599.67 1136 2292.56 2460.98  
13640.2 4309.46 8573.89 9322.17  8665.44 2747.79 5440.02 5964.93  5618.07 1778 3567.93 3853.08  3622.55 1133.72 2302.18 2447.55  
13640.2 4309.46 8573.89 9322.17  8727.46 2744.22 5478.12 5933.96  5619.99 1771.94 3568.32 3833.35  3577.12 1141.75 2281.22 2485.9  
13640.2 4309.46 8573.89 9322.17  8725.1 2762.87 5499.66 5988.92  5582.99 1758.21 3508.81 3809.6  3611.73 1136.83 2306.81 2458.31  
13640.2 4309.46 8573.89 9322.17  8748.51 2766.26 5535.89 5987.39  5557.99 1764.28 3500.55 3835.31  3589.9 1127.5 2258.61 2443.21  
13640.2 4309.46 8573.89 9322.17  8753.4 2762.75 5524.11 5977.99  5586.64 1772.62 3537.91 3848.38  3564.24 1127.32 2244.27 2450.45  
33602.1 10655.8 21125.3 23089.6  3903.64 1190.65 2536.07 2571.21  434.951 136.034 296.301 300.779  52.6739 15.5429 37.3805 33.8943  
33602.1 10655.8 21125.3 23089.6  3903.64 1190.65 2536.07 2571.21  431.069 135.291 293.302 299.667  56.1183 16.2016 40.0251 34.8765  
33602.1 10655.8 21125.3 23089.6  3891.66 1195.43 2539.08 2587.8  449.471 132.32 297.775 286.279  50.4192 14.5975 33.422 32.0509  
33602.1 10655.8 21125.3 23089.6  3890.66 1190.65 2524.54 2575.78  447.964 136.568 309.537 297.557  52.4639 15.0714 35.7053 32.766  
33602.1 10655.8 21125.3 23089.6  3904.62 1195.35 2550.35 2583.03  437.861 131.869 286.165 289.181  49.2578 15.1084 33.8351 33.8023  
33602.1 10655.8 21125.3 23089.6  3904.62 1195.35 2550.35 2583.03  437.861 131.869 286.165 289.181  48.9691 15.1278 33.7837 33.9266  
33602.1 10655.8 21125.3 23089.6  3866.92 1187.36 2505.99 2573.23  465.701 137.975 319.768 296.678  57.9662 16.7352 43.2084 35.7319  
33602.1 10655.8 21125.3 23089.6  3903.64 1190.65 2536.07 2571.21  436.527 136.568 299.363 301.618  51.2904 15.1307 34.8752 33.3091  
33602.1 10655.8 21125.3 23089.6  3860.21 1192.08 2522.82 2585.93  472.804 134.942 308.535 288.207  57.6653 15.2812 38.4073 32.0939  
33602.1 10655.8 21125.3 23089.6  3884.06 1195.29 2541.09 2588.27  448.092 131.201 288.92 284.609  58.181 15.7126 39.276 33.1674  
33602.1 10655.8 21125.3 23089.6  3860.21 1192.08 2522.82 2585.93  471.609 133.829 305.178 285.537  58.0046 16.2462 41.0092 34.5533  
33602.1 10655.8 21125.3 23089.6  3882.05 1185.72 2512.01 2564.23  449.823 139.626 314.112 305.826  57.923 16.6046 42.1524 35.4643  
33602.1 10655.8 21125.3 23089.6  3893.86 1193.88 2533.56 2583.64  442.128 132.24 295.87 287.537  53.9954 15.9516 39.2274 34.6217  
33602.1 10655.8 21125.3 23089.6  3866.92 1187.36 2505.99 2573.23  465.969 139.116 323.562 299.55  56.6902 15.6396 39.1207 33.2043  
33602.1 10655.8 21125.3 23089.6  3890.66 1190.65 2524.54 2575.78  444.932 135.083 303.694 294.44  55.1573 16.4524 41.0707 35.6913  
33602.1 10655.8 21125.3 23089.6  3870.18 1190.65 2515.17 2581.22  464.033 136.213 315.251 292.39  56.0005 15.3406 38.6278 32.4905  
33602.1 10655.8 21125.3 23089.6  3890.66 1190.65 2524.54 2575.78  442.32 135.291 303.26 295.628  57.354 16.2662 41.4851 34.6434  
33602.1 10655.8 21125.3 23089.6  3906.79 1193.83 2544.93 2578.94  436.292 133.572 291.964 293.675  48.6916 14.9073 33.3842 33.3474  
33602.1 10655.8 21125.3 23089.6  3890.66 1190.65 2524.54 2575.78  448.715 136.032 307.516 296.094  51.7991 15.5457 37.4791 34.0575  
33602.1 10655.8 21125.3 23089.6  3890.66 1190.65 2524.54 2575.78  442.32 135.291 303.26 295.628  57.6996 16.2457 41.5521 34.5154  
7949.93 2502.77 5032.74 5396.85  6252.55 1959.46 3957.06 4219.38  4979.28 1566.4 3137.28 3384.8  3934.8 1252.78 2487.39 2722.66  
7949.93 2502.77 5032.74 5396.85  6272.51 1975.8 3975.48 4263.71  4981.33 1578.17 3138.36 3421.78  3923.42 1236.43 2484.44 2673.23  
7949.93 2502.77 5032.74 5396.85  6283.31 1992.49 3973.65 4315.38  4956.04 1567.71 3144.44 3391.62  3940.79 1245.72 2480.48 2700.69  
7949.93 2502.77 5032.74 5396.85  6287.57 1973.6 3964.36 4256.51  4968.62 1578.44 3143.12 3423.84  3919.05 1241.93 2487.22 2690.93  
7949.93 2502.77 5032.74 5396.85  6272.51 1975.8 3975.48 4263.71  4922.86 1549.38 3128.26 3342.69  3944.44 1249.39 2489.41 2709.65  
7949.93 2502.77 5032.74 5396.85  6287.57 1973.6 3964.36 4256.51  4955.15 1571.66 3146.39 3403.88  3941.99 1245.34 2486.04 2697.96  
7949.93 2502.77 5032.74 5396.85  6298.46 1987.12 3977.01 4294.8  4944.65 1547.59 3121.03 3334.76  3932.94 1240.58 2485.88 2684.38  
7949.93 2502.77 5032.74 5396.85  6266.3 1983.94 3977.79 4290.22  4982.63 1576.46 3137.87 3416.23  3933.88 1233.72 2477.11 2664.39  
7949.93 2502.77 5032.74 5396.85  6284.17 1976.03 3972.51 4263.04  4968.82 1558.92 3123.53 3365.97  3893.49 1235.08 2482.17 2674.72  
7949.93 2502.77 5032.74 5396.85  6241.11 1959.23 3959.97 4220.04  4956.54 1553.33 3124.57 3350.05  3922.56 1234.75 2479.02 2669.07  
7949.93 2502.77 5032.74 5396.85  6301.92 1984.64 3968.72 4288.16  4968.19 1571.69 3147.25 3401.46  3929.44 1234.56 2477.04 2667.87  
7949.93 2502.77 5032.74 5396.85  6252.59 1972.9 3973.27 4258.53  4929.25 1558.65 3135.11 3369.56  3908.21 1235.78 2479.58 2674.89  
7949.93 2502.77 5032.74 5396.85  6241.11 1959.23 3959.97 4220.04  4944.83 1555.05 3133.2 3355.66  3933.67 1249.81 2490.22 2712.71  
7949.93 2502.77 5032.74 5396.85  6284.17 1976.03 3972.51 4263.04  4972.67 1562.96 3134.06 3375.79  3932.2 1238.16 2479 2678.36  
7949.93 2502.77 5032.74 5396.85  6282.7 1968.49 3951.04 4244.13  4961.07 1566.27 3147.35 3385.41  3931.89 1235.83 2472.37 2672.48  
7949.93 2502.77 5032.74 5396.85  6241.11 1959.23 3959.97 4220.04  4956.54 1553.33 3124.57 3350.05  3942.43 1245.19 2488.71 2696.69  
7949.93 2502.77 5032.74 5396.85  6224.42 1967.34 3965.89 4247.5  4981.82 1579.75 3142.8 3425.73  3949.63 1244.96 2486.48 2695.29  
7949.93 2502.77 5032.74 5396.85  6272.51 1975.8 3975.48 4263.71  4947.43 1562.46 3140.48 3377.25  3926.59 1244.81 2485.44 2699.12  
7949.93 2502.77 5032.74 5396.85  6282.7 1968.49 3951.04 4244.13  4981.6 1575.25 3148.57 3410.1  3937.46 1245.66 2488.38 2699.25  
7949.93 2502.77 5032.74 5396.85  6283.31 1992.49 3973.65 4315.38  4947.81 1546.48 3121.74 3330.56  3934.94 1250.03 2487.17 2713.92  
7172.57 2276.68 4516.2 4933.88  5841.75 1838.63 3669.57 3973.35  4690.93 1486.83 2943.36 3226.48  3846.75 1214.57 2437.75 2627.3  
7172.57 2276.68 4516.2 4933.88  5846.44 1843.53 3682.4 3985.22  4649.8 1483.85 2928.72 3227.61  3852.72 1209.44 2424.43 2612.91  
7172.57 2276.68 4516.2 4933.88  5792.55 1838.62 3639.63 3988.79  4732.51 1495 2981.25 3236.53  3778.89 1203.25 2384.06 2615.36  
7172.57 2276.68 4516.2 4933.88  5843.17 1845.87 3690.25 3991.48  4691.86 1491.54 2956.86 3238.27  3832.86 1207.54 2406.76 2614.37  
7172.57 2276.68 4516.2 4933.88  5789.17 1841.04 3647.75 3995.26  4701.97 1492.45 2964.81 3237.55  3856.77 1211.51 2432.63 2616.94  
7172.57 2276.68 4516.2 4933.88  5827.54 1843.61 3666.1 3992.5  4737.44 1490.01 2979.09 3220.31  3828.16 1213.1 2420.99 2629.7  
7172.57 2276.68 4516.2 4933.88  5846.44 1843.53 3682.4 3985.22  4722.34 1494.07 2973.21 3237.21  3804.4 1209.09 2401.68 2625.5  
7172.57 2276.68 4516.2 4933.88  5846.44 1843.53 3682.4 3985.22  4722.34 1494.07 2973.21 3237.21  3796.78 1208.94 2403.63 2625.94  
7172.57 2276.68 4516.2 4933.88  5812.81 1845.77 3677 3999.53  4741.38 1495.47 2993.82 3233.67  3809.37 1206.81 2393.49 2619.21  
7172.57 2276.68 4516.2 4933.88  5738.03 1831.01 3611.25 3980.66  4746.42 1498.09 3008.6 3237.78  3842.41 1209.11 2411.87 2616.51  
7172.57 2276.68 4516.2 4933.88  5846.44 1843.53 3682.4 3985.22  4718.48 1490.03 2962.62 3227.42  3828.18 1213.11 2421.02 2629.73  
7172.57 2276.68 4516.2 4933.88  5843.17 1845.87 3690.25 3991.48  4694.6 1489.58 2950.28 3233.02  3809.25 1204.58 2390.39 2612.79  
7172.57 2276.68 4516.2 4933.88  5789.17 1841.04 3647.75 3995.26  4744.7 1490.5 2982.55 3219.79  3846.53 1213.41 2434.46 2624.41  
7172.57 2276.68 4516.2 4933.88  5738.03 1831.01 3611.25 3980.66  4740.1 1498.37 2993.1 3243.24  3859.24 1212.29 2434.19 2618.62  
7172.57 2276.68 4516.2 4933.88  5789.17 1841.04 3647.75 3995.26  4745.86 1496.37 2999.36 3234.48  3845.37 1207.55 2417.65 2609.72  
7172.57 2276.68 4516.2 4933.88  5841.75 1838.63 3669.57 3973.35  4734.75 1490.95 2978.44 3223.92  3769.37 1204.01 2379.06 2620.66  
7172.57 2276.68 4516.2 4933.88  5812.81 1845.77 3677 3999.53  4656.04 1483.43 2929.72 3224.91  3851.44 1213.71 2440.81 2623.06  
7172.57 2276.68 4516.2 4933.88  5846.44 1843.53 3682.4 3985.22  4737.66 1494 2986.43 3231.31  3801.54 1209.1 2399.21 2626.62  
7172.57 2276.68 4516.2 4933.88  5738.03 1831.01 3611.25 3980.66  4710.36 1488.27 2954.2 3225.11  3829.73 1213.81 2436.5 2628.16  
7172.57 2276.68 4516.2 4933.88  5846.44 1843.53 3682.4 3985.22  4719.65 1495.99 2979.69 3242.38  3833.05 1211.75 2430.32 2622.47  
