2  34  4.58  1.53  21000  22000  1  1

******************** Using iran model first stage solution ****************
21000  23200  1  1
------------- Unsatisfy demand per scenario per model ---------------
62332.4  62332.4  
11157.6  11158.6  
195449  195449  
11154.8  11155.8  
62201.5  62201.5  
151652  151652  
11301.6  11302.6  
118508  118508  
62123.6  62123.6  
118682  118682  
151705  151705  
118508  118508  
11176.5  11177.5  
195530  195530  
118596  118596  
151621  151621  
11157.6  11158.6  
61982.9  61982.9  
118817  118817  
118428  118428  
118682  118682  
151616  151616  
118745  118746  
11312.9  11312.9  
195449  195449  
118745  118746  
11418  11419  
195670  195670  
11154.8  11155.8  
195508  195508  
11312.9  11312.9  
62332.4  62332.4  
195364  195364  
195508  195508  
------------- Recours cost per scenario per model ----------------------
1.03879e+07  1.03857e+07  
1.03947e+07  1.03918e+07  
7.94447e+06  7.94227e+06  
1.03947e+07  1.03918e+07  
1.03879e+07  1.03857e+07  
1.03879e+07  1.03857e+07  
1.03944e+07  1.03916e+07  
1.03879e+07  1.03857e+07  
1.03879e+07  1.03857e+07  
1.03879e+07  1.03857e+07  
1.03879e+07  1.03857e+07  
1.03879e+07  1.03857e+07  
1.03946e+07  1.03918e+07  
7.92017e+06  7.91797e+06  
1.03879e+07  1.03857e+07  
1.03879e+07  1.03857e+07  
1.03947e+07  1.03918e+07  
1.03879e+07  1.03857e+07  
1.03879e+07  1.03857e+07  
1.03879e+07  1.03857e+07  
1.03879e+07  1.03857e+07  
1.03879e+07  1.03857e+07  
1.03879e+07  1.0385e+07  
1.03944e+07  1.03922e+07  
7.94289e+06  7.94069e+06  
1.03879e+07  1.0385e+07  
1.03942e+07  1.03914e+07  
7.87687e+06  7.87467e+06  
1.03947e+07  1.03918e+07  
7.92225e+06  7.92005e+06  
1.03944e+07  1.03922e+07  
1.03879e+07  1.03857e+07  
7.96281e+06  7.96061e+06  
7.92225e+06  7.92005e+06  
------------- Resolution time per scenario per model ----------------------
0.04  0.03  
0.05  0.02  
0.05  0.02  
0.05  0.02  
0.06  0.02  
0.05  0.02  
0.05  0.02  
0.05  0.02  
0.04  0.02  
0.05  0.02  
0.05  0.02  
0.05  0.01  
0.05  0.02  
0.05  0.02  
0.04  0.03  
0.06  0.02  
0.04  0.03  
0.05  0.02  
0.04  0.02  
0.04  0.02  
0.05  0.02  
0.05  0.03  
0.05  0.02  
0.06  0.01  
0.04  0.02  
0.05  0.02  
0.05  0.02  
0.06  0.02  
0.05  0.02  
0.05  0.02  
0.04  0.02  
0.05  0.02  
0.05  0.01  
0.05  0.02  

******************** Using dbsWc first stage solution ****************
22000  22000  0  0
------------------- Unsatisfy demand per scenario per model ---------------
62332.4  62332.4  
11157.6  11157.6  
195449  195449  
11154.8  11154.8  
62201.5  62201.5  
151652  151652  
11301.6  11301.6  
118508  118508  
62123.6  62123.6  
118682  118682  
151705  151705  
118508  118508  
11176.5  11176.5  
195530  195530  
118596  118596  
151621  151621  
11157.6  11157.6  
61982.9  61982.9  
118817  118817  
118428  118428  
118682  118682  
151616  151616  
118745  118745  
11312.9  11312.9  
195449  195449  
118745  118745  
11418  11418  
195670  195670  
11154.8  11154.8  
195508  195508  
11312.9  11312.9  
62332.4  62332.4  
195364  195364  
195508  195508  
------------------- Recours cost per scenario per model -------------------
1.03857e+07  1.03857e+07  
1.03925e+07  1.03925e+07  
7.94227e+06  7.94227e+06  
1.03925e+07  1.03925e+07  
1.03857e+07  1.03857e+07  
1.03857e+07  1.03857e+07  
1.03922e+07  1.03922e+07  
1.03857e+07  1.03857e+07  
1.03857e+07  1.03857e+07  
1.03857e+07  1.03857e+07  
1.03857e+07  1.03857e+07  
1.03857e+07  1.03857e+07  
1.03924e+07  1.03924e+07  
7.91797e+06  7.91797e+06  
1.03857e+07  1.03857e+07  
1.03857e+07  1.03857e+07  
1.03925e+07  1.03925e+07  
1.03857e+07  1.03857e+07  
1.03857e+07  1.03857e+07  
1.03857e+07  1.03857e+07  
1.03857e+07  1.03857e+07  
1.03857e+07  1.03857e+07  
1.03857e+07  1.03857e+07  
1.03922e+07  1.03922e+07  
7.94069e+06  7.94069e+06  
1.03857e+07  1.03857e+07  
1.0392e+07  1.0392e+07  
7.87467e+06  7.87467e+06  
1.03925e+07  1.03925e+07  
7.92005e+06  7.92005e+06  
1.03922e+07  1.03922e+07  
1.03857e+07  1.03857e+07  
7.96061e+06  7.96061e+06  
7.92005e+06  7.92005e+06  
------------- Resolution time per scenario per model ----------------------
0.05  0.01  
0.04  0.02  
0.05  0.01  
0.05  0.01  
0.04  0.01  
0.05  0.01  
0.05  0.02  
0.05  0.02  
0.05  0.01  
0.05  0.01  
0.06  0.01  
0.05  0.01  
0.05  0.01  
0.05  0.01  
0.05  0.01  
0.04  0.01  
0.05  0.02  
0.05  0.01  
0.04  0.02  
0.04  0.01  
0.05  0.02  
0.05  0.01  
0.05  0.02  
0.05  0.02  
0.05  0.02  
0.06  0.02  
0.05  0.02  
0.04  0.02  
0.05  0.02  
0.05  0.01  
0.04  0.02  
0.05  0.02  
0.04  0.01  
0.05  0.01  
