3  3
resolution time : 1.53
22000  22000
16  0
******************** fixed facilities: 22 ****************
0  1  2  3  4  5  6  7  8  9  10  11  12  13  14  15  16  17  18  19  20  21  
******************** Response cost ****************
0  0  5657.61  9.48658e+06  9.4635e+06  9.68605e+06  2.38379e+06  0  2.29907e+06  9884.78  1.82123e+06  0  4400  9.53108e+06  6600  1.00713e+07  
******************** Mobile facilities tour: 0 ****************
 scenario : 0



------------------------------------
 scenario : 1



------------------------------------
 scenario : 2



------------------------------------
 scenario : 3



------------------------------------
 scenario : 4



------------------------------------
 scenario : 5



------------------------------------
 scenario : 6



------------------------------------
 scenario : 7



------------------------------------
 scenario : 8



------------------------------------
 scenario : 9



------------------------------------
 scenario : 10



------------------------------------
 scenario : 11



------------------------------------
 scenario : 12



------------------------------------
 scenario : 13



------------------------------------
 scenario : 14



------------------------------------
 scenario : 15



------------------------------------
******************** Stock in hospital ****************
0  0  0  0  0  0  0  0  0  0  0  0  
0  0  0  0  0  0  0  0  0  0  0  0  
0  0  0  0  0  0  0  0  0  0  0  0  
0  0  0  0  0  0  0  0  0  0  0  0  
0  0  0  0  0  0  0  0  0  0  0  0  
0  0  0  2200  0  2200  0  0  0  0  0  0  
0  0  0  0  0  0  0  0  0  0  0  0  
0  0  0  0  0  0  0  0  0  0  0  0  
0  0  0  0  0  0  0  0  0  0  0  0  
0  0  0  0  0  0  2200  0  0  0  0  0  
0  0  0  0  0  0  0  0  0  0  0  0  
0  0  0  0  0  0  0  0  0  0  0  0  
0  0  0  0  0  0  0  0  0  0  0  0  
0  0  0  1298.62  0  2200  0  0  0  0  0  0  
0  0  0  0  0  0  0  0  0  0  0  0  
0  0  0  0  0  2200  0  0  0  0  0  0  
******************** Quantity of blood in hospitals ****************
0  0  0  0  0  0  0  0  0  
0  0  0  0  0  0  0  0  0  
0  0  0  0  0  0  0  10  0  
500  10001  -1.13687e-13  5300.22  4274.35  824.97  2841.79  534.116  4061.97  
500  9501  500  5000  4010  1367.35  2848.14  2635.63  1865.97  
3160.73  2840.27  4500  3102.87  0  7397.13  2840.07  1171  3977.84  
0  0  0  0  658.14  0  1000  5456.23  0  
0  0  0  0  0  0  0  0  0  
0  0  0  0  0  10  6845.05  0  0  
0  0  0  0  0  0  10  0  0  
0  0  0  0  10  0  0  5453.08  0  
0  0  0  0  0  0  0  0  0  
0  0  0  0  0  0  0  0  0  
0  -1.13687e-13  10501  3997.63  500  6002.37  2843.81  2732.86  1925.55  
0  0  0  0  0  0  0  0  0  
0  10501  0  490  4270.25  5739.75  2316.16  2737.35  4112.73  
******************** Unsatisfy demand in hospital ****************
3461.47  2780.61  9082.85  3218.41  2575.11  8415.62  3019.11  2413.13  7849.24  
3461.47  2780.61  9082.85  3171.89  2555.23  8390.15  2983.56  2393.97  7836.02  
22389.3  17949.7  58435.7  12385.3  9907.64  32146.1  9029.64  5445.94  17706.3  
43468.8  25116.6  113589  0  0  13456.3  0  0  0  
43468.8  25616.6  113089  292.62  267.26  12896.5  0  0  0  
43008.1  32277.3  111289  0  4285.86  4770.47  0  0  0  
22389.3  17949.7  58435.7  12385.3  9249.5  32146.1  5845.05  0  19849.6  
8494.6  6783.29  21945.3  7049.32  5638.61  18277.6  5830.11  4643.3  14962.5  
22389.3  17949.7  58435.7  12385.3  9907.64  32136.1  0  7656.23  17649.6  
22389.3  17949.7  58435.7  14524.1  9869.45  32158.9  4662.56  7673.39  19843.9  
22389.3  17949.7  58435.7  12323.2  9869.85  32160.5  6823.11  0  17707.8  
3461.47  2780.61  9082.85  3171.65  2558.05  8390.59  2983.57  2393.78  7835.99  
15984  12747.2  41194.7  10875.7  8699.33  28274.3  9594.27  5912.44  21357.9  
45267.4  35117.6  105288  0  3775.76  6144.53  0  0  0  
8494.6  6783.29  21945.3  7040.99  5619.62  18250.7  8045.34  6883.14  17370.4  
43968.8  24616.6  115789  4788.51  0  6286.25  0  0  0  
