3  3
resolution time : 4.58
21000  21000
16  0
******************** fixed facilities: 21 ****************
1  2  3  4  5  6  7  8  9  10  11  12  13  14  15  16  17  18  19  20  21  
******************** Response cost ****************
1.03944e+07  1.03947e+07  1.03879e+07  1.03857e+07  1.03857e+07  1.03682e+07  1.03879e+07  1.03879e+07  1.03879e+07  1.03879e+07  1.03879e+07  1.03947e+07  1.03879e+07  1.03832e+07  1.03879e+07  1.03857e+07  
******************** Mobile facilities tour: 1 ****************
 scenario : 0
0  


------------------------------------
 scenario : 1
0  


------------------------------------
 scenario : 2
0  
0  

------------------------------------
 scenario : 3
0  


------------------------------------
 scenario : 4
0  


------------------------------------
 scenario : 5
0  


------------------------------------
 scenario : 6
0  
0  

------------------------------------
 scenario : 7
0  
0  

------------------------------------
 scenario : 8
0  
0  
0  
------------------------------------
 scenario : 9
0  


------------------------------------
 scenario : 10
0  
0  

------------------------------------
 scenario : 11
0  


------------------------------------
 scenario : 12
0  
0  

------------------------------------
 scenario : 13
0  


------------------------------------
 scenario : 14
0  
0  

------------------------------------
 scenario : 15
0  


------------------------------------
******************** Stock in hospital ****************
0  0  0  0  0  0  0  0  0  
0  0  0  0  0  0  0  0  0  
0  0  0  0  0  0  0  0  0  
0  0  0  0  0  0  2200  2200  2200  
0  536.809  0  0  0  0  2200  2200  2200  
0  0  2200  0  0  0  2200  2200  2200  
0  0  0  0  0  0  0  0  0  
0  0  0  0  0  0  0  0  0  
0  0  0  0  0  0  0  0  0  
0  0  0  0  0  0  0  0  0  
0  0  0  0  0  0  0  0  0  
0  0  0  0  0  0  0  0  0  
0  0  0  0  0  0  0  0  0  
0  0  1923.73  0  0  0  2200  2200  2200  
0  0  0  0  0  0  0  0  0  
0  0  0  0  0  0  2200  2200  2200  
******************** Quantity of blood in hospitals ****************
3461.47  2501  4538.53  3218.41  2500  4781.59  3019.11  2413.13  5067.76  
3461.47  2501  4538.53  3171.89  2500  4828.11  2983.56  2393.97  5122.47  
4000  2500  4000  4000  2501  4000  4000  2500  4000  
5501  3000  2000  5300.22  4000  1199.78  2841.79  2734.12  4061.97  
5001  4500  1000  5259.55  3740.45  1500  2848.14  2730.11  4065.97  
5501  5000  0  5302.87  4285.86  911.27  2840.07  2722.22  3977.84  
4000  2500  4000  4000  2501  4000  4000  2500  4000  
4000  2500  4000  4000  2501  4000  4000  2500  4000  
4000  2500  4000  4000  2501  4000  4000  2500  4000  
4000  2501  4000  4000  2500  4000  4000  2500  4000  
4000  2500  4000  4000  2501  4000  4000  2500  4000  
3461.47  2501  4538.53  3171.65  2500  4828.35  2983.57  2393.78  5122.65  
4000  2500  4000  4000  2501  4000  4000  2500  4000  
5501  5000  0  5296.25  4275.76  927.99  2843.81  2732.86  4010.49  
4000  2500  4000  4000  2501  4000  4000  2500  4000  
4701.42  4799.58  1000  4500  2500  3500  2861.82  2737.35  4112.73  
******************** Unsatisfy demand in hospital ****************
0  279.61  4544.32  0  75.11  3634.03  0  0  2781.48  
0  279.61  4544.32  0  55.23  3562.04  0  0  2713.55  
18389.3  15449.7  54435.7  8385.3  7406.64  28146.1  2829.64  2955.94  13706.3  
38467.8  32117.6  111589  0  274.35  13081.5  0  0  0  
38967.8  31154.4  112589  33.0709  0  12763.8  0  0  0  
38467.8  30117.6  115789  0  0  11256.3  0  0  0  
18389.3  15449.7  54435.7  8385.3  7406.64  28146.1  2845.05  2956.23  13649.6  
4494.6  4283.29  17945.3  3049.32  3137.61  14277.6  1830.11  2143.3  10962.5  
18389.3  15449.7  54435.7  8385.3  7406.64  28146.1  2845.05  2956.23  13649.6  
18389.3  15448.7  54435.7  8324.1  7369.45  28158.9  2872.56  2973.39  13643.9  
18389.3  15449.7  54435.7  8323.2  7378.85  28160.5  2823.11  2953.08  13707.8  
0  279.61  4544.32  0  58.05  3562.24  0  0  2713.34  
11984  10247.2  37194.7  6875.7  6198.33  24274.3  3394.27  3412.44  15157.9  
38467.8  30117.6  115513  0  0  11495.2  0  0  0  
4494.6  4283.29  17945.3  3040.99  3118.62  14250.7  1845.34  2183.14  11170.4  
39267.4  30318  112589  778.51  1770.25  10726  0  0  0  
