3 16 3
10725.1 27148.5 21529.3  4421.13 10929.7 8774.38  1805.34 4415.38 3618.99  
14456.7 36314.8 28939  2944.08 7274.1 5853.93  616.097 1481.9 1236.04  
14456.7 36314.8 28939  2954.18 7295.37 5912.64  608.128 1465 1189.76  
180.18 453.311 362.346  179.125 448.172 359.317  174.554 441.647 353.339  
12150.9 30381.2 24290.2  4032.08 10033.8 8013.78  1331.53 3359.93 2712.49  
12150.9 30381.2 24290.2  4006.43 10078.5 8054.14  1351.65 3319.08 2682.47  
12150.9 30381.2 24290.2  4023.04 10066.9 8023.89  1340.55 3326.72 2702.62  
180.18 453.311 362.346  176.308 446.091 356.902  177.37 443.729 355.754  
180.18 453.311 362.346  179.471 449.115 358.389  176.792 442.325 355.463  
6880.59 17240.1 13779.4  4259.71 10704.9 8529.36  2666.55 6636.82 5326.45  
180.18 453.311 362.346  179.471 449.115 358.389  176.792 442.325 355.463  
10725.1 27148.5 21529.3  4340.03 10851.5 8675.39  1806.3 4401.42 3578.83  
180.18 453.311 362.346  178.57 449.345 357.827  175.373 443.702 353.414  
14456.7 36314.8 28939  2931.08 7279.1 5886.74  627.98 1481.36 1215.86  
14456.7 36314.8 28939  2931.08 7279.1 5886.74  633.33 1477.25 1220.58  
14456.7 36314.8 28939  2969.1 7291.56 5922.23  602.935 1467.22 1192.25  
