3 50 3
6880.59 17240.1 13779.4  4259.71 10704.9 8529.36  2666.55 6636.82 5326.45  
6880.59 17240.1 13779.4  4272.94 10677 8564.87  2645.86 6646.85 5276.6  
6880.59 17240.1 13779.4  4276.27 10688.9 8514  2660.97 6645.36 5321.69  
6880.59 17240.1 13779.4  4238.65 10650.4 8544.56  2672.15 6653.38 5292.27  
6880.59 17240.1 13779.4  4281.19 10699.4 8542.76  2665.12 6619.63 5304.49  
6880.59 17240.1 13779.4  4259.71 10704.9 8529.36  2673.28 6617.59 5309.58  
6880.59 17240.1 13779.4  4280.08 10695.5 8559.72  2646.21 6608.35 5314.02  
6880.59 17240.1 13779.4  4259.71 10704.9 8529.36  2653.17 6640.27 5317.9  
6880.59 17240.1 13779.4  4289.75 10660.5 8549.84  2621.22 6642.33 5287.07  
6880.59 17240.1 13779.4  4276.27 10688.9 8514  2644.6 6642.33 5295.74  
10725.1 27148.5 21529.3  4350.85 10875.9 8715.22  1840.82 4434.55 3617.98  
10725.1 27148.5 21529.3  4437.41 10965.7 8845.03  1780.04 4381.29 3542.57  
10725.1 27148.5 21529.3  4421.13 10929.7 8774.38  1766.13 4370.9 3542.55  
10725.1 27148.5 21529.3  4401.6 10937.1 8823.45  1796.64 4388.3 3538.82  
10725.1 27148.5 21529.3  4340.03 10851.5 8675.39  1806.3 4401.42 3578.83  
10725.1 27148.5 21529.3  4437.41 10965.7 8845.03  1763.03 4363.5 3528.72  
10725.1 27148.5 21529.3  4350.85 10875.9 8715.22  1845.5 4444.85 3635.03  
10725.1 27148.5 21529.3  4386.72 10905.7 8737.1  1798.34 4391.14 3568.13  
10725.1 27148.5 21529.3  4436.28 10961.7 8862.31  1776.25 4373.69 3516.01  
10725.1 27148.5 21529.3  4421.13 10929.7 8774.38  1805.34 4415.38 3618.99  
14456.7 36314.8 28939  2931.08 7279.1 5886.74  627.98 1481.36 1215.86  
14456.7 36314.8 28939  2928.5 7274.74 5856.19  625.789 1482.92 1238.7  
14456.7 36314.8 28939  2966.43 7287.05 5890.56  595.269 1471.77 1207.68  
14456.7 36314.8 28939  2954.18 7295.37 5912.64  608.128 1465 1189.76  
14456.7 36314.8 28939  2954.93 7298.02 5901.1  614.263 1462.14 1209.1  
14456.7 36314.8 28939  2944.08 7274.1 5853.93  616.097 1481.9 1236.04  
14456.7 36314.8 28939  2931.08 7279.1 5886.74  633.33 1477.25 1220.58  
14456.7 36314.8 28939  2931.81 7281.7 5875.4  623.036 1476.85 1225.85  
14456.7 36314.8 28939  2949.32 7282.97 5916.17  617.339 1478.94 1198.49  
14456.7 36314.8 28939  2969.1 7291.56 5922.23  602.935 1467.22 1192.25  
180.18 453.311 362.346  179.125 448.172 359.317  174.554 441.647 353.339  
180.18 453.311 362.346  176.308 446.091 356.902  177.37 443.729 355.754  
180.18 453.311 362.346  178.573 446.785 359.038  175.142 440.674 354.136  
180.18 453.311 362.346  178.57 449.345 357.827  175.373 443.702 353.414  
180.18 453.311 362.346  179.424 448.949 359.1  175.409 443.865 352.722  
180.18 453.311 362.346  179.471 449.115 358.389  176.792 442.325 355.463  
180.18 453.311 362.346  176.308 446.091 356.902  177.713 444.663 354.836  
180.18 453.311 362.346  176.897 445.093 357.704  176.77 444.738 354.963  
180.18 453.311 362.346  176.308 446.091 356.902  175.395 443.735 353.423  
180.18 453.311 362.346  176.841 447.429 357.171  177.662 444.485 355.537  
12150.9 30381.2 24290.2  4023.04 10066.9 8023.89  1340.55 3326.72 2702.62  
12150.9 30381.2 24290.2  4002.9 10072.4 8011.78  1353.23 3340.01 2712.19  
12150.9 30381.2 24290.2  4027.67 10076.9 8051.01  1334.46 3331.17 2687.6  
12150.9 30381.2 24290.2  4007.45 10082.2 8038.42  1347.94 3327.69 2696.02  
12150.9 30381.2 24290.2  4028.9 10022.3 8062.6  1337.69 3360.17 2660.5  
12150.9 30381.2 24290.2  3999.82 10061.3 8058.92  1358.72 3337.65 2672.23  
12150.9 30381.2 24290.2  4007.51 10024.5 8065.62  1343.73 3375.02 2666.74  
12150.9 30381.2 24290.2  4006.43 10078.5 8054.14  1351.65 3319.08 2682.47  
12150.9 30381.2 24290.2  4027.67 10076.9 8051.01  1330.35 3320.84 2685.53  
12150.9 30381.2 24290.2  4032.08 10033.8 8013.78  1331.53 3359.93 2712.49  
