2 22 22 3
500 200
2200 1000 
1518.23 322.98 1
0.0690567 1 10
1146.31
1147.21
1146.64
1149.75
1148.12
1149.49
1149.4
1151.42
1152.1
1152.18
1150.47
1147.79
1151.48
1149.04
1151.37
1151.65
1145.98
1147.65
1149.69
1149.08
1151.54
1150.65
45.5317 -0.26392
44.7973 -0.98214
44.89 -0.72865
46.6016 0.07599
45.0932 1.90491
45.7694 -1.60831
43.9466 1.49675
46.6377 -1.0883
46.9467 0.88167
43.5884 -1.42162
46.4662 -1.05475
45.373 1.73489
46.6049 -1.18899
46.1954 1.41814
43.505 -0.92517
43.7027 1.94353
45.358 0.61265
46.1242 0.47175
46.2537 1.61234
46.3938 0.9105
43.7306 -1.44667
46.5772 -0.86838
46.4243 -0.11934
44.6237 -0.36801
