2 33 3
27421 19160.9  14832.4 10192.9  7698.82 5375.48  
52397.3 36117.6  5932.12 4249.5  669.943 474.564  
22893.4 15921.6  13987.6 9715.84  8623.85 5934.19  
27421 19160.9  14748 10190.7  7818.13 5402.63  
27674.8 19003  14654.1 10110  7782.33 5417.13  
49746.2 34664  7820.84 5258.5  1269.04 831.021  
49746.2 34664  7805.47 5277.76  1281.81 814.704  
7662.42 5261.68  6671.69 4602.71  5774.84 3963.32  
45070.4 31378.9  10620.2 7303.74  2590.03 1706.29  
49746.2 34664  7805.47 5277.76  1290.54 811.163  
22393.6 15469.9  13855.7 9611.81  8612.63 5938.97  
4086.75 2853.33  3837.02 2656.63  3569.33 2471.15  
7662.42 5261.68  6646.11 4609.18  5796.37 3975.77  
22893.4 15921.6  14067.6 9717.98  8592.8 5933.37  
22893.4 15921.6  14067.6 9717.98  8592.8 5933.37  
7662.42 5261.68  6639.27 4578.55  5791.5 3954.5  
4086.75 2853.33  3815.21 2656.05  3524.01 2465.52  
45070.4 31378.9  10755.1 7315.85  2462.39 1689.44  
22393.6 15469.9  13885.3 9632.61  8582.11 5950.37  
22393.6 15469.9  13925.8 9608.04  8628.5 5937.76  
22893.4 15921.6  14056.5 9710.57  8536.21 5926.42  
7662.42 5261.68  6673.12 4603.29  5796.25 4000.75  
45070.4 31378.9  10693.8 7314.03  2540.92 1693.74  
52397.3 36117.6  5910.8 4209.09  683.349 505.797  
22893.4 15921.6  13883 9695.66  8606.95 5933.81  
7662.42 5261.68  6671.69 4602.71  5774.84 3963.32  
7662.42 5261.68  6634.48 4525.72  5760.6 3937.95  
49558.8 34008.6  7954.3 5667.52  1314.98 1022.98  
27674.8 19003  14654.1 10110  7844.58 5524.05  
22393.6 15469.9  13817.2 9637.87  8676.87 5963.68  
45070.4 31378.9  10755.1 7315.85  2462.39 1689.44  
22393.6 15469.9  13906.6 9542.45  8587.17 6026.73  
4086.75 2853.33  3737.27 2630.95  3573.48 2471.06  
