2 100 3
22393.6 15469.9  13855.7 9611.81  8593.22 5958.16  
22393.6 15469.9  13906.6 9542.45  8642.3 5966.77  
22393.6 15469.9  13855.7 9611.81  8612.63 5938.97  
22393.6 15469.9  13906.6 9542.45  8622.96 5986.05  
22393.6 15469.9  13817.2 9637.87  8676.87 5963.68  
22393.6 15469.9  13918.1 9602.07  8624.96 6000.75  
22393.6 15469.9  13925.8 9608.04  8628.5 5937.76  
22393.6 15469.9  13885.3 9632.61  8582.11 5950.37  
22393.6 15469.9  13918.1 9602.07  8624.96 6000.75  
22393.6 15469.9  13906.6 9542.45  8587.17 6026.73  
22893.4 15921.6  13879.8 9694.35  8625.1 5946.6  
22893.4 15921.6  13998.8 9723.38  8644.67 5916.16  
22893.4 15921.6  13987.6 9715.84  8562.8 5924.36  
22893.4 15921.6  13883 9695.66  8606.95 5933.81  
22893.4 15921.6  13891.2 9702.01  8646.59 5928.35  
22893.4 15921.6  14059.6 9711.84  8581.29 5924.48  
22893.4 15921.6  14067.6 9717.98  8592.8 5933.37  
22893.4 15921.6  14056.5 9710.57  8536.21 5926.42  
22893.4 15921.6  13987.6 9715.84  8623.85 5934.19  
22893.4 15921.6  14032.7 9692.15  8570.95 5951.27  
27674.8 19003  14654.1 10110  7844.58 5524.05  
27674.8 19003  14651.3 10053.8  7843.34 5487.25  
27674.8 19003  14661.8 10171.3  7857.27 5447.2  
27674.8 19003  14605.9 10020.5  7839.77 5484.16  
27674.8 19003  14588.7 10062.3  7860.03 5535.05  
27674.8 19003  14654.1 10110  7782.33 5417.13  
27674.8 19003  14705.2 10260.3  7780.14 5423.87  
27674.8 19003  14744.9 10232.8  7818.84 5448.47  
27674.8 19003  14678 10073.6  7818.44 5529.83  
27674.8 19003  14709 10205.9  7778.34 5449.18  
27421 19160.9  14608.3 10148.1  7930.02 5424.08  
27421 19160.9  14453.4 10097.1  7975.24 5428.9  
27421 19160.9  14673.2 10135.5  7913.77 5440.59  
27421 19160.9  14558.3 10112  7926.61 5421.9  
27421 19160.9  14673.2 10135.5  7771.51 5402.16  
27421 19160.9  14483.2 10118.8  7988.19 5437.79  
27421 19160.9  14646.4 10176.1  7824.15 5379.64  
27421 19160.9  14483.2 10118.8  8043.37 5446.11  
27421 19160.9  14832.4 10192.9  7698.82 5375.48  
27421 19160.9  14748 10190.7  7818.13 5402.63  
49746.2 34664  7868.1 5290.54  1244.89 805.125  
49746.2 34664  7820.84 5258.5  1269.04 831.021  
49746.2 34664  7860.5 5256.22  1235.5 832.699  
49746.2 34664  7888.1 5275.16  1221.87 818.53  
49746.2 34664  7868.1 5290.54  1237.91 800.502  
49746.2 34664  7868.1 5290.54  1244.89 805.125  
49746.2 34664  7805.47 5277.76  1290.54 811.163  
49746.2 34664  7805.47 5277.76  1281.81 814.704  
49746.2 34664  7888.1 5275.16  1205.22 811.76  
49746.2 34664  7848.92 5277.76  1247.57 811.445  
52397.3 36117.6  5926.57 4197.79  675.116 523.355  
52397.3 36117.6  5941.11 4209.15  661.587 506.938  
52397.3 36117.6  5937.69 4206.33  658.246 509.962  
52397.3 36117.6  5928.57 4246.57  672.906 479.734  
52397.3 36117.6  5910.8 4209.09  683.349 505.797  
52397.3 36117.6  5917.04 4237.72  681.033 483.201  
52397.3 36117.6  5881.2 4163.57  714.887 553.297  
52397.3 36117.6  5907.73 4183.54  691.375 535.596  
52397.3 36117.6  5932.12 4249.5  669.943 474.564  
52397.3 36117.6  5941.31 4232.31  659.622 487.972  
4086.75 2853.33  3749.03 2639.1  3555.14 2471.83  
4086.75 2853.33  3737.27 2630.95  3573.48 2471.06  
4086.75 2853.33  3816.07 2656.4  3526.04 2467.11  
4086.75 2853.33  3806.89 2650.22  3478.57 2447.71  
4086.75 2853.33  3816.07 2656.4  3551.28 2470.95  
4086.75 2853.33  3837.02 2656.63  3569.33 2471.15  
4086.75 2853.33  3806.89 2650.22  3526.67 2467.54  
4086.75 2853.33  3737.27 2630.95  3494.27 2456.63  
4086.75 2853.33  3815.21 2656.05  3524.01 2465.52  
4086.75 2853.33  3806.89 2650.22  3489.52 2455.29  
49558.8 34008.6  7969.46 5741.73  1304.56 957.518  
49558.8 34008.6  7975.32 5777.55  1294.99 919.408  
49558.8 34008.6  7987.84 5754.49  1289.13 946.861  
49558.8 34008.6  7969.46 5741.73  1305.37 963.441  
49558.8 34008.6  7969.46 5741.73  1300.81 949.492  
49558.8 34008.6  7969.46 5741.73  1302.28 961.211  
49558.8 34008.6  7954.3 5667.52  1314.98 1022.98  
49558.8 34008.6  7968.16 5707.88  1300.96 976.549  
49558.8 34008.6  7982.88 5719.25  1288.9 967.254  
49558.8 34008.6  7982.88 5719.25  1290.38 973.966  
7662.42 5261.68  6656.72 4566.26  5789.24 3956.05  
7662.42 5261.68  6669.01 4575.3  5778.22 3990.81  
7662.42 5261.68  6634.48 4525.72  5760.6 3937.95  
7662.42 5261.68  6673.12 4603.29  5796.25 4000.75  
7662.42 5261.68  6646.11 4609.18  5796.37 3975.77  
7662.42 5261.68  6658.85 4618.55  5808.99 4006.81  
7662.42 5261.68  6635.78 4551.01  5810.75 4015.02  
7662.42 5261.68  6671.69 4602.71  5774.84 3963.32  
7662.42 5261.68  6639.27 4578.55  5791.5 3954.5  
7662.42 5261.68  6613.93 4510.74  5800.53 3988.35  
45070.4 31378.9  10611.3 7297.8  2594.88 1700.03  
45070.4 31378.9  10693.8 7314.03  2540.92 1693.74  
45070.4 31378.9  10620.2 7303.74  2602.85 1705.41  
45070.4 31378.9  10587.5 7281.32  2588.86 1715.65  
45070.4 31378.9  10755.1 7315.85  2462.39 1689.44  
45070.4 31378.9  10620.2 7303.74  2590.03 1706.29  
45070.4 31378.9  10755.1 7315.85  2462.39 1689.44  
45070.4 31378.9  10702.5 7319.87  2527.26 1693.92  
45070.4 31378.9  10693.8 7314.03  2499.44 1684.43  
45070.4 31378.9  10587.5 7281.32  2627.85 1722.56  
