3 50 3
26841.9 11989.1 35906.8  6805.39 2998.14 9033.95  1748.3 757.042 2285.33  
13560 6072.45 18144.5  8327.09 3756.53 11173.9  5303.01 2336.4 7038.73  
25238.6 11354.5 33879  7531.18 3280.07 9953.93  2265.35 967.939 2936.37  
35588 15728.7 47383.6  406.881 266.184 607.157  5.05926 4.93581 9.03873  
15741.4 7010.47 21001.2  8836.24 3953.95 11835.5  4982.07 2214.85 6647.13  
15817.9 6965.79 21030.7  8822.87 3878.25 11694.8  4980.66 2227.26 6656.61  
34497.4 15172.5 45862.6  1434.03 773.849 2024.04  65.5899 50.5622 107.95  
26841.9 11989.1 35906.8  6854.92 2992.53 9046.7  1716.55 763.03 2277.51  
35588 15728.7 47383.6  405.634 267.849 608.862  6.29028 3.31931 7.36975  
14007 6207.32 18662.6  8555.35 3788.18 11409.1  5207.98 2339.42 6969.58  
35494.3 15809.8 47428.8  494.101 188.072 562.215  11.3448 2.08942 8.85208  
26841.9 11989.1 35906.8  6851.08 2983.8 9044.22  1698.08 769.013 2264.1  
34497.4 15172.5 45862.6  1434.03 773.849 2024.04  65.5899 50.5622 107.95  
25238.6 11354.5 33879  7617.4 3287.82 10009.3  2211.7 960.727 2907.72  
14007 6207.32 18662.6  8555.35 3788.18 11409.1  5207.98 2339.42 6969.58  
14007 6207.32 18662.6  8530.14 3794.13 11367.8  5229.71 2307.91 6948.68  
13560 6072.45 18144.5  8482.97 3760.93 11298.2  5293.13 2331.12 7033.75  
13560 6072.45 18144.5  8453.03 3771.09 11303.1  5298.93 2332.02 7038.23  
35494.3 15809.8 47428.8  499.337 186.639 562.625  6.25252 3.48357 8.437  
15817.9 6965.79 21030.7  8863.81 3921.5 11795.7  4970.18 2237.87 6659.3  
14007 6207.32 18662.6  8502.73 3817.75 11399.3  5247.77 2311.33 6975.99  
26841.9 11989.1 35906.8  6740.62 3002.99 8979.8  1790.3 755.071 2322.01  
26841.9 11989.1 35906.8  6740.62 3002.99 8979.8  1790.3 755.071 2322.01  
14007 6207.32 18662.6  8560.3 3799.26 11412.3  5211.61 2330.28 6961.86  
35588 15728.7 47383.6  406.334 263.722 605.409  5.5883 7.40982 10.8123  
10419.6 4580.48 13850.1  7399.31 3284.81 9875.27  5246.53 2341.38 7016.3  
15817.9 6965.79 21030.7  8822.87 3878.25 11694.8  4988.15 2256.8 6703.59  
34497.4 15172.5 45862.6  1431.92 782.253 2036.37  67.7028 43.0621 96.6805  
14007 6207.32 18662.6  8515.59 3775.35 11325.4  5218.32 2319.84 6953.22  
14007 6207.32 18662.6  8551.31 3807 11422.6  5224.07 2291.87 6920.09  
34497.4 15172.5 45862.6  1434.03 773.849 2024.04  65.534 51.0955 108.444  
35588 15728.7 47383.6  405.876 266.508 608.118  6.04001 4.67324 8.14184  
25238.6 11354.5 33879  7531.18 3280.07 9953.93  2265.35 967.939 2936.37  
13560 6072.45 18144.5  8453.03 3771.09 11303.1  5268.78 2338.6 7023.81  
10419.6 4580.48 13850.1  7399.31 3284.81 9875.27  5246.53 2341.38 7016.3  
26841.9 11989.1 35906.8  6767.35 3005.42 8997.07  1783.3 752.196 2317.2  
15817.9 6965.79 21030.7  8822.87 3878.25 11694.8  4988.15 2256.8 6703.59  
15741.4 7010.47 21001.2  8836.24 3953.95 11835.5  5010.59 2208.61 6660.78  
25238.6 11354.5 33879  7457.73 3285.13 9892.92  2312 960.519 2980.4  
15817.9 6965.79 21030.7  8822.87 3878.25 11694.8  4988.15 2256.8 6703.59  
14007 6207.32 18662.6  8515.59 3775.35 11325.4  5218.32 2319.84 6953.22  
34497.4 15172.5 45862.6  1436.34 777.565 2031.2  63.3808 47.0594 101.126  
15741.4 7010.47 21001.2  8849.57 3910.04 11758.7  4993.85 2228.14 6677.77  
15741.4 7010.47 21001.2  8893.33 3921.23 11822  4957.2 2229.24 6653.04  
25238.6 11354.5 33879  7527.93 3295.26 9945.34  2241.54 954.611 2919.7  
10419.6 4580.48 13850.1  7387.67 3241.95 9805.97  5262.36 2352.26 7039.6  
26841.9 11989.1 35906.8  6847.73 2998.63 9054.89  1727.52 756.804 2274.98  
13560 6072.45 18144.5  8453.03 3771.09 11303.1  5304.49 2327.28 7031.87  
15741.4 7010.47 21001.2  8804.82 3949.21 11789.9  4995.75 2216.94 6667.08  
35494.3 15809.8 47428.8  498.21 186.859 563.673  7.30326 3.28488 7.3904  
