3 150 3
13560 6072.45 18144.5  8422.99 3766.57 11259.6  5227.28 2337.12 6996.23  
13560 6072.45 18144.5  8368.58 3765.94 11232.5  5268.38 2339.25 7019.93  
13560 6072.45 18144.5  8480.28 3747.76 11271.9  5226.59 2346.16 7005.07  
13560 6072.45 18144.5  8473.89 3768.71 11308.6  5273.9 2338.03 7025.12  
13560 6072.45 18144.5  8368.58 3765.94 11232.5  5317.65 2326.08 7031.04  
13560 6072.45 18144.5  8327.09 3756.53 11173.9  5303.01 2336.4 7038.73  
13560 6072.45 18144.5  8510.29 3752.83 11316.1  5247.23 2345.54 7018.92  
13560 6072.45 18144.5  8453.03 3771.09 11303.1  5298.93 2332.02 7038.23  
13560 6072.45 18144.5  8368.58 3765.94 11232.5  5221.51 2331.52 6969.87  
13560 6072.45 18144.5  8453.03 3771.09 11303.1  5268.78 2338.6 7023.81  
13560 6072.45 18144.5  8482.97 3760.93 11298.2  5293.13 2331.12 7033.75  
13560 6072.45 18144.5  8453.03 3771.09 11303.1  5304.49 2327.28 7031.87  
13560 6072.45 18144.5  8368.58 3765.94 11232.5  5318.06 2335.43 7061.71  
13560 6072.45 18144.5  8420.39 3768.09 11281.9  5215.82 2329.18 6954.95  
13560 6072.45 18144.5  8482.97 3760.93 11298.2  5225.59 2341.16 6995.19  
15741.4 7010.47 21001.2  8836.24 3953.95 11835.5  5010.59 2208.61 6660.78  
15741.4 7010.47 21001.2  8858.04 3951.45 11841.2  4996.33 2186.89 6612.75  
15741.4 7010.47 21001.2  8836.24 3953.95 11835.5  4982.07 2214.85 6647.13  
15741.4 7010.47 21001.2  8804.82 3949.21 11789.9  4995.75 2216.94 6667.08  
15741.4 7010.47 21001.2  8804.82 3949.21 11789.9  5011.82 2203.22 6648.57  
15741.4 7010.47 21001.2  8867.53 3943.29 11830.3  4980.67 2218.13 6652.59  
15741.4 7010.47 21001.2  8836.24 3953.95 11835.5  4982.07 2214.85 6647.13  
15741.4 7010.47 21001.2  8849.57 3910.04 11758.7  4958.5 2231.48 6654.96  
15741.4 7010.47 21001.2  8893.33 3921.23 11822  4957.2 2229.24 6653.04  
15741.4 7010.47 21001.2  8804.82 3949.21 11789.9  4995.75 2216.94 6667.08  
15741.4 7010.47 21001.2  8849.57 3910.04 11758.7  4993.85 2228.14 6677.77  
15741.4 7010.47 21001.2  8849.57 3910.04 11758.7  5004.74 2227.87 6694.53  
15741.4 7010.47 21001.2  8867.53 3943.29 11830.3  4986 2213.55 6646.44  
15741.4 7010.47 21001.2  8814.47 3940.92 11778.8  5025.39 2209.83 6679.61  
15741.4 7010.47 21001.2  8893.33 3921.23 11822  4934.7 2202.82 6580.2  
35494.3 15809.8 47428.8  492.838 188.12 560.702  12.6083 2.04659 10.3431  
35494.3 15809.8 47428.8  499.337 186.639 562.625  6.25516 3.49591 8.45791  
35494.3 15809.8 47428.8  492.838 188.12 560.702  12.6083 2.04659 10.3431  
35494.3 15809.8 47428.8  496.004 188.217 563.246  9.54863 1.93644 7.84858  
35494.3 15809.8 47428.8  499.382 186.74 563.906  6.21187 3.38463 7.17943  
35494.3 15809.8 47428.8  497.217 188.094 563.488  8.35099 2.05774 7.61095  
35494.3 15809.8 47428.8  494.101 188.072 562.215  11.3448 2.08942 8.85208  
35494.3 15809.8 47428.8  499.501 187.289 563.937  6.04965 2.86997 7.15458  
35494.3 15809.8 47428.8  497.573 187.039 561.606  7.98866 3.10843 9.47378  
35494.3 15809.8 47428.8  499.887 186.361 563.379  5.71248 3.75667 7.69787  
35494.3 15809.8 47428.8  498.21 186.859 563.673  7.30326 3.28488 7.3904  
35494.3 15809.8 47428.8  499.382 186.74 563.906  6.19178 3.39213 7.17057  
35494.3 15809.8 47428.8  497.217 188.094 563.488  8.25516 2.07259 7.58271  
35494.3 15809.8 47428.8  499.337 186.639 562.625  6.25252 3.48357 8.437  
35494.3 15809.8 47428.8  499.887 186.361 563.379  5.6978 3.76125 7.70755  
26841.9 11989.1 35906.8  6847.73 2998.63 9054.89  1727.52 756.804 2274.98  
26841.9 11989.1 35906.8  6808.72 3007.09 9036.31  1752.45 750.945 2287.82  
26841.9 11989.1 35906.8  6767.35 3005.42 8997.07  1787.61 751.727 2318.27  
26841.9 11989.1 35906.8  6831.22 3000.5 9050.64  1740.73 751.668 2275.46  
26841.9 11989.1 35906.8  6831.22 3000.5 9050.64  1723.27 756.937 2269.21  
26841.9 11989.1 35906.8  6767.35 3005.42 8997.07  1766.49 753.428 2303.34  
26841.9 11989.1 35906.8  6854.92 2992.53 9046.7  1716.55 763.03 2277.51  
26841.9 11989.1 35906.8  6847.73 2998.63 9054.89  1723.75 756.896 2269.3  
26841.9 11989.1 35906.8  6767.35 3005.42 8997.07  1783.3 752.196 2317.2  
26841.9 11989.1 35906.8  6851.08 2983.8 9044.22  1698.08 769.013 2264.1  
26841.9 11989.1 35906.8  6805.39 2998.14 9033.95  1754.81 754.609 2279.69  
26841.9 11989.1 35906.8  6784.43 3003.49 9001.47  1770.89 753.262 2309.09  
26841.9 11989.1 35906.8  6805.39 2998.14 9033.95  1748.3 757.042 2285.33  
26841.9 11989.1 35906.8  6740.62 3002.99 8979.8  1790.3 755.071 2322.01  
26841.9 11989.1 35906.8  6854.92 2992.53 9046.7  1705.72 762.908 2272.16  
35588 15728.7 47383.6  405.54 266.758 606.194  6.39732 4.41513 10.0475  
35588 15728.7 47383.6  406.334 263.722 605.409  5.60912 7.42686 10.8319  
35588 15728.7 47383.6  407.237 265.788 607.824  4.70533 5.32347 8.39626  
35588 15728.7 47383.6  406.881 266.184 607.157  5.04758 5.01394 9.087  
35588 15728.7 47383.6  405.634 267.849 608.862  6.29028 3.31931 7.36975  
35588 15728.7 47383.6  406.881 266.184 607.157  5.05926 4.93581 9.03873  
35588 15728.7 47383.6  406.334 263.722 605.409  5.5883 7.40982 10.8123  
35588 15728.7 47383.6  406.828 266.333 608.382  5.11106 4.7912 7.838  
35588 15728.7 47383.6  405.257 268.271 608.203  6.66239 2.90881 8.01589  
35588 15728.7 47383.6  405.257 268.271 608.203  6.66239 2.90881 8.01589  
35588 15728.7 47383.6  407.101 264.872 606.443  4.83456 6.30868 9.79606  
35588 15728.7 47383.6  406.201 262.823 604.054  5.72151 8.17755 12.0682  
35588 15728.7 47383.6  405.876 266.508 608.118  6.04001 4.67324 8.14184  
35588 15728.7 47383.6  407.237 265.788 607.824  4.70389 5.30512 8.37808  
35588 15728.7 47383.6  406.19 264.875 604.914  5.74086 6.20768 11.2366  
25238.6 11354.5 33879  7531.18 3280.07 9953.93  2265.35 967.939 2936.37  
25238.6 11354.5 33879  7599.03 3289.87 10004.6  2217.75 960.99 2900.61  
25238.6 11354.5 33879  7570.29 3287.29 9986.14  2245.93 963.976 2924.88  
25238.6 11354.5 33879  7457.73 3285.13 9892.92  2325.07 965.509 2990.76  
25238.6 11354.5 33879  7504.94 3287.13 9937.19  2283.68 962.934 2948.07  
25238.6 11354.5 33879  7599.03 3289.87 10004.6  2203.42 960.828 2893.6  
25238.6 11354.5 33879  7617.4 3287.82 10009.3  2211.7 960.727 2907.72  
25238.6 11354.5 33879  7573.97 3297.1 9988.74  2222.85 954.118 2907.93  
25238.6 11354.5 33879  7592.66 3295.01 9993.53  2229.1 955.639 2918.91  
25238.6 11354.5 33879  7592.66 3295.01 9993.53  2195.88 955.012 2891.58  
25238.6 11354.5 33879  7457.73 3285.13 9892.92  2289.32 961.998 2962.03  
25238.6 11354.5 33879  7504.94 3287.13 9937.19  2291.88 964.088 2959.48  
25238.6 11354.5 33879  7527.93 3295.26 9945.34  2241.54 954.611 2919.7  
25238.6 11354.5 33879  7504.94 3287.13 9937.19  2257.61 960.366 2925.6  
25238.6 11354.5 33879  7457.73 3285.13 9892.92  2312 960.519 2980.4  
10419.6 4580.48 13850.1  7399.31 3284.81 9875.27  5246.96 2321.82 6991.82  
10419.6 4580.48 13850.1  7404.69 3267.05 9844.42  5250.74 2322.27 6994.61  
10419.6 4580.48 13850.1  7401.33 3283.06 9855.67  5250.15 2309.9 6975.97  
10419.6 4580.48 13850.1  7387.67 3241.95 9805.97  5262.36 2352.26 7039.6  
10419.6 4580.48 13850.1  7395.86 3301.13 9887.07  5247.54 2336.68 7012.91  
10419.6 4580.48 13850.1  7395.86 3301.13 9887.07  5225.14 2280.45 6920.29  
10419.6 4580.48 13850.1  7352.43 3218.51 9761.6  5275.66 2365.91 7054.54  
10419.6 4580.48 13850.1  7392.54 3251.32 9808.98  5266.39 2344.85 7032.52  
10419.6 4580.48 13850.1  7403.63 3294.42 9878.17  5260.82 2344.01 7020.81  
10419.6 4580.48 13850.1  7365.17 3261.37 9831.74  5252.07 2305.02 6957.99  
10419.6 4580.48 13850.1  7399.31 3284.81 9875.27  5246.53 2341.38 7016.3  
10419.6 4580.48 13850.1  7406.95 3278.22 9866.52  5254.34 2353.47 7030.51  
10419.6 4580.48 13850.1  7381.78 3286.83 9870.67  5229.15 2284.47 6924.91  
10419.6 4580.48 13850.1  7395.86 3301.13 9887.07  5247.97 2317.17 6988.46  
10419.6 4580.48 13850.1  7404.69 3267.05 9844.42  5252.63 2321.13 6981.32  
14007 6207.32 18662.6  8515.59 3775.35 11325.4  5246.57 2315.14 6982.81  
14007 6207.32 18662.6  8530.14 3794.13 11367.8  5229.71 2307.91 6948.68  
14007 6207.32 18662.6  8564.17 3780.57 11398.9  5227.65 2313.13 6954.28  
14007 6207.32 18662.6  8560.3 3799.26 11412.3  5211.61 2330.28 6961.86  
14007 6207.32 18662.6  8555.35 3788.18 11409.1  5231.08 2310.2 6950.35  
14007 6207.32 18662.6  8561.56 3767.7 11373.4  5205.57 2347.4 6983.44  
14007 6207.32 18662.6  8530.14 3794.13 11367.8  5229.71 2307.91 6948.68  
14007 6207.32 18662.6  8555.35 3788.18 11409.1  5207.98 2339.42 6969.58  
14007 6207.32 18662.6  8551.31 3807 11422.6  5224.07 2291.87 6920.09  
14007 6207.32 18662.6  8502.73 3817.75 11399.3  5247.77 2311.33 6975.99  
14007 6207.32 18662.6  8555.35 3788.18 11409.1  5195.15 2340.9 6966.22  
14007 6207.32 18662.6  8560.3 3799.26 11412.3  5211.61 2330.28 6961.86  
14007 6207.32 18662.6  8515.59 3775.35 11325.4  5218.32 2319.84 6953.22  
14007 6207.32 18662.6  8564.17 3780.57 11398.9  5208.8 2338.72 6981.11  
14007 6207.32 18662.6  8502.73 3817.75 11399.3  5215.45 2329.37 6969.98  
15817.9 6965.79 21030.7  8863.81 3921.5 11795.7  4970.18 2237.87 6659.3  
15817.9 6965.79 21030.7  8836.39 3945.25 11827.2  4971.45 2191.99 6596.86  
15817.9 6965.79 21030.7  8844.98 3921.5 11766  4973.21 2242.44 6678.39  
15817.9 6965.79 21030.7  8822.87 3878.25 11694.8  4980.66 2227.26 6656.61  
15817.9 6965.79 21030.7  8836.39 3945.25 11827.2  4980.68 2219.8 6630.38  
15817.9 6965.79 21030.7  8822.87 3878.25 11694.8  4988.15 2256.8 6703.59  
15817.9 6965.79 21030.7  8836.39 3945.25 11827.2  4984.44 2216.52 6637.63  
15817.9 6965.79 21030.7  8862.54 3954.36 11836.2  4956.08 2218.37 6636.54  
15817.9 6965.79 21030.7  8853.23 3962.41 11846.9  4977.05 2209.05 6629.05  
15817.9 6965.79 21030.7  8859.79 3940.72 11809.2  4957.29 2224.33 6648.38  
15817.9 6965.79 21030.7  8849.26 3902.62 11753.3  4961.88 2240.97 6672.89  
15817.9 6965.79 21030.7  8822.87 3878.25 11694.8  4965.81 2213.36 6623.49  
15817.9 6965.79 21030.7  8862.54 3954.36 11836.2  4967.84 2217.01 6639.63  
15817.9 6965.79 21030.7  8863.81 3921.5 11795.7  4967.27 2231.34 6657.34  
15817.9 6965.79 21030.7  8857.37 3942.82 11832.7  4963.75 2200.46 6609.06  
34497.4 15172.5 45862.6  1436.76 780.204 2035.64  62.6401 44.0973 96.1998  
34497.4 15172.5 45862.6  1436.34 777.565 2031.2  63.3808 47.0594 101.126  
34497.4 15172.5 45862.6  1434.03 773.849 2024.04  65.5709 50.3901 107.716  
34497.4 15172.5 45862.6  1436.76 780.204 2035.64  63.1271 44.7667 97.1007  
34497.4 15172.5 45862.6  1431.92 782.253 2036.37  67.7765 42.9752 96.608  
34497.4 15172.5 45862.6  1439.72 790.203 2046.66  60.2261 35.6712 86.9779  
34497.4 15172.5 45862.6  1438.19 791.823 2048.45  61.4236 33.7085 84.7599  
34497.4 15172.5 45862.6  1435.29 788.381 2044.71  64.5147 37.2094 88.5808  
34497.4 15172.5 45862.6  1431.92 782.253 2036.37  67.7028 43.0621 96.6805  
34497.4 15172.5 45862.6  1439.72 790.203 2046.66  60.1554 35.0268 86.2483  
34497.4 15172.5 45862.6  1438.72 787.886 2045.73  61.1502 37.3124 87.174  
34497.4 15172.5 45862.6  1435.29 788.381 2044.71  64.3174 36.938 88.3271  
34497.4 15172.5 45862.6  1434.03 773.849 2024.04  65.534 51.0955 108.444  
34497.4 15172.5 45862.6  1434.03 773.849 2024.04  65.5899 50.5622 107.95  
34497.4 15172.5 45862.6  1439.72 790.203 2046.66  60.1099 35.5162 86.8245  
