4 50 50 5
500 200
2200 1000 2200 1000 
1518.23 322.98 1
0.0690567 1 10
487.692
488.536
488.631
487.124
487.557
487.329
489.65
488.23
489.14
488.623
486.951
489.361
487.968
488.042
488.581
489.505
487.55
487.615
487.621
489.979
487.566
487.324
489.537
487.387
489.326
489.598
487.282
487.358
487.63
487.175
488.375
487.95
490.204
487.605
487.308
488.339
487.471
489.35
487.828
488.077
489.604
488.946
487.32
489.456
488.697
488.572
487.003
488.108
488.066
487.664
46.4136 -0.26342
44.0393 -1.56389
43.8528 -0.51415
44.8862 -0.67697
44.6816 0.20542
45.1347 0.34528
46.1416 1.97209
46.656 -1.43106
43.7007 -1.33861
44.0975 0.52644
45.2529 -0.68903
44.6911 1.78228
46.4472 0.2581
46.631 -0.22358
46.9419 -0.65447
43.5435 -0.0289
44.6368 -1.41149
44.5556 -1.35803
45.7271 0.69053
43.4462 0.33757
46.3575 -0.6959
45.8566 0.20415
43.5697 0.16575
44.7732 -1.35399
46.6676 1.30115
44.7372 1.94337
46.0315 -1.12033
45.9846 0.09878
46.3223 -0.0784
44.8926 -1.0544
44.0222 -1.18243
44.416 0.31816
43.4894 0.73962
45.445 0.74555
45.335 -1.68642
46.6951 -1.5022
44.7778 -1.51641
47.0006 0.73468
46.4091 0.10484
44.7052 0.8623
43.9654 1.20076
45.0468 1.70243
44.8261 -1.30856
46.5902 1.48908
44.2616 0.89807
46.7599 0.38386
45.1411 -0.41026
46.3227 0.66797
45.4131 1.16326
44.555 0.14679
45.1947 -0.90135
46.5353 0.77157
45.973 0.37083
44.9035 -0.50536
