2  34  38.81  22.35  51619.8  51619.8  1  1

******************** Using iran model first stage solution ****************
51619.8  34
------------- Unsatisfy demand per scenario per model ---------------
70619.9  70613.3  6.65217
70619.9  70613.3  6.65217
59124.4  59117.7  6.65217
42717.9  42711.3  6.65217
42667  42660.4  6.65217
59156.1  59149.5  6.65217
86039.9  86032.7  7.21336
42713  42706.3  6.65217
59156.1  59149.5  6.65217
86039.9  86032.7  7.21336
42767.1  42760.5  6.65217
86039.9  86032.7  7.21336
42667  42660.4  6.65217
86039.9  86032.7  7.21336
59113.4  59106.7  6.65217
70631.8  70625.1  6.65217
70676.5  70669.9  6.65217
42767.5  42760.8  6.65217
70619.9  70613.3  6.65217
42679.1  42672.5  6.65217
69114.8  69108.1  6.65217
69114.8  69108.1  6.65217
59075.5  59068.8  6.65217
70558.8  70552.1  6.65217
42667  42660.4  6.65217
86039.9  86032.7  7.21336
59156.1  59149.5  6.65217
69147.4  69140.8  6.65217
59113.3  59106.7  6.65217
70676.5  70669.9  6.65217
70619.9  70613.3  6.65217
42767.1  42760.5  6.65217
69123.1  69116.5  6.65217
86039.9  86032.7  7.21336
------------- Recours cost per scenario per model ----------------------
5.90915e+06  5.90915e+06  1.49012e-08
5.90915e+06  5.90915e+06  1.49012e-08
5.90915e+06  5.90915e+06  1.49012e-08
5.90915e+06  5.90915e+06  1.30385e-08
5.90915e+06  5.90915e+06  1.30385e-08
5.90915e+06  5.90915e+06  1.58325e-08
5.66454e+06  5.66454e+06  1.49012e-08
5.90915e+06  5.90915e+06  1.30385e-08
5.90915e+06  5.90915e+06  1.58325e-08
5.66454e+06  5.66454e+06  1.39698e-08
5.90915e+06  5.90915e+06  1.30385e-08
5.66497e+06  5.66497e+06  1.58325e-08
5.90915e+06  5.90915e+06  1.30385e-08
5.66561e+06  5.66561e+06  1.95578e-08
5.90915e+06  5.90915e+06  1.30385e-08
5.90915e+06  5.90915e+06  1.58325e-08
5.90915e+06  5.90915e+06  1.58325e-08
5.90915e+06  5.90915e+06  1.30385e-08
5.90915e+06  5.90915e+06  1.49012e-08
5.90915e+06  5.90915e+06  1.30385e-08
5.90915e+06  5.90915e+06  1.21072e-08
5.90915e+06  5.90915e+06  1.21072e-08
5.90915e+06  5.90915e+06  1.58325e-08
5.90915e+06  5.90915e+06  1.21072e-08
5.90915e+06  5.90915e+06  1.30385e-08
5.66454e+06  5.66454e+06  1.49012e-08
5.90915e+06  5.90915e+06  1.58325e-08
5.90915e+06  5.90915e+06  1.11759e-08
5.90915e+06  5.90915e+06  1.67638e-08
5.90915e+06  5.90915e+06  1.58325e-08
5.90915e+06  5.90915e+06  1.49012e-08
5.90915e+06  5.90915e+06  1.30385e-08
5.90915e+06  5.90915e+06  1.11759e-08
5.66497e+06  5.66497e+06  1.58325e-08
------------- Number of mobile facility  per scenario per model ----------------------
16  0  
16  0  
16  0  
16  0  
16  0  
16  0  
16  0  
16  0  
16  0  
16  0  
16  0  
16  0  
16  0  
16  0  
16  0  
16  0  
16  0  
16  0  
16  0  
16  0  
16  0  
16  0  
16  0  
16  0  
16  0  
16  0  
16  0  
16  0  
16  0  
16  0  
16  0  
16  0  
16  0  
16  0  
------------- Resolution time per scenario per model ----------------------
0.79  0.22  
0.82  0.22  
0.78  0.22  
0.84  0.24  
0.85  0.25  
0.85  0.23  
0.82  0.24  
0.84  0.22  
0.8  0.22  
0.83  0.22  
0.82  0.24  
0.91  0.21  
0.86  0.26  
0.86  0.27  
0.88  0.25  
0.84  0.24  
0.81  0.22  
0.81  0.26  
0.91  0.22  
0.89  0.24  
0.91  0.22  
0.81  0.22  
0.81  0.22  
0.96  0.25  
0.86  0.25  
0.88  0.22  
0.87  0.23  
0.91  0.26  
0.82  0.24  
0.84  0.23  
0.82  0.23  
0.86  0.28  
0.85  0.23  
0.86  0.21  

******************** Using dbsWc first stage solution ****************
51619.8  34
------------------- Unsatisfy demand per scenario per model ---------------
70619.9  70613.3  6.65217
70619.9  70613.3  6.65217
59124.4  59117.7  6.65217
42717.9  42711.3  6.65217
42667  42660.4  6.65217
59156.1  59149.5  6.65217
86039.9  86032.7  7.21336
42713  42706.3  6.65217
59156.1  59149.5  6.65217
86039.9  86032.7  7.21336
42767.1  42760.5  6.65217
86039.9  86032.7  7.21336
42667  42660.4  6.65217
86039.9  86032.7  7.21336
59113.4  59106.7  6.65217
70631.8  70625.1  6.65217
70676.5  70669.9  6.65217
42767.5  42760.8  6.65217
70619.9  70613.3  6.65217
42679.1  42672.5  6.65217
69114.8  69108.1  6.65217
69114.8  69108.1  6.65217
59075.5  59068.8  6.65217
70558.8  70552.1  6.65217
42667  42660.4  6.65217
86039.9  86032.7  7.21336
59156.1  59149.5  6.65217
69147.4  69140.8  6.65217
59113.3  59106.7  6.65217
70676.5  70669.9  6.65217
70619.9  70613.3  6.65217
42767.1  42760.5  6.65217
69123.1  69116.5  6.65217
86039.9  86032.7  7.21336
------------------- Recours cost per scenario per model -------------------
5.90915e+06  5.90915e+06  1.49012e-08
5.90915e+06  5.90915e+06  1.49012e-08
5.90915e+06  5.90915e+06  1.49012e-08
5.90915e+06  5.90915e+06  1.30385e-08
5.90915e+06  5.90915e+06  1.30385e-08
5.90915e+06  5.90915e+06  1.58325e-08
5.66454e+06  5.66454e+06  1.49012e-08
5.90915e+06  5.90915e+06  1.30385e-08
5.90915e+06  5.90915e+06  1.58325e-08
5.66454e+06  5.66454e+06  1.39698e-08
5.90915e+06  5.90915e+06  1.30385e-08
5.66497e+06  5.66497e+06  1.58325e-08
5.90915e+06  5.90915e+06  1.30385e-08
5.66561e+06  5.66561e+06  1.95578e-08
5.90915e+06  5.90915e+06  1.30385e-08
5.90915e+06  5.90915e+06  1.58325e-08
5.90915e+06  5.90915e+06  1.58325e-08
5.90915e+06  5.90915e+06  1.30385e-08
5.90915e+06  5.90915e+06  1.49012e-08
5.90915e+06  5.90915e+06  1.30385e-08
5.90915e+06  5.90915e+06  1.21072e-08
5.90915e+06  5.90915e+06  1.21072e-08
5.90915e+06  5.90915e+06  1.58325e-08
5.90915e+06  5.90915e+06  1.21072e-08
5.90915e+06  5.90915e+06  1.30385e-08
5.66454e+06  5.66454e+06  1.49012e-08
5.90915e+06  5.90915e+06  1.58325e-08
5.90915e+06  5.90915e+06  1.11759e-08
5.90915e+06  5.90915e+06  1.67638e-08
5.90915e+06  5.90915e+06  1.58325e-08
5.90915e+06  5.90915e+06  1.49012e-08
5.90915e+06  5.90915e+06  1.30385e-08
5.90915e+06  5.90915e+06  1.11759e-08
5.66497e+06  5.66497e+06  1.58325e-08
------------- Number of mobile facility  per scenario per model ----------------------
16  0  
16  0  
16  0  
16  0  
16  0  
16  0  
16  0  
16  0  
16  0  
16  0  
16  0  
16  0  
16  0  
16  0  
16  0  
16  0  
16  0  
16  0  
16  0  
16  0  
16  0  
16  0  
16  0  
16  0  
16  0  
16  0  
16  0  
16  0  
16  0  
16  0  
16  0  
16  0  
16  0  
16  0  
------------- Resolution time per scenario per model ----------------------
0.8  0.21  
0.81  0.22  
0.8  0.21  
0.79  0.27  
0.84  0.25  
0.87  0.23  
0.81  0.28  
0.81  0.22  
0.84  0.24  
0.86  0.24  
0.81  0.24  
0.87  0.29  
0.9  0.29  
0.86  0.22  
0.89  0.23  
0.87  0.28  
0.9  0.23  
0.84  0.25  
0.95  0.22  
0.88  0.22  
0.85  0.22  
0.92  0.27  
0.89  0.23  
0.88  0.22  
0.86  0.29  
0.88  0.23  
0.85  0.22  
0.87  0.25  
0.84  0.22  
0.81  0.21  
0.85  0.23  
0.8  0.27  
0.81  0.23  
0.79  0.22  
