4  5
resolution time : 22.35
51619.8  51619.8
16  0
******************** fixed facilities: 34 ****************
0  3  4  5  6  10  12  13  16  17  18  20  21  23  24  26  27  28  29  30  31  33  34  36  37  38  39  42  43  45  46  47  48  49  
******************** Response cost ****************
6.03858e+06  1.02783e+07  9.9012e+06  8.10982e+06  8.79327e+06  8.05828e+06  5.25565e+06  1.00343e+07  1.02783e+07  8.20439e+06  1.02783e+07  8.93668e+06  1.02783e+07  9.90274e+06  1.02783e+07  1.02783e+07  
******************** Mobile facilities tour:  ****************
 scenario 0 : 0





------------------------------------
 scenario 1 : 0





------------------------------------
 scenario 2 : 0





------------------------------------
 scenario 3 : 0





------------------------------------
 scenario 4 : 0





------------------------------------
 scenario 5 : 1
2  
40  
25  
2  
8  
------------------------------------
 scenario 6 : 0





------------------------------------
 scenario 7 : 0





------------------------------------
 scenario 8 : 0





------------------------------------
 scenario 9 : 0





------------------------------------
 scenario 10 : 0





------------------------------------
 scenario 11 : 0





------------------------------------
 scenario 12 : 0





------------------------------------
 scenario 13 : 0





------------------------------------
 scenario 14 : 0





------------------------------------
 scenario 15 : 0





------------------------------------
******************** Stock in hospital ****************
0  0  0  0  0  0  0  0  0  0  0  0  0  0  0  0  0  0  0  0  0  0  0  0  
0  0  0  0  0  0  0  0  0  0  0  0  0.22682  0.183202  0  0  0  0  0  0  0  0  0  0  
0  0  0  0  0  0  0  0  0  0  0  0  0  0  0  0  0  0  0  0  0  0  0  0  
0  0  0  0  0  1000  0  0  2200  0  2200  0  0  0  0  0  0  0  0  0  0  0  0  0  
0  0  0  0  0  0  0  0  0  0  0  0  0  0  0  0  0  0  0  0  0  0  0  0  
0  0  0  0  0  0  0  0  0  0  0  0  454.282  0  1553.88  0  0  0  0  0  0  0  0  0  
0  0  0  0  0  0  0  0  0  0  0  0  0  0  0  0  0  0  0  0  0  0  0  0  
0  0  0  0  0  0  0  0  0  0  0  0  0  0  0  0  0  0  0  0  0  0  0  0  
0  0  0  0  0  0  0  0  0  0  0  0  0  0  0  0  0  0  0  0  0  0  0  0  
0  0  0  0  0  0  0  0  0  0  0  0  0  0  0  0  0  0  0  1000  0  0  0  0  
0  0  0  0  0  0  0  0  0  0  0  0  0  0  0  0  0  0  0  0  0  0  0  0  
0  0  0  0  0  0  0  0  0  0  0  0  198.198  0  0  0  0  0  0  0  0  0  0  0  
0  0  0  0  0  0  0  0  0  0  0  0  0  0  0  0  0  0  0  0  0  0  0  0  
0  0  0  0  0  0  0  0  0  0  0  0  0  0  0  0  0  0  0  0  0  0  0  0  
0  0  0  0  0  0  0  0  0  0  0  0  0  0  0  0  0  0  0  0  0  0  0  0  
0  0  0  0  0  0  0  0  0  0  0  0  0  0  0  0  0  0  0  0  0  0  0  0  
******************** Quantity of blood collect in hospitals ****************
0  0  0  0  0  0  0  488.623  1935.08  0  0  0  0  1478.25  0  0  0  0  0  0  
4000  3992.66  4500  4239.25  340.814  415.696  641.284  995.974  9.26147  8.92916  15.1729  31.7237  0  0  0.328938  0.841907  0.00483145  0.00447105  0.00735234  0.0184685  
487.566  328.157  975.292  250.091  0  487.95  595.992  975.592  487.387  489.326  487.358  487.63  487.003  0  1841.48  975.086  0  1017.77  1583.66  0  
0  0  0  0  0  0  0  0  128.67  1339.12  1899.58  0  1448.19  976.708  2528.43  0  908.402  1016.93  0  0  
199.363  0  0  0  0  487.692  487.605  0  1932.65  487.471  0  488.375  1463.01  1761.88  0  0  488.631  1469.65  0  0  
0  0  0  0  0  0  0  0  0  0  0  0  988.478  489.326  975.05  3421.74  1449.27  1025.09  2921.17  453.433  
0  0  0  0  0  0  0  0  0  0  488.697  0  1463.18  0  0  0  0  976.527  0  0  
0  0  0  0  0  0  0  0  0  2588.75  488.631  0  0  0  2931.59  0  1220.22  1220.12  2151.76  0  
488.077  976.98  972.145  0  0  488.623  0  84.6885  0  0  487.615  0  0  974.929  0  487.968  987.024  1382.72  962.454  0  
0  0  0  0  0  0  0  0  1820.86  2158.48  0  0  0  0  0  0  0  0  0  2081.87  
2425.47  159.329  487.329  349.728  0  488.581  488.066  1950.77  500  488.572  4029.66  0  976.295  432.262  488.23  786.616  1223.34  1374.82  2141.51  238.632  
0  0  0  475.674  0  0  0  487.968  0  0  0  0  1475.95  1896.38  0  0  989.35  0  0  0  
4000  4000  4500  4231.91  342.533  414.905  641.77  1001.8  7.35527  9.50387  14.6421  25.883  0.187467  0.214284  0.368712  0.842093  0.00517306  0.00649251  0.012375  0.0326616  
487.308  366.58  488.339  1952.88  -9.99989e-10  977.564  782.706  976.991  595.519  2646.45  974.887  974.667  1514.37  488.23  2442.55  487.471  963.923  1098.29  487.557  2292.4  
761.106  489.326  487.566  531.536  487.557  0  0  487.664  2337.86  977.392  488.339  0  1446.07  1639.29  0  962.551  900.141  978.222  487.63  2152.78  
4000  4000  4500  4231.91  342.271  410.598  636.995  999.956  7.64237  13.6893  19.3582  27.979  0.162779  0.334397  0.430834  0.607493  0.00406777  0.00696794  0.00930696  0.0159485  
******************** Unsatisfy demand in hospital ****************
2877.87  3211.34  5013.08  6827.44  2354.91  2634.86  4112.42  5117.25  0  2181.51  3388.72  4575.23  1587.31  311.686  2780.31  3756.47  3500.69  2470.91  4483.66  4086.07  
11649.9  13582.7  22843.2  32732.2  0  0  0  0  0  0  0  0  0  0  0  0  0  0  0  0  
5575.01  6486.05  9620.41  14059.9  3751.52  3697.8  5925.95  7884.37  1850.32  2164.08  3629.87  5079.6  966.817  1643.01  711.834  2495.37  3103.09  0  0  2162.97  
6062.58  7814.21  10595.7  14310  5969.15  3226.55  8780.54  8932.15  0  1302.78  0  5543.4  0  648.562  0  3440.92  0  0  1588.74  2592.71  
2678.51  3211.34  5013.08  6827.44  2352.9  2163.22  3639.16  5597.05  0  1675.08  3374.12  4110.95  115.931  0  2752.52  3764.78  3017.26  0  2283.95  3090.92  
6062.58  6814.21  10595.7  14310  3773.63  4213.18  6573.88  8963.51  2792.87  2642.1  5658.86  5563.46  0  1140.9  0  0  0  0  0  1703.11  
2877.87  3211.34  5013.08  6827.44  2352.61  2611.42  4081.13  5571.76  1937.8  2178.93  2902.34  4597.53  117.836  1781.77  2774.98  3774.05  3502.02  1483.19  2270.61  3077.44  
4312.01  4836.98  7540.19  10244.3  3154.6  3532.99  5504.67  7476.77  2300.74  0  3539.56  5465.97  1673.62  1882.2  0  3992.56  0  169.783  0  2897.66  
3823.93  3860  6568.05  10244.3  3150.84  3055.36  5510.02  7365.73  2301.75  2585.8  3539.14  5473.07  1681.16  915.751  2942.13  3509.88  237.886  0  1186.72  2917.95  
2877.87  3211.34  5013.08  6827.44  2358.3  2654.44  4127.06  5578.42  112.903  0  3370.19  4599.88  1587.15  1787.79  2781.44  4772.53  1301.69  2469.67  2281.63  0  
1886.54  4677.65  7052.86  9894.57  3150.84  3055.4  5021.95  5499.65  1793.56  2105.74  0  5449.45  693.755  1443.36  2436.79  3208.57  0  0  0  2682.12  
4312.01  4836.98  7540.19  9768.63  3131.63  3535.28  5500.86  6970.96  2499.53  2588.69  4028.27  5466.42  0  0  2941.72  3971.49  247.03  1380.31  4349.41  3925.13  
11649.9  13575.4  22843.2  32739.5  0  0  0  0  0  0  0  0  0  0  0  0  0  0  0  0  
5262.69  6095.02  9574.56  11690.3  3678.95  3133.97  5635.26  7783.35  1762.97  0  3146.69  4634.86  0  1225.2  214.161  3101.7  0  0  1211.92  0  
5301.47  6324.88  10108.1  13778.5  3281.59  4226.55  6580.54  8444.49  0  1663.68  3618.67  5578.61  0  0  2544.01  2485.37  0  38.748  1092.81  0  
11649.9  13575.4  22843.2  32739.5  0  0  0  0  0  0  0  0  0  0  0  0  0  0  0  0  
