4  5
resolution time : 38.81
51619.8  51619.8
16  0
******************** fixed facilities: 34 ****************
0  3  4  5  6  10  12  13  16  17  18  20  21  23  24  26  27  28  29  30  31  33  34  36  37  38  39  42  43  45  46  47  48  49  
******************** Response cost ****************
1.02783e+07  1.02783e+07  1.02783e+07  1.02783e+07  1.02783e+07  1.02783e+07  1.02783e+07  1.02783e+07  1.02783e+07  1.02783e+07  1.02783e+07  1.02783e+07  1.02783e+07  1.02783e+07  1.02783e+07  1.02783e+07  
******************** Mobile facilities tour:  ****************
 scenario 0 : 16
1  2  7  8  9  11  14  15  19  22  25  32  35  40  41  44  
2  9  
2  9  
2  9  
2  9  
------------------------------------
 scenario 1 : 16
1  2  7  8  9  11  14  15  19  22  25  32  35  40  41  44  




------------------------------------
 scenario 2 : 16
1  2  7  8  9  11  14  15  19  22  25  32  35  40  41  44  
2  9  
2  9  
2  9  
2  9  
------------------------------------
 scenario 3 : 16
1  2  7  8  9  11  14  15  19  22  25  32  35  40  41  44  
2  9  
2  9  
2  
2  
------------------------------------
 scenario 4 : 16
1  2  7  8  9  11  14  15  19  22  25  32  35  40  41  44  
2  9  
2  9  
2  9  
2  9  
------------------------------------
 scenario 5 : 16
1  2  7  8  9  11  14  15  19  22  25  32  35  40  41  44  
2  9  15  
2  9  15  
2  9  
2  
------------------------------------
 scenario 6 : 16
1  2  7  8  9  11  14  15  19  22  25  32  35  40  41  44  
2  9  
2  9  
2  9  
2  9  
------------------------------------
 scenario 7 : 16
1  2  7  8  9  11  14  15  19  22  25  32  35  40  41  44  
2  9  
2  9  
2  9  
2  9  
------------------------------------
 scenario 8 : 16
1  2  7  8  9  11  14  15  19  22  25  32  35  40  41  44  
2  9  
2  9  
2  9  
2  9  
------------------------------------
 scenario 9 : 16
1  2  7  8  9  11  14  15  19  22  25  32  35  40  41  44  
2  9  
2  9  
2  9  
2  9  
------------------------------------
 scenario 10 : 16
1  2  7  8  9  11  14  15  19  22  25  32  35  40  41  44  
2  9  
2  9  
2  9  
2  9  
------------------------------------
 scenario 11 : 16
1  2  7  8  9  11  14  15  19  22  25  32  35  40  41  44  
2  9  
2  9  
2  9  
2  
------------------------------------
 scenario 12 : 16
1  2  7  8  9  11  14  15  19  22  25  32  35  40  41  44  




------------------------------------
 scenario 13 : 16
1  2  7  8  9  11  14  15  19  22  25  32  35  40  41  44  
2  9  
2  9  
2  9  
2  9  
------------------------------------
 scenario 14 : 16
1  2  7  8  9  11  14  15  19  22  25  32  35  40  41  44  
2  9  
2  9  
2  9  
2  9  
------------------------------------
 scenario 15 : 16
1  2  7  8  9  11  14  15  19  22  25  32  35  40  41  44  




------------------------------------
******************** Stock in hospital ****************
0  0  0  0  0  0  0  0  0  0  0  0  0  0  0  0  0  0  0  0  
0  0  0  0  0  0  0  0  0  0  0  0  0  0  0  0  0  0  0  0  
0  0  0  0  0  0  0  0  0  0  0  0  0  0  0  0  0  0  0  0  
0  0  0  0  0  0  0  0  0  0  0  0  0  0  0  0  0  0  0  0  
0  0  0  0  0  0  0  0  0  0  0  0  0  0  0  0  0  0  0  0  
0  0  0  0  0  0  0  0  0  0  0  0  0  0  0  0  0  0  0  0  
0  0  0  0  0  0  0  0  0  0  0  0  0  0  0  0  0  0  0  0  
0  0  0  0  0  0  0  0  0  0  0  0  0  0  0  0  0  0  0  0  
0  0  0  0  0  0  0  0  0  0  0  0  0  0  0  0  0  0  0  0  
0  0  0  0  0  0  0  0  0  0  0  0  0  0  0  0  0  0  0  0  
0  0  0  0  0  0  0  0  0  0  0  0  0  0  0  0  0  0  0  0  
0  0  0  0  0  0  0  0  0  0  0  0  0  0  0  0  0  0  0  0  
0  0  0  0  0  0  0  0  0  0  0  0  0  0  0  0  0  0  0  0  
0  0  0  0  0  0  0  0  0  0  0  0  0  0  0  0  0  0  0  0  
0  0  0  0  0  0  0  0  0  0  0  0  0  0  0  0  0  0  0  0  
0  0  0  0  0  0  0  0  0  0  0  0  0  0  0  0  0  0  0  0  
******************** Quantity of blood collect in hospitals ****************
620.198  500  1488.95  1769.69  988.375  500  1488.34  3856.91  988.536  507.321  1977.59  1665.4  500  500  1000  1689.6  500  1470.91  1000  1400  
4000  4000  4500  4228.22  340.814  415.696  641.284  995.974  9.03465  8.74596  15.1729  31.7237  0.22682  0.183202  0.328938  0.841907  0.00483145  0.00447105  0.00735234  0.0184685  
705.484  500  1000  2290.2  500  500  1977.18  1689.6  500  988.581  1977.7  2668.28  988.536  989.65  1000  1888.63  903.089  500  1000  1844.88  
500  500  1489.36  2279.74  500  1478.23  1000  3345.12  988.375  500  2465.51  1400  988.536  500  1000  1688.63  620.198  500  1000  1668.11  
988.375  500  1000  2176.71  988.536  1478.23  1202.36  1889.14  500  500  1000  2769.34  500  500  2752.52  1179.48  620.198  500  1000  2366.92  
500  500  1000  1290.2  500  500  2465.51  3845.05  1000  988.581  1000  1179.48  976.911  989.65  1489.36  2389.54  620.198  500  1000  1677.32  
1120.2  988.581  1000  2400  500  500  1488.34  3635.13  500  500  2466.54  1400  500  989.65  1000  1676.77  976.911  500  1000  1269.69  
500  989.65  1977.18  1200  988.375  500  1000  3845.6  1108.73  988.581  1000  1200  500  500  1489.36  2247.92  500  500  1488.34  1888.08  
500  500  1488.95  1688.7  500  1478.23  1977.7  3156.42  988.536  500  1488.23  1889.54  1108.57  500  1000  2267.46  500  500  1000  1379.48  
1000  988.581  1000  2366.86  500  500  2954.88  3856.97  620.198  500  1000  1688.08  500  989.65  1000  1200  976.911  500  1000  1269.69  
620.198  500  1000  1888.7  988.536  988.581  1488.34  3135.9  500  500  1978.31  1200  988.375  989.65  1488.23  1889.54  500  500  1000  2267.46  
500  988.581  1488.34  2678.68  1000  500  1000  3258.04  620.198  500  1000  1844.88  500  989.65  1977.18  1400  976.911  500  1489.36  1200  
4000  4000  4500  4227.28  342.533  414.905  641.77  1001.8  7.35527  9.50387  14.6421  25.883  0.187467  0.214284  0.368712  0.842093  0.00517306  0.00649251  0.012375  0.0326616  
1000  988.581  1488.95  1790.2  500  500  1977.59  3156.46  500  989.65  1000  2366.31  976.911  500  1000  1200  620.198  500  1488.34  1868.62  
500  500  1000  1876.7  988.375  500  1488.34  3167.83  988.536  988.581  2466.54  1779.74  500  989.65  1000  2177.84  620.198  500  1000  1379.48  
4000  4000  4500  4227.86  342.271  410.598  636.995  999.956  7.64237  13.6893  19.3582  27.979  0.162779  0.334397  0.430834  0.607493  0.00406777  0.00696794  0.00930696  0.0159485  
******************** Unsatisfy demand in hospital ****************
2257.67  2711.34  3524.13  5057.75  1366.53  2134.86  2624.08  1748.96  946.544  1674.19  1411.13  2909.83  1087.31  1289.94  1780.31  2066.87  800.69  0  1283.66  1686.07  
11649.9  13575.4  22843.2  32743.2  0  0  0  0  0  0  0  0  0  0  0  0  0  0  0  0  
5357.1  6314.21  9595.7  12019.8  3251.52  3685.75  4544.76  7170.36  1837.71  1664.83  2139.53  2898.95  465.284  653.36  1553.31  1581.83  0  517.77  583.66  318.089  
5562.58  6314.21  9106.34  12030.3  3269.15  2748.32  5580.54  5587.03  1340.3  2141.91  1634.07  4143.4  459.654  1125.27  1528.43  1752.29  288.204  516.93  588.74  520.753  
1889.49  2711.34  4013.08  4650.73  1364.36  1172.68  2924.4  3707.91  1432.65  1662.55  2374.12  1829.99  1078.94  1261.88  0  2585.3  685.692  969.65  1283.95  723.996  
5562.58  6314.21  9595.7  13019.8  3273.63  3713.18  4108.36  5118.46  1338.59  1653.52  3104.98  4383.98  465.849  640.58  1039.57  1032.2  279.225  525.09  589.43  479.22  
1757.67  2222.76  4013.08  4427.44  1852.61  2111.42  2592.79  1936.63  1437.8  1678.93  924.503  3197.53  1081.02  792.12  1774.98  2097.28  325.109  959.72  1270.61  1807.75  
3812.01  3847.33  5563.01  9044.3  2166.22  3032.99  4504.67  3631.17  1192.01  1600.17  3028.19  4265.97  1173.62  1382.2  1442.23  1744.64  720.22  889.9  663.421  1009.58  
3812.01  4336.98  6051.24  8555.6  2650.84  2065.75  3532.32  4294  1313.21  2085.8  2538.52  3583.53  572.587  1390.68  1942.13  1730.39  724.91  882.72  1149.17  1538.47  
1877.87  2222.76  4013.08  4460.58  1858.3  2154.44  1172.18  1721.45  1313.56  1658.48  2370.19  2911.8  1087.15  798.14  1781.44  2572.53  324.779  969.67  1281.63  1812.18  
3691.81  4336.98  6540.19  8355.6  2162.3  2555.4  4021.68  4314.52  1793.56  2094.31  2051.35  4249.45  681.675  885.97  1436.79  2105.65  723.34  874.82  1141.51  653.292  
3812.01  3848.4  6051.85  7565.62  2131.63  3035.28  4500.86  4200.89  1681.13  2088.69  3028.27  3621.54  1174.15  906.73  964.544  2571.49  259.469  880.31  660.049  1725.13  
11649.9  13575.4  22843.2  32744.1  0  0  0  0  0  0  0  0  0  0  0  0  0  0  0  0  
4750  5473.02  8573.95  11853  3178.95  3611.53  4440.38  5603.88  1858.49  1656.8  3121.58  3243.22  537.459  1213.43  1656.71  2389.17  343.725  598.29  211.141  423.776  
5562.58  6314.21  9595.7  12433.3  2780.77  3726.55  5092.2  5764.32  1349.32  1652.49  1640.47  3798.87  946.07  649.64  1544.01  1270.08  279.943  516.97  580.44  773.296  
11649.9  13575.4  22843.2  32743.5  0  0  0  0  0  0  0  0  0  0  0  0  0  0  0  0  
