4 16 5
2877.87 3211.34 5013.08 6827.44  2354.91 2634.86 4112.42 5605.87  1935.08 2181.51 3388.72 4575.23  1587.31 1789.94 2780.31 3756.47  1300.69 1470.91 2283.66 3086.07  
15649.9 17575.4 27343.2 36971.4  340.814 415.696 641.284 995.974  9.03465 8.74596 15.1729 31.7237  0.22682 0.183202 0.328938 0.841907  0.00483145 0.00447105 0.00735234 0.0184685  
6062.58 6814.21 10595.7 14310  3751.52 4185.75 6521.94 8859.96  2337.71 2653.41 4117.23 5567.23  1453.82 1643.01 2553.31 3470.46  903.089 1017.77 1583.66 2162.97  
6062.58 6814.21 10595.7 14310  3769.15 4226.55 6580.54 8932.15  2328.67 2641.91 4099.58 5543.4  1448.19 1625.27 2528.43 3440.92  908.402 1016.93 1588.74 2188.86  
2877.87 3211.34 5013.08 6827.44  2352.9 2650.91 4126.76 5597.05  1932.65 2162.55 3374.12 4599.33  1578.94 1761.88 2752.52 3764.78  1305.89 1469.65 2283.95 3090.92  
6062.58 6814.21 10595.7 14310  3773.63 4213.18 6573.88 8963.51  2338.59 2642.1 4104.98 5563.46  1442.76 1630.23 2528.93 3421.74  899.423 1025.09 1589.43 2156.54  
2877.87 3211.34 5013.08 6827.44  2352.61 2611.42 4081.13 5571.76  1937.8 2178.93 3391.04 4597.53  1581.02 1781.77 2774.98 3774.05  1302.02 1459.72 2270.61 3077.44  
4312.01 4836.98 7540.19 10244.3  3154.6 3532.99 5504.67 7476.77  2300.74 2588.75 4028.19 5465.97  1673.62 1882.2 2931.59 3992.56  1220.22 1389.9 2151.76 2897.66  
4312.01 4836.98 7540.19 10244.3  3150.84 3543.98 5510.02 7450.42  2301.75 2585.8 4026.75 5473.07  1681.16 1890.68 2942.13 3997.85  1224.91 1382.72 2149.17 2917.95  
2877.87 3211.34 5013.08 6827.44  2358.3 2654.44 4127.06 5578.42  1933.76 2158.48 3370.19 4599.88  1587.15 1787.79 2781.44 3772.53  1301.69 1469.67 2281.63 3081.87  
4312.01 4836.98 7540.19 10244.3  3150.84 3543.98 5510.02 7450.42  2293.56 2594.31 4029.66 5449.45  1670.05 1875.62 2925.02 3995.19  1223.34 1374.82 2141.51 2920.75  
4312.01 4836.98 7540.19 10244.3  3131.63 3535.28 5500.86 7458.93  2301.33 2588.69 4028.27 5466.42  1674.15 1896.38 2941.72 3971.49  1236.38 1380.31 2149.41 2925.13  
15649.9 17575.4 27343.2 36971.4  342.533 414.905 641.77 1001.8  7.35527 9.50387 14.6421 25.883  0.187467 0.214284 0.368712 0.842093  0.00517306 0.00649251 0.012375 0.0326616  
5750 6461.6 10062.9 13643.2  3678.95 4111.53 6417.97 8760.34  2358.49 2646.45 4121.58 5609.53  1514.37 1713.43 2656.71 3589.17  963.923 1098.29 1699.48 2292.4  
6062.58 6814.21 10595.7 14310  3769.15 4226.55 6580.54 8932.15  2337.86 2641.07 4107.01 5578.61  1446.07 1639.29 2544.01 3447.92  900.141 1016.97 1580.44 2152.78  
15649.9 17575.4 27343.2 36971.4  342.271 410.598 636.995 999.956  7.64237 13.6893 19.3582 27.979  0.162779 0.334397 0.430834 0.607493  0.00406777 0.00696794 0.00930696 0.0159485  
