4 50 5
6062.58 6814.21 10595.7 14310  3766.42 4245.07 6603.99 8955.08  2332.08 2630.94 4086.25 5531.54  1441 1629.72 2528.63 3423.4  905.91 1013.06 1579.67 2165.54  
6062.58 6814.21 10595.7 14310  3751.52 4185.75 6521.94 8859.96  2337.71 2653.41 4117.23 5567.23  1453.82 1643.01 2553.31 3470.46  903.089 1017.77 1583.66 2162.97  
6062.58 6814.21 10595.7 14310  3769.15 4226.55 6580.54 8932.15  2338.37 2610.06 4072.5 5564.86  1445.88 1651.06 2557.07 3453.09  902.725 1015.22 1579.75 2156.88  
6062.58 6814.21 10595.7 14310  3769.15 4226.55 6580.54 8932.15  2337.86 2641.07 4107.01 5578.61  1446.07 1639.29 2544.01 3447.92  900.141 1016.97 1580.44 2152.78  
6062.58 6814.21 10595.7 14310  3766.42 4245.07 6603.99 8955.08  2332.08 2630.94 4086.25 5531.54  1447.94 1622.43 2524.64 3436.79  903.292 1015.81 1581.17 2160.53  
6062.58 6814.21 10595.7 14310  3770.85 4232.04 6597.75 8986.85  2335.02 2616.52 4070.48 5525.13  1440.86 1623.93 2520.11 3411.26  897.386 1026.01 1587.75 2145.06  
6062.58 6814.21 10595.7 14310  3773.63 4213.18 6573.88 8963.51  2338.59 2642.1 4104.98 5563.46  1442.76 1630.23 2528.93 3421.74  899.423 1025.09 1589.43 2156.54  
6062.58 6814.21 10595.7 14310  3770.33 4238.6 6596.66 8949.77  2328.16 2599.64 4049.92 5512.75  1450.32 1643.36 2550.53 3457.24  901.751 1026.58 1593.47 2167.4  
6062.58 6814.21 10595.7 14310  3762.88 4208.93 6555.63 8902.21  2342.99 2639.63 4112.6 5609.77  1453.72 1643.49 2553.11 3467.31  903.243 1017.56 1583.9 2165.05  
6062.58 6814.21 10595.7 14310  3769.15 4226.55 6580.54 8932.15  2328.67 2641.91 4099.58 5543.4  1448.19 1625.27 2528.43 3440.92  908.402 1016.93 1588.74 2188.86  
2877.87 3211.34 5013.08 6827.44  2354.91 2634.86 4112.42 5605.87  1927.51 2165.89 3375.89 4594.03  1588.17 1787.66 2775.84 3745.73  1302.84 1467.7 2278.67 3076.73  
2877.87 3211.34 5013.08 6827.44  2357.44 2630.66 4107.68 5602.45  1930.19 2179.35 3389.32 4591.13  1589.12 1780.35 2771.45 3760  1298.99 1447.67 2258.05 3077.71  
2877.87 3211.34 5013.08 6827.44  2360.37 2638.53 4112.8 5586.96  1932.52 2158.55 3363.92 4570.04  1583.15 1791.02 2784.5 3773.36  1296.17 1446.07 2259.24 3092.69  
2877.87 3211.34 5013.08 6827.44  2352.61 2611.42 4081.13 5571.76  1937.8 2178.93 3391.04 4597.53  1581.02 1781.77 2774.98 3774.05  1302.02 1459.72 2270.61 3077.44  
2877.87 3211.34 5013.08 6827.44  2356.68 2622.85 4097.25 5591.08  1925.07 2138.75 3344.83 4578.99  1590.68 1794.19 2788.2 3771.74  1301.56 1479.99 2292.85 3085.32  
2877.87 3211.34 5013.08 6827.44  2352.9 2650.91 4126.76 5597.05  1932.65 2162.55 3374.12 4599.33  1578.94 1761.88 2752.52 3764.78  1305.89 1469.65 2283.95 3090.92  
2877.87 3211.34 5013.08 6827.44  2356.68 2622.85 4097.25 5591.08  1936.45 2170.57 3379.72 4584.89  1586.16 1777.99 2771.57 3773.58  1300.61 1459.84 2270.35 3076.33  
2877.87 3211.34 5013.08 6827.44  2358.3 2654.44 4127.06 5578.42  1933.76 2158.48 3370.19 4599.88  1587.15 1787.79 2781.44 3772.53  1301.69 1469.67 2281.63 3081.87  
2877.87 3211.34 5013.08 6827.44  2357.57 2646.9 4116.99 5567.43  1934.87 2175.97 3388.43 4601.07  1585.57 1770.48 2759.26 3751.69  1303.05 1462.17 2276.25 3092.08  
2877.87 3211.34 5013.08 6827.44  2354.91 2634.86 4112.42 5605.87  1935.08 2181.51 3388.72 4575.23  1587.31 1789.94 2780.31 3756.47  1300.69 1470.91 2283.66 3086.07  
4312.01 4836.98 7540.19 10244.3  3154.6 3532.99 5504.67 7476.77  2300.74 2588.75 4028.19 5465.97  1673.62 1882.2 2931.59 3992.56  1220.22 1389.9 2151.76 2897.66  
4312.01 4836.98 7540.19 10244.3  3146.3 3517.83 5490.46 7487.09  2302.98 2592.83 4032.01 5463.19  1680.08 1901.66 2948.79 3976.54  1221.42 1383.36 2147.81 2910.09  
4312.01 4836.98 7540.19 10244.3  3150.84 3543.98 5510.02 7450.42  2292.44 2571.27 4010.89 5472.92  1681.7 1900.42 2949.21 3983.77  1222.59 1382.46 2148.12 2915.38  
4312.01 4836.98 7540.19 10244.3  3143.62 3539.26 5509.61 7475.31  2285.46 2569.56 4004.47 5454.02  1685.52 1902.16 2951.06 3982.16  1230.06 1385.27 2152.86 2920.6  
4312.01 4836.98 7540.19 10244.3  3131.63 3535.28 5500.86 7458.93  2301.33 2588.69 4028.27 5466.42  1674.15 1896.38 2941.72 3971.49  1236.38 1380.31 2149.41 2925.13  
4312.01 4836.98 7540.19 10244.3  3150.84 3543.98 5510.02 7450.42  2301.75 2585.8 4026.75 5473.07  1681.16 1890.68 2942.13 3997.85  1224.91 1382.72 2149.17 2917.95  
4312.01 4836.98 7540.19 10244.3  3149.69 3512.23 5484.14 7482.53  2299.36 2602.32 4037.55 5445.12  1679.47 1883.71 2935.28 3999.86  1228.69 1378.09 2145.11 2919.11  
4312.01 4836.98 7540.19 10244.3  3150.84 3543.98 5510.02 7450.42  2293.56 2594.31 4029.66 5449.45  1670.05 1875.62 2925.02 3995.19  1223.34 1374.82 2141.51 2920.75  
4312.01 4836.98 7540.19 10244.3  3151.27 3538.49 5510.88 7481.26  2303.33 2575.75 4011.98 5450.58  1682.39 1891.91 2942.56 3993.21  1225.58 1390.54 2155.34 2908.96  
4312.01 4836.98 7540.19 10244.3  3149.69 3512.23 5484.14 7482.53  2296.47 2594.89 4032.78 5460.08  1682.9 1896.77 2947.47 3992.71  1224.18 1379.08 2145.07 2916.43  
5750 6461.6 10062.9 13643.2  3669.84 4112.44 6416.47 8753.26  2355.91 2646.7 4121.12 5607.54  1512.42 1703.38 2646.9 3592.32  974.74 1104.19 1706.58 2291.92  
5750 6461.6 10062.9 13643.2  3657.86 4144.73 6436.47 8696.91  2352.15 2659.66 4125.84 5568.33  1525.84 1694.16 2645.56 3624.58  976.426 1084.71 1692.3 2318.11  
5750 6461.6 10062.9 13643.2  3680.43 4148.42 6447.96 8722.58  2355.95 2649.34 4125.2 5614.25  1509.35 1704.77 2646.56 3585.48  972.02 1089.83 1693.91 2302.92  
5750 6461.6 10062.9 13643.2  3661.79 4131.92 6430.14 8727.38  2368.06 2658.81 4131.92 5593.84  1515.31 1706.94 2651.15 3593.89  968.893 1093.47 1697.74 2305.04  
5750 6461.6 10062.9 13643.2  3665.96 4149.75 6436.34 8667.56  2366.56 2652.4 4129.66 5615.22  1517.74 1694.96 2644.23 3618.28  963.441 1092.47 1696.17 2305.08  
5750 6461.6 10062.9 13643.2  3669.84 4112.44 6416.47 8753.26  2350.75 2659.24 4129.91 5590.95  1514.27 1698.91 2643.76 3598.28  976.784 1094.69 1698.66 2299.25  
5750 6461.6 10062.9 13643.2  3675.8 4136.57 6440.36 8746.55  2362.28 2649.59 4118.18 5575.99  1514.13 1703.33 2649.9 3606.17  969.687 1094.5 1697.96 2300.63  
5750 6461.6 10062.9 13643.2  3678.95 4111.53 6417.97 8760.34  2358.49 2646.45 4121.58 5609.53  1514.37 1713.43 2656.71 3589.17  963.923 1098.29 1699.48 2292.4  
5750 6461.6 10062.9 13643.2  3675.8 4136.57 6440.36 8746.55  2360.57 2661.19 4132.81 5590.28  1515.87 1691.61 2635.1 3591.7  962.734 1095.25 1696.87 2295.28  
5750 6461.6 10062.9 13643.2  3682.9 4104.98 6410.59 8755  2363.29 2660.19 4134.91 5603.71  1505.1 1701.24 2644.12 3593.09  965.209 1104.83 1703.54 2279.27  
15649.9 17575.4 27343.2 36971.4  340.814 415.696 641.284 995.974  9.06606 8.7285 15.1488 31.7264  0.196032 0.20049 0.352048 0.835358  0.004249 0.00460008 0.00828027 0.0222735  
15649.9 17575.4 27343.2 36971.4  340.814 415.696 641.284 995.974  9.03465 8.74596 15.1729 31.7237  0.22682 0.183202 0.328938 0.841907  0.00483145 0.00447105 0.00735234 0.0184685  
15649.9 17575.4 27343.2 36971.4  341.06 413.846 638.811 993.34  8.82771 10.5216 17.5834 34.4473  0.188528 0.256146 0.38982 0.750954  0.00406648 0.0058732 0.00906314 0.0197843  
15649.9 17575.4 27343.2 36971.4  342.595 414.309 642.149 1006.16  7.33087 10.0224 14.2611 21.8524  0.150635 0.290334 0.372716 0.52933  0.0038728 0.00746021 0.0103713 0.0184515  
15649.9 17575.4 27343.2 36971.4  342.271 410.598 636.995 999.956  7.64237 13.6893 19.3582 27.979  0.162779 0.334397 0.430834 0.607493  0.00406777 0.00696794 0.00930696 0.0159485  
15649.9 17575.4 27343.2 36971.4  341.06 413.846 638.811 993.34  8.8371 10.503 17.5549 34.4222  0.179285 0.27344 0.416265 0.773645  0.00391475 0.00720085 0.0110862 0.0222015  
15649.9 17575.4 27343.2 36971.4  340.814 415.696 641.284 995.974  9.03465 8.74596 15.1729 31.7237  0.227003 0.182346 0.327523 0.839712  0.00466657 0.00524143 0.0086537 0.0205749  
15649.9 17575.4 27343.2 36971.4  340.827 409.624 634.137 991.567  9.06288 14.5687 22.0531 36.0764  0.186967 0.425485 0.587941 0.889622  0.0040709 0.0110759 0.0154857 0.0253101  
15649.9 17575.4 27343.2 36971.4  342.533 414.905 641.77 1001.8  7.35527 9.50387 14.6421 25.883  0.187467 0.214284 0.368712 0.842093  0.00517306 0.00649251 0.012375 0.0326616  
15649.9 17575.4 27343.2 36971.4  341.06 413.846 638.811 993.34  8.83435 10.4703 17.5026 34.349  0.181106 0.306842 0.468164 0.841549  0.00483497 0.00649842 0.0115167 0.0273556  
