3 50 50 5
500 200
2200 1000 2200 
1518.23 322.98 1
0.0690567 1 10
246.562
245.254
247.776
246.008
246.434
245.735
246.17
246.225
247.485
247.045
245.369
246.676
245.966
248.341
246.564
246.014
246.23
245.269
246.301
246.947
247.789
246.505
245.684
246.483
246.144
245.521
246.252
246.377
245.237
246.349
245.805
245.307
246.225
247.765
246.355
246.818
247.662
245.633
245.648
247.257
245.448
245.498
246.112
245.445
247.684
246.948
245.743
247.254
245.699
247.311
43.466 -0.2636
44.9659 0.18977
46.4158 -1.25343
44.6129 2.02189
46.145 -0.07953
44.6996 -0.78661
45.3669 2.02552
45.9905 1.12302
43.5282 -1.43975
46.3344 -0.6035
44.8024 1.17262
46.2499 -0.22517
45.8438 -0.03144
46.9166 1.46181
46.1683 1.24071
45.1375 1.9944
43.5732 0.18768
44.6698 0.83612
43.716 1.45826
46.4638 0.53978
46.7485 1.25104
43.914 -1.05916
45.6757 0.50752
43.6219 -0.56361
44.3577 -1.09135
45.2362 -0.30891
43.606 1.03562
45.9882 -0.48628
44.8809 0.22579
43.5354 0.994
43.9209 0.96875
44.7365 -0.04941
43.6244 1.04099
43.4118 -1.49882
43.6824 -0.5079
45.5566 -1.51816
46.709 -0.24729
44.0625 0.06354
45.2868 1.43643
46.1198 -1.27761
44.8909 1.32521
44.5585 1.34443
45.6579 1.66398
45.2738 -0.08025
46.7585 0.9103
43.6304 -1.11712
44.8437 -0.80919
46.0392 -1.38769
45.2298 -0.61341
46.4509 1.5911
44.9877 1.26704
43.6429 -1.50686
44.7104 0.28417
