3 33 5
26841.9 11989.1 35906.8  6784.43 3003.49 9001.47  1757.85 754.699 2305.86  459.436 188.971 586.96  116.272 47.8051 148.661  
13560 6072.45 18144.5  8510.29 3752.83 11316.1  5247.23 2345.54 7018.92  3270.61 1454.56 4361.59  2050.26 899.487 2715.88  
25238.6 11354.5 33879  7570.29 3287.29 9986.14  2251.48 963.367 2926.3  651.155 279.217 846.693  199.915 81.7642 253.521  
35588 15728.7 47383.6  407.237 265.788 607.824  4.71104 5.40406 8.4537  0.0617138 0.0721986 0.100276  0.000952178 0.00094284 0.00138902  
15741.4 7010.47 21001.2  8836.24 3953.95 11835.5  4964.32 2212.19 6621.49  2825.81 1234.15 3734.03  1589.82 697.123 2106.58  
15817.9 6965.79 21030.7  8866.51 3934.9 11822.2  4946.74 2189.05 6568.27  2792.53 1257.17 3738.63  1565.81 721.903 2122.62  
34497.4 15172.5 45862.6  1436.76 780.204 2035.64  63.1182 44.9887 97.2494  2.65008 2.15815 4.31558  0.117002 0.124952 0.2081  
26841.9 11989.1 35906.8  6767.35 3005.42 8997.07  1770.5 753.248 2309.13  456.477 188.859 584.375  122.179 47.4209 151.679  
35588 15728.7 47383.6  406.422 263.586 604.24  5.50271 7.57812 11.9662  0.0843803 0.0986431 0.169865  0.00116604 0.00284682 0.00342701  
14007 6207.32 18662.6  8515.59 3775.35 11325.4  5227.64 2340.76 7009.76  3212.51 1419.38 4274.89  1947.45 879.984 2613.96  
35494.3 15809.8 47428.8  496.004 188.217 563.246  9.51465 1.94742 7.851  0.150591 0.0244057 0.095847  0.0022059 0.000431569 0.00126643  
26841.9 11989.1 35906.8  6808.72 3007.09 9036.31  1756.68 750.476 2288.89  439.547 189.318 571.127  113.174 47.9806 146.487  
34497.4 15172.5 45862.6  1436.76 780.204 2035.64  63.1182 44.9887 97.2494  2.65008 2.15815 4.31558  0.117002 0.124952 0.2081  
25238.6 11354.5 33879  7457.73 3285.13 9892.92  2301.74 964.186 2972.01  702.403 280.961 886.82  210.037 81.6784 260.18  
14007 6207.32 18662.6  8515.59 3775.35 11325.4  5210.47 2345.9 6998.68  3218.22 1412.56 4269.6  1958.31 878.702 2624.46  
14007 6207.32 18662.6  8532.85 3807.46 11394.3  5237.42 2314.07 6963.98  3201 1412.45 4256.34  1946.23 880.009 2613.43  
13560 6072.45 18144.5  8368.58 3765.94 11232.5  5318.06 2335.43 7061.71  3284.57 1452.26 4368.8  2034.53 897.69 2693.22  
13560 6072.45 18144.5  8482.97 3760.93 11298.2  5293.13 2331.12 7033.75  3263.61 1456.96 4362.76  2048.02 899.14 2714.16  
35494.3 15809.8 47428.8  499.382 186.74 563.906  6.17097 3.41368 7.18777  0.116523 0.0353448 0.0981186  0.00229323 0.00047279 0.00140913  
15817.9 6965.79 21030.7  8846.09 3904.53 11775.7  4977.97 2245.3 6668.12  2779.48 1238.21 3696.93  1566.79 718.879 2117.52  
14007 6207.32 18662.6  8523.71 3815.33 11404.8  5224.12 2315.89 6948.59  3209.24 1420.53 4272.8  1958.07 871.178 2613.04  
26841.9 11989.1 35906.8  6767.35 3005.42 8997.07  1783.3 752.196 2317.2  448.846 189.801 579.504  118.304 47.3131 148.621  
26841.9 11989.1 35906.8  6767.35 3005.42 8997.07  1783.3 752.196 2317.2  448.846 189.801 579.504  118.304 47.3131 148.621  
14007 6207.32 18662.6  8551.31 3807 11422.6  5196.69 2333.56 6960.93  3192.4 1407.99 4228.59  1965.5 868.11 2615.41  
35588 15728.7 47383.6  406.334 263.722 605.409  5.5986 7.36415 10.7708  0.0768407 0.176653 0.197038  0.00100546 0.0023657 0.00234111  
10419.6 4580.48 13850.1  7404.69 3267.05 9844.42  5244.99 2346.49 7025.23  3734.39 1648.28 4961.89  2656.68 1184.33 3544.91  
15817.9 6965.79 21030.7  8859.79 3940.72 11809.2  4966.72 2234.01 6659.39  2786.73 1235.24 3704.6  1561.27 696.278 2082.08  
34497.4 15172.5 45862.6  1429.33 771.931 2021.67  70.0115 52.922 110.677  3.16147 2.47731 4.82343  0.137014 0.143515 0.238507  
14007 6207.32 18662.6  8515.59 3775.35 11325.4  5235.36 2315.14 6965.07  3196.95 1440.16 4299.15  1950.48 881.87 2621.88  
14007 6207.32 18662.6  8515.59 3775.35 11325.4  5227.64 2340.76 7009.76  3212.51 1419.38 4274.89  1947.45 879.984 2613.96  
34497.4 15172.5 45862.6  1436.76 780.204 2035.64  63.1182 44.9887 97.2494  2.65008 2.15815 4.31558  0.117002 0.124952 0.2081  
35588 15728.7 47383.6  407.019 267.116 608.563  4.90759 4.10298 7.71129  0.0827155 0.0454129 0.104172  0.00139204 0.000599904 0.0016  
25238.6 11354.5 33879  7570.29 3287.29 9986.14  2251.48 963.367 2926.3  651.155 279.217 846.693  199.915 81.7642 253.521  
