3 100 5
13560 6072.45 18144.5  8422.99 3766.57 11259.6  5227.28 2337.12 6996.23  3277.84 1450.55 4364.03  2063.59 901.025 2727.39  
13560 6072.45 18144.5  8480.28 3747.76 11271.9  5226.59 2346.16 7005.07  3297.77 1455.32 4385.62  2052.46 902.853 2724.46  
13560 6072.45 18144.5  8368.58 3765.94 11232.5  5317.65 2326.08 7031.04  3248.21 1451.34 4338.35  2068.67 902.673 2732.9  
13560 6072.45 18144.5  8510.29 3752.83 11316.1  5247.23 2345.54 7018.92  3270.61 1454.56 4361.59  2050.26 899.487 2715.88  
13560 6072.45 18144.5  8368.58 3765.94 11232.5  5221.51 2331.52 6969.87  3333.62 1454.9 4411.76  2077.88 902.241 2741.51  
13560 6072.45 18144.5  8482.97 3760.93 11298.2  5293.13 2331.12 7033.75  3263.61 1456.96 4362.76  2048.02 899.14 2714.16  
13560 6072.45 18144.5  8368.58 3765.94 11232.5  5318.06 2335.43 7061.71  3284.57 1452.26 4368.8  2034.53 897.69 2693.22  
13560 6072.45 18144.5  8482.97 3760.93 11298.2  5225.59 2341.16 6995.19  3299.9 1449.96 4384.3  2015.44 898.877 2686.36  
13560 6072.45 18144.5  8422.99 3766.57 11259.6  5201.31 2331.28 6959.67  3331.74 1451.57 4412.39  2034.85 899.871 2703.51  
13560 6072.45 18144.5  8401.77 3769 11254.1  5235.2 2336.2 6998.31  3327.72 1448.05 4390.86  2069.29 899.928 2734.83  
15741.4 7010.47 21001.2  8878.45 3902.11 11778.7  4963.68 2237.65 6672.03  2798.65 1253.44 3747.19  1572.32 701.286 2096.39  
15741.4 7010.47 21001.2  8836.24 3953.95 11835.5  4964.32 2212.19 6621.49  2825.81 1234.15 3734.03  1589.82 697.123 2106.58  
15741.4 7010.47 21001.2  8858.04 3951.45 11841.2  4972.56 2215.95 6644.64  2803.66 1241.29 3731.81  1583.17 687.596 2082.27  
15741.4 7010.47 21001.2  8804.82 3949.21 11789.9  5028.06 2198.59 6659.5  2802.67 1249.91 3747.76  1574.57 699.308 2096.7  
15741.4 7010.47 21001.2  8836.24 3953.95 11835.5  4989.58 2190.25 6603.96  2815.67 1248.11 3750.42  1580 694.713 2094.3  
15741.4 7010.47 21001.2  8886.77 3942.82 11859.8  4977.62 2213.76 6633.55  2798.81 1242.68 3726.84  1564.28 697.156 2084.69  
15741.4 7010.47 21001.2  8896.1 3934.81 11849.1  4988.01 2204.87 6633.63  2767.72 1238.62 3692.3  1583.31 702.816 2112.16  
15741.4 7010.47 21001.2  8896.1 3934.81 11849.1  4933.51 2196.92 6568.52  2817.49 1240.49 3743.63  1568 702.924 2097.3  
15741.4 7010.47 21001.2  8858.04 3951.45 11841.2  4972.56 2215.95 6644.64  2810.58 1240.5 3733.59  1581.66 695.225 2096.11  
15741.4 7010.47 21001.2  8811.6 3926.88 11750.9  5021.39 2220.49 6697.97  2821.63 1244.04 3752.32  1571.92 702.919 2103.12  
35494.3 15809.8 47428.8  497.573 187.039 561.606  7.98866 3.10843 9.47378  0.108279 0.0410097 0.112061  0.0012141 0.000839671 0.00150418  
35494.3 15809.8 47428.8  498.21 186.859 563.673  7.30326 3.28488 7.3904  0.15602 0.0444009 0.129048  0.00190969 0.000813392 0.00161827  
35494.3 15809.8 47428.8  497.217 188.094 563.488  8.25516 2.07259 7.58271  0.196546 0.0228436 0.121516  0.00257165 0.000426904 0.00188086  
35494.3 15809.8 47428.8  499.887 186.361 563.379  5.6978 3.76125 7.70755  0.0857482 0.0666681 0.106061  0.00113299 0.000894017 0.00127743  
35494.3 15809.8 47428.8  496.004 188.217 563.246  9.51465 1.94742 7.851  0.150591 0.0244057 0.095847  0.0022059 0.000431569 0.00126643  
35494.3 15809.8 47428.8  499.887 186.361 563.379  5.64054 3.78736 7.6756  0.142209 0.0409183 0.137643  0.00191499 0.00054381 0.00164228  
35494.3 15809.8 47428.8  499.382 186.74 563.906  6.19142 3.40582 7.19634  0.0961351 0.0432025 0.0895436  0.00220774 0.00048181 0.00141155  
35494.3 15809.8 47428.8  492.838 188.12 560.702  12.6726 2.03793 10.3564  0.158508 0.0308986 0.134129  0.00227436 0.000543802 0.0016497  
35494.3 15809.8 47428.8  497.74 187.701 562.941  7.8172 2.44495 8.15012  0.110972 0.0431484 0.10056  0.00295712 0.000465837 0.00187327  
35494.3 15809.8 47428.8  499.382 186.74 563.906  6.17097 3.41368 7.18777  0.116523 0.0353448 0.0981186  0.00229323 0.00047279 0.00140913  
26841.9 11989.1 35906.8  6784.43 3003.49 9001.47  1770.89 753.262 2309.09  447.945 189.993 584.711  115.081 47.9732 147.9  
26841.9 11989.1 35906.8  6740.62 3002.99 8979.8  1790.3 755.071 2322.01  469.459 188.659 592.05  116.821 48.0953 148.701  
26841.9 11989.1 35906.8  6767.35 3005.42 8997.07  1770.94 752.943 2304.44  456.136 189.088 587.836  122.528 47.3522 152.527  
26841.9 11989.1 35906.8  6805.39 2998.14 9033.95  1744.84 756.806 2275.07  449.158 191.802 583.408  118.426 47.9796 149.976  
26841.9 11989.1 35906.8  6767.35 3005.42 8997.07  1770.5 753.248 2309.13  456.477 188.859 584.375  122.179 47.4209 151.679  
26841.9 11989.1 35906.8  6805.39 2998.14 9033.95  1742.4 758.699 2281.66  453.75 190.488 581.063  115.246 47.6092 145.964  
26841.9 11989.1 35906.8  6808.72 3007.09 9036.31  1756.68 750.476 2288.89  439.547 189.318 571.127  113.174 47.9806 146.487  
26841.9 11989.1 35906.8  6805.39 2998.14 9033.95  1761.04 755.627 2288.6  442.646 191.296 576.376  111.092 49.3404 145.274  
26841.9 11989.1 35906.8  6784.43 3003.49 9001.47  1757.85 754.699 2305.86  459.436 188.971 586.96  116.272 47.8051 148.661  
26841.9 11989.1 35906.8  6767.35 3005.42 8997.07  1783.3 752.196 2317.2  448.846 189.801 579.504  118.304 47.3131 148.621  
35588 15728.7 47383.6  406.881 266.184 607.157  5.05867 4.92162 9.03973  0.0698824 0.155747 0.179502  0.00100164 0.00374375 0.00339901  
35588 15728.7 47383.6  407.237 265.788 607.824  4.71449 5.37366 8.42765  0.0583008 0.10226 0.126166  0.000910569 0.00127506 0.00154209  
35588 15728.7 47383.6  406.422 263.586 604.24  5.50271 7.57812 11.9662  0.0843803 0.0986431 0.169865  0.00116604 0.00284682 0.00342701  
35588 15728.7 47383.6  407.237 265.788 607.824  4.71104 5.40406 8.4537  0.0617138 0.0721986 0.100276  0.000952178 0.00094284 0.00138902  
35588 15728.7 47383.6  406.334 263.722 605.409  5.5986 7.36415 10.7708  0.0768407 0.176653 0.197038  0.00100546 0.0023657 0.00234111  
35588 15728.7 47383.6  406.201 262.823 604.054  5.73958 8.27061 12.1488  0.0687435 0.169922 0.175064  0.00106076 0.00216423 0.00221411  
35588 15728.7 47383.6  405.68 267.707 607.624  6.23895 3.49604 8.64475  0.0902649 0.0606928 0.10836  0.00122071 0.00175125 0.00216073  
35588 15728.7 47383.6  406.19 264.875 604.914  5.74867 6.29179 11.3172  0.0709853 0.0976315 0.146179  0.0012338 0.00108719 0.00203556  
35588 15728.7 47383.6  407.019 267.116 608.563  4.90759 4.10298 7.71129  0.0827155 0.0454129 0.104172  0.00139204 0.000599904 0.0016  
35588 15728.7 47383.6  405.54 266.758 606.194  6.36103 4.43102 10.004  0.108372 0.0736276 0.178433  0.00130727 0.00209259 0.0028498  
25238.6 11354.5 33879  7570.29 3287.29 9986.14  2251.48 963.367 2926.3  651.155 279.217 846.693  199.915 81.7642 253.521  
25238.6 11354.5 33879  7457.73 3285.13 9892.92  2303.88 962.586 2975.34  703.634 282.322 886.142  207.16 81.9008 258.194  
25238.6 11354.5 33879  7460.9 3284.37 9874.39  2301.65 963.128 2988.4  692.382 281.385 879.732  212.357 82.4653 265.141  
25238.6 11354.5 33879  7531.18 3280.07 9953.93  2264.67 968.323 2942.11  669.115 280.815 858.191  209.34 82.3524 259.869  
25238.6 11354.5 33879  7457.73 3285.13 9892.92  2301.74 964.186 2972.01  702.403 280.961 886.82  210.037 81.6784 260.18  
25238.6 11354.5 33879  7498.19 3292.59 9926.24  2309.82 957.511 2973.35  660.666 279.607 855.681  207.215 81.9462 259.251  
25238.6 11354.5 33879  7460.9 3284.37 9874.39  2314.39 964.888 2992.08  693.984 281.228 887.381  201.672 81.2457 256.195  
25238.6 11354.5 33879  7573.97 3297.1 9988.74  2209.72 953.317 2889.47  674.976 279.089 867.226  208.981 81.9364 262.053  
25238.6 11354.5 33879  7544.73 3294.47 9969.96  2230.01 955.175 2902.64  696.721 280.335 884.495  205.249 81.7543 257.954  
25238.6 11354.5 33879  7599.03 3289.87 10004.6  2203.42 960.828 2893.6  670.779 280.047 861.19  201.576 81.3965 254.671  
10419.6 4580.48 13850.1  7406.95 3278.22 9866.52  5223.47 2294.56 6941.25  3744.12 1690.16 5020.88  2664.78 1189.16 3551.83  
10419.6 4580.48 13850.1  7350.26 3207.75 9740.31  5273.17 2362.1 7058.57  3724.07 1648.67 4959.57  2664.31 1209.15 3581.53  
10419.6 4580.48 13850.1  7387.67 3241.95 9805.97  5250.3 2334.06 7011.76  3741.94 1689.23 5018  2657.88 1183.36 3543.7  
10419.6 4580.48 13850.1  7365.17 3261.37 9831.74  5252.07 2305.02 6957.99  3752.39 1674.53 5004.39  2665.01 1201.32 3565.88  
10419.6 4580.48 13850.1  7365.17 3261.37 9831.74  5260.56 2316.05 6982.76  3745.48 1688.82 5018.93  2661.37 1182.5 3537.67  
10419.6 4580.48 13850.1  7350.26 3207.75 9740.31  5268.36 2338.01 7011.21  3749.26 1689.57 5031.12  2664.76 1203.57 3576.25  
10419.6 4580.48 13850.1  7381.78 3286.83 9870.67  5259.26 2315.5 6973.79  3746.65 1669.94 4999.83  2646.76 1184.43 3542.72  
10419.6 4580.48 13850.1  7404.69 3267.05 9844.42  5244.99 2346.49 7025.23  3734.39 1648.28 4961.89  2656.68 1184.33 3544.91  
10419.6 4580.48 13850.1  7395.86 3301.13 9887.07  5255.19 2311.43 6969.08  3731.04 1671.39 4998.57  2661.4 1188.95 3548.39  
10419.6 4580.48 13850.1  7403.63 3294.42 9878.17  5245.3 2338.61 7015.49  3742.69 1669.34 4991.52  2651.61 1185.02 3544.97  
14007 6207.32 18662.6  8551.31 3807 11422.6  5234.26 2310.83 6960.71  3183.52 1429.52 4262.98  1949.18 872.994 2598.74  
14007 6207.32 18662.6  8532.85 3807.46 11394.3  5237.42 2314.07 6963.98  3201 1412.45 4256.34  1946.23 880.009 2613.43  
14007 6207.32 18662.6  8502.73 3817.75 11399.3  5223.33 2303.5 6924.78  3217.71 1424.4 4284.19  1964.19 869.233 2616.92  
14007 6207.32 18662.6  8561.56 3767.7 11373.4  5224.87 2330.68 6986.03  3172.77 1440.25 4265.6  1946.12 878.756 2608.15  
14007 6207.32 18662.6  8515.59 3775.35 11325.4  5210.47 2345.9 6998.68  3218.22 1412.56 4269.6  1958.31 878.702 2624.46  
14007 6207.32 18662.6  8515.59 3775.35 11325.4  5227.64 2340.76 7009.76  3212.51 1419.38 4274.89  1947.45 879.984 2613.96  
14007 6207.32 18662.6  8523.71 3815.33 11404.8  5224.12 2315.89 6948.59  3209.24 1420.53 4272.8  1958.07 871.178 2613.04  
14007 6207.32 18662.6  8551.31 3807 11422.6  5196.69 2333.56 6960.93  3192.4 1407.99 4228.59  1965.5 868.11 2615.41  
14007 6207.32 18662.6  8515.59 3775.35 11325.4  5235.36 2315.14 6965.07  3196.95 1440.16 4299.15  1950.48 881.87 2621.88  
14007 6207.32 18662.6  8530.14 3794.13 11367.8  5240.91 2307.91 6966.37  3186.52 1437.91 4277.42  1957.01 862.546 2598.02  
15817.9 6965.79 21030.7  8846.09 3904.53 11775.7  4977.97 2245.3 6668.12  2779.48 1238.21 3696.93  1566.79 718.879 2117.52  
15817.9 6965.79 21030.7  8836.39 3945.25 11827.2  4982.23 2227.48 6645.51  2790.19 1236.1 3702.82  1569.12 711.438 2103.87  
15817.9 6965.79 21030.7  8866.51 3934.9 11822.2  4946.74 2189.05 6568.27  2792.53 1257.17 3738.63  1565.81 721.903 2122.62  
15817.9 6965.79 21030.7  8859.79 3940.72 11809.2  4966.72 2234.01 6659.39  2786.73 1235.24 3704.6  1561.27 696.278 2082.08  
15817.9 6965.79 21030.7  8829.15 3872.82 11708  4986.09 2240.4 6674.91  2797.09 1272.24 3763.9  1564.47 715.664 2103.94  
15817.9 6965.79 21030.7  8863.81 3921.5 11795.7  4955.9 2214.07 6631.03  2785.63 1265.83 3746.2  1564.7 699.947 2082.13  
15817.9 6965.79 21030.7  8837.11 3912.3 11786  4972.06 2223.27 6624.13  2799.77 1262.51 3751.97  1564.42 714.494 2108.15  
15817.9 6965.79 21030.7  8836.39 3945.25 11827.2  4984.44 2216.52 6637.63  2792.54 1252.95 3723.92  1567.11 708.861 2098.07  
15817.9 6965.79 21030.7  8836.39 3945.25 11827.2  4971.45 2191.99 6596.86  2791.03 1254.53 3734.27  1574.17 715.364 2108.88  
15817.9 6965.79 21030.7  8857.37 3942.82 11832.7  4971.47 2220.86 6627.96  2789.01 1252.12 3725.72  1559.25 693.778 2076.35  
34497.4 15172.5 45862.6  1429.33 771.931 2021.67  70.0486 52.1926 109.937  3.13192 3.20682 5.56691  0.130226 0.143001 0.234614  
34497.4 15172.5 45862.6  1436.34 777.565 2031.2  63.3631 46.8995 100.909  2.82216 2.87159 5.0791  0.117675 0.136539 0.223696  
34497.4 15172.5 45862.6  1439.28 787.468 2042.06  60.6844 38.0762 91.0982  2.56124 1.8269 4.06329  0.11155 0.1038 0.191591  
34497.4 15172.5 45862.6  1435.29 788.381 2044.71  64.3174 36.938 88.3271  2.90347 2.05962 4.19067  0.124035 0.0988774 0.182087  
34497.4 15172.5 45862.6  1435.29 788.381 2044.71  64.3684 36.7395 88.0722  2.85783 2.24402 4.43167  0.11911 0.111086 0.194324  
34497.4 15172.5 45862.6  1429.33 771.931 2021.67  70.0115 52.922 110.677  3.16147 2.47731 4.82343  0.137014 0.143515 0.238507  
34497.4 15172.5 45862.6  1435.29 788.381 2044.71  64.3684 36.7395 88.0722  2.8478 2.25004 4.43222  0.128125 0.105745 0.193932  
34497.4 15172.5 45862.6  1439.28 787.468 2042.06  60.3896 37.8253 90.8713  2.83926 2.08517 4.29596  0.128167 0.098965 0.188224  
34497.4 15172.5 45862.6  1436.76 780.204 2035.64  63.1182 44.9887 97.2494  2.65008 2.15815 4.31558  0.117002 0.124952 0.2081  
34497.4 15172.5 45862.6  1434.03 773.849 2024.04  65.7398 50.7831 108.171  2.73598 2.65777 4.92779  0.136335 0.183414 0.273809  
