4 18 2
6062.58 6814.21 10595.7 14310  3766.42 4245.07 6603.99 8955.08  
6062.58 6814.21 10595.7 14310  3755.45 4240.07 6584.86 8893.37  
6062.58 6814.21 10595.7 14310  3730.2 4229.86 6554.9 8812.23  
6062.58 6814.21 10595.7 14310  3754.3 4228.24 6569.04 8876.06  
6062.58 6814.21 10595.7 14310  3751.52 4185.75 6521.94 8859.96  
6062.58 6814.21 10595.7 14310  3755.45 4240.07 6584.86 8893.37  
2877.87 3211.34 5013.08 6827.44  2352.61 2611.42 4081.13 5571.76  
2877.87 3211.34 5013.08 6827.44  2357.57 2646.9 4116.99 5567.43  
2877.87 3211.34 5013.08 6827.44  2347.27 2607.8 4080.95 5591.34  
2877.87 3211.34 5013.08 6827.44  2356.37 2627.3 4096.95 5567.98  
2877.87 3211.34 5013.08 6827.44  2344.7 2612.07 4085.76 5594.82  
2877.87 3211.34 5013.08 6827.44  2357.57 2646.9 4116.99 5567.43  
4312.01 4836.98 7540.19 10244.3  3131.63 3535.28 5500.86 7458.93  
4312.01 4836.98 7540.19 10244.3  3147.57 3549.39 5516.12 7454.83  
4312.01 4836.98 7540.19 10244.3  3138.51 3518.61 5489.17 7481.05  
4312.01 4836.98 7540.19 10244.3  3140.05 3550.14 5514.87 7448.99  
4312.01 4836.98 7540.19 10244.3  3128.27 3546.23 5506.28 7432.9  
4312.01 4836.98 7540.19 10244.3  3143.62 3539.26 5509.61 7475.31  
