1 66 4
53741.1  24850.6  11510.7  5311.61  
993.691  982.484  972.734  965.488  
993.691  986.011  970.412  964.503  
10943.4  9650.1  8699.67  7706.78  
14954.9  12701.8  10803.7  9183.15  
93520.9  6032.8  417.56  26.7385  
993.691  985.7  972.702  962.466  
93520.9  6043.42  405.484  28.0527  
41812.8  24287.5  14195.3  8224.58  
34715.3  22672.9  14822.4  9686.21  
68516.5  21589.1  6707.36  2168.44  
93520.9  6037.84  408.109  30.87  
37897.3  23418.3  14645  9100.71  
93520.9  6065  387.463  24.9156  
93520.9  6067.11  385.735  24.521  
53741.1  24879.5  11485.2  5328.53  
37897.3  23476.8  14622.8  9053.18  
10943.4  9759.58  8592.56  7748.39  
68516.5  21521.4  6767.95  2173.34  
37897.3  23495  14631.6  9070.61  
14954.9  12678.7  10822.5  9183.77  
93520.9  6028.41  416.858  31.5062  
53741.1  24692.8  11611.1  5315.24  
68516.5  21521.4  6852.98  2134.03  
41812.8  24373.1  14084.3  8243.33  
53741.1  24777.4  11549.8  5319.39  
14954.9  12718.7  10784.3  9193.53  
93520.9  6073.9  379.386  23.9824  
14954.9  12697.2  10785.7  9196.48  
53741.1  24905.3  11496.5  5261.78  
37897.3  23479.8  14567.2  9093.87  
53741.1  24777.4  11483.9  5375.35  
53741.1  24879.5  11485.2  5328.53  
993.691  986.011  975.13  962.439  
28905.5  20562.2  14594.3  10325.7  
993.691  986.011  977.58  959.237  
41812.8  24287.5  14104.3  8291.72  
37897.3  23453.2  14631.8  9084.18  
14954.9  12639  10760.6  9198.92  
993.691  986.011  968.559  961.435  
28905.5  20458.1  14570.9  10427.7  
93520.9  6063.45  384.53  29.144  
993.691  978.302  976.268  964.521  
93520.9  6073.9  379.386  23.9824  
14954.9  12658.2  10811.2  9208.75  
14954.9  12678.7  10822.5  9183.77  
14954.9  12701.8  10803.7  9183.15  
993.691  982.484  972.734  965.488  
28905.5  20491.1  14620.1  10345.4  
37897.3  23504.4  14623.5  9076.29  
93520.9  6018.17  428.029  30.5725  
14954.9  12658.2  10801.8  9213.02  
28905.5  20534.8  14527  10410.4  
14954.9  12700.5  10767.8  9193.35  
37897.3  23476.8  14622.8  9053.18  
14954.9  12709  10757.3  9196.03  
68516.5  21621.5  6747.77  2129.83  
68516.5  21633.5  6689.58  2174.01  
28905.5  20440.4  14576.1  10413.6  
53741.1  24729.9  11591  5317.43  
28905.5  20427  14630.2  10354.1  
93520.9  6020.3  425.9  30.5088  
41812.8  24228.6  14092.5  8321.31  
34715.3  22755.8  14747.3  9694.36  
28905.5  20491.1  14620.1  10345.4  
93520.9  6051.94  398.329  26.7328  
