1 200 4
37897.3  23495  14631.6  9070.61  
37897.3  23535.8  14600.5  9037.38  
37897.3  23476.8  14622.8  9053.18  
37897.3  23418.3  14645  9100.71  
37897.3  23453.2  14631.8  9084.18  
37897.3  23497.3  14615.2  9078.98  
37897.3  23418.3  14590.5  9121.31  
37897.3  23504.4  14623.5  9076.29  
37897.3  23495  14610.7  9084.71  
37897.3  23502.4  14603.3  9084.71  
37897.3  23495  14558.5  9111.36  
37897.3  23479.8  14567.2  9093.87  
37897.3  23510.7  14604.9  9087.85  
37897.3  23453.2  14626.7  9094.46  
37897.3  23423.2  14643.1  9093.61  
37897.3  23418.3  14635.2  9098.24  
37897.3  23497.3  14582.5  9060.69  
37897.3  23502.4  14604.9  9075.62  
37897.3  23479.8  14612.1  9086.7  
37897.3  23458.3  14608.9  9090.79  
93520.9  6020.3  425.9  30.5088  
93520.9  6067.11  385.735  24.521  
93520.9  6073.9  379.386  23.9824  
93520.9  6018.17  431.259  27.7793  
93520.9  6063.45  384.53  29.144  
93520.9  6065  387.463  24.9156  
93520.9  6037.84  408.109  30.87  
93520.9  5995.47  453.357  28.35  
93520.9  6073.9  378.846  24.5274  
93520.9  6051.94  398.329  26.7328  
93520.9  6028.41  416.858  31.5062  
93520.9  6065  384.505  27.6664  
93520.9  6051.94  399.735  25.6733  
93520.9  6043.42  407.256  26.4048  
93520.9  6018.17  428.029  30.5725  
93520.9  6073.9  379.169  24.2473  
93520.9  6051.94  398.116  27.0934  
93520.9  6063.45  389.01  24.7038  
93520.9  6043.42  405.484  28.0527  
93520.9  6032.8  417.56  26.7385  
41812.8  24156.5  14127.6  8307.41  
41812.8  24156.5  14250.2  8264.58  
41812.8  24209.5  14211.8  8202.47  
41812.8  24347.1  14048.6  8287.57  
41812.8  24147.9  14173.3  8292.11  
41812.8  24251.3  14130.4  8274.92  
41812.8  24156.5  14239.2  8243.47  
41812.8  24147.9  14253.8  8273.05  
41812.8  24228.6  14092.5  8321.31  
41812.8  24287.5  14104.3  8291.72  
41812.8  24287.5  14163.9  8217.65  
41812.8  24311.9  14164.7  8214.84  
41812.8  24365.6  14117.3  8212.28  
41812.8  24228.6  14174.4  8278.15  
41812.8  24311.9  14153.7  8252  
41812.8  24287.5  14195.3  8224.58  
41812.8  24330.7  14110.6  8197.35  
41812.8  24373.1  14084.3  8243.33  
41812.8  24287.5  14115.5  8278.15  
41812.8  24147.9  14125.9  8311.77  
53741.1  24777.4  11553.2  5346.93  
53741.1  24692.8  11558.3  5376.56  
53741.1  24600.9  11635  5384.42  
53741.1  24600.9  11517  5431.28  
53741.1  24692.8  11611.1  5315.24  
53741.1  24729.9  11591  5317.43  
53741.1  24600.9  11607.5  5403.77  
53741.1  24777.4  11483.9  5375.35  
53741.1  24905.3  11496.5  5261.78  
53741.1  24777.4  11549.8  5319.39  
53741.1  24879.5  11485.2  5328.53  
53741.1  24853.2  11443.3  5346.24  
53741.1  24699.7  11507.7  5405.84  
53741.1  24699.7  11535.2  5368.73  
53741.1  24886.2  11425.7  5349.79  
53741.1  24600.9  11600  5397.57  
53741.1  24850.6  11510.7  5311.61  
53741.1  24825.2  11530.7  5326.1  
53741.1  24793.3  11485.2  5374.99  
53741.1  24777.4  11569  5303.67  
993.691  981.889  968.94  966.583  
993.691  983.947  964.716  963.146  
993.691  983.947  977.601  966.818  
993.691  986.011  977.58  959.237  
993.691  985.7  972.702  962.466  
993.691  981.889  970.453  962.526  
993.691  986.011  970.412  964.503  
993.691  984.939  976.202  965.429  
993.691  978.302  964.771  961.549  
993.691  980.174  972.168  965.517  
993.691  986.011  968.559  961.435  
993.691  982.484  972.734  965.488  
993.691  987.414  976.178  964.432  
993.691  978.302  976.613  962.501  
993.691  978.302  975.96  967.923  
993.691  983.947  972.131  965.479  
993.691  974.4  976.652  966.276  
993.691  982.484  968.934  959.019  
993.691  986.011  975.13  962.439  
993.691  978.302  976.268  964.521  
34715.3  22380.8  14954.4  9741.85  
34715.3  22748.6  14656.1  9556.9  
34715.3  22672.9  14607.8  9716.52  
34715.3  22748.6  14733.3  9640.57  
34715.3  22672.9  14869.4  9533.82  
34715.3  22638.3  14797.5  9614.78  
34715.3  22709.4  14643.1  9700.37  
34715.3  22672.9  14822.4  9686.21  
34715.3  22672.9  14655.8  9755.17  
34715.3  22755.8  14747.3  9694.36  
34715.3  22540.9  14868.1  9710.63  
34715.3  22638.3  14720.5  9730.53  
34715.3  22781.3  14675.1  9607.8  
34715.3  22380.8  14954.4  9580.66  
34715.3  22748.6  14656.1  9682.33  
34715.3  22709.4  14831.5  9650.47  
34715.3  22380.8  14954.4  9580.66  
34715.3  22781.3  14671.4  9695.46  
34715.3  22380.8  14755.5  9680.14  
34715.3  22540.9  14688.9  9772.98  
68516.5  21633.5  6737.04  2127.29  
68516.5  21535  6755.93  2192.33  
68516.5  21521.4  6852.98  2134.03  
68516.5  21428.2  6917.08  2131.06  
68516.5  21345.3  6928.37  2184.02  
68516.5  21521.4  6779.48  2160.98  
68516.5  21521.4  6801.4  2171.61  
68516.5  21589.1  6707.36  2168.44  
68516.5  21633.5  6689.58  2174.01  
68516.5  21428.2  6917.08  2147.02  
68516.5  21589.1  6733.53  2150.7  
68516.5  21521.4  6845.06  2140.52  
68516.5  21428.2  6901.66  2142.19  
68516.5  21589.1  6719.59  2169.49  
68516.5  21621.5  6747.77  2129.83  
68516.5  21345.3  6963.38  2156.43  
68516.5  21610.2  6748.99  2132.93  
68516.5  21521.4  6767.95  2173.34  
68516.5  21658.3  6758.94  2082.52  
68516.5  21345.3  6974.1  2163.87  
14954.9  12639  10760.6  9198.92  
14954.9  12704.5  10757.9  9180.77  
14954.9  12709  10757.3  9196.03  
14954.9  12651.4  10794.3  9196.74  
14954.9  12701.8  10803.7  9183.15  
14954.9  12704.5  10767.3  9199  
14954.9  12722.6  10783.7  9193.82  
14954.9  12718.7  10784.3  9193.53  
14954.9  12718.7  10816.6  9178.71  
14954.9  12690.7  10796.9  9178.58  
14954.9  12678.7  10822.5  9183.77  
14954.9  12678.7  10814.4  9205.22  
14954.9  12718.7  10782.5  9206.86  
14954.9  12658.2  10811.2  9208.75  
14954.9  12700.5  10767.8  9193.35  
14954.9  12658.2  10801.8  9213.02  
14954.9  12705.7  10818.5  9171.66  
14954.9  12697.2  10785.7  9196.48  
14954.9  12700.5  10801  9152.26  
14954.9  12658.2  10764.8  9206.3  
28905.5  20440.4  14576.1  10413.6  
28905.5  20555.8  14504.8  10368.9  
28905.5  20562.2  14610.6  10375.6  
28905.5  20458.1  14570.9  10427.7  
28905.5  20458.1  14548.8  10419.1  
28905.5  20404.5  14609.8  10416.8  
28905.5  20494.4  14584.1  10382.3  
28905.5  20526.5  14551.3  10398.6  
28905.5  20562.2  14594.3  10325.7  
28905.5  20526.5  14551.3  10390.7  
28905.5  20427  14630.2  10354.1  
28905.5  20510.7  14630  10346  
28905.5  20534.8  14593.8  10333.7  
28905.5  20533  14619  10342.7  
28905.5  20534.8  14527  10410.4  
28905.5  20533  14536.8  10404.2  
28905.5  20427  14567.2  10424  
28905.5  20491.1  14620.1  10345.4  
28905.5  20521.1  14540.3  10352.8  
28905.5  20494.4  14598.1  10395.6  
10943.4  9735.7  8701.94  7739.01  
10943.4  9723.25  8587.66  7692.69  
10943.4  9737.8  8687.44  7723.09  
10943.4  9756.96  8657.96  7731.28  
10943.4  9650.1  8699.67  7719.77  
10943.4  9706.92  8663.41  7736.15  
10943.4  9650.1  8699.67  7706.78  
10943.4  9735.7  8652.13  7657.56  
10943.4  9650.1  8634.48  7721.86  
10943.4  9716.99  8588.32  7719.61  
10943.4  9716.99  8673.43  7739.75  
10943.4  9759.58  8592.56  7748.39  
10943.4  9753.99  8699.94  7701.15  
10943.4  9746.71  8653.5  7732.88  
10943.4  9683.88  8695.98  7740.9  
10943.4  9746.71  8698.05  7720.97  
10943.4  9756.96  8643.42  7724.15  
10943.4  9706.92  8693.45  7701.28  
10943.4  9683.88  8665.92  7661.65  
10943.4  9714.07  8695.03  7750.42  
