1 22 22 3
500 200
2200 
1518.23 322.98 1
0.0690567 1 10
1917.82
1919.59
1919.85
1920.74
1921.59
1921.15
1922.79
1919.03
1921.95
1917.42
1921.35
1920.96
1919.51
1919.67
1919.62
1918.38
1918.65
1917.08
1917.01
1918.12
1918.46
1918.53
45.8276 -0.26413
44.0109 1.69051
46.6352 0.28899
43.7928 -1.16231
46.8005 -0.93437
43.3944 -0.422
46.7775 -1.57447
43.9939 1.26475
46.7454 2.0171
45.5757 -0.23304
43.4508 -0.76297
43.4569 1.27299
44.0335 -0.90008
44.0388 -1.00255
43.8474 -0.59425
46.1849 0.54379
44.1171 1.22493
45.0126 -0.10197
45.1525 0.00118
44.3122 1.14641
44.1868 -0.42867
45.5558 -1.08882
44.5241 1.53281
