1 50 3
37775.3  23514.4  14482.4  
37775.3  23514.4  14601.9  
37775.3  23282.2  14653  
37775.3  23394.1  14610.8  
37775.3  23563.2  14623.3  
37775.3  23290.3  14711.6  
37775.3  23563.2  14649  
37775.3  23290.3  14716.3  
37775.3  23290.3  14752.4  
37775.3  23433  14606.2  
17914  14549.2  12034.1  
17914  14709.8  11999.1  
17914  14694.2  11988.9  
17914  14572.2  11966  
17914  14549.2  12122.9  
17914  14549.2  11989  
17914  14699.1  12042  
17914  14724.7  12083  
17914  14699.1  12042  
17914  14669.1  11967.7  
13931.6  11983.4  10325.6  
13931.6  11872.3  10348.3  
13931.6  11983.4  10286.6  
13931.6  11925  10333.7  
13931.6  11872.3  10301.9  
13931.6  12008.3  10264  
13931.6  12016.6  10310.1  
13931.6  11983.4  10314.7  
13931.6  11882.1  10241.4  
13931.6  11925  10322.8  
92567.3  6845.76  533.561  
92567.3  6879.6  502.527  
92567.3  6832.89  545.416  
92567.3  6853.77  523.381  
92567.3  6840.99  537.928  
92567.3  6845.76  531.682  
92567.3  6865.04  513.259  
92567.3  6832.89  545.416  
92567.3  6830.14  547.974  
92567.3  6872.16  506.674  
2973.61  2889.89  2781.87  
2973.61  2880.05  2809.83  
2973.61  2884.68  2811.6  
2973.61  2900.85  2790.93  
2973.61  2895.8  2791.07  
2973.61  2897.76  2776.22  
2973.61  2897.76  2811.21  
2973.61  2895.8  2803.63  
2973.61  2897.76  2776.22  
2973.61  2897.76  2776.22  
