2 50 50 2
500 200
2200 1000 
1518.23 322.98 1
0.0690567 1 10
799.607
799.181
798.44
798.117
798.993
798.476
798.92
800.689
800.665
798.258
798.601
798.789
800.422
798.56
799.946
799.328
798.613
800.023
798.953
798.564
801.375
800.274
800.762
800.255
799.107
800.508
800.329
798.428
800.268
798.192
798.143
799.89
798.606
798.572
798.135
799.682
797.91
800.381
799.437
798.566
799.226
798.107
799.344
798.208
798.517
799.94
799.353
799.937
798.088
801.134
43.7619 -0.2638
44.1795 -0.89783
44.4263 -0.2358
45.5389 0.78359
44.1176 0.84145
46.0594 0.3997
44.4631 -1.0457
43.3467 -0.28419
47.0617 -0.30432
44.587 0.58509
45.5217 1.46441
44.3338 -0.68707
47.0072 0.25746
44.7601 -0.95888
46.5106 1.57163
43.8849 0.59466
46.0671 0.79996
43.5582 0.2624
46.3495 -0.1529
44.3821 0.77569
43.4699 -1.49121
46.6274 -1.2796
43.7754 -1.6006
46.6361 1.61191
44.1528 -0.74905
43.951 -1.68314
43.8885 -1.46277
45.3699 1.33799
43.8218 -1.29945
45.6868 -0.37645
45.67 -0.28181
43.8654 1.40189
45.6492 1.3926
44.7745 -0.98371
45.4891 0.86704
46.7181 0.34336
45.2274 -0.02007
46.8594 1.16066
43.9774 -0.77032
44.6579 1.23951
45.3482 -1.66315
45.2338 0.92676
44.1386 1.3717
44.9829 -0.65772
45.9368 0.92457
46.8264 0.26528
46.364 1.23222
46.331 1.85442
45.6385 -0.17934
46.7954 2.02269
43.959 -1.59499
46.4504 -1.54629
