2 33 2
10035 10900.2  7927.05 8595.89  
10543.8 11390.5  8223.88 8908.03  
31535.9 34268.2  10842 11651.9  
31535.9 34268.2  10791.4 11689.4  
10035 10900.2  7927.05 8595.89  
31535.9 34268.2  10801.4 11671.6  
29179 31570.5  11369.6 12378.9  
0 0  0 0  
29179 31570.5  11404.7 12266.6  
31535.9 34268.2  10733.4 11675.5  
0 0  0 0  
28290.3 30484.1  11574.2 12454.6  
10543.8 11390.5  8230.09 8855.54  
10035 10900.2  7947.44 8606.66  
10035 10900.2  7947.44 8606.66  
18215.8 19561.7  11250.4 12131.1  
10035 10900.2  7897.77 8610.35  
18032.4 19722.3  11248.5 12236.6  
29179 31570.5  11379.5 12323.1  
10035 10900.2  7897.77 8610.35  
24648.9 26940.4  11881.9 12950.2  
0 0  0 0  
31535.9 34268.2  10842 11651.9  
31535.9 34268.2  10842 11651.9  
0 0  0 0  
18032.4 19722.3  11351.6 12231  
10543.8 11390.5  8208.58 8870.13  
10035 10900.2  7927.05 8595.89  
24648.9 26940.4  11936.9 12894.9  
24648.9 26940.4  11881.9 12950.2  
29179 31570.5  11379.5 12323.1  
10543.8 11390.5  8178.06 8885.59  
29179 31570.5  11372.9 12432.2  
