2 100 2
18215.8 19561.7  11250.4 12131.1  
18215.8 19561.7  11264.9 12093.9  
18215.8 19561.7  11286.6 12148.1  
18215.8 19561.7  11274.3 12238.2  
18215.8 19561.7  11250.4 12131.1  
18215.8 19561.7  11286.6 12148.1  
18215.8 19561.7  11286.6 12148.1  
18215.8 19561.7  11273 12149.4  
18215.8 19561.7  11283.9 12129.6  
18215.8 19561.7  11264.9 12093.9  
10543.8 11390.5  8222.28 8869.61  
10543.8 11390.5  8223.88 8908.03  
10543.8 11390.5  8222.28 8869.61  
10543.8 11390.5  8223.88 8908.03  
10543.8 11390.5  8178.06 8885.59  
10543.8 11390.5  8232.03 8868.7  
10543.8 11390.5  8208.58 8870.13  
10543.8 11390.5  8230.09 8855.54  
10543.8 11390.5  8208.58 8870.13  
10543.8 11390.5  8208.58 8870.13  
31535.9 34268.2  10733.4 11675.5  
31535.9 34268.2  10842 11651.9  
31535.9 34268.2  10791.4 11689.4  
31535.9 34268.2  10842.4 11618.5  
31535.9 34268.2  10764.1 11675  
31535.9 34268.2  10855.3 11617.3  
31535.9 34268.2  10842 11651.9  
31535.9 34268.2  10831.8 11670  
31535.9 34268.2  10803.9 11688.2  
31535.9 34268.2  10801.4 11671.6  
10035 10900.2  7947.44 8606.66  
10035 10900.2  7955.16 8568.67  
10035 10900.2  7926.93 8620.08  
10035 10900.2  7897.77 8610.35  
10035 10900.2  7895.54 8573.5  
10035 10900.2  7897.77 8610.35  
10035 10900.2  7897.77 8610.35  
10035 10900.2  7947.44 8606.66  
10035 10900.2  7927.05 8595.89  
10035 10900.2  7917.81 8620.92  
8151.43 8793.9  6735.41 7335.77  
8151.43 8793.9  6759.4 7292.02  
8151.43 8793.9  6767.41 7291.27  
8151.43 8793.9  6741.78 7282.7  
8151.43 8793.9  6735.51 7315.19  
8151.43 8793.9  6735.41 7335.77  
8151.43 8793.9  6741.78 7282.7  
8151.43 8793.9  6733.87 7325.32  
8151.43 8793.9  6767.41 7291.27  
8151.43 8793.9  6733.87 7325.32  
0 0  0 0  
0 0  0 0  
0 0  0 0  
0 0  0 0  
0 0  0 0  
0 0  0 0  
0 0  0 0  
0 0  0 0  
0 0  0 0  
0 0  0 0  
29179 31570.5  11379.5 12323.1  
29179 31570.5  11369.6 12378.9  
29179 31570.5  11444.4 12426.8  
29179 31570.5  11455.6 12371.9  
29179 31570.5  11455.2 12407.6  
29179 31570.5  11369.6 12378.9  
29179 31570.5  11372.9 12432.2  
29179 31570.5  11404.7 12266.6  
29179 31570.5  11404.7 12266.6  
29179 31570.5  11369.6 12378.9  
28290.3 30484.1  11603.2 12602.6  
28290.3 30484.1  11574.2 12454.6  
28290.3 30484.1  11574.2 12454.6  
28290.3 30484.1  11603.2 12602.6  
28290.3 30484.1  11574.2 12454.6  
28290.3 30484.1  11574.2 12454.6  
28290.3 30484.1  11596.5 12510.4  
28290.3 30484.1  11548.7 12550.7  
28290.3 30484.1  11562 12678.3  
28290.3 30484.1  11605.5 12657.2  
24648.9 26940.4  11994 13000.3  
24648.9 26940.4  11868.5 12951.5  
24648.9 26940.4  11860.5 12897.9  
24648.9 26940.4  11991.3 12982.1  
24648.9 26940.4  11881.9 12950.2  
24648.9 26940.4  12014.6 12907.2  
24648.9 26940.4  11936.9 12894.9  
24648.9 26940.4  11881.9 12950.2  
24648.9 26940.4  11860.5 12897.9  
24648.9 26940.4  11980.4 13001.6  
18032.4 19722.3  11245.9 12219.5  
18032.4 19722.3  11309.3 12251.3  
18032.4 19722.3  11322.3 12250.1  
18032.4 19722.3  11207.5 12223  
18032.4 19722.3  11236.4 12204.9  
18032.4 19722.3  11105.4 12145.7  
18032.4 19722.3  11236.4 12204.9  
18032.4 19722.3  11130.8 12190.7  
18032.4 19722.3  11351.6 12231  
18032.4 19722.3  11248.5 12236.6  
