1 50 5
59805.2  24056.4  9644.19  3853.17  1581.33  
59805.2  24067.5  9644.51  3879.88  1555.47  
29826.4  20908.1  14671.9  10343.8  7231.28  
17872.9  14621  11959.5  9911.44  8154.77  
46713.8  24684.3  13313.5  7170.8  3790.88  
45885.5  24821.9  13430.1  7275.89  3938.12  
59805.2  24012.3  9665.93  3873.8  1570.27  
82629.4  14359.5  2487.78  433.221  74.2775  
82629.4  14343.9  2505.75  430.945  74.5187  
29826.4  20784.7  14767.7  10319.6  7195.37  
37921.3  23520.2  14610.5  9041.96  5639.11  
29826.4  20778.3  14717  10239.4  7234.91  
46713.8  24684.3  13313.5  7170.8  3790.88  
37890.2  23452.6  14624.1  9044.93  5683.85  
37890.2  23499.5  14579.1  9030.61  5663.96  
43818.1  24658.2  13756.2  7714.88  4394.66  
59805.2  24048.4  9626.56  3900.76  1553.99  
45885.5  24810.7  13350.7  7267.96  3979.1  
59805.2  23884.2  9700.69  3927.68  1602.77  
45885.5  24664.5  13422.4  7350.94  3978.2  
59805.2  24012.3  9616.17  3901.64  1590.85  
17872.9  14651.5  11908.9  9962.02  8192.05  
45846.1  24619.7  13545.6  7327.14  3971.06  
29826.4  20784.7  14583.2  10276.8  7264.57  
17872.9  14710.1  12071.5  9909.99  8154.18  
43818.1  24658.2  13756.2  7714.88  4394.66  
29826.4  20898.8  14740.2  10219.5  7195.13  
17872.9  14723.9  12096.7  9915.4  8072.35  
59805.2  24048.4  9595.06  3913.63  1567.3  
29826.4  20898.8  14740.2  10219.5  7195.13  
46713.8  24935.9  13265  7045.01  3750.32  
82629.4  14370.1  2462.79  444.527  77.2008  
37890.2  23481.7  14613.2  9046.27  5662.59  
17872.9  14710.1  12071.5  9909.99  8154.18  
46713.8  24885.9  13263.3  7048.68  3793.66  
37890.2  23481.7  14613.2  9046.27  5662.59  
29826.4  20973.2  14659  10286.7  7255.53  
37921.3  23541.7  14595.8  9074.87  5626.65  
45846.1  24783.9  13482.6  7276.53  3947.9  
37890.2  23481.7  14613.2  9046.27  5662.59  
82629.4  14370.1  2462.79  444.527  77.2008  
46713.8  24741.5  13355.9  7052.07  3807.55  
45846.1  24839.8  13415.7  7259.85  3940.92  
59805.2  24067.5  9628.64  3879.89  1564.17  
46713.8  24814.6  13348  7076.12  3745.84  
29826.4  20784.7  14583.2  10276.8  7264.57  
37890.2  23481.7  14613.2  9046.27  5662.59  
82629.4  14211.2  2610.61  454.022  78.2848  
29826.4  20973.2  14659  10286.7  7255.53  
82629.4  14343.9  2505.75  430.945  74.5187  
