1 150 5
37890.2  23385.4  14656.3  9100.73  5624.44  
37890.2  23396.6  14680.9  9113.57  5606.28  
37890.2  23553.5  14541.1  9098.81  5640.31  
37890.2  23496.4  14510.6  9100.88  5671.7  
37890.2  23485.6  14613.6  9084.45  5655.16  
37890.2  23507.4  14528.4  9118.02  5660.49  
37890.2  23499.5  14597.2  9106.28  5639.98  
37890.2  23485.6  14633.8  9079.88  5654.39  
37890.2  23499.5  14579.1  9030.61  5663.96  
37890.2  23396.6  14669.3  9113.78  5645.48  
37890.2  23385.4  14651.5  9124.75  5644.25  
37890.2  23375.9  14653.1  9120.63  5621.84  
37890.2  23375.9  14577.7  9091.13  5707.86  
37890.2  23481.7  14613.2  9046.27  5662.59  
37890.2  23452.6  14624.1  9044.93  5683.85  
46713.8  24885.9  13263.3  7048.68  3793.66  
46713.8  24932.6  13241.6  7023.61  3791.93  
46713.8  24814.6  13348  7076.12  3745.84  
46713.8  24741.5  13253.3  7141.18  3813.33  
46713.8  24855.8  13302.4  7095.56  3746.67  
46713.8  24741.5  13355.9  7052.07  3807.55  
46713.8  24741.5  13299.1  7099.3  3804.27  
46713.8  24935.9  13265  7045.01  3750.32  
46713.8  24767.2  13254.9  7094.05  3810.77  
46713.8  24935.9  13271.3  7021.87  3770.34  
46713.8  24826.5  13183.2  7099.84  3833.29  
46713.8  24981.7  13175.5  7082.06  3772.51  
46713.8  24855.8  13245.9  7118.74  3744.88  
46713.8  24684.3  13313.5  7170.8  3790.88  
46713.8  24684.3  13248.8  7149.1  3821.93  
37921.3  23439.1  14608.3  9092.37  5660.04  
37921.3  23541.7  14550.4  9096.25  5646.74  
37921.3  23541.7  14572  9044.52  5658.17  
37921.3  23495.8  14589.3  9059.42  5658.2  
37921.3  23522.8  14621.3  9072.39  5618.87  
37921.3  23484.8  14593.5  9080.64  5626.79  
37921.3  23501.7  14594  9086.59  5631.83  
37921.3  23495.8  14619.9  9083.17  5637.64  
37921.3  23520.2  14610.5  9041.96  5639.11  
37921.3  23522.8  14586  9039.99  5659.12  
37921.3  23541.7  14595.8  9074.87  5626.65  
37921.3  23495.8  14618.2  9061.76  5627.01  
37921.3  23501.7  14584.7  9080.76  5630.62  
37921.3  23501.7  14594  9090.72  5630.25  
37921.3  23439.1  14619.5  9101.59  5626.35  
59805.2  23884.2  9700.69  3927.68  1602.77  
59805.2  24020.3  9615.27  3919.58  1566.02  
59805.2  24012.3  9620.14  3917.89  1568.91  
59805.2  24067.5  9644.51  3879.88  1555.47  
59805.2  23998  9670.02  3899.05  1573.36  
59805.2  24012.3  9616.17  3901.64  1590.85  
59805.2  24048.4  9626.56  3900.76  1553.99  
59805.2  24048.4  9580.7  3904.93  1589.45  
59805.2  24056.4  9589.55  3916.41  1569.39  
59805.2  24067.5  9628.64  3879.89  1564.17  
59805.2  24048.4  9595.06  3913.63  1567.3  
59805.2  24012.3  9665.93  3873.8  1570.27  
59805.2  24056.4  9644.19  3853.17  1581.33  
59805.2  23998  9690.53  3867.86  1575.16  
59805.2  23884.2  9700.69  3954.19  1586.96  
17872.9  14494.8  11936.4  9995.62  8096.19  
17872.9  14651.5  12057.6  9945.72  8025.4  
17872.9  14654.4  12081.5  9898.17  8145.83  
17872.9  14549.8  12075.8  9903.38  8190.87  
17872.9  14675.8  12116.4  9871.75  8112.22  
17872.9  14654.4  12109.2  9916.35  8109.31  
17872.9  14710.1  12071.5  9909.99  8154.18  
17872.9  14723.9  12084.1  9870.84  8140.37  
17872.9  14723.9  12096.7  9915.4  8072.35  
17872.9  14651.5  11908.9  9962.02  8192.05  
17872.9  14621  11959.5  9911.44  8154.77  
17872.9  14752.7  12010.6  9893.3  8025.05  
17872.9  14705.5  12048  9937.77  8038.61  
17872.9  14739.2  11984.3  9923.52  8026.72  
17872.9  14605.6  12008  9797.47  8185.76  
82629.4  14381.1  2445.62  444.838  81.7883  
82629.4  14388  2459.74  427.724  78.018  
82629.4  14359.5  2487.78  433.221  74.2775  
82629.4  14354.5  2492.29  431.939  75.6671  
82629.4  14352.6  2493.51  430.415  77.7639  
82629.4  14325.5  2517.12  433.926  77.478  
82629.4  14325.5  2503.77  447.035  77.5446  
82629.4  14359.5  2488.19  431.168  75.9268  
82629.4  14298.4  2513.21  463.004  79.3499  
82629.4  14211.2  2608.82  455.487  77.8098  
82629.4  14370.1  2462.79  444.527  77.2008  
82629.4  14211.2  2610.61  454.022  78.2848  
82629.4  14388  2456.78  434.474  75.7032  
82629.4  14298.4  2541.4  437.187  77.5478  
82629.4  14343.9  2505.75  430.945  74.5187  
29826.4  20784.7  14767.7  10319.6  7195.37  
29826.4  20778.3  14717  10239.4  7234.91  
29826.4  20973.2  14659  10286.7  7255.53  
29826.4  20982.7  14662.7  10217.7  7272.25  
29826.4  20721  14708  10324.2  7275.72  
29826.4  20982.7  14525.1  10310.1  7191.41  
29826.4  20898.8  14740.2  10219.5  7195.13  
29826.4  20898.8  14674.6  10341  7184.97  
29826.4  20766.5  14713.9  10318.2  7219.17  
29826.4  20926  14679.6  10299.3  7165.74  
29826.4  20982.7  14563.3  10358.6  7185.81  
29826.4  20908.1  14671.9  10343.8  7231.28  
29826.4  20784.7  14583.2  10276.8  7264.57  
29826.4  20926  14581.9  10337.2  7202.39  
29826.4  20908.1  14730.9  10228.6  7264.39  
45846.1  24848.5  13322.9  7314.37  3954.38  
45846.1  24783.9  13482.6  7276.53  3947.9  
45846.1  24705.8  13507.5  7279.19  3937.53  
45846.1  24859.9  13359.3  7308.31  3955.01  
45846.1  24848.5  13322.9  7330.94  3945.33  
45846.1  24619.7  13545.6  7327.14  3971.06  
45846.1  24751.3  13485.2  7294.46  3958.43  
45846.1  24817.5  13402.2  7308.02  3947.76  
45846.1  24729.4  13466.2  7313.17  3947.58  
45846.1  24803  13461.5  7259.08  3956.78  
45846.1  24705.8  13495.4  7323.24  3961.44  
45846.1  24839.8  13415.7  7259.85  3940.92  
45846.1  24848.5  13422.1  7282.2  3927.71  
45846.1  24619.7  13426.6  7394.35  3987.56  
45846.1  24705.8  13387.6  7363.33  3989.25  
43818.1  24669.5  13770.5  7786.88  4328.89  
43818.1  24638.5  13808.3  7739.07  4366.14  
43818.1  24638.5  13833.2  7752.69  4349.28  
43818.1  24658.2  13756.2  7714.88  4394.66  
43818.1  24658.2  13824.6  7758.38  4357.46  
43818.1  24638.5  13764.8  7768.9  4352.6  
43818.1  24627.5  13782.6  7793.71  4352.43  
43818.1  24627.5  13831.8  7764.28  4362.72  
43818.1  24649.6  13691.7  7830.25  4391.91  
43818.1  24431.1  13868.4  7842.14  4361.26  
43818.1  24405.9  13803.1  7881.76  4403.43  
43818.1  24627.5  13831.8  7775.63  4357.78  
43818.1  24594.2  13803.3  7799.2  4363.25  
43818.1  24669.5  13689.3  7750.31  4422.97  
43818.1  24613.1  13775.8  7803  4383.02  
45885.5  24841.8  13437.9  7262.47  3925.67  
45885.5  24654.4  13513.2  7320.53  3931.66  
45885.5  24781.6  13434.6  7285.97  3941.47  
45885.5  24664.5  13417  7353.43  3982.56  
45885.5  24664.5  13422.4  7350.94  3978.2  
45885.5  24735.3  13480.5  7298.4  3918.12  
45885.5  24841.8  13407.1  7279.86  3933.63  
45885.5  24810.7  13350.7  7267.96  3979.1  
45885.5  24766  13466.4  7284.14  3925.2  
45885.5  24705.3  13500.5  7293.84  3942.57  
45885.5  24664.5  13478.1  7325.36  3957.14  
45885.5  24821.9  13430.1  7275.89  3938.12  
45885.5  24793.2  13427.5  7256.01  3936.76  
45885.5  24770.2  13413  7304.32  3953.62  
45885.5  24819.1  13415.8  7283.02  3942.73  
