2  12  0.82  0.18  60800  60800  1  1

******************** Using iran model first stage solution ****************
60800  60800  3  0
------------- Unsatisfy demand per scenario per model ---------------
204925  204925  
121177  121177  
121094  121094  
205050  205050  
121074  121074  
120749  120749  
204925  204925  
204925  204925  
204925  204925  
120736  120736  
205027  205027  
121062  121062  
------------- Recours cost per scenario per model ----------------------
2.34357e+08  2.34357e+08  
2.34357e+08  2.34357e+08  
2.34357e+08  2.34357e+08  
2.34357e+08  2.34357e+08  
2.34357e+08  2.34357e+08  
2.34357e+08  2.34357e+08  
2.34357e+08  2.34357e+08  
2.34357e+08  2.34357e+08  
2.34357e+08  2.34357e+08  
2.34357e+08  2.34357e+08  
2.34357e+08  2.34357e+08  
2.34357e+08  2.34357e+08  
------------- Resolution time per scenario per model ----------------------
0.04  0.02  
0.04  0.02  
0.04  0.01  
0.05  0.02  
0.05  0.01  
0.05  0.02  
0.03  0.02  
0.05  0.02  
0.05  0.02  
0.04  0.02  
0.04  0.02  
0.04  0.03  

******************** Using dbsWc first stage solution ****************
60800  60800  3  0
------------------- Unsatisfy demand per scenario per model ---------------
204925  204925  
121177  121177  
121094  121094  
205050  205050  
121074  121074  
120749  120749  
204925  204925  
204925  204925  
204925  204925  
120736  120736  
205027  205027  
121062  121062  
------------------- Recours cost per scenario per model -------------------
2.34357e+08  2.34357e+08  
2.34357e+08  2.34357e+08  
2.34357e+08  2.34357e+08  
2.34357e+08  2.34357e+08  
2.34357e+08  2.34357e+08  
2.34357e+08  2.34357e+08  
2.34357e+08  2.34357e+08  
2.34357e+08  2.34357e+08  
2.34357e+08  2.34357e+08  
2.34357e+08  2.34357e+08  
2.34357e+08  2.34357e+08  
2.34357e+08  2.34357e+08  
------------- Resolution time per scenario per model ----------------------
0.04  0.01  
0.03  0.01  
0.04  0.01  
0.05  0.01  
0.04  0.01  
0.05  0.01  
0.05  0  
0.04  0.01  
0.04  0.01  
0.04  0.02  
0.05  0  
0.05  0.01  
