5  2
resolution time : 0.18
60800  60800
6  0
******************** fixed facilities: 19 ****************
2  3  4  5  6  7  8  9  10  11  12  13  14  15  16  17  18  19  20  
******************** Response cost ****************
5.73946e+08  1.94333e+07  5.73946e+08  1.94333e+07  5.73955e+08  0  
******************** Mobile facilities tour: 0 ****************
 scenario : 0


------------------------------------
 scenario : 1


------------------------------------
 scenario : 2


------------------------------------
 scenario : 3


------------------------------------
 scenario : 4


------------------------------------
 scenario : 5


------------------------------------
******************** Stock in hospital ****************
0  0  0  0  0  0  0  0  0  0  0  0  0  0  0  
0  0  0  0  0  0  0  0  0  0  0  0  0  0  0  
0  0  0  0  0  0  0  0  0  0  0  0  0  0  0  
0  0  0  0  0  0  0  0  0  0  0  0  0  0  0  
0  0  0  0  0  0  0  0  0  0  0  0  0  0  0  
0  0  0  0  0  0  0  0  0  0  0  0  0  0  0  
******************** Quantity of blood collect in hospitals ****************
500  1500  2000  3500  2000  500  1500  2000  3500  2000  
0  0  0  0  0  0  0  0  0  0  
500  1500  2000  3500  2000  500  1500  2000  3500  2000  
0  0  0  0  0  0  0  0  0  0  
500  1500  2000  3500  2000  509.047  1500  1990.95  3500  2000  
0  0  0  0  0  0  0  0  0  0  
******************** Unsatisfy demand in hospital ****************
51396  24394.8  41310.2  22358.5  41422  6486.16  2005.96  3796.39  79.51  3675.47  
22050.4  11082.9  18324.3  10921.1  18473.4  17183.9  6992.21  14843.4  10176  14846.6  
51396  24394.8  41310.2  22358.5  41422  6486.16  2005.96  3796.39  79.51  3675.47  
22052.4  11091.7  18281  10914.1  18380.2  13914.4  10170.5  14756.2  10129.7  14749.7  
51396  24394.8  41310.2  22358.5  41422  6477.11  2005.96  3805.44  79.51  3675.47  
22052.4  11091.7  18281  10914.1  18380.2  14016.1  6976.37  11692.1  7018.18  11640.1  
