5  2
resolution time : 0.19
70400  70400
6  0
******************** fixed facilities: 22 ****************
0  1  2  3  4  5  6  7  8  9  10  11  12  13  14  15  16  17  18  19  20  21  
******************** Response cost ****************
5.73946e+08  0  5.73946e+08  0  5.73946e+08  0  
******************** Mobile facilities tour: 0 ****************
 scenario : 0


------------------------------------
 scenario : 1


------------------------------------
 scenario : 2


------------------------------------
 scenario : 3


------------------------------------
 scenario : 4


------------------------------------
 scenario : 5


------------------------------------
******************** Stock in hospital ****************
0  0  0  0  0  0  0  0  0  0  0  0  0  0  0  
0  0  0  0  0  0  0  0  0  0  0  0  0  0  0  
0  0  0  0  0  0  0  0  0  0  0  0  0  0  0  
0  0  0  0  0  0  0  0  0  0  0  0  0  0  0  
0  0  0  0  0  0  0  0  0  0  0  0  0  0  0  
0  0  0  0  0  0  0  0  0  0  0  0  0  0  0  
******************** Quantity of blood in hospitals ****************
500  1500  2000  3500  2000  500  1500  2000  3500  2000  
0  0  0  0  0  0  0  0  0  0  
500  1500  2000  3500  2000  500  1500  2000  3500  2000  
0  0  0  0  0  0  0  0  0  0  
500  1500  2000  3500  2000  500  1500  2000  3500  2000  
0  0  0  0  0  0  0  0  0  0  
******************** Unsatisfy demand in hospital ****************
51396  24394.8  41310.2  22358.5  41422  6486.16  2005.96  3796.39  79.51  3675.47  
22050.4  11082.9  18324.3  10921.1  18473.4  13983.9  6992.21  11643.4  6975.95  11646.6  
51396  24394.8  41310.2  22358.5  41422  6486.16  2005.96  3796.39  79.51  3675.47  
22052.4  11091.7  18281  10914.1  18380.2  13914.4  6970.45  11556.2  6929.67  11549.7  
51396  24394.8  41310.2  22358.5  41422  6486.16  2005.96  3796.39  79.51  3675.47  
22052.4  11091.7  18281  10914.1  18380.2  14016.1  6976.37  11692.1  7018.18  11640.1  
