5  2
resolution time : 0.82
60800  60800
6  0
******************** fixed facilities: 19 ****************
2  3  4  5  6  7  8  9  10  11  12  13  14  15  16  17  18  19  20  
******************** Response cost ****************
5.73955e+08  5.73955e+08  5.73955e+08  5.73955e+08  5.73955e+08  5.73955e+08  
******************** Mobile facilities tour: 3 ****************
 scenario : 0
0  1  21  

------------------------------------
 scenario : 1
0  1  21  

------------------------------------
 scenario : 2
0  1  21  

------------------------------------
 scenario : 3
0  1  21  

------------------------------------
 scenario : 4
0  1  21  

------------------------------------
 scenario : 5
0  1  21  

------------------------------------
******************** Stock in hospital ****************
0  0  0  0  0  0  0  0  0  0  
0  0  0  0  0  0  0  0  0  0  
0  0  0  0  0  0  0  0  0  0  
0  0  0  0  0  0  0  0  0  0  
0  0  0  0  0  0  0  0  0  0  
0  0  0  0  0  0  0  0  0  0  
******************** Quantity of blood collect in hospitals ****************
500  1500  2000  3500  2000  500  1500  2000  3500  2000  
500  1500  2000  3500  2000  500  1500  2000  3500  2000  
500  1500  2000  3500  2000  500  1500  2000  3500  2000  
500  1500  2000  3500  2000  500  1500  2000  3500  2000  
500  1500  2000  3500  2000  500  1500  2000  3500  2000  
500  1500  2000  3500  2000  500  1500  2000  3500  2000  
******************** Unsatisfy demand in hospital ****************
51396  24394.8  41310.2  22358.5  41422  6486.16  2005.96  3796.39  79.51  3675.47  
21550.4  9582.9  16324.3  7421.1  16473.4  13483.9  5492.21  9643.4  3475.95  9646.6  
51396  24394.8  41310.2  22358.5  41422  6486.16  2005.96  3796.39  79.51  3675.47  
21552.4  9591.7  16281  7414.1  16380.2  13414.4  5470.45  9556.2  3429.67  9549.7  
51396  24394.8  41310.2  22358.5  41422  6486.16  2005.96  3796.39  79.51  3675.47  
21552.4  9591.7  16281  7414.1  16380.2  13516.1  5476.37  9692.1  3518.18  9640.1  
