5 18 2
22050.4 11082.9 18324.3 10921.1 18473.4  13983.9 6992.21 11643.4 6975.95 11646.6  
22050.4 11082.9 18324.3 10921.1 18473.4  14004.4 6962.23 11696.3 7019.46 11642.7  
22050.4 11082.9 18324.3 10921.1 18473.4  13795.4 6967.23 11445.3 6825.21 11578.7  
22050.4 11082.9 18324.3 10921.1 18473.4  13967.8 6978.35 11645.6 6973.14 11657.1  
22050.4 11082.9 18324.3 10921.1 18473.4  13856.4 6950.98 11548.5 6894.85 11633.1  
22050.4 11082.9 18324.3 10921.1 18473.4  13856.4 6950.98 11548.5 6894.85 11633.1  
51896 25894.8 43310.2 25858.5 43422  6986.16 3505.96 5796.39 3579.51 5675.47  
51896 25894.8 43310.2 25858.5 43422  7030.68 3534.5 5817.5 3596.47 5689.14  
51896 25894.8 43310.2 25858.5 43422  7013.69 3540.51 5801.49 3576.47 5709  
51896 25894.8 43310.2 25858.5 43422  6986.16 3505.96 5796.39 3579.51 5675.47  
51896 25894.8 43310.2 25858.5 43422  6986.16 3505.96 5796.39 3579.51 5675.47  
51896 25894.8 43310.2 25858.5 43422  7021.42 3567.85 5782.09 3560.54 5713.93  
22052.4 11091.7 18281 10914.1 18380.2  13838.4 6967.27 11471.3 6863.15 11529.6  
22052.4 11091.7 18281 10914.1 18380.2  13838.4 6967.27 11471.3 6863.15 11529.6  
22052.4 11091.7 18281 10914.1 18380.2  13791.2 6967.95 11442 6820.75 11584.9  
22052.4 11091.7 18281 10914.1 18380.2  13914.4 6970.45 11556.2 6929.67 11549.7  
22052.4 11091.7 18281 10914.1 18380.2  13951.9 6954.42 11608.8 6976.81 11537.8  
22052.4 11091.7 18281 10914.1 18380.2  14016.1 6976.37 11692.1 7018.18 11640.1  
