1 50 2
66567.8  22252.2  
66567.8  22252.2  
92404.4  6934.47  
34668.6  22432.4  
996.414  986.281  
80361.1  15818.6  
66567.8  22101.7  
28858.7  20390  
28858.7  20572.4  
92404.4  7039.13  
32799.9  21887.8  
92404.4  6999.19  
996.414  986.281  
37748.7  23284.4  
37748.7  23578.5  
59772.9  23890.8  
66567.8  22324.8  
80361.1  15671.4  
66567.8  22171.5  
80361.1  15671.4  
66567.8  22097.8  
34668.6  22748.6  
77519  17348.2  
92404.4  7039.13  
34668.6  22748.6  
59772.9  23890.8  
92404.4  7035.82  
34668.6  22610.8  
66567.8  22118.1  
92404.4  7035.82  
996.414  986.762  
28858.7  20496.3  
37748.7  23405.7  
34668.6  22748.6  
996.414  986.815  
37748.7  23405.7  
92404.4  6977.31  
32799.9  21820.2  
77519  17444.6  
37748.7  23405.7  
28858.7  20496.3  
996.414  983.185  
77519  17485.2  
66567.8  22231.5  
996.414  984.63  
92404.4  7039.13  
37748.7  23405.7  
28858.7  20563.8  
92404.4  6977.31  
28858.7  20572.4  
