1 150 2
37748.7  23524.2  
37748.7  23415.1  
37748.7  23524.2  
37748.7  23588.3  
37748.7  23284.4  
37748.7  23481.4  
37748.7  23578.5  
37748.7  23536.4  
37748.7  23578.5  
37748.7  23481.4  
37748.7  23536.4  
37748.7  23481.4  
37748.7  23536.4  
37748.7  23405.7  
37748.7  23284.4  
996.414  986.815  
996.414  981.486  
996.414  984.63  
996.414  986.762  
996.414  985.054  
996.414  983.185  
996.414  987.224  
996.414  986.762  
996.414  983.185  
996.414  983.58  
996.414  986.762  
996.414  978.483  
996.414  985.836  
996.414  986.281  
996.414  985.054  
32799.9  22031.1  
32799.9  21852.6  
32799.9  21984.1  
32799.9  21786.5  
32799.9  21984.1  
32799.9  21890  
32799.9  22102.5  
32799.9  22022.2  
32799.9  21887.8  
32799.9  21986.1  
32799.9  21820.2  
32799.9  22031.1  
32799.9  22103.8  
32799.9  21984.1  
32799.9  21820.2  
66567.8  22171.5  
66567.8  22101.7  
66567.8  22171.5  
66567.8  22252.2  
66567.8  21970.3  
66567.8  22097.8  
66567.8  22324.8  
66567.8  22101.7  
66567.8  22324.8  
66567.8  22231.5  
66567.8  22118.1  
66567.8  22101.7  
66567.8  22252.2  
66567.8  22252.6  
66567.8  22243.4  
34668.6  22641.7  
34668.6  22610.8  
34668.6  22748.6  
34668.6  22748.6  
34668.6  22633.4  
34668.6  22349.2  
34668.6  22748.6  
34668.6  22641.7  
34668.6  22610.8  
34668.6  22748.6  
34668.6  22432.4  
34668.6  22610.8  
34668.6  22349.2  
34668.6  22779.1  
34668.6  22469.1  
28858.7  20454.4  
28858.7  20369.1  
28858.7  20390  
28858.7  20554.3  
28858.7  20390  
28858.7  20563.8  
28858.7  20518.2  
28858.7  20390  
28858.7  20562.7  
28858.7  20562.7  
28858.7  20496.3  
28858.7  20563.8  
28858.7  20518.2  
28858.7  20518.2  
28858.7  20572.4  
92404.4  7039.13  
92404.4  6999.19  
92404.4  6977.31  
92404.4  6955.95  
92404.4  6934.47  
92404.4  6946.12  
92404.4  7035.82  
92404.4  7015  
92404.4  7015  
92404.4  7023.02  
92404.4  6968.97  
92404.4  6934.47  
92404.4  7039.13  
92404.4  6946.12  
92404.4  7035.82  
77519  17427.6  
77519  17444.6  
77519  17485.2  
77519  17405.4  
77519  17355.8  
77519  17348.2  
77519  17391.5  
77519  17315.9  
77519  17348.2  
77519  17485.2  
77519  17477.9  
77519  17485.2  
77519  17437.2  
77519  17391.5  
77519  17349.3  
59772.9  24012.4  
59772.9  24012.4  
59772.9  23890.8  
59772.9  23890.8  
59772.9  24014.8  
59772.9  24067.6  
59772.9  24056.6  
59772.9  23890.8  
59772.9  24012.4  
59772.9  24002.2  
59772.9  23890.8  
59772.9  24067.6  
59772.9  23867  
59772.9  24056.6  
59772.9  24067.6  
80361.1  15671.4  
80361.1  15698.2  
80361.1  15648.6  
80361.1  15794.5  
80361.1  15671.4  
80361.1  15623.6  
80361.1  15623.6  
80361.1  15671.4  
80361.1  15794.5  
80361.1  15846.8  
80361.1  15718.2  
80361.1  15818.6  
80361.1  15698.5  
80361.1  15671.4  
80361.1  15794.5  
