2 16 2
44488.9 32022.2  10295.6 7562.12  
19645.7 14220.7  13011.5 9404.81  
35102.5 25448.3  13880.9 10074.7  
15578 11271.8  11329.8 8211.65  
19645.7 14220.7  13010.2 9383.2  
21931.6 15823.5  13548.2 9800.5  
15578 11271.8  11409.6 8224.2  
19645.7 14220.7  13010.2 9383.2  
19645.7 14220.7  13011.5 9404.81  
44488.9 32022.2  10336.6 7571.84  
21931.6 15823.5  13563.4 9769.61  
44488.9 32022.2  10364.3 7604.37  
44488.9 32022.2  10336.6 7571.84  
44488.9 32022.2  10336.6 7571.84  
44488.9 32022.2  10308.3 7534.18  
35102.5 25448.3  13881.7 10019  
