2 50 2
21931.6 15823.5  13622.1 9870.92  
21931.6 15823.5  13563.4 9769.61  
21931.6 15823.5  13514.2 9796.52  
21931.6 15823.5  13548.2 9800.5  
21931.6 15823.5  13622.1 9870.92  
21931.6 15823.5  13618.3 9803.9  
21931.6 15823.5  13638.9 9861.77  
21931.6 15823.5  13514.2 9796.52  
21931.6 15823.5  13563.4 9769.61  
21931.6 15823.5  13587.4 9866.86  
44488.9 32022.2  10364.3 7604.37  
44488.9 32022.2  10352.2 7616.58  
44488.9 32022.2  10295.6 7562.12  
44488.9 32022.2  10336.6 7571.84  
44488.9 32022.2  10335.4 7566.02  
44488.9 32022.2  10335.4 7566.02  
44488.9 32022.2  10308.3 7534.18  
44488.9 32022.2  10336.6 7571.84  
44488.9 32022.2  10363.3 7615.8  
44488.9 32022.2  10295.6 7562.12  
35102.5 25448.3  13881.7 10019  
35102.5 25448.3  13918.9 10062.8  
35102.5 25448.3  13880.9 10074.7  
35102.5 25448.3  13881.7 10019  
35102.5 25448.3  13718.7 9926.09  
35102.5 25448.3  13881.7 10019  
35102.5 25448.3  13936.2 10053.4  
35102.5 25448.3  13792.6 9997.29  
35102.5 25448.3  13806.2 9947.36  
35102.5 25448.3  13936.2 10053.4  
15578 11271.8  11409.6 8224.2  
15578 11271.8  11394.9 8264.34  
15578 11271.8  11413 8282.16  
15578 11271.8  11376.8 8213.42  
15578 11271.8  11394.9 8264.34  
15578 11271.8  11413 8282.16  
15578 11271.8  11312.5 8179.86  
15578 11271.8  11413 8282.16  
15578 11271.8  11329.8 8211.65  
15578 11271.8  11330.9 8231.64  
19645.7 14220.7  12883.4 9380.31  
19645.7 14220.7  12900.4 9370.99  
19645.7 14220.7  13010.2 9383.2  
19645.7 14220.7  12879.4 9312.05  
19645.7 14220.7  13010.3 9419.49  
19645.7 14220.7  13010.2 9383.2  
19645.7 14220.7  12990 9362.51  
19645.7 14220.7  12900.4 9370.99  
19645.7 14220.7  12883.4 9380.31  
19645.7 14220.7  13011.5 9404.81  
