3 66 4
10988.1 31562 26193.3  3454.9 9902.22 8133.63  1071.12 3089.63 2530.07  334.774 985.283 786.575  
474.05 1374.84 1122.94  461.918 1337.04 1097.7  439.528 1283.85 1039.88  431.68 1256.3 1026.54  
6030.05 17445 14301.3  3724.64 10776.8 8815.06  2331.02 6733.39 5576.31  1475.51 4186.78 3500.91  
10988.1 31562 26193.3  3447.91 9834.96 8132.72  1065.12 3165.77 2516.68  343.082 989.433 795.855  
14380.6 41103.2 34003.2  1454.93 4364.3 3570.36  147.813 472.644 381.956  14.851 53.3316 39.496  
474.05 1374.84 1122.94  457.504 1334.33 1090.79  439.657 1283.93 1040.08  427.314 1249.2 1013.84  
6030.05 17445 14301.3  3728.77 10805.2 8848.95  2350.12 6711.09 5564.85  1474.22 4180.39 3508.44  
10873.4 30948.5 25733.2  3472.1 10174.1 8264.3  1121.71 3274.3 2717.06  361.78 1076.43 871.81  
1116.74 3179.09 2655.46  1035.43 2931.59 2460.52  966.467 2756.65 2297.95  897.794 2540 2122.71  
10873.4 30948.5 25733.2  3477.2 10170.8 8335.88  1116.6 3252.98 2637.88  361.373 1099.9 878.69  
6030.05 17445 14301.3  3754.22 10796.5 8881.01  2354.98 6725.19 5599.11  1443.47 4179.9 3450.41  
13065.1 37553.3 31123.7  2383.22 6850.5 5622.88  447.869 1306.81 1020.77  84.6448 233.842 190.387  
10873.4 30948.5 25733.2  3467.51 9976.68 8241.24  1126.25 3417.51 2717.03  362.079 1118.88 886.368  
10873.4 30948.5 25733.2  3483.76 10161.9 8309.34  1112.59 3279.99 2657.9  360.055 1080.81 881.378  
4585.29 13303.1 10947.1  3267.31 9451.5 7788.51  2344.19 6712.93 5571.12  1644 4742.34 3922.65  
1116.74 3179.09 2655.46  1039.17 2978.68 2472.47  963.429 2748.95 2296.22  899.347 2580.26 2138.89  
13065.1 37553.3 31123.7  2382.63 6915.53 5599.99  448.342 1253.59 1039.37  85.022 226.17 194.168  
6030.05 17445 14301.3  3773.38 10786.5 8922.24  2312.84 6729.74 5536.21  1471.01 4185.2 3499.61  
6030.05 17445 14301.3  3776.28 10826.2 8975.61  2332.24 6703.16 5517.41  1461.45 4164.8 3465.79  
9683.31 28025.1 23010.4  3840.65 10939.8 9113.29  1504.32 4265.94 3551.4  582.198 1683.64 1398.26  
3836.49 10944.6 9071.26  2907.54 8363.35 6878.72  2214.23 6391.54 5274.45  1683.17 4806.48 3976.57  
1116.74 3179.09 2655.46  1039.17 2978.68 2472.47  963.429 2748.95 2296.22  899.347 2580.26 2138.89  
3836.49 10944.6 9071.26  2916.47 8362.73 6931.84  2202.15 6286.49 5181.45  1685.29 4886.36 4022.32  
10873.4 30948.5 25733.2  3482.16 10095.6 8301.11  1116.64 3327.72 2689.58  357.239 1082.98 862.187  
14380.6 41103.2 34003.2  1453.7 4379.44 3594.75  148.596 464.559 360.672  15.2853 46.8884 36.8125  
1116.74 3179.09 2655.46  1041.14 2976.11 2464.61  962.998 2727.84 2288.95  892.791 2569.9 2135.42  
6030.05 17445 14301.3  3757.16 10837 8935.32  2351.38 6692.85 5558.19  1454.01 4168.52 3449.58  
474.05 1374.84 1122.94  457.504 1334.33 1090.79  439.657 1283.93 1040.08  431.066 1256.04 1027.76  
10873.4 30948.5 25733.2  3483.76 10161.9 8309.34  1112.59 3279.99 2657.9  360.055 1080.81 881.378  
14380.6 41103.2 34003.2  1444.18 4384.77 3547.33  156.638 456.176 398.758  16.6065 49.2601 45.0706  
4585.29 13303.1 10947.1  3284.28 9442.41 7823.53  2319.89 6723.35 5492.77  1642.38 4754.84 3918.75  
6030.05 17445 14301.3  3754.22 10796.5 8881.01  2354.98 6725.19 5599.11  1443.47 4179.9 3450.41  
6030.05 17445 14301.3  3754.22 10796.5 8881.01  2319.99 6725.92 5551.63  1473.15 4181.76 3512.7  
14380.6 41103.2 34003.2  1453.7 4379.44 3594.75  148.83 461.106 359.182  15.1038 49.816 38.2898  
14380.6 41103.2 34003.2  1454.3 4335.91 3567.06  147.394 495.188 379.586  15.8515 58.7714 45.1469  
6030.05 17445 14301.3  3724.64 10776.8 8815.06  2331.02 6733.39 5576.31  1475.51 4186.78 3500.91  
14380.6 41103.2 34003.2  1446.15 4324.03 3530.32  155.246 508.359 414.643  16.0896 56.7943 46.0629  
10873.4 30948.5 25733.2  3483.76 10161.9 8309.34  1112.59 3279.99 2657.9  360.055 1080.81 881.378  
3836.49 10944.6 9071.26  2915.16 8308.15 6924.73  2205.39 6356.04 5205.83  1689.19 4858.99 4016.06  
3836.49 10944.6 9071.26  2916.47 8362.73 6931.84  2202.15 6286.49 5181.45  1685.29 4886.36 4022.32  
474.05 1374.84 1122.94  458.428 1333.12 1087.09  450.689 1294.34 1067.68  430.714 1255.77 1027.05  
4585.29 13303.1 10947.1  3241.25 9434.54 7731.93  2341.46 6697.25 5577.67  1683.01 4791.71 3976.06  
10873.4 30948.5 25733.2  3483.76 10161.9 8309.34  1112.59 3279.99 2657.9  360.055 1080.81 881.378  
10873.4 30948.5 25733.2  3478.62 10070.6 8271.83  1117.31 3375.39 2701.35  359.188 1067.95 874.031  
4585.29 13303.1 10947.1  3252.79 9422.08 7774.54  2336.23 6727.88 5550.19  1662.25 4784.06 3921.34  
1116.74 3179.09 2655.46  1036.13 2973.81 2471.49  968.654 2769.42 2292.27  889.743 2526.83 2124.53  
3836.49 10944.6 9071.26  2911.8 8360.59 6938.28  2211.41 6320.47 5212.74  1685.36 4859.2 4023.97  
4585.29 13303.1 10947.1  3270 9413.49 7809.8  2323.96 6731.71 5496.69  1679.77 4787.84 3976.96  
1116.74 3179.09 2655.46  1038.73 2959.25 2469.9  964.924 2726.68 2281.54  892.56 2554.51 2133.42  
14380.6 41103.2 34003.2  1454.3 4335.91 3567.06  147.394 495.188 379.586  15.8515 58.7714 45.1469  
9683.31 28025.1 23010.4  3818.21 10909.8 9017.21  1517.95 4284.08 3609.44  590.351 1691.02 1430.95  
13065.1 37553.3 31123.7  2393.43 6871.33 5632.58  441.422 1273.09 1017.73  81.9456 244.729 184.839  
474.05 1374.84 1122.94  453.006 1323.51 1071.79  447.691 1297.05 1066.82  430.962 1255.97 1027.53  
10873.4 30948.5 25733.2  3477.2 10170.8 8335.88  1116.6 3252.98 2637.88  361.373 1099.9 878.69  
6030.05 17445 14301.3  3754.22 10796.5 8881.01  2322.1 6702.07 5511.59  1466.14 4180.3 3487.37  
6030.05 17445 14301.3  3777.37 10813.9 8954.99  2346.21 6718.61 5571.17  1455.75 4163.62 3453.32  
13065.1 37553.3 31123.7  2377.29 6875.87 5613  453.634 1282.55 1033.01  84.1582 235.582 187.468  
474.05 1374.84 1122.94  461.918 1337.04 1097.7  447.426 1296.64 1066.05  437.202 1255.45 1035.56  
3836.49 10944.6 9071.26  2913 8278.39 6885.04  2216.35 6364.68 5251.25  1686.6 4869.49 4023.77  
14380.6 41103.2 34003.2  1448.06 4363.17 3545.82  153.829 472.45 402.501  15.6954 54.3112 43.4467  
3836.49 10944.6 9071.26  2916.47 8362.73 6931.84  2216.18 6326.16 5265.44  1684.54 4840.96 3985.77  
14380.6 41103.2 34003.2  1454.3 4335.91 3567.06  147.882 494.622 381.67  15.4384 59.2839 43.2304  
13065.1 37553.3 31123.7  2377.29 6875.87 5613  453.634 1282.55 1033.01  85.1935 234.938 188.552  
6030.05 17445 14301.3  3724.64 10776.8 8815.06  2331.02 6733.39 5576.31  1475.51 4186.78 3500.91  
1116.74 3179.09 2655.46  1028.25 2918.24 2455.48  957.209 2719.35 2284.89  901.99 2587.18 2138.88  
6030.05 17445 14301.3  3773.38 10786.5 8922.24  2347.73 6729 5583.54  1445.72 4157.19 3427.28  
