3 200 4
6030.05 17445 14301.3  3758.28 10824.5 8914.33  2320.59 6691.55 5499.2  1466.34 4189.42 3500.81  
6030.05 17445 14301.3  3754.22 10796.5 8881.01  2354.98 6725.19 5599.11  1443.47 4179.9 3450.41  
6030.05 17445 14301.3  3724.64 10776.8 8815.06  2331.02 6733.39 5576.31  1475.51 4186.78 3500.91  
6030.05 17445 14301.3  3724.64 10776.8 8815.06  2366.19 6732.67 5624.02  1459.38 4190.83 3494.57  
6030.05 17445 14301.3  3757.16 10837 8935.32  2351.38 6692.85 5558.19  1454.01 4168.52 3449.58  
6030.05 17445 14301.3  3754.22 10796.5 8881.01  2319.99 6725.92 5551.63  1473.15 4181.76 3512.7  
6030.05 17445 14301.3  3776.28 10826.2 8975.61  2334.76 6720.5 5538.11  1441.62 4154.54 3416.43  
6030.05 17445 14301.3  3754.22 10796.5 8881.01  2322.1 6702.07 5511.59  1466.14 4180.3 3487.37  
6030.05 17445 14301.3  3777.37 10813.9 8954.99  2346.21 6718.61 5571.17  1455.75 4163.62 3453.32  
6030.05 17445 14301.3  3754.22 10796.5 8881.01  2354.98 6725.19 5599.11  1462.31 4183.1 3491.41  
6030.05 17445 14301.3  3728.77 10805.2 8848.95  2363.94 6729.6 5624.15  1458.67 4181.21 3481.73  
6030.05 17445 14301.3  3776.28 10826.2 8975.61  2332.24 6703.16 5517.41  1461.45 4164.8 3465.79  
6030.05 17445 14301.3  3773.38 10786.5 8922.24  2347.73 6729 5583.54  1445.72 4157.19 3427.28  
6030.05 17445 14301.3  3773.38 10786.5 8922.24  2312.84 6729.74 5536.21  1471.01 4185.2 3499.61  
6030.05 17445 14301.3  3744.99 10753.2 8835.36  2338.26 6703.67 5541.31  1472.15 4207.69 3530.58  
6030.05 17445 14301.3  3770.1 10823.4 8984.11  2348.29 6722.67 5572.97  1457.72 4158.52 3441.68  
6030.05 17445 14301.3  3728.77 10805.2 8848.95  2350.12 6711.09 5564.85  1474.22 4180.39 3508.44  
6030.05 17445 14301.3  3744.99 10753.2 8835.36  2328.13 6736.13 5549.83  1466.05 4198.47 3514.9  
6030.05 17445 14301.3  3727.64 10817.9 8870.29  2329.89 6717.79 5555.61  1463.22 4169.66 3462.31  
6030.05 17445 14301.3  3758.28 10824.5 8914.33  2336.93 6727.2 5579.63  1446.21 4167.44 3448.63  
14380.6 41103.2 34003.2  1446.15 4324.03 3530.32  155.246 508.359 414.643  16.0896 56.7943 46.0629  
14380.6 41103.2 34003.2  1454.3 4335.91 3567.06  147.592 499.707 381.269  15.6913 54.378 43.5449  
14380.6 41103.2 34003.2  1450.93 4319.1 3549.73  151.437 516.754 401.74  15.2682 54.1016 40.6269  
14380.6 41103.2 34003.2  1451.5 4347.19 3552.72  150.619 492.912 397.449  15.4407 50.0108 41.4482  
14380.6 41103.2 34003.2  1456.44 4375.39 3583.25  146.368 464.681 369.448  14.873 50.7582 39.6639  
14380.6 41103.2 34003.2  1454.93 4364.3 3570.36  147.027 474.41 378.335  15.5533 51.7523 42.7063  
14380.6 41103.2 34003.2  1453.7 4379.44 3594.75  148.596 464.559 360.672  15.2853 46.8884 36.8125  
14380.6 41103.2 34003.2  1454.3 4335.91 3567.06  148.17 501.619 386.546  15.167 52.8304 38.6211  
14380.6 41103.2 34003.2  1448.06 4363.17 3545.82  153.7 478.581 403.611  15.8143 49.2579 42.5935  
14380.6 41103.2 34003.2  1454.3 4335.91 3567.06  147.394 495.188 379.586  15.8515 58.7714 45.1469  
14380.6 41103.2 34003.2  1455.38 4351.75 3587.69  147.093 489.415 367.011  15.1736 49.7778 37.8603  
14380.6 41103.2 34003.2  1453.7 4379.44 3594.75  148.83 461.106 359.182  15.1038 49.816 38.2898  
14380.6 41103.2 34003.2  1444.18 4384.77 3547.33  156.638 456.176 398.758  16.6065 49.2601 45.0706  
14380.6 41103.2 34003.2  1454.3 4335.91 3567.06  147.882 494.622 381.67  15.4384 59.2839 43.2304  
14380.6 41103.2 34003.2  1448.06 4363.17 3545.82  153.829 472.45 402.501  15.6954 54.3112 43.4467  
14380.6 41103.2 34003.2  1450.93 4319.1 3549.73  150.604 514.658 396.631  15.9313 56.1637 44.7724  
14380.6 41103.2 34003.2  1454.93 4364.3 3570.36  147.813 472.644 381.956  14.851 53.3316 39.496  
14380.6 41103.2 34003.2  1451.56 4380.59 3563.78  150.405 461.756 386.114  15.6175 48.2185 41.8906  
14380.6 41103.2 34003.2  1444.18 4384.77 3547.33  157.385 456.32 401.533  15.9936 49.8445 43.1075  
14380.6 41103.2 34003.2  1455.38 4351.75 3587.69  146.916 480.702 363.357  15.3306 57.1191 41.0055  
474.05 1374.84 1122.94  453.006 1323.51 1071.79  447.691 1297.05 1066.82  430.962 1255.97 1027.53  
474.05 1374.84 1122.94  461.918 1337.04 1097.7  447.426 1296.64 1066.05  437.202 1255.45 1035.56  
474.05 1374.84 1122.94  461.146 1336.69 1098.76  450.608 1294.23 1067.33  426.888 1248.83 1012.81  
474.05 1374.84 1122.94  461.555 1332.05 1091.03  448.319 1295.63 1062.72  426.457 1245.57 1009.19  
474.05 1374.84 1122.94  463.911 1330.81 1096.09  450.525 1294.41 1067.41  426.81 1249 1012.89  
474.05 1374.84 1122.94  457.92 1329.62 1082.93  450.704 1294.44 1067.8  435.014 1256.97 1031.25  
474.05 1374.84 1122.94  462.055 1335.5 1095.12  450.581 1294.27 1067.44  431.003 1251.26 1019.42  
474.05 1374.84 1122.94  462.055 1335.5 1095.12  443.172 1284.56 1045.23  437.325 1255.86 1036.26  
474.05 1374.84 1122.94  457.504 1334.33 1090.79  444.427 1289.86 1050.89  426.689 1245.68 1009.54  
474.05 1374.84 1122.94  461.146 1336.69 1098.76  448.331 1295.49 1062.49  437.198 1255.5 1035.64  
474.05 1374.84 1122.94  461.918 1337.04 1097.7  444.296 1289.78 1050.69  431.192 1251.35 1019.84  
474.05 1374.84 1122.94  461.918 1337.04 1097.7  447.426 1296.64 1066.05  426.959 1248.74 1012.88  
474.05 1374.84 1122.94  457.504 1334.33 1090.79  439.657 1283.93 1040.08  427.314 1249.2 1013.84  
474.05 1374.84 1122.94  457.504 1334.33 1090.79  439.657 1283.93 1040.08  431.066 1256.04 1027.76  
474.05 1374.84 1122.94  461.918 1337.04 1097.7  443.177 1284.51 1045.16  431.703 1254.8 1023.92  
474.05 1374.84 1122.94  458.428 1333.12 1087.09  450.689 1294.34 1067.68  430.714 1255.77 1027.05  
474.05 1374.84 1122.94  463.911 1330.81 1096.09  443.834 1294.54 1058.37  431.494 1256.17 1026.05  
474.05 1374.84 1122.94  461.918 1337.04 1097.7  443.892 1294.35 1058.32  431.682 1254.51 1023.53  
474.05 1374.84 1122.94  464.402 1334.2 1100.11  444.716 1293.26 1054.66  426.965 1248.93 1013.15  
474.05 1374.84 1122.94  461.918 1337.04 1097.7  439.528 1283.85 1039.88  431.68 1256.3 1026.54  
10988.1 31562 26193.3  3423.75 9946.77 8090.92  1094.28 3060.15 2557.19  340.282 975.034 797.312  
10988.1 31562 26193.3  3424.59 9853.43 8123.93  1084.3 3158.4 2523.71  344.32 979.858 797.488  
10988.1 31562 26193.3  3431.02 9920.32 8123.95  1085.45 3109.22 2535.01  338.417 970.302 786.478  
10988.1 31562 26193.3  3423.59 9789.61 8115.79  1082.56 3183.91 2535.17  344.689 1003.03 793.813  
10988.1 31562 26193.3  3437.99 9818.99 8129.54  1069.39 3138.17 2522.43  347.215 1015.27 796.202  
10988.1 31562 26193.3  3446.95 9939.53 8119.56  1073.49 3059.27 2538.78  334.958 985.773 788.746  
10988.1 31562 26193.3  3405.38 9809.87 8099.14  1097.37 3137.81 2548.5  348.526 1023.89 797.492  
10988.1 31562 26193.3  3454.9 9902.22 8133.63  1057.9 3081.77 2519.64  343.478 996.895 795.311  
10988.1 31562 26193.3  3446.95 9939.53 8119.56  1065.76 3093.87 2525.64  342.532 961.457 800.551  
10988.1 31562 26193.3  3449.36 9899.6 8141.17  1075.38 3111.74 2527.5  332.775 982.843 779.842  
10988.1 31562 26193.3  3447.91 9834.96 8132.72  1065.12 3165.77 2516.68  343.082 989.433 795.855  
10988.1 31562 26193.3  3424.59 9853.43 8123.93  1093.69 3123.67 2534.46  337.167 990.436 789.311  
10988.1 31562 26193.3  3396.54 9845.55 8084.46  1100.98 3145.58 2556.64  351.348 980.904 801.197  
10988.1 31562 26193.3  3449.36 9899.6 8141.17  1065 3108.68 2517.73  340.581 982.294 789.744  
10988.1 31562 26193.3  3441.3 9936.87 8127.24  1070.48 3083.16 2527.28  338.892 966.843 788.894  
10988.1 31562 26193.3  3446.95 9939.53 8119.56  1069.03 3099.11 2526.68  339.47 961.463 798.444  
10988.1 31562 26193.3  3454.9 9902.22 8133.63  1071.12 3089.63 2530.07  334.774 985.283 786.575  
10988.1 31562 26193.3  3423.59 9789.61 8115.79  1087.29 3193.76 2539.63  345.355 997.596 793.096  
10988.1 31562 26193.3  3431.02 9920.32 8123.95  1084.41 3072.28 2535.76  339.85 993.064 789.19  
10988.1 31562 26193.3  3416.09 9889.88 8109.69  1086.76 3127.94 2532.38  349.5 977.391 801.64  
13065.1 37553.3 31123.7  2383.22 6850.5 5622.88  447.869 1306.81 1020.77  84.6448 233.842 190.387  
13065.1 37553.3 31123.7  2400.47 6882.67 5634.82  437.833 1274.73 1016.4  79.0274 235.711 184.451  
13065.1 37553.3 31123.7  2382.63 6915.53 5599.99  448.342 1253.59 1039.37  85.022 226.17 194.168  
13065.1 37553.3 31123.7  2398.79 6910.5 5619.84  435.964 1258.07 1022.25  81.8679 227.539 191.422  
13065.1 37553.3 31123.7  2400.47 6882.67 5634.82  435.686 1263.95 1015.9  80.5935 245.416 184.549  
13065.1 37553.3 31123.7  2383.22 6850.5 5622.88  451.961 1300.94 1026.18  80.9905 239.415 185.826  
13065.1 37553.3 31123.7  2399.47 6837.69 5628.99  436.499 1300.27 1020.66  80.9002 249.88 185.544  
13065.1 37553.3 31123.7  2383.22 6850.5 5622.88  451.763 1292.42 1025.14  81.1323 248.701 185.92  
13065.1 37553.3 31123.7  2386.63 6917.45 5594.59  445.843 1252.37 1042.77  83.8903 224.189 195.44  
13065.1 37553.3 31123.7  2394.85 6908.61 5625.15  440.263 1243.01 1023.82  80.84 240.163 185.575  
13065.1 37553.3 31123.7  2403.27 6839.51 5623.87  432.526 1312.3 1024.16  80.8102 238.288 186.803  
13065.1 37553.3 31123.7  2405.03 6876.88 5616.92  428.858 1283.09 1025.22  81.7644 234.343 190.62  
13065.1 37553.3 31123.7  2393.43 6871.33 5632.58  441.422 1273.09 1017.73  81.9456 244.729 184.839  
13065.1 37553.3 31123.7  2405.03 6876.88 5616.92  428.858 1283.09 1025.22  81.8326 233.391 191.146  
13065.1 37553.3 31123.7  2377.29 6875.87 5613  453.634 1282.55 1033.01  85.1935 234.938 188.552  
13065.1 37553.3 31123.7  2375.33 6903.79 5597.67  455.026 1263.56 1040.26  85.0212 228.76 193.932  
13065.1 37553.3 31123.7  2377.29 6875.87 5613  453.634 1282.55 1033.01  84.1582 235.582 187.468  
13065.1 37553.3 31123.7  2382.63 6915.53 5599.99  451.395 1252.69 1043.08  81.7254 226.677 190.381  
13065.1 37553.3 31123.7  2377.29 6875.87 5613  451.281 1283.82 1028.37  86.9786 233.841 192.531  
13065.1 37553.3 31123.7  2377.29 6875.87 5613  453.438 1286.43 1027.81  85.38 231.532 192.375  
3836.49 10944.6 9071.26  2910.61 8384.64 6903.97  2216.92 6339.44 5246.74  1683.16 4868.43 4013.37  
3836.49 10944.6 9071.26  2914.28 8332.43 6891.42  2212.61 6398.95 5271.42  1681.28 4781.05 3970.94  
3836.49 10944.6 9071.26  2896.7 8256.04 6814.28  2215.02 6345.16 5242.12  1685.64 4879.81 4011.92  
3836.49 10944.6 9071.26  2916.47 8362.73 6931.84  2216.18 6326.16 5265.44  1684.54 4840.96 3985.77  
3836.49 10944.6 9071.26  2909.77 8394.19 6919.88  2217.79 6318.71 5268.31  1687.03 4852.84 4011.33  
3836.49 10944.6 9071.26  2916.47 8362.73 6931.84  2214.54 6303.5 5235.26  1680.29 4796.36 3969.92  
3836.49 10944.6 9071.26  2913 8278.39 6885.04  2216.35 6364.68 5251.25  1686.6 4869.49 4023.77  
3836.49 10944.6 9071.26  2915.16 8308.15 6924.73  2218.13 6373.58 5260.67  1680.49 4860.64 3981.25  
3836.49 10944.6 9071.26  2907.41 8299.99 6857.43  2218.35 6341.03 5283.25  1687.94 4864.5 4013.64  
3836.49 10944.6 9071.26  2906.26 8246.54 6851.68  2219.25 6346.62 5272.91  1686.76 4849.52 4022.43  
3836.49 10944.6 9071.26  2906.26 8246.54 6851.68  2219.64 6395.44 5290.05  1682.26 4870.11 3991.64  
3836.49 10944.6 9071.26  2900.55 8330.34 6844.13  2219.33 6352.33 5261  1677.41 4797.98 3962.85  
3836.49 10944.6 9071.26  2911.8 8360.59 6938.28  2211.41 6320.47 5212.74  1685.36 4859.2 4023.97  
3836.49 10944.6 9071.26  2916.47 8362.73 6931.84  2202.15 6286.49 5181.45  1685.29 4886.36 4022.32  
3836.49 10944.6 9071.26  2907.41 8299.99 6857.43  2212.46 6334.77 5231.89  1686.17 4870.25 4038.77  
3836.49 10944.6 9071.26  2915.16 8308.15 6924.73  2205.39 6356.04 5205.83  1689.19 4858.99 4016.06  
3836.49 10944.6 9071.26  2906.26 8246.54 6851.68  2219.25 6346.62 5272.91  1685.51 4832.12 3999.37  
3836.49 10944.6 9071.26  2917.3 8353.34 6916.22  2212.53 6386.66 5253.38  1677.27 4827.6 3964.96  
3836.49 10944.6 9071.26  2896.7 8256.04 6814.28  2221.93 6393.18 5299.01  1688.88 4830.87 4016.22  
3836.49 10944.6 9071.26  2907.54 8363.35 6878.72  2214.23 6391.54 5274.45  1683.17 4806.48 3976.57  
10873.4 30948.5 25733.2  3470.57 10031.8 8231.73  1121.21 3335.25 2720.28  363.326 1138.48 892.632  
10873.4 30948.5 25733.2  3482.77 10173.4 8328.13  1116.54 3271.91 2665.35  357.109 1085.74 857.853  
10873.4 30948.5 25733.2  3483.76 10161.9 8309.34  1112.59 3279.99 2657.9  360.055 1080.81 881.378  
10873.4 30948.5 25733.2  3482.77 10173.4 8328.13  1112.96 3241.29 2655.35  359.908 1098.81 871.165  
10873.4 30948.5 25733.2  3477.2 10170.8 8335.88  1116.6 3252.98 2637.88  361.373 1099.9 878.69  
10873.4 30948.5 25733.2  3475.72 10104.4 8327.17  1116.61 3279.05 2646.75  362.514 1116.02 871.804  
10873.4 30948.5 25733.2  3483.76 10161.9 8309.34  1112.59 3279.99 2657.9  359.944 1083.94 877.128  
10873.4 30948.5 25733.2  3470.57 10031.8 8231.73  1122.77 3401.66 2728.46  361.534 1086.21 886.978  
10873.4 30948.5 25733.2  3482.16 10095.6 8301.11  1116.64 3327.72 2689.58  357.239 1082.98 862.187  
10873.4 30948.5 25733.2  3470.57 10031.8 8231.73  1125.34 3388.9 2733.27  359.198 1084.75 879.546  
10873.4 30948.5 25733.2  3467.51 9976.68 8241.24  1126.25 3417.51 2717.03  362.079 1118.88 886.368  
10873.4 30948.5 25733.2  3472.1 10174.1 8264.3  1120.53 3296.82 2696.51  362.01 1061.09 886.567  
10873.4 30948.5 25733.2  3478.62 10070.6 8271.83  1117.31 3375.39 2701.35  359.188 1067.95 874.031  
10873.4 30948.5 25733.2  3471.95 10096.9 8238.67  1121.51 3361.43 2730.05  361.073 1076.87 874.523  
10873.4 30948.5 25733.2  3470.57 10031.8 8231.73  1120.09 3327.02 2710.82  363.924 1136.54 898.114  
10873.4 30948.5 25733.2  3467.51 9976.68 8241.24  1123.14 3382.17 2701.31  364.023 1135.25 896.114  
10873.4 30948.5 25733.2  3467.51 9976.68 8241.24  1122.97 3375.61 2719.8  364.307 1147.17 884.495  
10873.4 30948.5 25733.2  3483.76 10161.9 8309.34  1115.87 3279.58 2678.06  356.423 1067.11 859.526  
10873.4 30948.5 25733.2  3475.72 10104.4 8327.17  1117.73 3287.1 2655.98  361.61 1121.71 872.311  
10873.4 30948.5 25733.2  3472.1 10174.1 8264.3  1121.71 3274.3 2717.06  361.78 1076.43 871.81  
1116.74 3179.09 2655.46  1028.25 2918.24 2455.48  957.209 2719.35 2284.89  901.99 2587.18 2138.88  
1116.74 3179.09 2655.46  1038.73 2959.25 2469.9  964.924 2726.68 2281.54  892.56 2554.51 2133.42  
1116.74 3179.09 2655.46  1037.04 2932.32 2458.32  966.765 2774.7 2300.5  896.632 2577.47 2138.73  
1116.74 3179.09 2655.46  1039.17 2978.68 2472.47  963.134 2727.66 2288.4  896.129 2540.91 2129.09  
1116.74 3179.09 2655.46  1041.14 2976.11 2464.61  962.998 2727.84 2288.95  892.791 2569.9 2135.42  
1116.74 3179.09 2655.46  1035.43 2931.59 2460.52  968.703 2772.36 2293.04  897.392 2541.72 2127.69  
1116.74 3179.09 2655.46  1028.25 2918.24 2455.48  967.378 2775.68 2300.7  898.231 2539.61 2122.87  
1116.74 3179.09 2655.46  1035.43 2931.59 2460.52  956.714 2718.44 2284.54  900.078 2585.65 2140.54  
1116.74 3179.09 2655.46  1040.37 2960 2467.65  966.532 2772.78 2299.85  897.445 2536.95 2122.08  
1116.74 3179.09 2655.46  1028.25 2918.24 2455.48  967.378 2775.68 2300.7  896.868 2561.6 2136.7  
1116.74 3179.09 2655.46  1037.04 2932.32 2458.32  963.283 2730.83 2289.39  897.904 2541.71 2123.45  
1116.74 3179.09 2655.46  1038.73 2959.25 2469.9  968.198 2773.54 2297.56  896.415 2575.68 2138.12  
1116.74 3179.09 2655.46  1040.84 2979.45 2470.18  956.34 2715.19 2283.87  897.093 2578.33 2139.06  
1116.74 3179.09 2655.46  1039.17 2978.68 2472.47  963.429 2748.95 2296.22  899.347 2580.26 2138.89  
1116.74 3179.09 2655.46  1036.13 2973.81 2471.49  968.654 2769.42 2292.27  889.743 2526.83 2124.53  
1116.74 3179.09 2655.46  1037.32 2929.1 2452.95  959.811 2762.03 2296.01  893.276 2570.79 2135.74  
1116.74 3179.09 2655.46  1038.73 2959.25 2469.9  960.44 2724.62 2287.7  893.811 2538.38 2128.5  
1116.74 3179.09 2655.46  1035.43 2931.59 2460.52  966.467 2756.65 2297.95  897.794 2540 2122.71  
1116.74 3179.09 2655.46  1031.72 2964.83 2467.24  968.52 2752 2290.31  897.91 2538.05 2122.77  
1116.74 3179.09 2655.46  1028.25 2918.24 2455.48  960.44 2762.77 2295.83  890.855 2531.06 2125.4  
4585.29 13303.1 10947.1  3284.28 9442.41 7823.53  2319.89 6723.35 5492.77  1642.38 4754.84 3918.75  
4585.29 13303.1 10947.1  3277.32 9467.46 7791.73  2340.26 6727.93 5542.18  1642.28 4733.51 3930.02  
4585.29 13303.1 10947.1  3282.82 9469.98 7784.2  2309.07 6702.02 5507.11  1671.79 4784.82 3963.54  
4585.29 13303.1 10947.1  3270 9413.49 7809.8  2354.29 6736.86 5561.97  1644.19 4774.42 3910.14  
4585.29 13303.1 10947.1  3294.12 9458.11 7826.7  2305.86 6705.44 5494.98  1680.78 4783.8 3968.81  
4585.29 13303.1 10947.1  3241.25 9434.54 7731.93  2320.86 6712.22 5522.02  1683.16 4793.41 3970.45  
4585.29 13303.1 10947.1  3294.12 9458.11 7826.7  2305.86 6705.44 5494.98  1672.27 4788.55 3950.98  
4585.29 13303.1 10947.1  3277.32 9467.46 7791.73  2321.87 6716.1 5501.84  1651.31 4764.84 3932.46  
4585.29 13303.1 10947.1  3251.43 9450.77 7735.21  2326.22 6698.69 5551.53  1657.42 4774.65 3934.4  
4585.29 13303.1 10947.1  3270 9413.49 7809.8  2323.96 6731.71 5496.69  1679.77 4787.84 3976.96  
4585.29 13303.1 10947.1  3277.32 9467.46 7791.73  2331.13 6687.78 5560.41  1667.04 4789.67 3946.03  
4585.29 13303.1 10947.1  3267.31 9451.5 7788.51  2344.19 6712.93 5571.12  1644 4742.34 3922.65  
4585.29 13303.1 10947.1  3226.48 9404.63 7717.72  2314.45 6699.52 5515.92  1697.85 4800.99 3994.25  
4585.29 13303.1 10947.1  3257.02 9453.33 7727.55  2311.03 6667.51 5536.07  1660.15 4782.91 3941.01  
4585.29 13303.1 10947.1  3284.28 9442.41 7823.53  2338.26 6735.19 5533.04  1666.53 4770.53 3960.87  
4585.29 13303.1 10947.1  3241.25 9434.54 7731.93  2341.46 6697.25 5577.67  1683.01 4791.71 3976.06  
4585.29 13303.1 10947.1  3277.32 9467.46 7791.73  2310.63 6702.74 5504.95  1662.56 4778.2 3929.34  
4585.29 13303.1 10947.1  3252.79 9422.08 7774.54  2336.23 6727.88 5550.19  1662.25 4784.06 3921.34  
4585.29 13303.1 10947.1  3251.43 9450.77 7735.21  2336.61 6719.61 5561.51  1675.7 4786.57 3958.16  
4585.29 13303.1 10947.1  3294.12 9458.11 7826.7  2336.48 6711.03 5560.09  1660.69 4785.65 3936.07  
9683.31 28025.1 23010.4  3818.21 10909.8 9017.21  1517.95 4284.08 3609.44  590.351 1691.02 1430.95  
9683.31 28025.1 23010.4  3822.33 10938 9051.04  1515.44 4267 3589.01  592.172 1687.49 1422.04  
9683.31 28025.1 23010.4  3834.36 10937 9121.92  1509.73 4278.54 3559.21  587.366 1680.65 1398.54  
9683.31 28025.1 23010.4  3818.21 10909.8 9017.21  1511.41 4304.21 3614.7  596.639 1675.7 1418.27  
9683.31 28025.1 23010.4  3821.2 10950.7 9072.34  1507.07 4278.19 3584.8  598.19 1668.1 1418.84  
9683.31 28025.1 23010.4  3837.71 10899.6 9059.11  1487.82 4302.83 3563.23  602.629 1687.37 1439.23  
9683.31 28025.1 23010.4  3803.15 10929.4 9077.37  1509.01 4279.74 3543.67  604.782 1681.72 1434.31  
9683.31 28025.1 23010.4  3840.65 10939.8 9113.29  1504.32 4265.94 3551.4  582.198 1683.64 1398.26  
9683.31 28025.1 23010.4  3837.71 10899.6 9059.11  1497.11 4309.31 3592.85  589.283 1682.14 1404.51  
9683.31 28025.1 23010.4  3791.16 10931.4 9006.27  1525.2 4289.92 3624.8  605.393 1672.68 1434.69  
9683.31 28025.1 23010.4  3814.8 10947.8 9081.12  1521.62 4271.97 3583.94  595.561 1670.67 1404.86  
9683.31 28025.1 23010.4  3818.21 10909.8 9017.21  1504.27 4295.9 3616.72  598.575 1683.8 1426.52  
9683.31 28025.1 23010.4  3834.36 10937 9121.92  1490.28 4275.11 3517  600.29 1681.23 1419.37  
9683.31 28025.1 23010.4  3818.21 10909.8 9017.21  1492.26 4288.18 3590.4  608.682 1691.78 1441.64  
9683.31 28025.1 23010.4  3822.91 10918.9 9118.23  1494.12 4289.98 3531.18  607.978 1681.6 1419.51  
9683.31 28025.1 23010.4  3818.21 10909.8 9017.21  1519.11 4299.95 3631.04  587.966 1679.65 1403.35  
9683.31 28025.1 23010.4  3822.91 10918.9 9118.23  1497.16 4286.14 3519.21  602.878 1687.51 1423.61  
9683.31 28025.1 23010.4  3791.16 10931.4 9006.27  1513.13 4282.33 3598.45  615.543 1680.51 1449.93  
9683.31 28025.1 23010.4  3818.21 10909.8 9017.21  1519.11 4299.95 3631.04  595.643 1681.01 1420.21  
9683.31 28025.1 23010.4  3814.8 10947.8 9081.12  1521.18 4276.83 3592.19  593.436 1673.61 1398.61  
