2 22 22 2
500 200
2200 1000 
1518.23 322.98 1
0.0690567 1 10
1334.25
1335.19
1334.57
1338.31
1336.83
1337.7
1338.28
1340.03
1341.2
1340.93
1338.93
1336.4
1340.08
1337.76
1340.09
1341.02
1334.05
1335.95
1338.56
1337.7
1340.17
1339.17
45.5317 -0.26392
44.7973 -0.98214
44.89 -0.72865
46.6016 0.07599
45.0932 1.90491
45.7694 -1.60831
43.9466 1.49675
46.6377 -1.0883
46.9467 0.88167
43.5884 -1.42162
46.4662 -1.05475
45.373 1.73489
46.6049 -1.18899
46.1954 1.41814
43.505 -0.92517
43.7027 1.94353
45.358 0.61265
46.1242 0.47175
46.2537 1.61234
46.3938 0.9105
43.7306 -1.44667
46.5772 -0.86838
46.4243 -0.11934
44.6237 -0.36801
