2 33 2
27421 19160.9  14759.8 10198.6  
52397.3 36117.6  5870 4202.25  
22893.4 15921.6  13987.6 9715.84  
27421 19160.9  14748 10190.7  
27674.8 19003  14700.4 10144  
49746.2 34664  7848.92 5277.76  
49746.2 34664  7811.97 5282.09  
7662.42 5261.68  6646.11 4609.18  
45070.4 31378.9  10702.5 7319.87  
49746.2 34664  7848.92 5277.76  
22393.6 15469.9  13906.6 9542.45  
4086.75 2853.33  3815.21 2656.05  
7662.42 5261.68  6634.48 4525.72  
22893.4 15921.6  13998.8 9723.38  
22893.4 15921.6  13998.8 9723.38  
7662.42 5261.68  6650.1 4537.36  
4086.75 2853.33  3806.89 2650.22  
45070.4 31378.9  10579.3 7234.29  
22393.6 15469.9  13886 9580.37  
22393.6 15469.9  13906.6 9542.45  
22893.4 15921.6  14097.6 9685.8  
7662.42 5261.68  6635.78 4551.01  
45070.4 31378.9  10611.3 7297.8  
52397.3 36117.6  5917.04 4237.72  
22893.4 15921.6  13963.3 9697.11  
7662.42 5261.68  6646.11 4609.18  
7662.42 5261.68  6646.54 4534.59  
49558.8 34008.6  7960.2 5671.62  
27674.8 19003  14735.6 10170.5  
22393.6 15469.9  13855.7 9611.81  
45070.4 31378.9  10579.3 7234.29  
22393.6 15469.9  13918.1 9602.07  
4086.75 2853.33  3815.21 2656.05  
