2 100 2
22393.6 15469.9  13855.7 9611.81  
22393.6 15469.9  13807.3 9577.57  
22393.6 15469.9  13906.6 9542.45  
22393.6 15469.9  13917.1 9549.55  
22393.6 15469.9  13855.7 9611.81  
22393.6 15469.9  13838.5 9546.73  
22393.6 15469.9  13906.6 9542.45  
22393.6 15469.9  13886 9580.37  
22393.6 15469.9  13817.2 9637.87  
22393.6 15469.9  13918.1 9602.07  
22893.4 15921.6  14067.6 9717.98  
22893.4 15921.6  14032.7 9692.15  
22893.4 15921.6  13883 9695.66  
22893.4 15921.6  13963.3 9697.11  
22893.4 15921.6  13957.1 9694.52  
22893.4 15921.6  13990.7 9717.14  
22893.4 15921.6  13998.8 9723.38  
22893.4 15921.6  14097.6 9685.8  
22893.4 15921.6  13987.6 9715.84  
22893.4 15921.6  13957.1 9694.52  
27674.8 19003  14735.6 10170.5  
27674.8 19003  14651.3 10053.8  
27674.8 19003  14678 10073.6  
27674.8 19003  14654.1 10110  
27674.8 19003  14705.2 10260.3  
27674.8 19003  14700.4 10144  
27674.8 19003  14709 10205.9  
27674.8 19003  14744.9 10232.8  
27674.8 19003  14661.8 10171.3  
27674.8 19003  14629 10204.3  
27421 19160.9  14453.4 10097.1  
27421 19160.9  14453.4 10097.1  
27421 19160.9  14673.2 10135.5  
27421 19160.9  14751.3 10192  
27421 19160.9  14608.3 10148.1  
27421 19160.9  14608.3 10148.1  
27421 19160.9  14608.3 10148.1  
27421 19160.9  14751.3 10192  
27421 19160.9  14759.8 10198.6  
27421 19160.9  14748 10190.7  
49746.2 34664  7866.16 5289.52  
49746.2 34664  7848.92 5277.76  
49746.2 34664  7872.55 5293.78  
49746.2 34664  7905.05 5286.72  
49746.2 34664  7868.1 5290.54  
49746.2 34664  7860.5 5256.22  
49746.2 34664  7848.92 5277.76  
49746.2 34664  7811.97 5282.09  
49746.2 34664  7820.84 5258.5  
49746.2 34664  7868.1 5290.54  
52397.3 36117.6  5897.51 4222.95  
52397.3 36117.6  5944.79 4235.18  
52397.3 36117.6  5941.31 4232.31  
52397.3 36117.6  5881.2 4163.57  
52397.3 36117.6  5917.04 4237.72  
52397.3 36117.6  5929.98 4223.61  
52397.3 36117.6  5897.51 4222.95  
52397.3 36117.6  5907.73 4183.54  
52397.3 36117.6  5870 4202.25  
52397.3 36117.6  5941.31 4232.31  
4086.75 2853.33  3806.89 2650.22  
4086.75 2853.33  3815.21 2656.05  
4086.75 2853.33  3763.56 2634.49  
4086.75 2853.33  3737.27 2630.95  
4086.75 2853.33  3834.02 2654.61  
4086.75 2853.33  3815.21 2656.05  
4086.75 2853.33  3737.27 2630.95  
4086.75 2853.33  3788.94 2652.26  
4086.75 2853.33  3806.89 2650.22  
4086.75 2853.33  3815.21 2656.05  
49558.8 34008.6  7964.84 5706.71  
49558.8 34008.6  7964.84 5706.71  
49558.8 34008.6  7987.84 5754.49  
49558.8 34008.6  7972.85 5742.92  
49558.8 34008.6  7969.46 5741.73  
49558.8 34008.6  7987.84 5754.49  
49558.8 34008.6  7960.2 5671.62  
49558.8 34008.6  7955.93 5668.09  
49558.8 34008.6  7986.14 5753.9  
49558.8 34008.6  7987.84 5754.49  
7662.42 5261.68  6660.6 4594.08  
7662.42 5261.68  6671.69 4602.71  
7662.42 5261.68  6646.54 4534.59  
7662.42 5261.68  6635.78 4551.01  
7662.42 5261.68  6634.48 4525.72  
7662.42 5261.68  6673.12 4603.29  
7662.42 5261.68  6658.85 4618.55  
7662.42 5261.68  6646.11 4609.18  
7662.42 5261.68  6650.1 4537.36  
7662.42 5261.68  6646.11 4609.18  
45070.4 31378.9  10548.7 7254.29  
45070.4 31378.9  10611.3 7297.8  
45070.4 31378.9  10686 7268.05  
45070.4 31378.9  10620.2 7303.74  
45070.4 31378.9  10611.3 7297.8  
45070.4 31378.9  10702.5 7319.87  
45070.4 31378.9  10579.3 7234.29  
45070.4 31378.9  10548.7 7254.29  
45070.4 31378.9  10670.4 7297.82  
45070.4 31378.9  10579.3 7234.29  
