5 66 2
49112.7 24514.1 40908.1 24462.4 40909.2  8910.72 4462.88 7439.48 4530.14 7387.4  
34076.8 17079 28292.5 16914.7 28343.9  14726.7 7337.89 12291.3 7395.68 12236.1  
11383.5 5657.46 9490.8 5689.5 9436.32  9184.86 4541.15 7684.32 4615.54 7610.02  
49614.6 24872.6 41190.4 24622.2 41278.9  8604.72 4243.79 7284.47 4436.04 7201.76  
2391.23 1199.21 1986.76 1186.41 1994.74  2282.06 1151.03 1891.34 1127.11 1909.73  
25760.1 12826.5 21447 12854.9 21343.6  14697.4 7363.82 12231.9 7326.86 12259.9  
25671.6 12681.7 21470.6 12893.3 21239.5  14720.3 7369.79 12262.1 7342.54 12294.3  
49614.6 24872.6 41190.4 24622.2 41278.9  8590.8 4240.1 7263.35 4425.92 7175.1  
25760.1 12826.5 21447 12854.9 21343.6  14635.3 7374.64 12142.4 7261.42 12228.3  
34076.8 17079 28292.5 16914.7 28343.9  14643.4 7338.04 12183.6 7319.1 12186.1  
49614.6 24872.6 41190.4 24622.2 41278.9  8590.8 4240.1 7263.35 4425.92 7175.1  
32954.3 16432.8 27452.8 16426.8 27414.6  14814.3 7454.36 12319.8 7377.23 12402.5  
34076.8 17079 28292.5 16914.7 28343.9  14726.7 7337.89 12291.3 7395.68 12236.1  
56897.6 28426.8 47316.6 28315.7 47272.7  2942.39 1481.9 2547.53 1597.8 2573.29  
21502.1 10632.2 17982.4 10791.3 17815.7  13832.9 6917.28 11501.8 6898.9 11482.3  
32954.3 16432.8 27452.8 16426.8 27414.6  14797.5 7360.13 12381.2 7439.12 12342.7  
49614.6 24872.6 41190.4 24622.2 41278.9  8574.85 4243.04 7265.48 4409.22 7233.65  
49614.6 24872.6 41190.4 24622.2 41278.9  8536.39 4252.08 7200.61 4365.12 7198.83  
21502.1 10632.2 17982.4 10791.3 17815.7  13717.5 6785.2 11460.6 6900.92 11320.9  
56897.6 28426.8 47316.6 28315.7 47272.7  2929.53 1492.49 2520.81 1575.99 2570.99  
49112.7 24514.1 40908.1 24462.4 40909.2  8888.91 4496.34 7394.98 4482.93 7425.48  
25760.1 12826.5 21447 12854.9 21343.6  14635.3 7374.64 12142.4 7261.42 12228.3  
2391.23 1199.21 1986.76 1186.41 1994.74  2294.36 1151.49 1904.98 1137.85 1912.75  
49112.7 24514.1 40908.1 24462.4 40909.2  8902.81 4451.87 7452.06 4532.55 7410.6  
32954.3 16432.8 27452.8 16426.8 27414.6  14810.7 7458.46 12300.5 7370.12 12373.7  
56897.6 28426.8 47316.6 28315.7 47272.7  2928.15 1478.06 2525.68 1587.09 2545.07  
21502.1 10632.2 17982.4 10791.3 17815.7  13836.1 6913.58 11519.1 6905.26 11508.2  
49614.6 24872.6 41190.4 24622.2 41278.9  8590.8 4240.1 7263.35 4425.92 7175.1  
25671.6 12681.7 21470.6 12893.3 21239.5  14720.3 7369.79 12262.1 7342.54 12294.3  
2391.23 1199.21 1986.76 1186.41 1994.74  2282.63 1150.39 1894.38 1128.23 1914.26  
32954.3 16432.8 27452.8 16426.8 27414.6  14814.3 7454.36 12319.8 7377.23 12402.5  
2391.23 1199.21 1986.76 1186.41 1994.74  2283.66 1147.82 1891.11 1130.98 1895.67  
49614.6 24872.6 41190.4 24622.2 41278.9  8574.85 4243.04 7265.48 4409.22 7233.65  
56897.6 28426.8 47316.6 28315.7 47272.7  2929.53 1492.49 2520.81 1575.99 2570.99  
32954.3 16432.8 27452.8 16426.8 27414.6  14799 7397.38 12361.4 7410.41 12392  
21502.1 10632.2 17982.4 10791.3 17815.7  13820.8 6900.24 11521.2 6902.6 11518.3  
21502.1 10632.2 17982.4 10791.3 17815.7  13836.1 6913.58 11519.1 6905.26 11508.2  
11383.5 5657.46 9490.8 5689.5 9436.32  9221.03 4612.07 7667.98 4590.47 7668.11  
34076.8 17079 28292.5 16914.7 28343.9  14636.9 7354.5 12204.7 7301.3 12305.7  
25671.6 12681.7 21470.6 12893.3 21239.5  14733.2 7387.98 12241.5 7338.6 12255.9  
49112.7 24514.1 40908.1 24462.4 40909.2  8880.93 4437.04 7443.54 4524.87 7406.85  
32954.3 16432.8 27452.8 16426.8 27414.6  14836 7422.39 12375.8 7423.25 12398.4  
21502.1 10632.2 17982.4 10791.3 17815.7  13822.7 6935.46 11503 6876.22 11564.4  
34076.8 17079 28292.5 16914.7 28343.9  14643.4 7338.04 12183.6 7319.1 12186.1  
49112.7 24514.1 40908.1 24462.4 40909.2  8891.01 4493.86 7406.6 4487.24 7442.78  
25671.6 12681.7 21470.6 12893.3 21239.5  14720.3 7369.79 12262.1 7342.54 12294.3  
25671.6 12681.7 21470.6 12893.3 21239.5  14594.5 7233.19 12199.8 7338.03 12093.9  
49614.6 24872.6 41190.4 24622.2 41278.9  8582.4 4253.78 7252.58 4406.71 7210.24  
11383.5 5657.46 9490.8 5689.5 9436.32  9221.03 4612.07 7667.98 4590.47 7668.11  
21502.1 10632.2 17982.4 10791.3 17815.7  13820.8 6900.24 11521.2 6902.6 11518.3  
32954.3 16432.8 27452.8 16426.8 27414.6  14852.7 7436.92 12373.5 7426.17 12387.4  
11383.5 5657.46 9490.8 5689.5 9436.32  9188.96 4561.98 7684.49 4602.82 7657.96  
56897.6 28426.8 47316.6 28315.7 47272.7  2935.27 1493 2532.41 1581.23 2586.8  
11383.5 5657.46 9490.8 5689.5 9436.32  9206.23 4608.07 7645.84 4580.01 7639.78  
49614.6 24872.6 41190.4 24622.2 41278.9  8542.12 4240.18 7199.59 4380.08 7145.72  
32954.3 16432.8 27452.8 16426.8 27414.6  14810.7 7458.46 12300.5 7370.12 12373.7  
49614.6 24872.6 41190.4 24622.2 41278.9  8606.89 4241.5 7295.74 4440.24 7218.32  
25671.6 12681.7 21470.6 12893.3 21239.5  14693.7 7325.7 12245.7 7353.17 12200.6  
25760.1 12826.5 21447 12854.9 21343.6  14630.2 7340.64 12144.6 7283.67 12152.1  
34076.8 17079 28292.5 16914.7 28343.9  14726.7 7337.89 12291.3 7395.68 12236.1  
2391.23 1199.21 1986.76 1186.41 1994.74  2294.36 1151.49 1904.98 1137.85 1912.75  
25760.1 12826.5 21447 12854.9 21343.6  14629 7303.42 12166 7312.63 12105.7  
21502.1 10632.2 17982.4 10791.3 17815.7  13792.7 6862.61 11488.7 6906.35 11405  
56897.6 28426.8 47316.6 28315.7 47272.7  2935.27 1493 2532.41 1581.23 2586.8  
49614.6 24872.6 41190.4 24622.2 41278.9  8568.24 4250.02 7231.1 4396.41 7183.12  
2391.23 1199.21 1986.76 1186.41 1994.74  2292.28 1148.58 1908.33 1138.49 1918.93  
