5 200 2
21502.1 10632.2 17982.4 10791.3 17815.7  13832.9 6917.28 11501.8 6898.9 11482.3  
21502.1 10632.2 17982.4 10791.3 17815.7  13820.8 6900.24 11521.2 6902.6 11518.3  
21502.1 10632.2 17982.4 10791.3 17815.7  13717.5 6785.2 11460.6 6900.92 11320.9  
21502.1 10632.2 17982.4 10791.3 17815.7  13747.5 6823.32 11494.8 6898.51 11434.6  
21502.1 10632.2 17982.4 10791.3 17815.7  13670 6750.22 11449.9 6887.11 11324.9  
21502.1 10632.2 17982.4 10791.3 17815.7  13792.7 6862.61 11488.7 6906.35 11405  
21502.1 10632.2 17982.4 10791.3 17815.7  13792.7 6862.61 11488.7 6906.35 11405  
21502.1 10632.2 17982.4 10791.3 17815.7  13820.8 6900.24 11521.2 6902.6 11518.3  
21502.1 10632.2 17982.4 10791.3 17815.7  13717.5 6785.2 11460.6 6900.92 11320.9  
21502.1 10632.2 17982.4 10791.3 17815.7  13832.9 6917.28 11501.8 6898.9 11482.3  
21502.1 10632.2 17982.4 10791.3 17815.7  13832.9 6917.28 11501.8 6898.9 11482.3  
21502.1 10632.2 17982.4 10791.3 17815.7  13820.8 6900.24 11521.2 6902.6 11518.3  
21502.1 10632.2 17982.4 10791.3 17815.7  13836.1 6913.58 11519.1 6905.26 11508.2  
21502.1 10632.2 17982.4 10791.3 17815.7  13836.1 6913.58 11519.1 6905.26 11508.2  
21502.1 10632.2 17982.4 10791.3 17815.7  13832.9 6917.28 11501.8 6898.9 11482.3  
21502.1 10632.2 17982.4 10791.3 17815.7  13822.7 6935.46 11503 6876.22 11564.4  
21502.1 10632.2 17982.4 10791.3 17815.7  13820.8 6900.24 11521.2 6902.6 11518.3  
21502.1 10632.2 17982.4 10791.3 17815.7  13792.7 6862.61 11488.7 6906.35 11405  
21502.1 10632.2 17982.4 10791.3 17815.7  13822.7 6935.46 11503 6876.22 11564.4  
21502.1 10632.2 17982.4 10791.3 17815.7  13822.7 6935.46 11503 6876.22 11564.4  
25760.1 12826.5 21447 12854.9 21343.6  14630.2 7340.64 12144.6 7283.67 12152.1  
25760.1 12826.5 21447 12854.9 21343.6  14635.3 7374.64 12142.4 7261.42 12228.3  
25760.1 12826.5 21447 12854.9 21343.6  14695.1 7326.2 12251.6 7355.05 12211.6  
25760.1 12826.5 21447 12854.9 21343.6  14684.4 7345.46 12252.9 7330.89 12298.9  
25760.1 12826.5 21447 12854.9 21343.6  14629 7303.42 12166 7312.63 12105.7  
25760.1 12826.5 21447 12854.9 21343.6  14630.2 7340.64 12144.6 7283.67 12152.1  
25760.1 12826.5 21447 12854.9 21343.6  14698.6 7322.28 12270.1 7361.84 12239.2  
25760.1 12826.5 21447 12854.9 21343.6  14659.3 7381.14 12178.4 7278.41 12274.4  
25760.1 12826.5 21447 12854.9 21343.6  14701 7359.83 12250.6 7333.77 12288  
25760.1 12826.5 21447 12854.9 21343.6  14630.2 7340.64 12144.6 7283.67 12152.1  
25760.1 12826.5 21447 12854.9 21343.6  14652.4 7268.29 12237.7 7362.99 12129.4  
25760.1 12826.5 21447 12854.9 21343.6  14630.2 7340.64 12144.6 7283.67 12152.1  
25760.1 12826.5 21447 12854.9 21343.6  14671.9 7319.91 12216.9 7338.65 12167.1  
25760.1 12826.5 21447 12854.9 21343.6  14671.9 7319.91 12216.9 7338.65 12167.1  
25760.1 12826.5 21447 12854.9 21343.6  14698.6 7322.28 12270.1 7361.84 12239.2  
25760.1 12826.5 21447 12854.9 21343.6  14697.4 7363.82 12231.9 7326.86 12259.9  
25760.1 12826.5 21447 12854.9 21343.6  14697.4 7363.82 12231.9 7326.86 12259.9  
25760.1 12826.5 21447 12854.9 21343.6  14635.3 7374.64 12142.4 7261.42 12228.3  
25760.1 12826.5 21447 12854.9 21343.6  14635.3 7374.64 12142.4 7261.42 12228.3  
25760.1 12826.5 21447 12854.9 21343.6  14652.4 7268.29 12237.7 7362.99 12129.4  
56897.6 28426.8 47316.6 28315.7 47272.7  2920.53 1489.02 2509.77 1570.13 2557.57  
56897.6 28426.8 47316.6 28315.7 47272.7  2929.53 1492.49 2520.81 1575.99 2570.99  
56897.6 28426.8 47316.6 28315.7 47272.7  2941.59 1482.68 2543.62 1596.32 2567.44  
56897.6 28426.8 47316.6 28315.7 47272.7  2932.01 1490.05 2532.96 1580.6 2589.18  
56897.6 28426.8 47316.6 28315.7 47272.7  2935.27 1493 2532.41 1581.23 2586.8  
56897.6 28426.8 47316.6 28315.7 47272.7  2932.01 1490.05 2532.96 1580.6 2589.18  
56897.6 28426.8 47316.6 28315.7 47272.7  2942.07 1490.3 2539.49 1590.2 2577.65  
56897.6 28426.8 47316.6 28315.7 47272.7  2928.15 1478.06 2525.68 1587.09 2545.07  
56897.6 28426.8 47316.6 28315.7 47272.7  2920.53 1489.02 2509.77 1570.13 2557.57  
56897.6 28426.8 47316.6 28315.7 47272.7  2928.38 1485.59 2521.22 1580.81 2554.88  
56897.6 28426.8 47316.6 28315.7 47272.7  2935.27 1493 2532.41 1581.23 2586.8  
56897.6 28426.8 47316.6 28315.7 47272.7  2935.27 1493 2532.41 1581.23 2586.8  
56897.6 28426.8 47316.6 28315.7 47272.7  2942.39 1481.9 2547.53 1597.8 2573.29  
56897.6 28426.8 47316.6 28315.7 47272.7  2939.24 1479.05 2548.07 1597.2 2575.59  
56897.6 28426.8 47316.6 28315.7 47272.7  2942.07 1490.3 2539.49 1590.2 2577.65  
56897.6 28426.8 47316.6 28315.7 47272.7  2928.15 1478.06 2525.68 1587.09 2545.07  
56897.6 28426.8 47316.6 28315.7 47272.7  2929.53 1492.49 2520.81 1575.99 2570.99  
56897.6 28426.8 47316.6 28315.7 47272.7  2939.68 1486.6 2544.02 1591.1 2585.95  
56897.6 28426.8 47316.6 28315.7 47272.7  2936.84 1481.4 2536.34 1592.75 2558.03  
56897.6 28426.8 47316.6 28315.7 47272.7  2935.27 1493 2532.41 1581.23 2586.8  
49112.7 24514.1 40908.1 24462.4 40909.2  8897.84 4481.91 7406 4502.5 7389.27  
49112.7 24514.1 40908.1 24462.4 40909.2  8888.91 4496.34 7394.98 4482.93 7425.48  
49112.7 24514.1 40908.1 24462.4 40909.2  8880.93 4437.04 7443.54 4524.87 7406.85  
49112.7 24514.1 40908.1 24462.4 40909.2  8880.93 4437.04 7443.54 4524.87 7406.85  
49112.7 24514.1 40908.1 24462.4 40909.2  8912.08 4485.79 7427.47 4512.77 7416.68  
49112.7 24514.1 40908.1 24462.4 40909.2  8858.06 4469.59 7399.18 4477.46 7445.61  
49112.7 24514.1 40908.1 24462.4 40909.2  8888.91 4496.34 7394.98 4482.93 7425.48  
49112.7 24514.1 40908.1 24462.4 40909.2  8912.08 4485.79 7427.47 4512.77 7416.68  
49112.7 24514.1 40908.1 24462.4 40909.2  8880.93 4437.04 7443.54 4524.87 7406.85  
49112.7 24514.1 40908.1 24462.4 40909.2  8902.81 4451.87 7452.06 4532.55 7410.6  
49112.7 24514.1 40908.1 24462.4 40909.2  8881.76 4459.49 7431.6 4507.4 7436.47  
49112.7 24514.1 40908.1 24462.4 40909.2  8888.91 4496.34 7394.98 4482.93 7425.48  
49112.7 24514.1 40908.1 24462.4 40909.2  8910.72 4462.88 7439.48 4530.14 7387.4  
49112.7 24514.1 40908.1 24462.4 40909.2  8881.76 4459.49 7431.6 4507.4 7436.47  
49112.7 24514.1 40908.1 24462.4 40909.2  8902.81 4451.87 7452.06 4532.55 7410.6  
49112.7 24514.1 40908.1 24462.4 40909.2  8881.76 4459.49 7431.6 4507.4 7436.47  
49112.7 24514.1 40908.1 24462.4 40909.2  8891.01 4493.86 7406.6 4487.24 7442.78  
49112.7 24514.1 40908.1 24462.4 40909.2  8914.14 4483.35 7438.9 4517.01 7433.69  
49112.7 24514.1 40908.1 24462.4 40909.2  8910.72 4462.88 7439.48 4530.14 7387.4  
49112.7 24514.1 40908.1 24462.4 40909.2  8897.84 4481.91 7406 4502.5 7389.27  
49614.6 24872.6 41190.4 24622.2 41278.9  8521.99 4248.26 7178.76 4354.64 7171.25  
49614.6 24872.6 41190.4 24622.2 41278.9  8538.64 4249.71 7212.27 4369.46 7215.96  
49614.6 24872.6 41190.4 24622.2 41278.9  8584.6 4251.45 7264.05 4410.98 7227.09  
49614.6 24872.6 41190.4 24622.2 41278.9  8538.64 4249.71 7212.27 4369.46 7215.96  
49614.6 24872.6 41190.4 24622.2 41278.9  8589.69 4218.48 7275.53 4443.16 7147.2  
49614.6 24872.6 41190.4 24622.2 41278.9  8590.8 4240.1 7263.35 4425.92 7175.1  
49614.6 24872.6 41190.4 24622.2 41278.9  8604.72 4243.79 7284.47 4436.04 7201.76  
49614.6 24872.6 41190.4 24622.2 41278.9  8495.44 4238.25 7146.71 4338.03 7133.23  
49614.6 24872.6 41190.4 24622.2 41278.9  8565.13 4230.42 7232.38 4409.87 7138.33  
49614.6 24872.6 41190.4 24622.2 41278.9  8584.6 4251.45 7264.05 4410.98 7227.09  
49614.6 24872.6 41190.4 24622.2 41278.9  8568.24 4250.02 7231.1 4396.41 7183.12  
49614.6 24872.6 41190.4 24622.2 41278.9  8606.89 4241.5 7295.74 4440.24 7218.32  
49614.6 24872.6 41190.4 24622.2 41278.9  8606.89 4241.5 7295.74 4440.24 7218.32  
49614.6 24872.6 41190.4 24622.2 41278.9  8574.85 4243.04 7265.48 4409.22 7233.65  
49614.6 24872.6 41190.4 24622.2 41278.9  8536.39 4252.08 7200.61 4365.12 7198.83  
49614.6 24872.6 41190.4 24622.2 41278.9  8495.44 4238.25 7146.71 4338.03 7133.23  
49614.6 24872.6 41190.4 24622.2 41278.9  8568.24 4250.02 7231.1 4396.41 7183.12  
49614.6 24872.6 41190.4 24622.2 41278.9  8574.85 4243.04 7265.48 4409.22 7233.65  
49614.6 24872.6 41190.4 24622.2 41278.9  8542.12 4240.18 7199.59 4380.08 7145.72  
49614.6 24872.6 41190.4 24622.2 41278.9  8582.4 4253.78 7252.58 4406.71 7210.24  
32954.3 16432.8 27452.8 16426.8 27414.6  14810.7 7458.46 12300.5 7370.12 12373.7  
32954.3 16432.8 27452.8 16426.8 27414.6  14810.7 7458.46 12300.5 7370.12 12373.7  
32954.3 16432.8 27452.8 16426.8 27414.6  14814.3 7454.36 12319.8 7377.23 12402.5  
32954.3 16432.8 27452.8 16426.8 27414.6  14799 7397.38 12361.4 7410.41 12392  
32954.3 16432.8 27452.8 16426.8 27414.6  14814.3 7454.36 12319.8 7377.23 12402.5  
32954.3 16432.8 27452.8 16426.8 27414.6  14836 7422.39 12375.8 7423.25 12398.4  
32954.3 16432.8 27452.8 16426.8 27414.6  14759.5 7414.14 12307.4 7361.19 12407.2  
32954.3 16432.8 27452.8 16426.8 27414.6  14823.5 7396.6 12339.5 7431.12 12265.5  
32954.3 16432.8 27452.8 16426.8 27414.6  14850.4 7398.98 12393.2 7454.6 12338.2  
32954.3 16432.8 27452.8 16426.8 27414.6  14797.5 7360.13 12381.2 7439.12 12342.7  
32954.3 16432.8 27452.8 16426.8 27414.6  14797.5 7360.13 12381.2 7439.12 12342.7  
32954.3 16432.8 27452.8 16426.8 27414.6  14852.7 7436.92 12373.5 7426.17 12387.4  
32954.3 16432.8 27452.8 16426.8 27414.6  14849.2 7440.95 12354.6 7419.18 12359.1  
32954.3 16432.8 27452.8 16426.8 27414.6  14810.7 7458.46 12300.5 7370.12 12373.7  
32954.3 16432.8 27452.8 16426.8 27414.6  14852.7 7436.92 12373.5 7426.17 12387.4  
32954.3 16432.8 27452.8 16426.8 27414.6  14799 7397.38 12361.4 7410.41 12392  
32954.3 16432.8 27452.8 16426.8 27414.6  14799 7397.38 12361.4 7410.41 12392  
32954.3 16432.8 27452.8 16426.8 27414.6  14810.7 7458.46 12300.5 7370.12 12373.7  
32954.3 16432.8 27452.8 16426.8 27414.6  14836 7422.39 12375.8 7423.25 12398.4  
32954.3 16432.8 27452.8 16426.8 27414.6  14852.7 7436.92 12373.5 7426.17 12387.4  
2391.23 1199.21 1986.76 1186.41 1994.74  2300.33 1148.79 1913.35 1145.43 1910.5  
2391.23 1199.21 1986.76 1186.41 1994.74  2296.64 1147.79 1907.83 1142.82 1903.44  
2391.23 1199.21 1986.76 1186.41 1994.74  2282.06 1151.03 1891.34 1127.11 1909.73  
2391.23 1199.21 1986.76 1186.41 1994.74  2294.36 1151.49 1904.98 1137.85 1912.75  
2391.23 1199.21 1986.76 1186.41 1994.74  2296.64 1147.79 1907.83 1142.82 1903.44  
2391.23 1199.21 1986.76 1186.41 1994.74  2290.61 1150.48 1899.36 1135.2 1905.57  
2391.23 1199.21 1986.76 1186.41 1994.74  2290.61 1150.48 1899.36 1135.2 1905.57  
2391.23 1199.21 1986.76 1186.41 1994.74  2298.29 1145.93 1916.64 1146.06 1916.57  
2391.23 1199.21 1986.76 1186.41 1994.74  2296.64 1147.79 1907.83 1142.82 1903.44  
2391.23 1199.21 1986.76 1186.41 1994.74  2292.28 1148.58 1908.33 1138.49 1918.93  
2391.23 1199.21 1986.76 1186.41 1994.74  2282.63 1150.39 1894.38 1128.23 1914.26  
2391.23 1199.21 1986.76 1186.41 1994.74  2290.61 1150.48 1899.36 1135.2 1905.57  
2391.23 1199.21 1986.76 1186.41 1994.74  2283.66 1147.82 1891.11 1130.98 1895.67  
2391.23 1199.21 1986.76 1186.41 1994.74  2282.63 1150.39 1894.38 1128.23 1914.26  
2391.23 1199.21 1986.76 1186.41 1994.74  2298.29 1145.93 1916.64 1146.06 1916.57  
2391.23 1199.21 1986.76 1186.41 1994.74  2282.63 1150.39 1894.38 1128.23 1914.26  
2391.23 1199.21 1986.76 1186.41 1994.74  2294.36 1151.49 1904.98 1137.85 1912.75  
2391.23 1199.21 1986.76 1186.41 1994.74  2292.28 1148.58 1908.33 1138.49 1918.93  
2391.23 1199.21 1986.76 1186.41 1994.74  2294.36 1151.49 1904.98 1137.85 1912.75  
2391.23 1199.21 1986.76 1186.41 1994.74  2292.28 1148.58 1908.33 1138.49 1918.93  
11383.5 5657.46 9490.8 5689.5 9436.32  9223.23 4609.57 7679.75 4594.8 7685.68  
11383.5 5657.46 9490.8 5689.5 9436.32  9184.86 4541.15 7684.32 4615.54 7610.02  
11383.5 5657.46 9490.8 5689.5 9436.32  9206.23 4608.07 7645.84 4580.01 7639.78  
11383.5 5657.46 9490.8 5689.5 9436.32  9206.23 4608.07 7645.84 4580.01 7639.78  
11383.5 5657.46 9490.8 5689.5 9436.32  9184.86 4541.15 7684.32 4615.54 7610.02  
11383.5 5657.46 9490.8 5689.5 9436.32  9212.83 4600.57 7681.15 4593 7692.49  
11383.5 5657.46 9490.8 5689.5 9436.32  9221.03 4612.07 7667.98 4590.47 7668.11  
11383.5 5657.46 9490.8 5689.5 9436.32  9212.83 4600.57 7681.15 4593 7692.49  
11383.5 5657.46 9490.8 5689.5 9436.32  9184.86 4541.15 7684.32 4615.54 7610.02  
11383.5 5657.46 9490.8 5689.5 9436.32  9221.03 4612.07 7667.98 4590.47 7668.11  
11383.5 5657.46 9490.8 5689.5 9436.32  9178.49 4548.38 7650.26 4603.02 7559.16  
11383.5 5657.46 9490.8 5689.5 9436.32  9206.23 4608.07 7645.84 4580.01 7639.78  
11383.5 5657.46 9490.8 5689.5 9436.32  9219.58 4588.51 7680.37 4608.14 7637.89  
11383.5 5657.46 9490.8 5689.5 9436.32  9206.23 4608.07 7645.84 4580.01 7639.78  
11383.5 5657.46 9490.8 5689.5 9436.32  9205.05 4584.58 7658.62 4597.86 7610.05  
11383.5 5657.46 9490.8 5689.5 9436.32  9194.89 4549.83 7682.97 4617.29 7603.45  
11383.5 5657.46 9490.8 5689.5 9436.32  9205.05 4584.58 7658.62 4597.86 7610.05  
11383.5 5657.46 9490.8 5689.5 9436.32  9188.96 4561.98 7684.49 4602.82 7657.96  
11383.5 5657.46 9490.8 5689.5 9436.32  9188.96 4561.98 7684.49 4602.82 7657.96  
11383.5 5657.46 9490.8 5689.5 9436.32  9221.75 4586.06 7691.93 4612.39 7655.15  
34076.8 17079 28292.5 16914.7 28343.9  14682.8 7321.16 12239 7368.88 12173.5  
34076.8 17079 28292.5 16914.7 28343.9  14608.7 7352 12148.2 7276.57 12229.6  
34076.8 17079 28292.5 16914.7 28343.9  14715.7 7357.52 12292.3 7370.69 12324.6  
34076.8 17079 28292.5 16914.7 28343.9  14688 7355.07 12236.8 7346.37 12249.8  
34076.8 17079 28292.5 16914.7 28343.9  14643.4 7338.04 12183.6 7319.1 12186.1  
34076.8 17079 28292.5 16914.7 28343.9  14726.7 7337.89 12291.3 7395.68 12236.1  
34076.8 17079 28292.5 16914.7 28343.9  14608.7 7352 12148.2 7276.57 12229.6  
34076.8 17079 28292.5 16914.7 28343.9  14636.9 7354.5 12204.7 7301.3 12305.7  
34076.8 17079 28292.5 16914.7 28343.9  14688 7355.07 12236.8 7346.37 12249.8  
34076.8 17079 28292.5 16914.7 28343.9  14563.3 7334.69 12094.1 7248.83 12164.8  
34076.8 17079 28292.5 16914.7 28343.9  14748.1 7306.76 12346.9 7441.11 12233.1  
34076.8 17079 28292.5 16914.7 28343.9  14682.8 7321.16 12239 7368.88 12173.5  
34076.8 17079 28292.5 16914.7 28343.9  14643.4 7338.04 12183.6 7319.1 12186.1  
34076.8 17079 28292.5 16914.7 28343.9  14636.9 7354.5 12204.7 7301.3 12305.7  
34076.8 17079 28292.5 16914.7 28343.9  14750.4 7344.28 12327 7412.58 12281.5  
34076.8 17079 28292.5 16914.7 28343.9  14726.7 7337.89 12291.3 7395.68 12236.1  
34076.8 17079 28292.5 16914.7 28343.9  14715.7 7357.52 12292.3 7370.69 12324.6  
34076.8 17079 28292.5 16914.7 28343.9  14715.7 7357.52 12292.3 7370.69 12324.6  
34076.8 17079 28292.5 16914.7 28343.9  14636.9 7354.5 12204.7 7301.3 12305.7  
34076.8 17079 28292.5 16914.7 28343.9  14726.7 7337.89 12291.3 7395.68 12236.1  
25671.6 12681.7 21470.6 12893.3 21239.5  14733.2 7387.98 12241.5 7338.6 12255.9  
25671.6 12681.7 21470.6 12893.3 21239.5  14559.7 7209.55 12186.2 7326.06 12087.9  
25671.6 12681.7 21470.6 12893.3 21239.5  14594.5 7233.19 12199.8 7338.03 12093.9  
25671.6 12681.7 21470.6 12893.3 21239.5  14693.7 7325.7 12245.7 7353.17 12200.6  
25671.6 12681.7 21470.6 12893.3 21239.5  14677.7 7311.72 12247.8 7350.39 12211.1  
25671.6 12681.7 21470.6 12893.3 21239.5  14610.2 7246.92 12197.7 7340.75 12083.6  
25671.6 12681.7 21470.6 12893.3 21239.5  14684.2 7345.26 12248.1 7330.11 12288.1  
25671.6 12681.7 21470.6 12893.3 21239.5  14733.2 7387.98 12241.5 7338.6 12255.9  
25671.6 12681.7 21470.6 12893.3 21239.5  14720.3 7369.79 12262.1 7342.54 12294.3  
25671.6 12681.7 21470.6 12893.3 21239.5  14736.6 7384.03 12260 7345.37 12283.6  
25671.6 12681.7 21470.6 12893.3 21239.5  14693.7 7325.7 12245.7 7353.17 12200.6  
25671.6 12681.7 21470.6 12893.3 21239.5  14720.3 7369.79 12262.1 7342.54 12294.3  
25671.6 12681.7 21470.6 12893.3 21239.5  14720.3 7369.79 12262.1 7342.54 12294.3  
25671.6 12681.7 21470.6 12893.3 21239.5  14677.7 7311.72 12247.8 7350.39 12211.1  
25671.6 12681.7 21470.6 12893.3 21239.5  14733.2 7387.98 12241.5 7338.6 12255.9  
25671.6 12681.7 21470.6 12893.3 21239.5  14642.2 7287.63 12234 7338.19 12205  
25671.6 12681.7 21470.6 12893.3 21239.5  14642.2 7287.63 12234 7338.19 12205  
25671.6 12681.7 21470.6 12893.3 21239.5  14610.2 7246.92 12197.7 7340.75 12083.6  
25671.6 12681.7 21470.6 12893.3 21239.5  14559.7 7209.55 12186.2 7326.06 12087.9  
25671.6 12681.7 21470.6 12893.3 21239.5  14594.5 7233.19 12199.8 7338.03 12093.9  
