3 50 50 3
500 200
2200 1000 2200 
1518.23 322.98 1
0.0690567 1 10
594.673
595.124
595.837
596.773
594.365
594.989
594.168
594.805
595.913
594.973
595.709
595.213
594.577
594.688
593.825
595.137
595.544
593.775
594.662
594.493
595.824
595.957
594.05
596.585
593.858
596.215
595.036
595.038
595.348
595.179
593.808
595.02
593.83
595.152
594.832
595.681
594.601
595.132
594.002
594.33
593.624
596.615
594.61
594.598
594.595
593.643
595.185
593.73
594.025
594.64
43.9573 -0.26357
46.6788 -0.72921
43.4988 0.74991
43.4135 -1.56147
45.9011 -1.28546
46.6395 0.65546
45.496 1.3899
44.2341 1.32405
43.557 1.08395
46.5841 0.83825
43.6326 -1.01779
45.9901 1.98953
44.077 -0.6099
45.6241 1.80762
45.0523 -0.95528
44.2494 1.65719
43.7504 1.17457
45.8957 -0.15628
46.541 0.07688
44.0935 0.50608
46.6833 -1.58029
46.7276 1.65823
45.9471 -0.80286
46.9261 1.8115
45.9876 -0.06589
47.0204 -1.18695
44.6327 1.92972
46.61 0.86465
44.4987 2.05522
43.7616 0.6526
45.8051 0.61022
45.928 1.89198
45.4693 0.99076
43.7506 -0.49805
43.9578 -0.70432
46.9913 0.36463
46.3871 0.79461
45.7971 2.05552
45.4738 1.2145
45.2615 1.58588
45.3591 0.67776
43.395 1.4041
44.2744 1.16856
44.2483 -1.07212
46.3423 0.90826
44.7744 -0.24025
46.7606 0.51071
45.464 0.83505
44.6379 0.93612
44.2675 -1.15646
46.7352 -0.47281
44.3089 -0.42687
46.8454 0.8622
