3 66 3
10988.1 31562 26193.3  3453.35 9837.53 8125.31  1069.49 3149.11 2537.44  
14380.6 41103.2 34003.2  1454.3 4335.91 3567.06  148.339 498.411 385.77  
474.05 1374.84 1122.94  453.006 1323.51 1071.79  446.986 1287.36 1053.87  
4585.29 13303.1 10947.1  3257.02 9453.33 7727.55  2335.02 6718.88 5563.71  
10873.4 30948.5 25733.2  3471.95 10096.9 8238.67  1123.89 3323.13 2725.86  
6030.05 17445 14301.3  3721.25 10815 8879.08  2362.91 6724.12 5618.04  
6030.05 17445 14301.3  3754.22 10796.5 8881.01  2340.54 6714.35 5552.84  
6030.05 17445 14301.3  3758.28 10824.5 8914.33  2320.59 6691.55 5499.2  
14380.6 41103.2 34003.2  1444.18 4384.77 3547.33  156.956 451.578 399.223  
10873.4 30948.5 25733.2  3471.95 10096.9 8238.67  1123.24 3336.53 2718.76  
10873.4 30948.5 25733.2  3471.95 10096.9 8238.67  1120.28 3292.04 2715.63  
4585.29 13303.1 10947.1  3294.12 9458.11 7826.7  2295.35 6684.18 5484.88  
4585.29 13303.1 10947.1  3277.32 9467.46 7791.73  2331.13 6687.78 5560.41  
3836.49 10944.6 9071.26  2915.16 8308.15 6924.73  2210.71 6381.23 5232.15  
4585.29 13303.1 10947.1  3267.31 9451.5 7788.51  2324.72 6720.72 5502.76  
474.05 1374.84 1122.94  457.92 1329.62 1082.93  444.414 1290 1051.12  
1116.74 3179.09 2655.46  1032.5 2926.89 2459.58  963.598 2731.2 2289.3  
6030.05 17445 14301.3  3724.64 10776.8 8815.06  2351.68 6721.81 5577.54  
10873.4 30948.5 25733.2  3471.95 10096.9 8238.67  1120.28 3292.04 2715.63  
4585.29 13303.1 10947.1  3299.52 9460.58 7819.3  2329.98 6728.13 5539.61  
14380.6 41103.2 34003.2  1448.06 4363.17 3545.82  153.946 474.231 404.841  
6030.05 17445 14301.3  3728.77 10805.2 8848.95  2363.94 6729.6 5624.15  
9683.31 28025.1 23010.4  3792.31 10918.5 8984.61  1507.71 4282.83 3609.95  
1116.74 3179.09 2655.46  1031.72 2964.83 2467.24  965.413 2726.3 2281.72  
474.05 1374.84 1122.94  453.522 1327.06 1076.02  448.073 1292.44 1059.19  
14380.6 41103.2 34003.2  1453.1 4391.87 3576.9  148.967 445.326 372.954  
9683.31 28025.1 23010.4  3822.33 10938 9051.04  1494.47 4278.35 3571.57  
10873.4 30948.5 25733.2  3471.95 10096.9 8238.67  1124.09 3348.78 2734.75  
14380.6 41103.2 34003.2  1453.1 4391.87 3576.9  148.967 445.326 372.954  
13065.1 37553.3 31123.7  2405.03 6876.88 5616.92  433.903 1271.06 1030  
4585.29 13303.1 10947.1  3257.02 9453.33 7727.55  2335.02 6718.88 5563.71  
474.05 1374.84 1122.94  453.522 1327.06 1076.02  446.971 1287.26 1053.75  
1116.74 3179.09 2655.46  1041.14 2976.11 2464.61  962.998 2727.84 2288.95  
14380.6 41103.2 34003.2  1454.93 4364.3 3570.36  147.725 474.541 380.956  
13065.1 37553.3 31123.7  2383.22 6850.5 5622.88  451.961 1300.94 1026.18  
10873.4 30948.5 25733.2  3477.2 10170.8 8335.88  1116.43 3246.58 2655.93  
13065.1 37553.3 31123.7  2386.63 6917.45 5594.59  446.042 1248.69 1048.06  
4585.29 13303.1 10947.1  3251.43 9450.77 7735.21  2348.75 6713.16 5586.53  
3836.49 10944.6 9071.26  2911.8 8360.59 6938.28  2211.41 6320.47 5212.74  
474.05 1374.84 1122.94  461.146 1336.69 1098.76  444.812 1293.19 1054.7  
6030.05 17445 14301.3  3757.16 10837 8935.32  2351.38 6692.85 5558.19  
4585.29 13303.1 10947.1  3233.75 9379.23 7749.82  2341.67 6740.26 5557.3  
4585.29 13303.1 10947.1  3257.02 9453.33 7727.55  2335.02 6718.88 5563.71  
9683.31 28025.1 23010.4  3772.8 10909.7 9011.38  1527.22 4291.64 3583.18  
474.05 1374.84 1122.94  457.92 1329.62 1082.93  444.414 1290 1051.12  
10873.4 30948.5 25733.2  3470.04 10012.3 8288.07  1123.1 3382.8 2700.89  
9683.31 28025.1 23010.4  3822.33 10938 9051.04  1494.47 4278.35 3571.57  
9683.31 28025.1 23010.4  3834.36 10937 9121.92  1482.6 4271.62 3527.48  
13065.1 37553.3 31123.7  2399.5 6902.72 5606.94  438.626 1258.4 1039.23  
1116.74 3179.09 2655.46  1038.73 2959.25 2469.9  966.237 2754.74 2297.3  
14380.6 41103.2 34003.2  1451.56 4380.59 3563.78  150.806 458.747 388.723  
9683.31 28025.1 23010.4  3792.31 10918.5 8984.61  1527.52 4293.89 3625.88  
9683.31 28025.1 23010.4  3834.36 10937 9121.92  1482.6 4271.62 3527.48  
10988.1 31562 26193.3  3454.9 9902.22 8133.63  1072.81 3090.44 2527.77  
10873.4 30948.5 25733.2  3477.2 10170.8 8335.88  1116.43 3246.58 2655.93  
4585.29 13303.1 10947.1  3294.12 9458.11 7826.7  2300.52 6666.12 5507.69  
9683.31 28025.1 23010.4  3784.65 10928.5 9015.2  1512.27 4276.75 3591.54  
10988.1 31562 26193.3  3396.54 9845.55 8084.46  1103.45 3163.81 2550.73  
10873.4 30948.5 25733.2  3481.2 10106.9 8319.56  1116.96 3329.91 2664.19  
14380.6 41103.2 34003.2  1454.93 4364.3 3570.36  147.725 474.541 380.956  
10873.4 30948.5 25733.2  3471.95 10096.9 8238.67  1124.09 3348.78 2734.75  
10873.4 30948.5 25733.2  3471.95 10096.9 8238.67  1120.64 3348.96 2713.77  
9683.31 28025.1 23010.4  3822.91 10918.9 9118.23  1516.69 4289.58 3561.45  
10873.4 30948.5 25733.2  3478.62 10070.6 8271.83  1118.22 3332.46 2693.87  
1116.74 3179.09 2655.46  1031.72 2964.83 2467.24  965.413 2726.3 2281.72  
3836.49 10944.6 9071.26  2900.55 8330.34 6844.13  2205.94 6294.07 5202.1  
