3 200 3
6030.05 17445 14301.3  3758.28 10824.5 8914.33  2320.59 6691.55 5499.2  
6030.05 17445 14301.3  3757.16 10837 8935.32  2339.44 6699.09 5532.5  
6030.05 17445 14301.3  3777.37 10813.9 8954.99  2315.32 6721.13 5518.46  
6030.05 17445 14301.3  3724.64 10776.8 8815.06  2331.02 6733.39 5576.31  
6030.05 17445 14301.3  3758.28 10824.5 8914.33  2320.59 6691.55 5499.2  
6030.05 17445 14301.3  3777.37 10813.9 8954.99  2329.76 6731.2 5564.31  
6030.05 17445 14301.3  3757.16 10837 8935.32  2351.38 6692.85 5558.19  
6030.05 17445 14301.3  3754.22 10796.5 8881.01  2340.54 6714.35 5552.84  
6030.05 17445 14301.3  3721.25 10815 8879.08  2362.91 6724.12 5618.04  
6030.05 17445 14301.3  3776.28 10826.2 8975.61  2334.76 6720.5 5538.11  
6030.05 17445 14301.3  3724.64 10776.8 8815.06  2351.68 6721.81 5577.54  
6030.05 17445 14301.3  3724.64 10776.8 8815.06  2351.68 6721.81 5577.54  
6030.05 17445 14301.3  3777.37 10813.9 8954.99  2346.21 6718.61 5571.17  
6030.05 17445 14301.3  3773.38 10786.5 8922.24  2333.33 6718.16 5537.41  
6030.05 17445 14301.3  3777.37 10813.9 8954.99  2345.53 6726.28 5584  
6030.05 17445 14301.3  3728.77 10805.2 8848.95  2363.94 6729.6 5624.15  
6030.05 17445 14301.3  3750.88 10834.1 8943.97  2355.56 6718.62 5588.17  
6030.05 17445 14301.3  3754.22 10796.5 8881.01  2352.5 6708.09 5578.63  
6030.05 17445 14301.3  3773.38 10786.5 8922.24  2347.73 6729 5583.54  
6030.05 17445 14301.3  3744.99 10753.2 8835.36  2355.99 6724.43 5595.81  
14380.6 41103.2 34003.2  1451.5 4347.19 3552.72  150.578 493.515 398.376  
14380.6 41103.2 34003.2  1444.18 4384.77 3547.33  156.956 451.578 399.223  
14380.6 41103.2 34003.2  1454.93 4364.3 3570.36  147.725 474.541 380.956  
14380.6 41103.2 34003.2  1446.15 4324.03 3530.32  155.708 508.375 417.806  
14380.6 41103.2 34003.2  1454.3 4335.91 3567.06  147.592 499.707 381.269  
14380.6 41103.2 34003.2  1455.79 4346.8 3579.71  147.045 488.175 373.577  
14380.6 41103.2 34003.2  1453.7 4379.44 3594.75  148.596 464.559 360.672  
14380.6 41103.2 34003.2  1451.56 4380.59 3563.78  150.806 458.747 388.723  
14380.6 41103.2 34003.2  1444.18 4384.77 3547.33  157.183 459.218 402.259  
14380.6 41103.2 34003.2  1454.93 4364.3 3570.36  146.832 470.126 376.673  
14380.6 41103.2 34003.2  1456.44 4375.39 3583.25  145.484 460.374 365.298  
14380.6 41103.2 34003.2  1455.38 4351.75 3587.69  146.234 488.075 363.137  
14380.6 41103.2 34003.2  1456.03 4380.43 3591.38  146.782 458.867 363.952  
14380.6 41103.2 34003.2  1454.3 4335.91 3567.06  148.339 498.411 385.77  
14380.6 41103.2 34003.2  1446.15 4324.03 3530.32  155.246 508.359 414.643  
14380.6 41103.2 34003.2  1450.93 4319.1 3549.73  151.251 511.433 398.992  
14380.6 41103.2 34003.2  1448.06 4363.17 3545.82  153.946 474.231 404.841  
14380.6 41103.2 34003.2  1450.93 4319.1 3549.73  151.437 516.754 401.74  
14380.6 41103.2 34003.2  1455.79 4346.8 3579.71  146.612 488.222 370.76  
14380.6 41103.2 34003.2  1453.1 4391.87 3576.9  148.967 445.326 372.954  
474.05 1374.84 1122.94  461.146 1336.69 1098.76  444.812 1293.19 1054.7  
474.05 1374.84 1122.94  461.146 1336.69 1098.76  440.051 1287.31 1043.96  
474.05 1374.84 1122.94  462.055 1335.5 1095.12  444.65 1294.75 1057.35  
474.05 1374.84 1122.94  462.055 1335.5 1095.12  444.785 1293.22 1054.81  
474.05 1374.84 1122.94  460.42 1326.71 1085.42  448.22 1297.29 1065.39  
474.05 1374.84 1122.94  462.055 1335.5 1095.12  439.524 1283.9 1039.96  
474.05 1374.84 1122.94  464.402 1334.2 1100.11  444.223 1289.87 1050.62  
474.05 1374.84 1122.94  457.92 1329.62 1082.93  444.414 1290 1051.12  
474.05 1374.84 1122.94  453.522 1327.06 1076.02  446.971 1287.26 1053.75  
474.05 1374.84 1122.94  457.92 1329.62 1082.93  440.008 1289.07 1047.01  
474.05 1374.84 1122.94  457.504 1334.33 1090.79  447.955 1292.22 1058.75  
474.05 1374.84 1122.94  453.006 1323.51 1071.79  446.986 1287.36 1053.87  
474.05 1374.84 1122.94  461.918 1337.04 1097.7  448.175 1296.98 1065.02  
474.05 1374.84 1122.94  461.918 1337.04 1097.7  448.175 1296.98 1065.02  
474.05 1374.84 1122.94  453.38 1328.66 1078.68  443.428 1284.76 1045.71  
474.05 1374.84 1122.94  457.92 1329.62 1082.93  444.907 1293.4 1055.16  
474.05 1374.84 1122.94  453.38 1328.66 1078.68  450.364 1291.19 1064.03  
474.05 1374.84 1122.94  453.522 1327.06 1076.02  448.073 1292.44 1059.19  
474.05 1374.84 1122.94  461.918 1337.04 1097.7  444.789 1293.18 1054.73  
474.05 1374.84 1122.94  457.504 1334.33 1090.79  446.853 1287.04 1053.31  
10988.1 31562 26193.3  3454.9 9902.22 8133.63  1072.81 3090.44 2527.77  
10988.1 31562 26193.3  3424.59 9853.43 8123.93  1086.6 3149.93 2534.01  
10988.1 31562 26193.3  3396.54 9845.55 8084.46  1103.45 3163.81 2550.73  
10988.1 31562 26193.3  3396.54 9845.55 8084.46  1103.45 3163.81 2550.73  
10988.1 31562 26193.3  3416.09 9889.88 8109.69  1095.69 3130.16 2544.83  
10988.1 31562 26193.3  3447.91 9834.96 8132.72  1068.39 3171.15 2517.72  
10988.1 31562 26193.3  3454.9 9902.22 8133.63  1061.23 3106.93 2522.91  
10988.1 31562 26193.3  3405.38 9809.87 8099.14  1088.68 3155.74 2538.64  
10988.1 31562 26193.3  3416.09 9889.88 8109.69  1095.69 3130.16 2544.83  
10988.1 31562 26193.3  3454.9 9902.22 8133.63  1072.81 3090.44 2527.77  
10988.1 31562 26193.3  3439.25 9883.34 8137.94  1068.52 3094.48 2516.66  
10988.1 31562 26193.3  3449.36 9899.6 8141.17  1072.23 3106.61 2526.5  
10988.1 31562 26193.3  3424.59 9853.43 8123.93  1089.86 3155.23 2535.04  
10988.1 31562 26193.3  3423.59 9789.61 8115.79  1093.11 3187.1 2545.01  
10988.1 31562 26193.3  3446.95 9939.53 8119.56  1063.3 3056.45 2529.28  
10988.1 31562 26193.3  3447.91 9834.96 8132.72  1078.11 3156.89 2530.98  
10988.1 31562 26193.3  3453.35 9837.53 8125.31  1069.49 3149.11 2537.44  
10988.1 31562 26193.3  3423.75 9946.77 8090.92  1094.76 3080.27 2559.77  
10988.1 31562 26193.3  3424.59 9853.43 8123.93  1081.87 3140.22 2529.56  
10988.1 31562 26193.3  3439.25 9883.34 8137.94  1074.55 3108.25 2524.37  
13065.1 37553.3 31123.7  2382.63 6915.53 5599.99  452.445 1247.98 1044.92  
13065.1 37553.3 31123.7  2383.22 6850.5 5622.88  451.961 1300.94 1026.18  
13065.1 37553.3 31123.7  2400.47 6882.67 5634.82  432.543 1278.31 1010.64  
13065.1 37553.3 31123.7  2399.47 6837.69 5628.99  438.652 1311.37 1021.17  
13065.1 37553.3 31123.7  2375.33 6903.79 5597.67  455.026 1263.56 1040.26  
13065.1 37553.3 31123.7  2394.85 6908.61 5625.15  441.538 1245.05 1024.22  
13065.1 37553.3 31123.7  2399.5 6902.72 5606.94  438.626 1258.4 1039.23  
13065.1 37553.3 31123.7  2403.27 6839.51 5623.87  435.347 1301.29 1024.31  
13065.1 37553.3 31123.7  2392.56 6826.55 5626.79  444.115 1311.78 1021.93  
13065.1 37553.3 31123.7  2393.43 6871.33 5632.58  440.327 1290.16 1011.9  
13065.1 37553.3 31123.7  2394.85 6908.61 5625.15  441.539 1256.93 1020.18  
13065.1 37553.3 31123.7  2405.03 6876.88 5616.92  433.903 1271.06 1030  
13065.1 37553.3 31123.7  2375.33 6903.79 5597.67  457.492 1260.89 1042.59  
13065.1 37553.3 31123.7  2386.63 6917.45 5594.59  446.042 1248.69 1048.06  
13065.1 37553.3 31123.7  2386.63 6917.45 5594.59  446.042 1248.69 1048.06  
13065.1 37553.3 31123.7  2405.03 6876.88 5616.92  430.174 1285.26 1025.64  
13065.1 37553.3 31123.7  2405.03 6876.88 5616.92  430.897 1285.6 1024.64  
13065.1 37553.3 31123.7  2403.27 6839.51 5623.87  435.541 1309.88 1025.37  
13065.1 37553.3 31123.7  2403.27 6839.51 5623.87  431.715 1303.41 1024.15  
13065.1 37553.3 31123.7  2382.63 6915.53 5599.99  449.298 1250.23 1043.64  
3836.49 10944.6 9071.26  2906.26 8246.54 6851.68  2211.86 6306.53 5228.86  
3836.49 10944.6 9071.26  2910.61 8384.64 6903.97  2211.7 6314.76 5220.87  
3836.49 10944.6 9071.26  2914.28 8332.43 6891.42  2202.67 6293.59 5190.97  
3836.49 10944.6 9071.26  2909.77 8394.19 6919.88  2218.41 6311.7 5256.64  
3836.49 10944.6 9071.26  2900.55 8330.34 6844.13  2219.33 6352.33 5261  
3836.49 10944.6 9071.26  2907.41 8299.99 6857.43  2219.99 6375.51 5276.75  
3836.49 10944.6 9071.26  2916.47 8362.73 6931.84  2214.54 6303.5 5235.26  
3836.49 10944.6 9071.26  2900.55 8330.34 6844.13  2214.1 6327.59 5235.05  
3836.49 10944.6 9071.26  2913 8278.39 6885.04  2212.92 6411.88 5272.95  
3836.49 10944.6 9071.26  2911.8 8360.59 6938.28  2211.41 6320.47 5212.74  
3836.49 10944.6 9071.26  2911.8 8360.59 6938.28  2213.85 6384.93 5248.12  
3836.49 10944.6 9071.26  2915.97 8298.93 6909.39  2209.54 6294.23 5215.2  
3836.49 10944.6 9071.26  2907.54 8363.35 6878.72  2211.55 6279.08 5222.47  
3836.49 10944.6 9071.26  2907.41 8299.99 6857.43  2215.8 6381.07 5293.59  
3836.49 10944.6 9071.26  2900.55 8330.34 6844.13  2205.94 6294.07 5202.1  
3836.49 10944.6 9071.26  2915.16 8308.15 6924.73  2210.71 6381.23 5232.15  
3836.49 10944.6 9071.26  2909.77 8394.19 6919.88  2211.9 6312.51 5217.11  
3836.49 10944.6 9071.26  2911.8 8360.59 6938.28  2211.41 6320.47 5212.74  
3836.49 10944.6 9071.26  2909.77 8394.19 6919.88  2218.41 6311.7 5256.64  
3836.49 10944.6 9071.26  2915.97 8298.93 6909.39  2205.2 6358.22 5209.46  
10873.4 30948.5 25733.2  3475.78 10200.1 8294.65  1117.7 3223.59 2677.94  
10873.4 30948.5 25733.2  3482.77 10173.4 8328.13  1114.47 3274.74 2673.72  
10873.4 30948.5 25733.2  3471.95 10096.9 8238.67  1124.09 3348.78 2734.75  
10873.4 30948.5 25733.2  3482.16 10095.6 8301.11  1115.36 3348.81 2694.88  
10873.4 30948.5 25733.2  3481.2 10106.9 8319.56  1116.96 3329.91 2664.19  
10873.4 30948.5 25733.2  3471.95 10096.9 8238.67  1120.28 3292.04 2715.63  
10873.4 30948.5 25733.2  3470.57 10031.8 8231.73  1124.52 3370.56 2736.62  
10873.4 30948.5 25733.2  3482.77 10173.4 8328.13  1111.84 3233.33 2646.12  
10873.4 30948.5 25733.2  3471.95 10096.9 8238.67  1119.98 3295.72 2721.58  
10873.4 30948.5 25733.2  3472.1 10174.1 8264.3  1122.18 3295.83 2719.89  
10873.4 30948.5 25733.2  3471.95 10096.9 8238.67  1123.89 3323.13 2725.86  
10873.4 30948.5 25733.2  3482.16 10095.6 8301.11  1116.95 3324 2683.61  
10873.4 30948.5 25733.2  3471.95 10096.9 8238.67  1120.64 3348.96 2713.77  
10873.4 30948.5 25733.2  3472.1 10174.1 8264.3  1124.3 3292.88 2711.22  
10873.4 30948.5 25733.2  3471.95 10096.9 8238.67  1120.28 3292.04 2715.63  
10873.4 30948.5 25733.2  3480.15 10136.4 8279.52  1114.59 3275.76 2675.66  
10873.4 30948.5 25733.2  3477.2 10170.8 8335.88  1116.43 3246.58 2655.93  
10873.4 30948.5 25733.2  3471.95 10096.9 8238.67  1123.24 3336.53 2718.76  
10873.4 30948.5 25733.2  3478.62 10070.6 8271.83  1118.22 3332.46 2693.87  
10873.4 30948.5 25733.2  3470.04 10012.3 8288.07  1123.1 3382.8 2700.89  
1116.74 3179.09 2655.46  1037.32 2929.1 2452.95  963.558 2752.37 2297.59  
1116.74 3179.09 2655.46  1038.73 2959.25 2469.9  966.237 2754.74 2297.3  
1116.74 3179.09 2655.46  1031.72 2964.83 2467.24  965.413 2726.3 2281.72  
1116.74 3179.09 2655.46  1040.37 2960 2467.65  960.326 2724.57 2287.86  
1116.74 3179.09 2655.46  1036.13 2973.81 2471.49  956.665 2715.57 2283.78  
1116.74 3179.09 2655.46  1040.37 2960 2467.65  963.346 2750.24 2296.56  
1116.74 3179.09 2655.46  1035.75 2954.47 2468.94  959.637 2742.41 2292.59  
1116.74 3179.09 2655.46  1032.5 2926.89 2459.58  963.598 2731.2 2289.3  
1116.74 3179.09 2655.46  1040.84 2979.45 2470.18  964.513 2728.29 2286.51  
1116.74 3179.09 2655.46  1037.04 2932.32 2458.32  964.777 2731.52 2287.33  
1116.74 3179.09 2655.46  1035.43 2931.59 2460.52  964.889 2731.57 2287.18  
1116.74 3179.09 2655.46  1035.75 2954.47 2468.94  963.372 2729.31 2288.65  
1116.74 3179.09 2655.46  1041.14 2976.11 2464.61  962.998 2727.84 2288.95  
1116.74 3179.09 2655.46  1037.32 2929.1 2452.95  956.583 2718.62 2285.07  
1116.74 3179.09 2655.46  1028.25 2918.24 2455.48  964.189 2753.12 2297.41  
1116.74 3179.09 2655.46  1031.41 2945.65 2464.76  960.947 2725.54 2288.06  
1116.74 3179.09 2655.46  1040.37 2960 2467.65  963.051 2728.94 2288.74  
1116.74 3179.09 2655.46  1037.04 2932.32 2458.32  963.283 2730.83 2289.39  
1116.74 3179.09 2655.46  1041.14 2976.11 2464.61  966.069 2753.58 2297.67  
1116.74 3179.09 2655.46  1031.41 2945.65 2464.76  960.947 2725.54 2288.06  
4585.29 13303.1 10947.1  3267.31 9451.5 7788.51  2324.72 6720.72 5502.76  
4585.29 13303.1 10947.1  3282.82 9469.98 7784.2  2338.68 6727.2 5544.35  
4585.29 13303.1 10947.1  3284.28 9442.41 7823.53  2329.14 6694.97 5551.24  
4585.29 13303.1 10947.1  3284.28 9442.41 7823.53  2327.22 6722.02 5536.1  
4585.29 13303.1 10947.1  3277.32 9467.46 7791.73  2331.13 6687.78 5560.41  
4585.29 13303.1 10947.1  3270 9413.49 7809.8  2342.37 6743.57 5536.99  
4585.29 13303.1 10947.1  3284.28 9442.41 7823.53  2350.16 6728.5 5558  
4585.29 13303.1 10947.1  3241.25 9434.54 7731.93  2341.46 6697.25 5577.67  
4585.29 13303.1 10947.1  3299.52 9460.58 7819.3  2312.53 6695.88 5527.39  
4585.29 13303.1 10947.1  3299.52 9460.58 7819.3  2304.33 6704.74 5497.09  
4585.29 13303.1 10947.1  3284.28 9442.41 7823.53  2316.87 6701.09 5526.17  
4585.29 13303.1 10947.1  3251.43 9450.77 7735.21  2348.75 6713.16 5586.53  
4585.29 13303.1 10947.1  3270 9413.49 7809.8  2331.3 6730.37 5540.05  
4585.29 13303.1 10947.1  3299.52 9460.58 7819.3  2329.98 6728.13 5539.61  
4585.29 13303.1 10947.1  3251.43 9450.77 7735.21  2326.22 6698.69 5551.53  
4585.29 13303.1 10947.1  3294.12 9458.11 7826.7  2300.52 6666.12 5507.69  
4585.29 13303.1 10947.1  3294.12 9458.11 7826.7  2295.35 6684.18 5484.88  
4585.29 13303.1 10947.1  3267.31 9451.5 7788.51  2355.06 6725.87 5568.11  
4585.29 13303.1 10947.1  3257.02 9453.33 7727.55  2335.02 6718.88 5563.71  
4585.29 13303.1 10947.1  3233.75 9379.23 7749.82  2341.67 6740.26 5557.3  
9683.31 28025.1 23010.4  3814.8 10947.8 9081.12  1512.29 4265.12 3554.3  
9683.31 28025.1 23010.4  3772.8 10909.7 9011.38  1527.22 4291.64 3583.18  
9683.31 28025.1 23010.4  3814.8 10947.8 9081.12  1510.92 4279.93 3579.48  
9683.31 28025.1 23010.4  3784.65 10928.5 9015.2  1524.45 4284.45 3617.89  
9683.31 28025.1 23010.4  3784.65 10928.5 9015.2  1538.34 4272.86 3610.67  
9683.31 28025.1 23010.4  3818.21 10909.8 9017.21  1510.23 4288.07 3592.73  
9683.31 28025.1 23010.4  3822.33 10938 9051.04  1494.47 4278.35 3571.57  
9683.31 28025.1 23010.4  3803.15 10929.4 9077.37  1505.95 4283.58 3555.72  
9683.31 28025.1 23010.4  3803.15 10929.4 9077.37  1520.97 4287.37 3569.9  
9683.31 28025.1 23010.4  3792.31 10918.5 8984.61  1535.3 4289.73 3642.46  
9683.31 28025.1 23010.4  3822.91 10918.9 9118.23  1516.69 4289.58 3561.45  
9683.31 28025.1 23010.4  3784.65 10928.5 9015.2  1532.38 4280.35 3634.21  
9683.31 28025.1 23010.4  3834.36 10937 9121.92  1482.6 4271.62 3527.48  
9683.31 28025.1 23010.4  3821.2 10950.7 9072.34  1516.13 4259.36 3576.14  
9683.31 28025.1 23010.4  3772.8 10909.7 9011.38  1546.71 4300 3634.58  
9683.31 28025.1 23010.4  3792.31 10918.5 8984.61  1507.71 4282.83 3609.95  
9683.31 28025.1 23010.4  3834.36 10937 9121.92  1506.81 4282.28 3570.78  
9683.31 28025.1 23010.4  3792.31 10918.5 8984.61  1527.52 4293.89 3625.88  
9683.31 28025.1 23010.4  3834.36 10937 9121.92  1508.14 4267.69 3546.2  
9683.31 28025.1 23010.4  3784.65 10928.5 9015.2  1512.27 4276.75 3591.54  
