4 50 5
6622.17 15561.5 6622.2 19989.5  3404.14 7934.41 3411 10227.2  1759.68 4057.61 1760.43 5231.71  887.914 2069.08 887.538 2654.45  467.448 1073.1 462.062 1364.68  
11188 26272.8 11218.7 33854.8  2025.35 4589.25 2000.55 5845.55  347.062 784.459 343.701 997.434  61.6232 139.223 59.6469 171.832  10.512 23.9798 10.0945 29.1035  
11188 26272.8 11218.7 33854.8  2004.18 4539.43 1991.86 5821.19  366.524 830.351 351.413 1019.04  62.5027 141.238 60.1998 173.392  11.1819 25.5462 10.444 30.0852  
2309.6 5348.22 2316.74 6922.05  1922.92 4448.57 1919.36 5727.15  1597.94 3724.4 1594.97 4783.54  1325.12 3074.82 1323.4 3955.76  1098.45 2581.15 1098.96 3314.33  
2309.6 5348.22 2316.74 6922.05  1900.9 4394.01 1913.43 5710.43  1597.72 3743.57 1594.86 4801.3  1315.18 3063.23 1321.31 3962.18  1098.5 2547.74 1100.2 3287.7  
11304.3 26189.3 11313.8 33808.8  1919.42 4558.35 1917.92 5804.26  340.336 878.456 334.596 1069.27  58.8347 154.937 56.8878 183.195  10.0439 27.9134 9.80717 32.6742  
3679.55 8557.46 3674.34 11008  2684.63 6208.66 2682.74 8002.38  1950.03 4600.23 1948.04 5891.42  1432.19 3333.56 1438.44 4308.82  1044.84 2449.75 1048.04 3154.13  
5160.17 12074.3 5158.21 15522.4  3211.49 7483.9 3213.19 9635.29  1994.51 4646.67 1995.21 5977.72  1232.97 2888.7 1227.87 3689.85  771.241 1779.44 775.058 2303.89  
3679.55 8557.46 3674.34 11008  2680.51 6264.82 2682.71 8063.73  1963.64 4565.12 1961.55 5870.5  1431.02 3350.6 1429.91 4299.57  1044.29 2432.89 1040.08 3114.1  
4198.86 9853.09 4182.79 12609.7  2916.87 6795.25 2910.82 8726.52  2015.21 4692.73 2014.43 6035.17  1384.35 3224.59 1380.41 4133.72  964.354 2243.02 968.979 2898.99  
1893.89 4448.08 1893.11 5712.1  1622.79 3803.46 1629.44 4910.02  1388.3 3268.82 1392.63 4209.09  1205.12 2833.87 1200.99 3624.2  1035.99 2430.73 1036.92 3124.51  
4198.86 9853.09 4182.79 12609.7  2903.79 6797.79 2908.76 8753.36  2020.75 4694.09 2020.67 6043.43  1379.05 3237.29 1379.34 4154.58  968.391 2236.9 972.047 2893.59  
6622.17 15561.5 6622.2 19989.5  3419.64 7927.61 3427.61 10237.7  1752.13 4060.91 1752.31 5226.55  879.861 2072.83 875.461 2638.03  464.396 1071.36 461.53 1368.56  
11304.3 26189.3 11313.8 33808.8  1929.14 4658.22 1921.83 5883.68  332.912 793.827 330.671 997.65  56.9473 143.301 56.7704 177.097  9.68622 24.6196 9.8694 30.8956  
7753.9 18101.9 7749.59 23282  3348.94 7770.28 3353.36 10017.3  1440.28 3382.5 1437.72 4324.82  617.767 1457.81 616.674 1858.72  269.671 627.533 271.216 808.682  
11196.5 26308.4 11216.3 33859.3  1994.31 4554.66 1977.65 5813.48  367.654 788.296 365.192 1021.67  63.0688 135.647 62.5318 174.392  11.0341 23.2085 10.9118 29.8013  
1893.89 4448.08 1893.11 5712.1  1622.79 3803.46 1629.44 4910.02  1395.86 3287.46 1394.66 4214.81  1217.75 2831.99 1217.46 3645.7  1035.23 2434.75 1030.23 3108.4  
5160.17 12074.3 5158.21 15522.4  3179.36 7446.82 3192.92 9612.16  2006.54 4662.8 1994.61 5962.03  1248.57 2882.68 1249.43 3716.89  774.577 1793.73 774.832 2308.38  
11196.5 26308.4 11216.3 33859.3  1973.95 4506.93 1969.25 5790.02  382.991 829.22 369.84 1038.62  66.5671 140.707 65.1135 179.084  12.4156 24.6639 12.0269 31.4962  
5160.17 12074.3 5158.21 15522.4  3196.62 7493.27 3184.57 9586.69  1980.13 4620.13 1993.4 5981.76  1244.09 2893.95 1244.39 3721.63  774.795 1795.93 774.976 2310.35  
4198.86 9853.09 4182.79 12609.7  2919.02 6798.36 2918.93 8750.45  2006.83 4697.66 2007.8 6038.26  1388.86 3242.33 1390.76 4172.77  962.813 2230.99 961.287 2866.76  
3679.55 8557.46 3674.34 11008  2680.31 6267.59 2671.61 8030.75  1960.14 4580.65 1960.48 5889.68  1434.61 3333.77 1436.15 4295.75  1040.72 2448.81 1041.86 3143.07  
1893.89 4448.08 1893.11 5712.1  1622.79 3803.46 1629.44 4910.02  1395.86 3287.46 1394.66 4214.81  1217.75 2831.99 1217.46 3645.7  1035.23 2434.75 1030.23 3108.4  
11188 26272.8 11218.7 33854.8  2021.14 4578.87 2000.47 5845.45  348.946 793.743 342.11 996.487  63.6779 140.448 61.035 172.702  10.9017 24.1193 10.4504 29.4777  
11196.5 26308.4 11216.3 33859.3  1994.31 4554.66 1977.65 5813.48  367.654 788.296 365.192 1021.67  63.0688 135.647 62.5318 174.392  11.0341 23.2085 10.9118 29.8013  
1893.89 4448.08 1893.11 5712.1  1622.79 3803.46 1629.44 4910.02  1388.3 3268.82 1392.63 4209.09  1205.12 2833.87 1200.99 3624.2  1035.99 2430.73 1036.92 3124.51  
2309.6 5348.22 2316.74 6922.05  1903.07 4423.24 1914.85 5736.68  1596.86 3716.66 1597.88 4788.49  1329.03 3097.15 1326.42 3976.77  1090.39 2528.4 1095.34 3273.54  
11188 26272.8 11218.7 33854.8  2021.14 4578.87 2000.47 5845.45  352.491 797.696 344.282 998.917  59.8982 136.726 58.4974 169.855  11.0518 23.7001 10.7579 29.7304  
4198.86 9853.09 4182.79 12609.7  2903.79 6797.79 2908.76 8753.36  2020.75 4694.09 2020.67 6043.43  1379.05 3237.29 1379.34 4154.58  968.391 2236.9 972.047 2893.59  
11188 26272.8 11218.7 33854.8  2025.35 4589.25 2000.55 5845.55  347.062 784.459 343.701 997.434  61.6232 139.223 59.6469 171.832  10.512 23.9798 10.0945 29.1035  
11304.3 26189.3 11313.8 33808.8  1924.97 4573.89 1915.24 5795.91  335.849 870.863 336.126 1078.12  57.9091 148.359 57.6682 182.268  9.94859 26.7052 10.0879 32.8343  
11188 26272.8 11218.7 33854.8  2014.08 4562.26 1997.57 5837.33  356.929 812.846 344.538 1003.26  62.9119 138.382 61.4243 173.817  10.7926 23.8168 10.5176 29.6693  
11188 26272.8 11218.7 33854.8  2005.02 4566.48 1987.93 5831.36  364.149 808.621 352.944 1009.53  64.0042 138.19 62.1402 173.385  11.3952 23.8165 10.9807 29.7767  
2309.6 5348.22 2316.74 6922.05  1900.9 4394.01 1913.43 5710.43  1597.72 3743.57 1594.86 4801.3  1315.18 3063.23 1321.31 3962.18  1098.5 2547.74 1100.2 3287.7  
11304.3 26189.3 11313.8 33808.8  1930.42 4662.44 1919.21 5875.68  331.594 789.995 331.887 1001.36  56.9253 141.992 58.1398 180.573  9.71256 25.4416 9.9198 31.7516  
11304.3 26189.3 11313.8 33808.8  1926.64 4600.95 1924.49 5846.9  334.722 840.371 327.534 1024.94  57.5136 152.146 57.17 184.923  9.81102 26.6572 9.95827 32.7113  
6622.17 15561.5 6622.2 19989.5  3392.44 7906.18 3406.12 10213.2  1751.33 4060.37 1751.77 5225.98  913.285 2095.67 906.651 2680.56  456.765 1064.98 452.928 1352.91  
3679.55 8557.46 3674.34 11008  2682.79 6202.82 2686.53 8013.71  1957.58 4566.99 1963.15 5892.01  1433.29 3333.58 1430.43 4280.27  1045.87 2468.03 1043.72 3154.36  
11188 26272.8 11218.7 33854.8  2004.18 4539.43 1991.86 5821.19  364.845 831.043 349.711 1017.97  64.194 141.383 61.7794 174.76  11.3723 25.1737 10.67 30.0775  
2309.6 5348.22 2316.74 6922.05  1916 4478.67 1919.25 5770.97  1599.11 3719.31 1594.99 4776.12  1327.35 3090.18 1324.32 3967.55  1097.62 2542.8 1100.33 3285.59  
1893.89 4448.08 1893.11 5712.1  1639.19 3822.39 1639.79 4921.84  1410.24 3289.97 1404.95 4216.2  1196.63 2819.66 1199.42 3626.31  1046.39 2435.17 1047.08 3136.71  
11196.5 26308.4 11216.3 33859.3  1988.36 4514.89 1984.32 5811.78  366.12 815.632 354.678 1016.69  67.8731 144.672 64.5104 178.035  13.0491 25.8313 12.3192 32.1268  
5160.17 12074.3 5158.21 15522.4  3211.49 7483.9 3213.19 9635.29  1994.51 4646.67 1995.21 5977.72  1232.97 2888.7 1227.87 3689.85  771.241 1779.44 775.058 2303.89  
3679.55 8557.46 3674.34 11008  2679.7 6228.05 2688.2 8049.7  1954.65 4580.89 1942.41 5844.32  1435.29 3341.25 1438.54 4308.82  1043.93 2449.85 1039.38 3128.26  
3679.55 8557.46 3674.34 11008  2674.96 6250.67 2682.6 8063.62  1956.22 4570.74 1960.12 5888.75  1436.04 3339.42 1429.25 4275.22  1046.91 2450.34 1047.34 3147.43  
7753.9 18101.9 7749.59 23282  3342.67 7801.61 3332.52 9993.52  1436.2 3365.88 1438.6 4322.29  625.223 1444.34 633.545 1883.09  271.605 624.308 272.765 806.099  
11196.5 26308.4 11216.3 33859.3  1994.31 4554.66 1977.65 5813.48  367.654 788.296 365.192 1021.67  63.0688 135.647 62.5318 174.392  11.0341 23.2085 10.9118 29.8013  
11304.3 26189.3 11313.8 33808.8  1930.42 4662.44 1919.21 5875.68  331.594 789.995 331.887 1001.36  56.9253 141.992 58.1398 180.573  9.71256 25.4416 9.9198 31.7516  
2309.6 5348.22 2316.74 6922.05  1900.9 4394.01 1913.43 5710.43  1597.72 3743.57 1594.86 4801.3  1315.18 3063.23 1321.31 3962.18  1098.5 2547.74 1100.2 3287.7  
5160.17 12074.3 5158.21 15522.4  3175.44 7482.01 3168.98 9576.38  2004.01 4636.91 2011.88 6000  1251.02 2879.18 1251.96 3716.07  771.111 1800.23 767.878 2300.17  
