4 150 5
5160.17 12074.3 5158.21 15522.4  3213.63 7490.64 3208.81 9622.2  1998.65 4631.79 1998.27 5964.1  1231.5 2893.09 1231.74 3709.92  766.146 1792.84 768.766 2308.04  
5160.17 12074.3 5158.21 15522.4  3217.28 7457.18 3219.91 9618.68  1968.67 4651.61 1967.87 5955.3  1241.43 2898.27 1239.01 3714.58  772.327 1796.05 773.303 2310.93  
5160.17 12074.3 5158.21 15522.4  3175.44 7482.01 3168.98 9576.38  2004.01 4636.91 2011.88 6000  1251.02 2879.18 1251.96 3716.07  771.111 1800.23 767.878 2300.17  
5160.17 12074.3 5158.21 15522.4  3175.44 7482.01 3168.98 9576.38  2004.01 4636.91 2011.88 6000  1233.93 2886.26 1233.8 3704.55  781.116 1796.09 778.428 2306.74  
5160.17 12074.3 5158.21 15522.4  3196.62 7493.27 3184.57 9586.69  2005.11 4630.81 2007.46 5977.54  1237.75 2881.02 1245.06 3727.03  763.56 1786.43 768.286 2306.74  
5160.17 12074.3 5158.21 15522.4  3219.46 7464.04 3215.44 9605.37  1996.43 4641.84 1995.75 5970.46  1222.6 2880.1 1230.04 3713.77  772.172 1804.19 770.539 2309.78  
5160.17 12074.3 5158.21 15522.4  3211.26 7487.22 3199.9 9595.89  1995.93 4649.6 1997.51 5984.52  1240.49 2872.41 1245.67 3714.52  763.114 1791.24 767.126 2308.5  
5160.17 12074.3 5158.21 15522.4  3179.36 7446.82 3192.92 9612.16  1986.6 4637.64 1990.25 5972.11  1253.49 2885.52 1251.03 3713.03  778.818 1809.43 771.057 2300.57  
5160.17 12074.3 5158.21 15522.4  3211.49 7483.9 3213.19 9635.29  1994.51 4646.67 1995.21 5977.72  1232.97 2888.7 1227.87 3689.85  771.241 1779.44 775.058 2303.89  
5160.17 12074.3 5158.21 15522.4  3175.44 7482.01 3168.98 9576.38  1999.02 4651.19 2002.22 5993.89  1250.28 2867.17 1255.57 3718.34  778.273 1790.69 778.697 2309.32  
5160.17 12074.3 5158.21 15522.4  3196.62 7493.27 3184.57 9586.69  1980.13 4620.13 1993.4 5981.76  1244.09 2893.95 1244.39 3721.63  774.795 1795.93 774.976 2310.35  
5160.17 12074.3 5158.21 15522.4  3198.96 7496.63 3193.32 9612.54  1976.81 4640.68 1975.18 5949.72  1247.57 2876.02 1253.98 3727.78  779.33 1787.44 779.246 2305.59  
5160.17 12074.3 5158.21 15522.4  3179.36 7446.82 3192.92 9612.16  2006.54 4662.8 1994.61 5962.03  1248.57 2882.68 1249.43 3716.89  774.577 1793.73 774.832 2308.38  
5160.17 12074.3 5158.21 15522.4  3198.96 7496.63 3193.32 9612.54  1986.08 4635.35 1992.96 5980.12  1231.84 2881.32 1231.77 3698.4  781.253 1785.82 782.011 2308.4  
5160.17 12074.3 5158.21 15522.4  3193.68 7439.94 3208.4 9621.81  1997.11 4652.8 1996.94 5982.76  1236.25 2895.35 1234.01 3707.91  777.392 1795.32 773.921 2300.28  
3679.55 8557.46 3674.34 11008  2674.56 6256.22 2660.4 7997.67  1960.24 4581.63 1958.04 5882.45  1435.06 3335.01 1435.77 4294.57  1045.88 2432.74 1054.28 3156.2  
3679.55 8557.46 3674.34 11008  2685.34 6242.45 2688.31 8049.81  1958.78 4587.43 1955.99 5884.55  1432.65 3335.63 1434.85 4297.96  1046.92 2442.57 1046.14 3136.37  
3679.55 8557.46 3674.34 11008  2679.7 6228.05 2688.2 8049.7  1962.53 4570.78 1962.79 5882.41  1430.15 3336.24 1432.98 4298.5  1048.11 2450.74 1044.84 3136.83  
3679.55 8557.46 3674.34 11008  2682.3 6270.46 2679.05 8052.77  1953.95 4569.48 1944.85 5843.48  1431.76 3325.26 1440.29 4308.16  1047.5 2426.04 1046.44 3120.77  
3679.55 8557.46 3674.34 11008  2682.79 6202.82 2686.53 8013.71  1957.58 4566.99 1963.15 5892.01  1433.29 3333.58 1430.43 4280.27  1045.87 2468.03 1043.72 3154.36  
3679.55 8557.46 3674.34 11008  2680.31 6267.59 2671.61 8030.75  1960.14 4580.65 1960.48 5889.68  1434.61 3333.77 1436.15 4295.75  1040.72 2448.81 1041.86 3143.07  
3679.55 8557.46 3674.34 11008  2679.7 6228.05 2688.2 8049.7  1958.11 4564.39 1946.22 5833.3  1435.33 3348.75 1435.52 4305.8  1041.24 2459.83 1041.41 3150.45  
3679.55 8557.46 3674.34 11008  2680.51 6264.82 2682.71 8063.73  1963.64 4565.12 1961.55 5870.5  1431.02 3350.6 1429.91 4299.57  1044.29 2432.89 1040.08 3114.1  
3679.55 8557.46 3674.34 11008  2679.29 6233.7 2665.62 7982.61  1954.76 4579.37 1948.43 5862.24  1434.99 3322.07 1440.02 4296.57  1048.31 2448.48 1054.36 3165.19  
3679.55 8557.46 3674.34 11008  2682.3 6270.46 2679.05 8052.77  1950.66 4583.55 1949.03 5877.85  1436.64 3332.23 1437.23 4293.01  1048.16 2434.77 1051.33 3143.06  
3679.55 8557.46 3674.34 11008  2679.7 6228.05 2688.2 8049.7  1954.65 4580.89 1942.41 5844.32  1435.29 3341.25 1438.54 4308.82  1043.93 2449.85 1039.38 3128.26  
3679.55 8557.46 3674.34 11008  2684.63 6208.66 2682.74 8002.38  1950.03 4600.23 1948.04 5891.42  1432.19 3333.56 1438.44 4308.82  1044.84 2449.75 1048.04 3154.13  
3679.55 8557.46 3674.34 11008  2682.58 6205.69 2675.05 7979.6  1959.73 4549.83 1956.63 5849.78  1433.15 3355.58 1438.25 4326.2  1045.58 2439.32 1049.38 3147.18  
3679.55 8557.46 3674.34 11008  2674.96 6250.67 2682.6 8063.62  1956.22 4570.74 1960.12 5888.75  1436.04 3339.42 1429.25 4275.22  1046.91 2450.34 1047.34 3147.43  
3679.55 8557.46 3674.34 11008  2679.7 6228.05 2688.2 8049.7  1959 4587.17 1958.7 5892.59  1431.43 3353.03 1425.24 4285.66  1046.93 2425.23 1044.31 3114.49  
2309.6 5348.22 2316.74 6922.05  1903.07 4423.24 1914.85 5736.68  1591.22 3702.91 1595.53 4781.72  1320.91 3044.15 1321.35 3931.21  1098.27 2552.82 1099.84 3291.79  
2309.6 5348.22 2316.74 6922.05  1903.07 4423.24 1914.85 5736.68  1596.86 3716.66 1597.88 4788.49  1329.03 3097.15 1326.42 3976.77  1090.39 2528.4 1095.34 3273.54  
2309.6 5348.22 2316.74 6922.05  1917.49 4433.9 1921.98 5735.17  1594.42 3714.87 1596.67 4788.74  1317.93 3040.4 1319.95 3930.28  1090.24 2536.34 1095.43 3281.55  
2309.6 5348.22 2316.74 6922.05  1923.43 4472.78 1923.34 5761.09  1586.11 3670.62 1592.98 4756.02  1325.01 3107.66 1323.04 3985.02  1095 2539.36 1098.55 3282.95  
2309.6 5348.22 2316.74 6922.05  1914.48 4403.63 1915.5 5693.55  1581.37 3687.26 1590.78 4775.54  1322.23 3086.79 1325.5 3980.58  1098.94 2568.26 1100.59 3306.72  
2309.6 5348.22 2316.74 6922.05  1910.59 4417.1 1919.1 5726.9  1595.59 3717.7 1597.16 4790.14  1321.79 3050.1 1320.41 3931.49  1102.43 2566.14 1100.7 3296.77  
2309.6 5348.22 2316.74 6922.05  1900.9 4394.01 1913.43 5710.43  1600.17 3710 1594.88 4764.76  1323.7 3107.31 1324.34 3992.08  1095.93 2572.14 1098.18 3309.55  
2309.6 5348.22 2316.74 6922.05  1900.9 4394.01 1913.43 5710.43  1597.72 3743.57 1594.86 4801.3  1315.18 3063.23 1321.31 3962.18  1098.5 2547.74 1100.2 3287.7  
2309.6 5348.22 2316.74 6922.05  1914.48 4403.63 1915.5 5693.55  1581.37 3687.26 1590.78 4775.54  1320.84 3066.76 1324.58 3962.6  1093.82 2531.08 1096.2 3270.72  
2309.6 5348.22 2316.74 6922.05  1922.92 4448.57 1919.36 5727.15  1593.99 3734.32 1593.85 4798.45  1322.05 3063.02 1325.39 3958.8  1088.71 2526.93 1095.43 3276.49  
2309.6 5348.22 2316.74 6922.05  1922.92 4448.57 1919.36 5727.15  1597.94 3724.4 1594.97 4783.54  1325.12 3074.82 1323.4 3955.76  1098.45 2581.15 1098.96 3314.33  
2309.6 5348.22 2316.74 6922.05  1923.43 4472.78 1923.34 5761.09  1590.6 3721.79 1593.11 4792.62  1320.46 3040.17 1320.38 3925.36  1096.17 2558.69 1099.74 3301.75  
2309.6 5348.22 2316.74 6922.05  1910.3 4392.97 1915.42 5693.46  1595.64 3721.76 1597.78 4795.81  1327.65 3084.61 1323.59 3959.37  1103.27 2582.49 1099.89 3307.03  
2309.6 5348.22 2316.74 6922.05  1921.6 4444.38 1922.07 5735.26  1586.42 3675.35 1593.2 4760.37  1324.86 3093.4 1325.93 3981.71  1099.24 2555.36 1099.89 3291.87  
2309.6 5348.22 2316.74 6922.05  1916 4478.67 1919.25 5770.97  1599.11 3719.31 1594.99 4776.12  1327.35 3090.18 1324.32 3967.55  1097.62 2542.8 1100.33 3285.59  
6622.17 15561.5 6622.2 19989.5  3429.02 7952.71 3423.07 10223.9  1739.63 4052.16 1746.03 5227.9  892.102 2066.65 895.485 2667.94  463.061 1068 459.34 1361.54  
6622.17 15561.5 6622.2 19989.5  3419.64 7927.61 3427.61 10237.7  1752.13 4060.91 1752.31 5226.55  879.861 2072.83 875.461 2638.03  464.396 1071.36 461.53 1368.56  
6622.17 15561.5 6622.2 19989.5  3410.87 7955.49 3397.21 10186.2  1739.15 4051.94 1745.25 5226.54  897.598 2068.84 902.778 2680.48  465.997 1063.59 465.15 1369.32  
6622.17 15561.5 6622.2 19989.5  3379.21 7919.32 3384.96 10188.5  1775.52 4074.18 1773.23 5250.72  903.733 2085.11 898.424 2667.02  461.665 1057.92 464.419 1371.78  
6622.17 15561.5 6622.2 19989.5  3426.74 7945.56 3427.75 10237.8  1744.31 4064.66 1743.83 5221.17  896.447 2077.86 894.391 2664.53  456.734 1058.3 456.425 1358.22  
6622.17 15561.5 6622.2 19989.5  3388.26 7943.53 3380.58 10175.2  1771.1 4062.36 1775.37 5257.22  905.673 2076.45 907.596 2683.89  458.487 1056.11 461.052 1366.86  
6622.17 15561.5 6622.2 19989.5  3379.21 7919.32 3384.96 10188.5  1754.31 4071.33 1744.08 5204.68  909.095 2073.57 914.94 2696.57  468.444 1069.02 467.646 1376.47  
6622.17 15561.5 6622.2 19989.5  3385.82 7940.02 3371.42 10148.2  1752.39 4063.01 1755.35 5238.08  905.067 2076.38 906.701 2682.67  474.077 1063.77 478.023 1391.42  
6622.17 15561.5 6622.2 19989.5  3386.06 7936.63 3385.1 10188.6  1763.97 4070.8 1757.36 5224.11  906.678 2079.23 908.532 2687.12  466.226 1056.88 470.096 1378.2  
6622.17 15561.5 6622.2 19989.5  3411.12 7952.03 3411.15 10227.3  1742.31 4038.07 1749.33 5219.12  909.179 2086.04 904.151 2673.39  456.307 1057.17 457.02 1359.99  
6622.17 15561.5 6622.2 19989.5  3392.44 7906.18 3406.12 10213.2  1751.33 4060.37 1751.77 5225.98  913.285 2095.67 906.651 2680.56  456.765 1064.98 452.928 1352.91  
6622.17 15561.5 6622.2 19989.5  3410.87 7955.49 3397.21 10186.2  1721.43 4032.9 1726.95 5192.22  906.135 2078.11 911.609 2697.18  473.946 1069.99 475.24 1388.63  
6622.17 15561.5 6622.2 19989.5  3404.14 7934.41 3411 10227.2  1759.68 4057.61 1760.43 5231.71  887.914 2069.08 887.538 2654.45  467.448 1073.1 462.062 1364.68  
6622.17 15561.5 6622.2 19989.5  3379.21 7919.32 3384.96 10188.5  1757.73 4053.98 1762.04 5238.05  907.435 2082 906.217 2680.27  473.536 1075.55 468.385 1372.95  
6622.17 15561.5 6622.2 19989.5  3388.26 7943.53 3380.58 10175.2  1749.95 4059.5 1746.18 5211.11  900.218 2063.73 909.064 2689.72  475.138 1066.58 477.505 1389.86  
4198.86 9853.09 4182.79 12609.7  2903.58 6800.74 2896.88 8718.15  2020.82 4693.18 2024.34 6054.32  1388.4 3240.12 1394.33 4183.38  959.043 2234.2 957.321 2865.93  
4198.86 9853.09 4182.79 12609.7  2887.25 6767.45 2868.84 8635.72  2001.79 4698.05 2007.77 6050.83  1399.28 3248.92 1408.06 4209.95  961.491 2239.89 963.398 2885.06  
4198.86 9853.09 4182.79 12609.7  2910.61 6782.92 2898.61 8690.57  1994.65 4693.27 1998.69 6033.96  1386.35 3231.12 1382.45 4141.75  972.026 2244.65 976.958 2907.97  
4198.86 9853.09 4182.79 12609.7  2882.46 6784.62 2886.55 8720.26  2001.8 4690.67 1996.94 6008.83  1390.45 3239.59 1395.21 4180.88  977.968 2243.34 980.006 2902.45  
4198.86 9853.09 4182.79 12609.7  2919.02 6798.36 2918.93 8750.45  2006.83 4697.66 2007.8 6038.26  1388.86 3242.33 1390.76 4172.77  962.813 2230.99 961.287 2866.76  
4198.86 9853.09 4182.79 12609.7  2882.25 6787.52 2874.88 8685.69  1997.68 4681.55 1992.28 5995.39  1394.1 3233.31 1391.59 4154.99  977.532 2245.2 987.512 2929.29  
4198.86 9853.09 4182.79 12609.7  2903.79 6797.79 2908.76 8753.36  2020.75 4694.09 2020.67 6043.43  1379.05 3237.29 1379.34 4154.58  968.391 2236.9 972.047 2893.59  
4198.86 9853.09 4182.79 12609.7  2916.87 6795.25 2910.82 8726.52  2015.37 4690.65 2022.8 6059.97  1384.3 3225.23 1377.86 4126.16  959.998 2244.31 966.503 2902.59  
4198.86 9853.09 4182.79 12609.7  2882.25 6787.52 2874.88 8685.69  2021.57 4686.6 2016.99 6022.85  1391.68 3241.87 1391.83 4169.26  959.301 2239.41 963.687 2890.8  
4198.86 9853.09 4182.79 12609.7  2919.02 6798.36 2918.93 8750.45  1986.47 4678.22 1978.94 5975.64  1394.22 3245.48 1401.52 4197.72  958.08 2236.58 962.816 2888.15  
4198.86 9853.09 4182.79 12609.7  2882.46 6784.62 2886.55 8720.26  1997.61 4682.44 1988.75 5984.84  1408.35 3247.22 1409.46 4191.33  968.575 2244.3 970.74 2895.89  
4198.86 9853.09 4182.79 12609.7  2900.25 6761.37 2882.29 8642.61  2020.5 4701.13 2031.62 6085.95  1389.52 3249.84 1396.58 4196.97  962.554 2245.91 965.504 2894.72  
4198.86 9853.09 4182.79 12609.7  2903.58 6800.74 2896.88 8718.15  2014.99 4682.52 2010.25 6012.88  1397.49 3243.69 1403.56 4194.8  965.182 2239.6 970.127 2897.54  
4198.86 9853.09 4182.79 12609.7  2916.87 6795.25 2910.82 8726.52  2015.21 4692.73 2014.43 6035.17  1384.35 3224.59 1380.41 4133.72  964.354 2243.02 968.979 2898.99  
4198.86 9853.09 4182.79 12609.7  2876.21 6775.62 2863.09 8651.01  2029.28 4700.96 2034.77 6075.07  1400.5 3244.28 1402.51 4184.85  967.652 2239.47 974.641 2906.11  
11188 26272.8 11218.7 33854.8  2021.14 4578.87 2000.47 5845.45  348.946 793.743 342.11 996.487  63.6779 140.448 61.035 172.702  10.9017 24.1193 10.4504 29.4777  
11188 26272.8 11218.7 33854.8  2005.02 4566.48 1987.93 5831.36  363.783 803.2 354.134 1009.17  63.3063 141.216 60.438 172.316  12.2831 25.9623 11.3661 30.9634  
11188 26272.8 11218.7 33854.8  2021.14 4578.87 2000.47 5845.45  352.491 797.696 344.282 998.917  60.5073 137.412 58.8702 170.279  10.6163 23.4128 10.4451 29.4717  
11188 26272.8 11218.7 33854.8  2004.18 4539.43 1991.86 5821.19  366.524 830.351 351.413 1019.04  62.5027 141.238 60.1998 173.392  11.1819 25.5462 10.444 30.0852  
11188 26272.8 11218.7 33854.8  2014.08 4562.26 1997.57 5837.33  356.929 812.846 344.538 1003.26  62.9119 138.382 61.4243 173.817  10.7926 23.8168 10.5176 29.6693  
11188 26272.8 11218.7 33854.8  1997.2 4574.09 1975.58 5817.14  365.858 796.207 359.824 1015.97  68.5234 141.891 66.1401 179.117  12.7552 24.8168 12.216 31.5075  
11188 26272.8 11218.7 33854.8  2025.35 4589.25 2000.55 5845.55  344.851 788.24 339.928 993.991  62.9407 135.736 62.3769 174.26  11.4353 24.0374 11.0745 30.1734  
11188 26272.8 11218.7 33854.8  2005.02 4566.48 1987.93 5831.36  364.149 808.621 352.944 1009.53  64.0042 138.19 62.1402 173.385  11.3952 23.8165 10.9807 29.7767  
11188 26272.8 11218.7 33854.8  2004.18 4539.43 1991.86 5821.19  364.845 831.043 349.711 1017.97  64.194 141.383 61.7794 174.76  11.3723 25.1737 10.67 30.0775  
11188 26272.8 11218.7 33854.8  2025.35 4589.25 2000.55 5845.55  347.062 784.459 343.701 997.434  61.6232 139.223 59.6469 171.832  10.512 23.9798 10.0945 29.1035  
11188 26272.8 11218.7 33854.8  1997.2 4574.09 1975.58 5817.14  367.113 799.006 360.333 1017.35  68.1882 140.286 66.1423 178.443  12.0208 23.8846 11.793 30.9294  
11188 26272.8 11218.7 33854.8  2021.14 4578.87 2000.47 5845.45  352.491 797.696 344.282 998.917  59.8982 136.726 58.4974 169.855  11.0518 23.7001 10.7579 29.7304  
11188 26272.8 11218.7 33854.8  2025.35 4589.25 2000.55 5845.55  342.975 783.759 339.435 992.641  64.225 139.661 62.3924 174.941  11.7991 24.2369 11.4193 30.6003  
11188 26272.8 11218.7 33854.8  2016.1 4592.99 1990.86 5839.43  355.27 787.353 350.055 1001.5  62.2687 133.257 62.3198 173.297  11.0378 23.7428 10.7483 29.7827  
11188 26272.8 11218.7 33854.8  2011.96 4582.8 1990.78 5839.33  358.68 795.809 350.123 1001.58  62.1257 134.564 61.5564 172.461  11.7558 24.101 11.387 30.4829  
11304.3 26189.3 11313.8 33808.8  1921.73 4613.56 1922.94 5865.07  337.566 821.987 329.099 1006.97  59.0058 157.052 57.2802 185.862  10.2394 26.9323 9.85668 31.5116  
11304.3 26189.3 11313.8 33808.8  1923.62 4569.45 1918 5804.33  337.221 866.189 332.89 1059.82  57.5552 153.927 58.1107 189.772  10.234 29.8074 10.124 34.9488  
11304.3 26189.3 11313.8 33808.8  1930.42 4662.44 1919.21 5875.68  331.594 789.995 331.887 1001.36  56.9253 141.992 58.1398 180.573  9.71256 25.4416 9.9198 31.7516  
11304.3 26189.3 11313.8 33808.8  1924.97 4573.89 1915.24 5795.91  335.849 870.863 336.126 1078.12  57.9091 148.359 57.6682 182.268  9.94859 26.7052 10.0879 32.8343  
11304.3 26189.3 11313.8 33808.8  1930.63 4614.07 1916.35 5822.05  330.483 835.709 335.196 1056.44  57.6695 144.245 57.5227 178.614  9.84212 25.6332 10.0421 31.9817  
11304.3 26189.3 11313.8 33808.8  1932.61 4641.46 1925.85 5873.41  328.837 813.082 327.33 1013.85  57.3934 140.271 56.414 172.159  9.81223 25.0549 9.60709 30.087  
11304.3 26189.3 11313.8 33808.8  1924.97 4573.89 1915.24 5795.91  336.452 867.692 336.828 1076.19  57.4093 150.955 57.0884 183.844  9.8482 27.4282 9.9862 33.3848  
11304.3 26189.3 11313.8 33808.8  1932.47 4643.62 1917.76 5848.91  329.861 813.888 333.581 1032.75  56.7183 138.731 57.9757 177.574  9.68754 24.2884 9.83355 30.4731  
11304.3 26189.3 11313.8 33808.8  1919.71 4583.5 1921.61 5838.48  338.893 854.586 331.044 1039.49  59.5326 152.322 56.6573 178.486  10.4463 29.0852 9.88244 32.8985  
11304.3 26189.3 11313.8 33808.8  1930.42 4662.44 1919.21 5875.68  330.647 795.759 332.826 1011.97  57.6598 138.66 57.2797 172.924  9.89764 23.6183 9.86156 29.4554  
11304.3 26189.3 11313.8 33808.8  1926.64 4600.95 1924.49 5846.9  334.722 840.371 327.534 1024.94  57.5136 152.146 57.17 184.923  9.81102 26.6572 9.95827 32.7113  
11304.3 26189.3 11313.8 33808.8  1924.97 4573.89 1915.24 5795.91  334.882 854.155 335.456 1063.44  58.5894 161.577 58.4692 195.131  10.1777 29.8683 9.96589 34.5538  
11304.3 26189.3 11313.8 33808.8  1929.14 4658.22 1921.83 5883.68  332.912 793.827 330.671 997.65  56.9473 143.301 56.7704 177.097  9.68622 24.6196 9.8694 30.8956  
11304.3 26189.3 11313.8 33808.8  1930.63 4614.07 1916.35 5822.05  331.387 838.373 334.75 1055  57.018 143.042 58.0971 181.14  9.69167 24.74 9.97037 31.3298  
11304.3 26189.3 11313.8 33808.8  1919.42 4558.35 1917.92 5804.26  340.336 878.456 334.596 1069.27  58.8347 154.937 56.8878 183.195  10.0439 27.9134 9.80717 32.6742  
1893.89 4448.08 1893.11 5712.1  1631.6 3827.17 1625.18 4897.02  1411.3 3289.3 1406.98 4219.65  1199.87 2826.45 1196.35 3614.94  1042.77 2437.78 1042.77 3133.86  
1893.89 4448.08 1893.11 5712.1  1622.79 3803.46 1629.44 4910.02  1395.86 3287.46 1394.66 4214.81  1203.3 2828.81 1202.32 3628.18  1037.97 2436.26 1035.12 3119.09  
1893.89 4448.08 1893.11 5712.1  1619.62 3819.73 1612.84 4878.79  1406.53 3293 1401.95 4218.14  1216.62 2830.2 1213.72 3634.68  1034.35 2431.95 1032.02 3113.79  
1893.89 4448.08 1893.11 5712.1  1639.19 3822.39 1639.79 4921.84  1390.79 3277.66 1393.18 4213.12  1204 2816.69 1208.55 3635.53  1036.31 2436.68 1033.04 3116.67  
1893.89 4448.08 1893.11 5712.1  1628.39 3817.03 1631.78 4916.73  1405.42 3291.94 1405.07 4229.87  1210.89 2834.28 1208.17 3634.06  1046.58 2433.6 1046.96 3134.42  
1893.89 4448.08 1893.11 5712.1  1635.8 3813.76 1639.72 4921.78  1394.07 3286.03 1393.24 4213.18  1216.1 2832.01 1211.19 3629.39  1039.51 2431.78 1041.96 3133.44  
1893.89 4448.08 1893.11 5712.1  1622.79 3803.46 1629.44 4910.02  1409.71 3283.72 1412.17 4235.1  1211.07 2837.33 1207.5 3634.27  1034.31 2433.48 1033.37 3119.54  
1893.89 4448.08 1893.11 5712.1  1622.79 3803.46 1629.44 4910.02  1395.86 3287.46 1394.66 4214.81  1217.75 2831.99 1217.46 3645.7  1035.23 2434.75 1030.23 3108.4  
1893.89 4448.08 1893.11 5712.1  1619.62 3819.73 1612.84 4878.79  1398.94 3272.59 1405.62 4229.34  1215.25 2825.4 1218.2 3647.99  1036.34 2436.55 1033.7 3118.66  
1893.89 4448.08 1893.11 5712.1  1639.07 3824.09 1633.01 4901.72  1410.36 3288.28 1411.73 4236.32  1208.72 2833.81 1207.07 3635.25  1032.23 2431.5 1028.82 3108.02  
1893.89 4448.08 1893.11 5712.1  1639.19 3822.39 1639.79 4921.84  1410.24 3289.97 1404.95 4216.2  1196.63 2819.66 1199.42 3626.31  1046.39 2435.17 1047.08 3136.71  
1893.89 4448.08 1893.11 5712.1  1622.79 3803.46 1629.44 4910.02  1388.3 3268.82 1392.63 4209.09  1205.12 2833.87 1200.99 3624.2  1035.99 2430.73 1036.92 3124.51  
1893.89 4448.08 1893.11 5712.1  1635.8 3813.76 1639.72 4921.78  1394.07 3286.03 1393.24 4213.18  1202.53 2830.03 1199.49 3622  1044.21 2439.62 1042.23 3130.32  
1893.89 4448.08 1893.11 5712.1  1640.28 3825.84 1637.55 4915.16  1393.35 3285.75 1387.91 4197.4  1194.73 2809.9 1200.38 3624.97  1044.08 2438.63 1044.55 3137.23  
1893.89 4448.08 1893.11 5712.1  1619.62 3819.73 1612.84 4878.79  1412.97 3290.34 1408.7 4222.19  1201.38 2826.14 1202.67 3631.5  1048 2435.66 1045.52 3128.31  
11196.5 26308.4 11216.3 33859.3  2018.31 4559.79 2002.57 5841.79  346.432 785.376 342.427 995.817  61.0584 133.706 61.0518 172.541  10.5225 22.9916 10.5051 29.4839  
11196.5 26308.4 11216.3 33859.3  2009.09 4563.5 1992.86 5835.67  354.031 782.294 350.409 1000.86  61.5299 132.744 61.6958 172.578  11.3973 23.2332 11.3404 30.3109  
11196.5 26308.4 11216.3 33859.3  1994.31 4554.66 1977.65 5813.48  362.185 780.524 361.867 1016.39  66.7067 141.005 64.6789 177.829  12.6751 25.214 12.0391 31.5181  
11196.5 26308.4 11216.3 33859.3  1973.95 4506.93 1969.25 5790.02  382.991 829.22 369.84 1038.62  66.5671 140.707 65.1135 179.084  12.4156 24.6639 12.0269 31.4962  
11196.5 26308.4 11216.3 33859.3  1994.31 4554.66 1977.65 5813.48  367.654 788.296 365.192 1021.67  63.0688 135.647 62.5318 174.392  11.0341 23.2085 10.9118 29.8013  
11196.5 26308.4 11216.3 33859.3  2007.08 4532.98 1999.58 5833.6  357.081 806.22 347.03 1005  61.2545 138.756 59.4201 171.544  10.7963 23.7874 10.4481 29.4221  
11196.5 26308.4 11216.3 33859.3  1988.36 4514.89 1984.32 5811.78  366.12 815.632 354.678 1016.69  67.8731 144.672 64.5104 178.035  13.0491 25.8313 12.3192 32.1268  
11196.5 26308.4 11216.3 33859.3  1990.26 4544.72 1977.57 5813.39  365.482 788.671 361.931 1016.45  67.4835 142.042 65.0038 178.045  12.4337 25.6644 11.6188 31.1581  
11196.5 26308.4 11216.3 33859.3  2004.97 4553.38 1992.78 5835.58  350.929 780.19 346.794 994.413  68.1104 143.555 65.1301 178.421  11.7181 24.2454 11.3467 30.5618  
11196.5 26308.4 11216.3 33859.3  2014.11 4549.48 2002.48 5841.7  345.19 787.191 339.845 992.078  64.8186 140.705 62.3865 174.622  11.8558 24.2487 11.5489 30.8976  
11196.5 26308.4 11216.3 33859.3  1995.62 4558.63 1975.01 5805.83  358.498 775.892 361.269 1018.84  68.3067 140.864 67.1354 181.615  13.1292 25.7918 12.5285 32.5201  
11196.5 26308.4 11216.3 33859.3  2010.42 4567.55 1990.17 5827.88  353.579 775.86 354.805 1009.72  61.3248 134.366 60.9723 172.309  10.8518 23.7601 10.5659 29.643  
11196.5 26308.4 11216.3 33859.3  1983.47 4528.8 1974.77 5805.57  374.891 810.352 365.793 1027.12  65.5429 138.524 63.914 175.746  11.9078 23.7406 11.6957 30.7443  
11196.5 26308.4 11216.3 33859.3  1990.26 4544.72 1977.57 5813.39  366.825 796.308 360.228 1015.38  67.0856 137.247 66.6856 179.662  11.7377 23.4815 11.6368 30.7063  
11196.5 26308.4 11216.3 33859.3  2009.09 4563.5 1992.86 5835.67  350.137 773.269 349.382 998.105  64.0449 139.538 61.8804 173.695  12.5655 25.1559 12.0185 31.6282  
7753.9 18101.9 7749.59 23282  3348.94 7770.28 3353.36 10017.3  1438.88 3359.58 1442.64 4323.18  617.985 1460.34 618.504 1866.48  268.66 634.792 267.355 805.184  
7753.9 18101.9 7749.59 23282  3341.9 7752.36 3353.21 10017.1  1433.8 3384.91 1432.74 4326.31  624.175 1462.74 622.083 1865.44  272.463 634.07 269.749 803.29  
7753.9 18101.9 7749.59 23282  3342.67 7801.61 3332.52 9993.52  1436.2 3365.88 1438.6 4322.29  625.223 1444.34 633.545 1883.09  271.605 624.308 272.765 806.099  
7753.9 18101.9 7749.59 23282  3320.88 7787.23 3330.02 10024.1  1455.17 3371.34 1446.95 4309.1  625.677 1455.16 626.345 1868.74  271.421 626.255 272.418 807.194  
7753.9 18101.9 7749.59 23282  3351.21 7777.43 3348.71 10003.4  1441.6 3366.41 1443.34 4325.11  618.604 1461.04 621.668 1875.89  265.742 631.014 265.806 803.679  
7753.9 18101.9 7749.59 23282  3348.69 7773.81 3339.27 9975.5  1439.36 3378.96 1441.7 4336.65  617.862 1447.41 627.032 1882.57  269.543 631.451 271.434 813.244  
7753.9 18101.9 7749.59 23282  3327.44 7807.93 3316.55 9983.95  1444.82 3362.28 1447.6 4327.69  627.407 1447.25 634.444 1883.53  273.653 623.068 276.799 812.999  
7753.9 18101.9 7749.59 23282  3342.92 7798.14 3346.36 10034.6  1439.75 3356.02 1443.61 4320.81  624.173 1446.62 624.127 1857.35  270.244 630.854 268.17 800.506  
7753.9 18101.9 7749.59 23282  3320.88 7787.23 3330.02 10024.1  1447.19 3350.03 1450.8 4320.74  633.086 1466.12 627.201 1864.02  271.743 632.153 269.761 803.27  
7753.9 18101.9 7749.59 23282  3348.94 7770.28 3353.36 10017.3  1440.28 3382.5 1437.72 4324.82  617.767 1457.81 616.674 1858.72  269.671 627.533 271.216 808.682  
7753.9 18101.9 7749.59 23282  3341.9 7752.36 3353.21 10017.1  1443.22 3391.16 1433.82 4313.08  622.929 1461.88 621.938 1867.23  267.665 630.439 269.586 810.874  
7753.9 18101.9 7749.59 23282  3348.94 7770.28 3353.36 10017.3  1436.34 3371.81 1439.63 4330.66  624.427 1458.14 621.572 1859.02  268.612 631.161 267.907 803.78  
7753.9 18101.9 7749.59 23282  3329.87 7811.43 3325.66 10010.9  1450.16 3356.07 1455.43 4334.34  626.283 1448.9 627.036 1863.82  269.876 623.66 271.371 805.1  
7753.9 18101.9 7749.59 23282  3341.9 7752.36 3353.21 10017.1  1443.32 3389.64 1439.77 4330.79  620.481 1464.6 617.294 1860.43  270.403 629.804 269.782 804.397  
7753.9 18101.9 7749.59 23282  3324.38 7752.33 3341.37 10020.5  1454.25 3392.72 1444.53 4322.97  628.22 1456.47 625.601 1861.54  268.076 628.4 269.054 806.249  
