3 33 5
180.18 453.311 362.346  176.841 447.429 357.171  175.942 442.61 354.908  172.853 437.267 349.842  173.358 433.606 348.446  
13718.5 34389.8 27573.4  3379.9 8386.59 6661.51  818.006 2023.76 1612.08  198.674 493.046 388.301  49.1815 118.969 94.3539  
14456.7 36314.8 28939  2931.81 7281.7 5875.4  631.298 1479.99 1230.95  126.964 298.083 249.314  26.1379 60.0815 51.7786  
6880.59 17240.1 13779.4  4280.08 10695.5 8559.72  2658.84 6640.38 5314.94  1640.7 4117.9 3296.86  1025.31 2563.79 2043.14  
10663.6 26647.6 21405.8  4377.74 11021.5 8785.91  1846.95 4557.09 3628.48  760.116 1888.02 1494.01  311.668 774.936 612.262  
10725.1 27148.5 21529.3  4436.28 10961.7 8862.31  1790.19 4383.32 3531.06  731.204 1771.41 1453.58  290.448 704.636 581.018  
904.468 2268.82 1812.72  859.586 2150.45 1724.2  818.639 2036.59 1636.27  772.206 1943 1553.98  733.975 1846.18 1476.55  
180.18 453.311 362.346  178.57 449.345 357.827  174.559 441.636 353.354  172.849 437.257 349.851  173.891 434.943 348.726  
180.18 453.311 362.346  176.841 447.429 357.171  176.816 444.877 354.277  175.605 439.285 352.215  171.922 434.915 346.415  
6171.84 15343.4 12248.5  4075.26 10173.1 8124  2694.66 6739.8 5416.17  1773.74 4472.88 3566.32  1176.24 2930.71 2363.78  
6880.59 17240.1 13779.4  4282.49 10641.6 8555.09  2655.56 6656.67 5288.29  1636.04 4119.56 3306.2  1027.42 2562.67 2058.39  
904.468 2268.82 1812.72  856.935 2143.79 1722.86  814.418 2049.03 1631.42  777.029 1943.8 1547.54  729.73 1845.52 1467.03  
12150.9 30381.2 24290.2  3999.82 10061.3 8058.92  1346.26 3343.45 2677.96  456.436 1106.75 890.39  151.342 372.536 295.743  
12150.9 30381.2 24290.2  4007.51 10024.5 8065.62  1343.73 3375.02 2666.74  452.99 1110.21 893.397  149.486 371.906 296.71  
10663.6 26647.6 21405.8  4423.02 11012.3 8796.67  1802.47 4542.99 3615.63  747.716 1882.45 1487.28  318.937 801.87 621.073  
10725.1 27148.5 21529.3  4421.13 10929.7 8774.38  1805.34 4415.38 3618.99  725.3 1766.79 1450  299.146 712.107 586.861  
6880.59 17240.1 13779.4  4280.08 10695.5 8559.72  2658.84 6640.38 5314.94  1640.7 4117.9 3296.86  1025.31 2563.79 2043.14  
6880.59 17240.1 13779.4  4281.19 10699.4 8542.76  2665.12 6619.63 5304.49  1641.05 4132.8 3298.84  1029.88 2554.77 2053.52  
10725.1 27148.5 21529.3  4354.64 10882.4 8760.13  1797.85 4383.24 3529.58  769.327 1806.37 1494.07  311.104 730.598 615.052  
13718.5 34389.8 27573.4  3363.8 8394.16 6637.84  817.102 2008.75 1618.98  211.537 498.878 400.186  51.3905 119.383 97.6263  
10663.6 26647.6 21405.8  4377.74 11021.5 8785.91  1846.95 4557.09 3628.48  760.116 1888.02 1494.01  311.668 774.936 612.262  
180.18 453.311 362.346  178.23 448.418 358.738  177.694 444.639 354.818  173.628 439.283 349.887  173.319 433.556 348.431  
13718.5 34389.8 27573.4  3332.25 8314.53 6635.55  853.272 2064.81 1628.69  207.033 514.098 395.317  51.311 125.674 95.7214  
6171.84 15343.4 12248.5  4062.39 10086.6 8051.14  2689.57 6748.52 5384.93  1779.82 4499.25 3601.42  1171.22 2927.44 2346.79  
6171.84 15343.4 12248.5  4066.13 10206.7 8134.25  2677.43 6682.61 5323.41  1787.4 4441.89 3595.07  1174.4 2968.01 2369.96  
6880.59 17240.1 13779.4  4282.49 10641.6 8555.09  2655.56 6656.67 5288.29  1636.04 4119.56 3306.2  1027.42 2562.67 2058.39  
10663.6 26647.6 21405.8  4388.99 10927.3 8770.41  1834.56 4597.49 3634.62  758.401 1913.37 1498.29  309.901 796.119 616.119  
6171.84 15343.4 12248.5  4055.71 10182.7 8095.5  2685.9 6738.69 5377.38  1783.32 4470.03 3589.01  1179.46 2954.6 2378.23  
10663.6 26647.6 21405.8  4423.02 11012.3 8796.67  1814.6 4547.91 3619.18  748.316 1909.53 1491.61  309.909 783.541 615.448  
13718.5 34389.8 27573.4  3381.8 8344.21 6657.96  806.153 2052.59 1605.2  207.334 500.492 396.634  50.0628 123.336 96.1909  
14456.7 36314.8 28939  2969.1 7291.56 5922.23  600.871 1470.61 1189.63  120.714 297.335 244.72  25.8369 60.3932 51.0206  
10725.1 27148.5 21529.3  4355.72 10886.2 8743.47  1810.72 4410.66 3588.32  760.723 1795.56 1486.49  308.255 718.901 597.835  
11771 29203.1 23518.1  4122.88 10401.9 8297.3  1474.17 3772.02 2946.24  525.178 1341.9 1036.99  185.885 471.621 363.759  
