3 100 5
6880.59 17240.1 13779.4  4259.71 10704.9 8529.36  2666.55 6636.82 5326.45  1653.73 4113.39 3309.32  1024.01 2560.78 2038.78  
6880.59 17240.1 13779.4  4276.27 10688.9 8514  2660.97 6645.36 5321.69  1636.34 4106.01 3309.09  1031.59 2565.05 2049.55  
6880.59 17240.1 13779.4  4281.19 10699.4 8542.76  2665.12 6619.63 5304.49  1641.05 4132.8 3298.84  1029.88 2554.77 2053.52  
6880.59 17240.1 13779.4  4280.08 10695.5 8559.72  2646.21 6608.35 5314.02  1648.59 4138.58 3288.82  1026.83 2567.15 2050.53  
6880.59 17240.1 13779.4  4289.75 10660.5 8549.84  2621.22 6642.33 5287.07  1660.8 4132.75 3296.78  1027.1 2568.21 2050.61  
6880.59 17240.1 13779.4  4280.08 10695.5 8559.72  2658.84 6640.38 5314.94  1640.7 4117.9 3296.86  1025.31 2563.79 2043.14  
6880.59 17240.1 13779.4  4280.08 10695.5 8559.72  2664.84 6618.62 5308.8  1641.15 4133.18 3297.24  1027.77 2563.95 2052.61  
6880.59 17240.1 13779.4  4282.49 10641.6 8555.09  2632.2 6632.71 5307.31  1644.8 4128.59 3298.98  1038.12 2581.73 2050.2  
6880.59 17240.1 13779.4  4290.88 10664.5 8532.59  2654.75 6652.11 5325.22  1641.33 4110.11 3306  1026.53 2570.16 2042.37  
6880.59 17240.1 13779.4  4282.49 10641.6 8555.09  2655.56 6656.67 5288.29  1636.04 4119.56 3306.2  1027.42 2562.67 2058.39  
10725.1 27148.5 21529.3  4437.41 10965.7 8845.03  1763.03 4363.5 3528.72  732.108 1766.26 1443.59  310.572 721.918 602.312  
10725.1 27148.5 21529.3  4386.72 10905.7 8737.1  1798.34 4391.14 3568.13  755.655 1799.69 1509.05  302.558 718.03 598.712  
10725.1 27148.5 21529.3  4421.13 10929.7 8774.38  1805.34 4415.38 3618.99  725.3 1766.79 1450  299.146 712.107 586.861  
10725.1 27148.5 21529.3  4354.64 10882.4 8760.13  1797.85 4383.24 3529.58  769.327 1806.37 1494.07  311.104 730.598 615.052  
10725.1 27148.5 21529.3  4386.72 10905.7 8737.1  1786.15 4385.06 3564.22  757.115 1799.85 1501.75  304.389 715.37 597.392  
10725.1 27148.5 21529.3  4386.72 10905.7 8737.1  1790.61 4394.94 3580.59  748.8 1781.67 1471.38  311.919 728.143 616.383  
10725.1 27148.5 21529.3  4436.28 10961.7 8862.31  1790.19 4383.32 3531.06  731.204 1771.41 1453.58  290.448 704.636 581.018  
10725.1 27148.5 21529.3  4354.64 10882.4 8760.13  1810.91 4411.4 3585.31  764.636 1796.21 1470.26  309.884 724.255 602.603  
10725.1 27148.5 21529.3  4350.85 10875.9 8715.22  1813.56 4416.77 3604.97  765.301 1796.86 1485.19  310.083 724.276 609.906  
10725.1 27148.5 21529.3  4355.72 10886.2 8743.47  1810.72 4410.66 3588.32  760.723 1795.56 1486.49  308.255 718.901 597.835  
14456.7 36314.8 28939  2969.86 7294.26 5910.48  600.805 1469.36 1205.41  122.009 295.687 242.684  24.0716 60.4238 49.2376  
14456.7 36314.8 28939  2964.15 7278.94 5925.82  602.465 1482.94 1188.91  124.718 297.438 244.526  25.35 60.6086 49.062  
14456.7 36314.8 28939  2951.56 7290.93 5881.52  607.645 1470.05 1218.72  129.152 298.162 254.355  27.9176 60.5228 52.7986  
14456.7 36314.8 28939  2931.81 7281.7 5875.4  631.298 1479.99 1230.95  126.964 298.083 249.314  26.1379 60.0815 51.7786  
14456.7 36314.8 28939  2944.08 7274.1 5853.93  620.788 1484.57 1243.82  125.877 299.63 255.307  25.8499 61.1841 53.6311  
14456.7 36314.8 28939  2969.1 7291.56 5922.23  600.871 1470.61 1189.63  120.714 297.335 244.72  25.8369 60.3932 51.0206  
14456.7 36314.8 28939  2969.86 7294.26 5910.48  599.805 1466.81 1206.14  121.911 298.869 242.003  25.239 59.9438 49.7767  
14456.7 36314.8 28939  2951.56 7290.93 5881.52  614.833 1471.14 1221.93  124.667 296.921 250.808  25.7565 60.6341 53.0569  
14456.7 36314.8 28939  2949.32 7282.97 5916.17  618.748 1474.1 1197.13  122.183 301.29 244.052  26.2044 61.3424 50.6766  
14456.7 36314.8 28939  2969.86 7294.26 5910.48  592.579 1466.03 1191.96  127.81 298.337 251.612  26.163 61.0274 53.3352  
180.18 453.311 362.346  178.57 449.345 357.827  174.559 441.636 353.354  172.849 437.257 349.851  173.891 434.943 348.726  
180.18 453.311 362.346  176.308 446.091 356.902  175.109 442.993 353.63  175.921 440.078 352.012  173.341 433.587 348.44  
180.18 453.311 362.346  178.57 449.345 357.827  176.801 442.323 355.469  175.047 437.931 351.923  174.137 435.683 348.474  
180.18 453.311 362.346  178.23 448.418 358.738  177.694 444.639 354.818  173.628 439.283 349.887  173.319 433.556 348.431  
180.18 453.311 362.346  179.471 449.115 358.389  177.635 444.468 355.525  174.694 439.513 351.624  173.25 435.874 347.914  
180.18 453.311 362.346  176.308 446.091 356.902  175.164 440.681 354.157  172.866 437.299 349.852  172.014 435.145 345.776  
180.18 453.311 362.346  178.23 448.418 358.738  176.802 444.867 354.261  172.831 437.235 349.833  173.004 435.159 348.147  
180.18 453.311 362.346  177.688 447.056 358.464  175.15 440.671 354.142  175.953 440.255 351.294  173.863 434.945 348.697  
180.18 453.311 362.346  176.841 447.429 357.171  175.942 442.61 354.908  172.853 437.267 349.842  173.358 433.606 348.446  
180.18 453.311 362.346  176.841 447.429 357.171  176.816 444.877 354.277  175.605 439.285 352.215  171.922 434.915 346.415  
12150.9 30381.2 24290.2  4032.08 10033.8 8013.78  1327.4 3368.85 2701.29  447.347 1114.23 903.616  147.765 367.208 301.435  
12150.9 30381.2 24290.2  4023.04 10066.9 8023.89  1333.44 3327.48 2703.65  448.489 1117.33 897.632  149 370.578 297.101  
12150.9 30381.2 24290.2  4023.04 10066.9 8023.89  1343.17 3333.88 2695.49  440.514 1115.62 901.12  148.287 368.614 300.456  
12150.9 30381.2 24290.2  4007.51 10024.5 8065.62  1343.73 3375.02 2666.74  452.99 1110.21 893.397  149.486 371.906 296.71  
12150.9 30381.2 24290.2  4028.9 10022.3 8062.6  1333.65 3367.53 2679.85  446.192 1118.6 886.074  146.324 374.6 292.897  
12150.9 30381.2 24290.2  4028.9 10022.3 8062.6  1329.18 3375.26 2674.01  449.303 1113.91 888.19  147.392 372.922 296.347  
12150.9 30381.2 24290.2  4007.51 10024.5 8065.62  1350.92 3354.84 2674.76  449.065 1126 885.666  148.394 375.524 295.608  
12150.9 30381.2 24290.2  3999.82 10061.3 8058.92  1348.85 3331.21 2680.24  455.474 1116.84 888.31  149.497 374.18 295.143  
12150.9 30381.2 24290.2  4002.9 10072.4 8011.78  1346.82 3323.91 2711.74  453.344 1117.36 894.96  150.221 371.324 301.134  
12150.9 30381.2 24290.2  3999.82 10061.3 8058.92  1346.26 3343.45 2677.96  456.436 1106.75 890.39  151.342 372.536 295.743  
10663.6 26647.6 21405.8  4388.99 10927.3 8770.41  1843.46 4620.31 3635.27  749.734 1891.37 1494.62  312.704 798.629 620.168  
10663.6 26647.6 21405.8  4377.74 11021.5 8785.91  1846.95 4557.09 3628.48  760.116 1888.02 1494.01  311.668 774.936 612.262  
10663.6 26647.6 21405.8  4388.99 10927.3 8770.41  1843.46 4620.31 3635.27  747.817 1907.83 1497.34  313.744 793.304 617.696  
10663.6 26647.6 21405.8  4423.02 11012.3 8796.67  1814.6 4547.91 3619.18  748.316 1909.53 1491.61  309.909 783.541 615.448  
10663.6 26647.6 21405.8  4358.25 10973.1 8767.27  1857.38 4608.73 3641.39  765.452 1886.17 1497.4  312.75 784.561 616.269  
10663.6 26647.6 21405.8  4420.55 11068.2 8801.47  1816.06 4515.4 3616.41  753.105 1885.1 1491.93  309.252 783.7 615.048  
10663.6 26647.6 21405.8  4388.99 10927.3 8770.41  1834.56 4597.49 3634.62  758.401 1913.37 1498.29  309.901 796.119 616.119  
10663.6 26647.6 21405.8  4353.64 10901.1 8749.85  1860.09 4651.07 3651.64  761.033 1910.99 1500.91  318.739 784.32 618.714  
10663.6 26647.6 21405.8  4423.02 11012.3 8796.67  1802.47 4542.99 3615.63  747.716 1882.45 1487.28  318.937 801.87 621.073  
10663.6 26647.6 21405.8  4353.64 10901.1 8749.85  1855.29 4612.84 3646.76  767.672 1932.32 1506.2  315.207 788.034 616.611  
13718.5 34389.8 27573.4  3363.8 8394.16 6637.84  817.102 2008.75 1618.98  211.537 498.878 400.186  51.3905 119.383 97.6263  
13718.5 34389.8 27573.4  3363.84 8346.06 6660.35  823.849 2038.84 1608.23  206.376 512.354 392.093  50.9881 123.365 95.5217  
13718.5 34389.8 27573.4  3332.25 8314.53 6635.55  853.272 2064.81 1628.69  207.033 514.098 395.317  51.311 125.674 95.7214  
13718.5 34389.8 27573.4  3379.9 8386.59 6661.51  818.006 2023.76 1612.08  198.674 493.046 388.301  49.1815 118.969 94.3539  
13718.5 34389.8 27573.4  3347.16 8351.24 6649.66  844.178 2054.12 1620.1  202.67 494.469 391.123  50.6234 121.121 95.1314  
13718.5 34389.8 27573.4  3381.8 8344.21 6657.96  806.153 2052.59 1605.2  207.334 500.492 396.634  50.0628 123.336 96.1909  
13718.5 34389.8 27573.4  3347.16 8351.24 6649.66  840.163 2044.16 1619.82  207.753 504.301 391.276  50.3401 121.102 95.3614  
13718.5 34389.8 27573.4  3381.8 8344.21 6657.96  810.01 2050.74 1610.98  200.739 501.263 390.045  52.2201 124.371 96.7466  
13718.5 34389.8 27573.4  3347.16 8351.24 6649.66  829.491 2041.07 1610.06  212.663 504.753 397.227  54.5356 122.719 98.1781  
13718.5 34389.8 27573.4  3363.8 8394.16 6637.84  819.84 2004.23 1622.67  210.602 499.314 398.654  50.2175 122.185 96.2315  
11771 29203.1 23518.1  4154.86 10482.9 8322.12  1456.73 3707.08 2926.63  515.305 1322.81 1031.55  183.081 471.522 362.218  
11771 29203.1 23518.1  4122.88 10401.9 8297.3  1474.17 3772.02 2946.24  525.178 1341.9 1036.99  185.885 471.621 363.759  
11771 29203.1 23518.1  4139.43 10385 8282.75  1470.52 3758.66 2942.69  518.604 1350.9 1042.58  181.084 477.908 367.8  
11771 29203.1 23518.1  4132.82 10485.3 8325.41  1467.76 3718.25 2928.02  522.894 1322.73 1030.58  184.374 457.869 357.678  
11771 29203.1 23518.1  4159.84 10437.7 8284.24  1459.82 3731.72 2939.87  510.087 1335.97 1047.47  179.612 474.606 368.435  
11771 29203.1 23518.1  4145.61 10517.9 8331.86  1466.53 3673.68 2911.19  517.188 1320.2 1031.3  181.185 471.25 366.27  
11771 29203.1 23518.1  4141.85 10449.7 8315.55  1471.51 3724.1 2919.79  511.809 1327.08 1037.94  183.28 473.962 364.478  
11771 29203.1 23518.1  4122.88 10401.9 8297.3  1476.38 3714.35 2913.69  524.916 1374.51 1056.8  184.041 486.198 371.698  
11771 29203.1 23518.1  4159.84 10437.7 8284.24  1452.66 3712.83 2939.36  517.213 1354.82 1047.97  180.072 478.482 369.715  
11771 29203.1 23518.1  4132.82 10485.3 8325.41  1467.76 3718.25 2928.02  524.062 1318.29 1029.37  183.021 459.135 358.137  
904.468 2268.82 1812.72  856.935 2143.79 1722.86  814.418 2049.03 1631.42  777.029 1943.8 1547.54  729.73 1845.52 1467.03  
904.468 2268.82 1812.72  850.23 2151.24 1709.61  818.647 2046.86 1637.89  772.668 1942.45 1554.62  739.749 1838.54 1477.85  
904.468 2268.82 1812.72  855.952 2153.98 1711.36  813.541 2046.53 1626.59  772.638 1942.33 1555.1  740.975 1841.68 1477.4  
904.468 2268.82 1812.72  850.23 2151.24 1709.61  817.28 2043.31 1638.87  768.161 1942.27 1543.9  736.116 1839.12 1478.88  
904.468 2268.82 1812.72  859.586 2150.45 1724.2  818.639 2036.59 1636.27  772.206 1943 1553.98  733.975 1846.18 1476.55  
904.468 2268.82 1812.72  850.23 2151.24 1709.61  814.541 2047.92 1635.27  774.346 1946.41 1550.8  739.87 1838.29 1478.17  
904.468 2268.82 1812.72  856.935 2143.79 1722.86  817.584 2045.96 1628.48  773.863 1946.88 1550.48  734.641 1847.87 1468.54  
904.468 2268.82 1812.72  848.628 2146.88 1713.9  820.792 2041.15 1632.48  766.62 1938.66 1547.88  732.45 1840.74 1476.42  
904.468 2268.82 1812.72  850.23 2151.24 1709.61  813.199 2044.44 1636.23  779.874 1938.5 1554.48  741.112 1842.81 1474.05  
904.468 2268.82 1812.72  855.952 2153.98 1711.36  808.103 2043.93 1624.92  780.048 1939.12 1551.82  732.052 1840.22 1476.73  
6171.84 15343.4 12248.5  4066.13 10206.7 8134.25  2677.43 6682.61 5323.41  1787.4 4441.89 3595.07  1174.4 2968.01 2369.96  
6171.84 15343.4 12248.5  4078.95 10179.6 8168.45  2692.79 6699.4 5368.83  1777.83 4445.26 3568.15  1174.55 2952.47 2359.19  
6171.84 15343.4 12248.5  4080.02 10183.4 8151.96  2684.58 6754.32 5384.09  1773.91 4411.88 3531.2  1174.87 2968.76 2376.42  
6171.84 15343.4 12248.5  4076.92 10118 8136.42  2681.49 6653.43 5324.03  1783.24 4508.7 3608.23  1175.84 2964.23 2363.22  
6171.84 15343.4 12248.5  4075.26 10173.1 8124  2694.66 6739.8 5416.17  1773.74 4472.88 3566.32  1176.24 2930.71 2363.78  
6171.84 15343.4 12248.5  4070.81 10216.8 8161.74  2680.8 6727.16 5355.16  1783.93 4447.67 3569.66  1179 2928.78 2370.52  
6171.84 15343.4 12248.5  4075.26 10173.1 8124  2674.36 6693.86 5326.8  1786.23 4476.48 3611.55  1175.34 2953.93 2363.5  
6171.84 15343.4 12248.5  4059.86 10021.6 8035.94  2679.55 6744.7 5356.07  1783.42 4496.82 3594.11  1183.63 2973.05 2399.35  
6171.84 15343.4 12248.5  4062.39 10086.6 8051.14  2689.57 6748.52 5384.93  1779.82 4499.25 3601.42  1171.22 2927.44 2346.79  
6171.84 15343.4 12248.5  4055.71 10182.7 8095.5  2685.9 6738.69 5377.38  1783.32 4470.03 3589.01  1179.46 2954.6 2378.23  
