2 18 2
21931.6 15823.5  13622.1 9870.92  
21931.6 15823.5  13563.4 9769.61  
21931.6 15823.5  13514.2 9796.52  
21931.6 15823.5  13548.2 9800.5  
21931.6 15823.5  13622.1 9870.92  
21931.6 15823.5  13618.3 9803.9  
44488.9 32022.2  10352.2 7616.58  
44488.9 32022.2  10364.3 7604.37  
44488.9 32022.2  10352.2 7616.58  
44488.9 32022.2  10295.6 7562.12  
44488.9 32022.2  10336.6 7571.84  
44488.9 32022.2  10335.4 7566.02  
35102.5 25448.3  13718.7 9926.09  
35102.5 25448.3  13720.5 9966.36  
35102.5 25448.3  13806.2 9947.36  
35102.5 25448.3  13828.1 10040.8  
35102.5 25448.3  13792.6 9997.29  
35102.5 25448.3  13792.6 9997.29  
