4 33 4
22754.2 12641.6 7633.96 12701.3  10145.3 5601.14 3347.94 5601.96  4392.42 2463.95 1480.1 2447.9  2008.09 1111.91 654.017 1097.98  
19562.8 10807 6529.19 10880.8  10141.8 5647.71 3405.7 5654.49  5335.82 2960.93 1768.31 2951.33  2811.04 1568.71 916.971 1545.4  
18236.5 10202.5 6125.55 10205.7  10165.7 5621.57 3370.27 5631.39  5530.67 3097.09 1846.85 3077.43  3126.63 1707.62 1028.81 1714.02  
40182.9 22478 13409.9 22435.2  702.758 243.728 221.705 285.111  18.9316 3.23629 3.33995 4.5673  0.407241 0.0373019 0.0682162 0.0715498  
18236.5 10202.5 6125.55 10205.7  10113.3 5626.6 3370.62 5623.32  5596.46 3091.98 1861.08 3096.57  3077.06 1702.36 1021.54 1698.93  
19562.8 10807 6529.19 10880.8  10203 5655.1 3399.26 5664.47  5281.13 2939.04 1767.22 2933.72  2779.04 1584.1 930.554 1552.09  
33097.7 18291.9 10985.9 18375.6  6298.42 3549.6 2138.47 3510.18  1217.22 707.401 412.169 677.289  235.991 141.762 79.2722 130.942  
22754.2 12641.6 7633.96 12701.3  10129.5 5633.09 3351.65 5610.96  4483.5 2472.05 1478.07 2466.14  1958.06 1099.94 655.704 1085.9  
19562.8 10807 6529.19 10880.8  10233.5 5686 3392.01 5675.39  5266.72 2924.54 1770.67 2928.55  2785.97 1575.01 932.243 1551.62  
12121.7 6808.45 4057 6783.37  8512.45 4757.03 2826.18 4737.83  5977.96 3338.86 2008.39 3337.14  4251.06 2342.64 1419.39 2355.66  
22754.2 12641.6 7633.96 12701.3  10129.5 5633.09 3351.65 5610.96  4423.38 2462.17 1481.62 2454.01  1991.3 1105.42 653.716 1092.66  
37086 20780.4 12525.8 20805.2  3479.9 1782.51 1019.69 1762.43  301.234 146.29 81.5684 142.144  34.5421 14.5371 7.27857 13.9918  
19562.8 10807 6529.19 10880.8  10203 5655.1 3399.26 5664.47  5281.13 2939.04 1767.22 2933.72  2779.04 1584.1 930.554 1552.09  
17728.9 9978.51 5939.17 9930.86  10024.2 5593.38 3357.48 5589.21  5737.09 3142.6 1904 3164.33  3243.59 1760.25 1060.01 1770.83  
37086 20780.4 12525.8 20805.2  3431.05 1763.63 1016.38 1746.4  355.329 165.775 85.3155 159.424  29.4215 13.8761 6.87968 12.7637  
5293.82 2948.3 1768.61 2952.81  4578.75 2566.88 1526.59 2556.4  3999.61 2233.89 1340.74 2233.93  3482.34 1945.23 1163.13 1941.91  
15468.8 8593.29 5178.12 8627.54  9647.58 5326.73 3201.52 5346.27  5988.39 3318.89 1989.52 3318.77  3711.27 2079.69 1237.72 2063.48  
15468.8 8593.29 5178.12 8627.54  9632.5 5357.12 3205.07 5354.85  5981.22 3296.15 1988.94 3310.09  3708.37 2065.34 1239.28 2059.48  
19562.8 10807 6529.19 10880.8  10165 5592.38 3376.75 5624.91  5311.33 2997.57 1787.28 2969.11  2773.64 1567.12 928.442 1544.75  
15468.8 8593.29 5178.12 8627.54  9627.71 5360.66 3194.91 5349.04  5937.17 3309.32 1998.84 3311.68  3707.32 2060.7 1239.55 2058.05  
15468.8 8593.29 5178.12 8627.54  9647.58 5326.73 3201.52 5346.27  5975.5 3307.56 1990.28 3313.33  3701.02 2055.15 1235.31 2052.69  
19562.8 10807 6529.19 10880.8  10233.5 5686 3392.01 5675.39  5278.85 2953.22 1779.97 2945.02  2788.7 1570.01 925.776 1546.77  
33097.7 18291.9 10985.9 18375.6  6300.79 3545.65 2105.93 3490.57  1217.57 708.362 435.791 691.43  233.042 144.401 86.8597 135.504  
12121.7 6808.45 4057 6783.37  8553.51 4757.76 2871.25 4772.28  5901.27 3323.27 1984.03 3303.61  4227.73 2342.72 1409.45 2345.52  
37086 20780.4 12525.8 20805.2  3490.37 1774.86 1019.96 1762.02  298.74 155.06 82.0706 144.601  26.6603 13.3419 6.53987 11.9475  
5293.82 2948.3 1768.61 2952.81  4587.4 2568.8 1533.73 2562.82  3966.69 2229.49 1336.26 2223.75  3510.81 1931.49 1165.13 1944.22  
33097.7 18291.9 10985.9 18375.6  6315 3545.95 2121.9 3502.61  1206.48 709.996 420.946 681.207  230.525 142.845 85.9533 134.034  
37086 20780.4 12525.8 20805.2  3406.28 1764.14 1011.97 1739.66  373.776 164.01 89.3263 164.578  35.2741 14.9755 7.25916 14.2258  
15468.8 8593.29 5178.12 8627.54  9574.53 5350.7 3211.21 5345.6  6001.58 3321.89 1991.6 3323.38  3730.76 2065.21 1235.46 2061.38  
40182.9 22478 13409.9 22435.2  698.485 243.144 218.554 282.842  23.1078 3.81275 6.4271 6.79932  0.50705 0.0445354 0.130701 0.108073  
18236.5 10202.5 6125.55 10205.7  10113.3 5626.6 3370.62 5623.32  5596.46 3091.98 1861.08 3096.57  3077.06 1702.36 1021.54 1698.93  
18236.5 10202.5 6125.55 10205.7  10165.7 5621.57 3370.27 5631.39  5530.67 3097.09 1846.85 3077.43  3126.63 1707.62 1028.81 1714.02  
5293.82 2948.3 1768.61 2952.81  4589.75 2567.08 1538.69 2565.66  4025.21 2219.21 1337.55 2232.35  3451.73 1942.19 1162.64 1934.93  
