4 100 4
15468.8 8593.29 5178.12 8627.54  9627.71 5360.66 3194.91 5349.04  5937.17 3309.32 1998.84 3311.68  3707.32 2060.7 1239.55 2058.05  
15468.8 8593.29 5178.12 8627.54  9647.58 5326.73 3201.52 5346.27  5975.5 3307.56 1990.28 3313.33  3701.02 2055.15 1235.31 2052.69  
15468.8 8593.29 5178.12 8627.54  9574.53 5350.7 3211.21 5345.6  6001.58 3321.89 1991.6 3323.38  3730.76 2065.21 1235.46 2061.38  
15468.8 8593.29 5178.12 8627.54  9593.36 5283.02 3199.59 5321.53  5981.28 3335.91 1996.78 3326.97  3723.1 2078.29 1238.38 2065.71  
15468.8 8593.29 5178.12 8627.54  9582.84 5361.92 3205.4 5347.18  6017.95 3312.36 1984.57 3319.37  3730.43 2057.09 1236.75 2059.6  
15468.8 8593.29 5178.12 8627.54  9627.71 5360.66 3194.91 5349.04  5915.63 3292.91 1996.81 3301.41  3743.16 2072.4 1239.67 2068.41  
15468.8 8593.29 5178.12 8627.54  9518.36 5305.45 3209.21 5319.98  5991.64 3341.89 1992.62 3328.32  3743.65 2050.28 1231.52 2056.95  
15468.8 8593.29 5178.12 8627.54  9632.5 5357.12 3205.07 5354.85  5981.22 3296.15 1988.94 3310.09  3708.37 2065.34 1239.28 2059.48  
15468.8 8593.29 5178.12 8627.54  9647.58 5326.73 3201.52 5346.27  5988.39 3318.89 1989.52 3318.77  3711.27 2079.69 1237.72 2063.48  
15468.8 8593.29 5178.12 8627.54  9553.04 5331.88 3212.47 5336.53  6029.26 3323.71 1981.9 3323.41  3716.41 2047.19 1234.34 2052.56  
33097.7 18291.9 10985.9 18375.6  6311.98 3548.21 2115.35 3498.92  1208.93 710.915 430.67 687.504  231.615 140.129 82.737 131.642  
33097.7 18291.9 10985.9 18375.6  6315 3545.95 2121.9 3502.61  1206.48 709.996 420.946 681.207  230.525 142.845 85.9533 134.034  
33097.7 18291.9 10985.9 18375.6  6298.42 3549.6 2138.47 3510.18  1217.22 707.401 412.169 677.289  235.991 141.762 79.2722 130.942  
33097.7 18291.9 10985.9 18375.6  6298.42 3549.6 2138.47 3510.18  1219.9 707.117 407.712 675.125  232.554 141.734 83.2815 132.607  
33097.7 18291.9 10985.9 18375.6  6298.42 3549.6 2138.47 3510.18  1220.9 711.26 411.289 678.598  232.934 137.754 79.5307 129.353  
33097.7 18291.9 10985.9 18375.6  6300.79 3545.65 2105.93 3490.57  1217.57 708.362 435.791 691.43  233.042 144.401 86.8597 135.504  
33097.7 18291.9 10985.9 18375.6  6317.26 3568.96 2133.91 3516.93  1205.66 695.664 414.966 673.136  229.553 136.123 80.9282 129.009  
33097.7 18291.9 10985.9 18375.6  6311.98 3548.21 2115.35 3498.92  1205.96 703.949 428.398 683.603  232.856 145.391 85.2549 134.854  
33097.7 18291.9 10985.9 18375.6  6300.79 3545.65 2105.93 3490.57  1217.57 708.362 435.791 691.43  233.602 143.865 86.6088 135.325  
33097.7 18291.9 10985.9 18375.6  6309.84 3538.85 2125.57 3501.63  1208.91 719.822 418.466 683.124  233.284 139.578 83.8547 132.455  
5293.82 2948.3 1768.61 2952.81  4624.59 2555.42 1534.14 2565.95  4014.4 2233.37 1339.62 2235.9  3474.53 1946.78 1162.29 1940.42  
5293.82 2948.3 1768.61 2952.81  4578.75 2566.88 1526.59 2556.4  4010.91 2231.72 1330.24 2229.21  3479.65 1940.14 1170.37 1944.1  
5293.82 2948.3 1768.61 2952.81  4587.4 2568.8 1533.73 2562.82  4017.21 2233.11 1335.43 2233.88  3497.03 1943.32 1162.83 1943.91  
5293.82 2948.3 1768.61 2952.81  4553.24 2562.31 1534.61 2554.91  4031.32 2225.78 1331.56 2232  3455.61 1941.96 1163.94 1936.36  
5293.82 2948.3 1768.61 2952.81  4624.59 2555.42 1534.14 2565.95  4020.69 2220.71 1338.14 2232.32  3498.98 1934.34 1164.84 1942.7  
5293.82 2948.3 1768.61 2952.81  4587.4 2568.8 1533.73 2562.82  3966.69 2229.49 1336.26 2223.75  3510.81 1931.49 1165.13 1944.22  
5293.82 2948.3 1768.61 2952.81  4589.75 2567.08 1538.69 2565.66  4009.49 2231.69 1328.68 2228.02  3453.74 1940.57 1163.79 1935.49  
5293.82 2948.3 1768.61 2952.81  4611.23 2566.47 1533.65 2566.55  4016.13 2231.94 1339.69 2235.82  3495.83 1942.49 1165.99 1945.28  
5293.82 2948.3 1768.61 2952.81  4589.75 2567.08 1538.69 2565.66  4025.21 2219.21 1337.55 2232.35  3451.73 1942.19 1162.64 1934.93  
5293.82 2948.3 1768.61 2952.81  4578.75 2566.88 1526.59 2556.4  3999.61 2233.89 1340.74 2233.93  3482.34 1945.23 1163.13 1941.91  
22754.2 12641.6 7633.96 12701.3  10145.3 5601.14 3347.94 5601.96  4463.84 2498.85 1484.43 2474.42  1974.81 1105.74 653.881 1089.71  
22754.2 12641.6 7633.96 12701.3  10098.6 5602.03 3358.92 5599.98  4500.72 2489.3 1474.02 2472.28  1981.99 1112.85 652.396 1092.34  
22754.2 12641.6 7633.96 12701.3  10120.9 5621.49 3357.62 5609.32  4463.03 2458.15 1473.86 2455.63  1988.9 1117.08 654.377 1096.1  
22754.2 12641.6 7633.96 12701.3  10045.8 5606.54 3359.39 5591.75  4493.29 2475.05 1477.11 2468.45  1991.59 1107.49 651.245 1091.91  
22754.2 12641.6 7633.96 12701.3  10123.5 5582.01 3349.22 5592.78  4479.84 2514.68 1481.07 2480.28  1956.25 1099.15 654.721 1084.77  
22754.2 12641.6 7633.96 12701.3  10013.3 5539.52 3347.55 5558.17  4517.89 2540.7 1482.16 2496.07  2003.29 1113.78 655.714 1098.64  
22754.2 12641.6 7633.96 12701.3  10009.3 5578.74 3355.98 5574.41  4550.61 2502.26 1475.66 2486.57  1993.62 1119.63 653.191 1097.08  
22754.2 12641.6 7633.96 12701.3  10129.5 5633.09 3351.65 5610.96  4483.5 2472.05 1478.07 2466.14  1958.06 1099.94 655.704 1085.9  
22754.2 12641.6 7633.96 12701.3  10145.3 5601.14 3347.94 5601.96  4392.42 2463.95 1480.1 2447.9  2008.09 1111.91 654.017 1097.98  
22754.2 12641.6 7633.96 12701.3  10129.5 5633.09 3351.65 5610.96  4423.38 2462.17 1481.62 2454.01  1991.3 1105.42 653.716 1092.66  
19562.8 10807 6529.19 10880.8  10200.3 5695.1 3407.78 5681.22  5329.68 2979.78 1770.34 2957  2783.64 1534.22 916.603 1529.51  
19562.8 10807 6529.19 10880.8  10141.8 5647.71 3405.7 5654.49  5334.53 2942.25 1758.33 2939.52  2782.72 1586.09 931.726 1554.09  
19562.8 10807 6529.19 10880.8  10141.8 5647.71 3405.7 5654.49  5335.82 2960.93 1768.31 2951.33  2811.04 1568.71 916.971 1545.4  
19562.8 10807 6529.19 10880.8  10165 5592.38 3376.75 5624.91  5324.76 2987.04 1782.14 2965.44  2790.93 1589.82 934.06 1558.13  
19562.8 10807 6529.19 10880.8  10165 5592.38 3376.75 5624.91  5311.33 2997.57 1787.28 2969.11  2773.64 1567.12 928.442 1544.75  
19562.8 10807 6529.19 10880.8  10233.5 5686 3392.01 5675.39  5278.85 2953.22 1779.97 2945.02  2788.7 1570.01 925.776 1546.77  
19562.8 10807 6529.19 10880.8  10233.5 5686 3392.01 5675.39  5266.72 2924.54 1770.67 2928.55  2785.97 1575.01 932.243 1551.62  
19562.8 10807 6529.19 10880.8  10167.5 5627.9 3395.91 5647.51  5301.25 2997.78 1780.12 2963  2812.98 1557.51 917.595 1542.73  
19562.8 10807 6529.19 10880.8  10203 5655.1 3399.26 5664.47  5281.13 2939.04 1767.22 2933.72  2779.04 1584.1 930.554 1552.09  
19562.8 10807 6529.19 10880.8  10092 5612.07 3397.56 5629.42  5346 2988.23 1777.3 2966.94  2815.62 1579.88 926.397 1555.24  
12121.7 6808.45 4057 6783.37  8492.82 4758.88 2858.46 4753.7  6063.16 3341.45 2004.13 3351.37  4173.52 2331.62 1387.3 2318.88  
12121.7 6808.45 4057 6783.37  8512.45 4757.03 2826.18 4737.83  5913.23 3323.5 1997.36 3313.79  4290.3 2346.7 1418.04 2363.47  
12121.7 6808.45 4057 6783.37  8560.91 4767.73 2866.06 4773.69  6042.82 3338.8 2001.87 3345.38  4217.36 2339.46 1409.41 2342.45  
12121.7 6808.45 4057 6783.37  8557.65 4752.95 2826.56 4745.28  5967.78 3337.81 2014.9 3338.69  4204.69 2341.43 1408.93 2340.46  
12121.7 6808.45 4057 6783.37  8492.82 4758.88 2858.46 4753.7  6032.62 3331.88 1983 3330.27  4252.63 2341.91 1406.23 2347.98  
12121.7 6808.45 4057 6783.37  8512.45 4757.03 2826.18 4737.83  5977.96 3338.86 2008.39 3337.14  4251.06 2342.64 1419.39 2355.66  
12121.7 6808.45 4057 6783.37  8553.51 4757.76 2871.25 4772.28  5982.81 3335.07 1978.96 3319.51  4237.41 2343.56 1414.71 2350.62  
12121.7 6808.45 4057 6783.37  8553.51 4757.76 2871.25 4772.28  5901.27 3323.27 1984.03 3303.61  4227.73 2342.72 1409.45 2345.52  
12121.7 6808.45 4057 6783.37  8492.82 4758.88 2858.46 4753.7  6063.16 3341.45 2004.13 3351.37  4229.4 2342.89 1406.46 2344.05  
12121.7 6808.45 4057 6783.37  8557.65 4752.95 2826.56 4745.28  6013.32 3333.62 1992.41 3332.76  4224.94 2347.01 1419.47 2352.13  
17728.9 9978.51 5939.17 9930.86  10004.8 5589.12 3341.55 5574.9  5712.97 3137.41 1884.39 3146.78  3227.52 1762.82 1081.1 1781.09  
17728.9 9978.51 5939.17 9930.86  10138.5 5594.53 3351.06 5607.18  5655.02 3135.03 1880.28 3132.71  3152.18 1753.23 1064.1 1754.12  
17728.9 9978.51 5939.17 9930.86  10157.3 5598.65 3366.46 5621.01  5705.67 3139.54 1893.84 3151.46  3205.07 1760.56 1065.4 1766.89  
17728.9 9978.51 5939.17 9930.86  9971.26 5576.77 3320.77 5552.59  5787.16 3149.16 1913.82 3181.51  3208.25 1764.29 1073.77 1773.65  
17728.9 9978.51 5939.17 9930.86  10024.2 5593.38 3357.48 5589.21  5737.09 3142.6 1904 3164.33  3243.59 1760.25 1060.01 1770.83  
17728.9 9978.51 5939.17 9930.86  9915.69 5567.63 3339.04 5550.12  5677.74 3129.35 1865.45 3126.7  3237.56 1767.42 1075.69 1781.4  
17728.9 9978.51 5939.17 9930.86  9861.84 5550.75 3301.73 5512.9  5774.95 3154.23 1901.63 3173.8  3219.05 1763.93 1076.18 1777.12  
17728.9 9978.51 5939.17 9930.86  9895.95 5563.3 3322.85 5535.57  5793.03 3155.81 1919.19 3187.89  3221.14 1762.03 1058.81 1766.64  
17728.9 9978.51 5939.17 9930.86  10052.7 5587.39 3330.51 5576.83  5724.7 3145.23 1915.83 3169.77  3183.13 1756.12 1056.96 1756.6  
17728.9 9978.51 5939.17 9930.86  10104.8 5603.72 3366.62 5612.85  5592.38 3119.94 1878.34 3115.25  3182.3 1751.82 1051.49 1752.01  
18236.5 10202.5 6125.55 10205.7  10089 5626.17 3344.11 5603.03  5594.71 3081.3 1873.74 3100.42  3108.65 1714.05 1020.5 1707.79  
18236.5 10202.5 6125.55 10205.7  10113.3 5626.6 3370.62 5623.32  5596.46 3091.98 1861.08 3096.57  3077.06 1702.36 1021.54 1698.93  
18236.5 10202.5 6125.55 10205.7  10081.8 5595.07 3378.06 5612.13  5567.76 3108.97 1843.38 3086.04  3123.86 1715.59 1018.9 1710.16  
18236.5 10202.5 6125.55 10205.7  10023.9 5604.17 3367.88 5598.09  5641.17 3108.53 1858.94 3108.82  3096.8 1704.98 1023.72 1704.74  
18236.5 10202.5 6125.55 10205.7  10023.9 5604.17 3367.88 5598.09  5665.63 3099.37 1862.06 3112.37  3128.14 1715.54 1019.81 1711.43  
18236.5 10202.5 6125.55 10205.7  10081.8 5595.07 3378.06 5612.13  5601.93 3112.4 1839.8 3091.33  3116.11 1714.17 1028.58 1713.97  
18236.5 10202.5 6125.55 10205.7  10165.7 5621.57 3370.27 5631.39  5530.67 3097.09 1846.85 3077.43  3126.63 1707.62 1028.81 1714.02  
18236.5 10202.5 6125.55 10205.7  10000.8 5584.09 3369.24 5588.39  5663.48 3097.6 1862.17 3111.54  3138.32 1720.66 1024.21 1717.52  
18236.5 10202.5 6125.55 10205.7  10081.8 5595.07 3378.06 5612.13  5639.67 3103.45 1857.49 3106.06  3115.36 1716.66 1020.54 1709.81  
18236.5 10202.5 6125.55 10205.7  10165.7 5621.57 3370.27 5631.39  5606.87 3097.95 1857.68 3098.3  3042.29 1695.86 1023.63 1691.62  
40182.9 22478 13409.9 22435.2  706.685 244.129 220.54 285.226  15.1181 2.82984 4.45468 4.44184  0.300502 0.0422248 0.118694 0.0822483  
40182.9 22478 13409.9 22435.2  702.758 243.728 221.705 285.111  18.9316 3.23629 3.33995 4.5673  0.407241 0.0373019 0.0682162 0.0715498  
40182.9 22478 13409.9 22435.2  707.965 243.663 222.696 286.255  13.8396 3.30029 2.36919 3.44134  0.29771 0.0380535 0.0486211 0.0536575  
40182.9 22478 13409.9 22435.2  710.507 243.896 220.544 285.658  11.2133 3.05811 4.43734 3.99338  0.380074 0.0478999 0.131244 0.0978808  
40182.9 22478 13409.9 22435.2  704.311 243.591 219.193 284.081  17.5882 3.35707 5.81173 5.59545  0.204637 0.0531333 0.107987 0.0727316  
40182.9 22478 13409.9 22435.2  708.512 244.165 222.292 286.313  13.1459 2.79233 2.74045 3.35567  0.443352 0.0437283 0.0814015 0.0814856  
40182.9 22478 13409.9 22435.2  698.485 243.144 218.554 282.842  23.1078 3.81275 6.4271 6.79932  0.50705 0.0445354 0.130701 0.108073  
40182.9 22478 13409.9 22435.2  707.965 243.663 222.696 286.255  13.7505 3.29605 2.37386 3.43544  0.381777 0.0422566 0.0436604 0.0591624  
40182.9 22478 13409.9 22435.2  704.311 243.591 219.193 284.081  17.5882 3.35707 5.81173 5.59545  0.20622 0.0531091 0.108485 0.073041  
40182.9 22478 13409.9 22435.2  702.324 243.886 220.975 284.762  19.3913 3.07327 4.09563 4.92872  0.381037 0.0422312 0.0434527 0.0590052  
37086 20780.4 12525.8 20805.2  3431.05 1763.63 1016.38 1746.4  355.329 165.775 85.3155 159.424  29.4215 13.8761 6.87968 12.7637  
37086 20780.4 12525.8 20805.2  3406.28 1764.14 1011.97 1739.66  373.776 164.01 89.3263 164.578  35.2741 14.9755 7.25916 14.2258  
37086 20780.4 12525.8 20805.2  3479.9 1782.51 1019.69 1762.43  301.234 146.29 81.5684 142.144  34.5421 14.5371 7.27857 13.9918  
37086 20780.4 12525.8 20805.2  3455.17 1782.89 1015.15 1755.58  331.5 148.252 86.4546 150.77  28.9068 12.2811 6.92024 12.2223  
37086 20780.4 12525.8 20805.2  3498.14 1781.07 1019.56 1764.98  286.155 148.382 81.7776 140.3  31.7959 13.9037 7.22175 13.3582  
37086 20780.4 12525.8 20805.2  3393.15 1754.99 1010.9 1734  382.477 171.934 90.0733 169.012  39.5196 16.2223 7.56268 15.4203  
37086 20780.4 12525.8 20805.2  3431.05 1763.63 1016.38 1746.4  355.329 165.775 85.3155 159.424  29.4925 13.9269 6.87692 12.7864  
37086 20780.4 12525.8 20805.2  3471.99 1776.2 1020.1 1759.42  308.241 151.98 81.2015 144.858  34.6568 14.9721 7.20112 14.0982  
37086 20780.4 12525.8 20805.2  3490.37 1774.86 1019.96 1762.02  298.74 155.06 82.0706 144.601  26.6603 13.3419 6.53987 11.9475  
37086 20780.4 12525.8 20805.2  3471.99 1776.2 1020.1 1759.42  317.838 154.262 81.8979 147.453  26.2103 12.8483 6.59747 11.7671  
