5 16 2
21974 21921.1 27666.8 19027.6 46904.6  8254.6 8254.76 10265.3 7266.04 17500.7  
12599.1 12661.6 15679.3 11048 26596.6  7986.56 8057.31 9956.16 7024.52 16850.2  
21974 21921.1 27666.8 19027.6 46904.6  8194.97 8173.1 10221.9 7186.4 17431.4  
6303.37 6298.02 7912.33 5475.18 13418.8  5111.14 5114.1 6461.3 4423.71 10921.1  
8439.82 8423.68 10476.3 7385.79 17857.8  6401.55 6413.59 8027.83 5579.71 13604.3  
12599.1 12661.6 15679.3 11048 26596.6  8126.89 8096.33 10167.5 7079.59 17305.9  
6303.37 6298.02 7912.33 5475.18 13418.8  5175.82 5169.88 6489.73 4502.36 11015.8  
21974 21921.1 27666.8 19027.6 46904.6  8194.97 8173.1 10221.9 7186.4 17431.4  
8439.82 8423.68 10476.3 7385.79 17857.8  6415.01 6412.46 8023.69 5594.81 13628.9  
12599.1 12661.6 15679.3 11048 26596.6  8032.1 8078.31 10100.2 7008.79 17065  
6303.37 6298.02 7912.33 5475.18 13418.8  5163.41 5132.52 6477.03 4477.76 11021.8  
12599.1 12661.6 15679.3 11048 26596.6  8124.31 8095.6 10106.9 7106.94 17239.8  
21974 21921.1 27666.8 19027.6 46904.6  8277.28 8240.64 10241.7 7294.46 17539  
21974 21921.1 27666.8 19027.6 46904.6  8194.97 8173.1 10221.9 7186.4 17431.4  
6303.37 6298.02 7912.33 5475.18 13418.8  5135.47 5127.27 6475 4447.92 10969  
21974 21921.1 27666.8 19027.6 46904.6  8129.28 8142.63 10192.5 7118.96 17304.2  
