5 50 2
12599.1 12661.6 15679.3 11048 26596.6  7986.56 8057.31 9956.16 7024.52 16850.2  
12599.1 12661.6 15679.3 11048 26596.6  7986.56 8057.31 9956.16 7024.52 16850.2  
12599.1 12661.6 15679.3 11048 26596.6  7986.56 8057.31 9956.16 7024.52 16850.2  
12599.1 12661.6 15679.3 11048 26596.6  8126.89 8096.33 10167.5 7079.59 17305.9  
12599.1 12661.6 15679.3 11048 26596.6  8109.82 8097.76 10172.8 7060.47 17274.6  
12599.1 12661.6 15679.3 11048 26596.6  7986.56 8057.31 9956.16 7024.52 16850.2  
12599.1 12661.6 15679.3 11048 26596.6  8124.31 8095.6 10106.9 7106.94 17239.8  
12599.1 12661.6 15679.3 11048 26596.6  8124.31 8095.6 10106.9 7106.94 17239.8  
12599.1 12661.6 15679.3 11048 26596.6  8100.99 8110.05 10131.6 7078.22 17200  
12599.1 12661.6 15679.3 11048 26596.6  8032.1 8078.31 10100.2 7008.79 17065  
21974 21921.1 27666.8 19027.6 46904.6  8308.53 8312 10275.1 7344.9 17552.9  
21974 21921.1 27666.8 19027.6 46904.6  8277.28 8240.64 10241.7 7294.46 17539  
21974 21921.1 27666.8 19027.6 46904.6  8194.97 8173.1 10221.9 7186.4 17431.4  
21974 21921.1 27666.8 19027.6 46904.6  8271.47 8253.35 10260.2 7285.28 17531.3  
21974 21921.1 27666.8 19027.6 46904.6  8211.52 8171.71 10216.9 7205.29 17461.4  
21974 21921.1 27666.8 19027.6 46904.6  8194.97 8173.1 10221.9 7186.4 17431.4  
21974 21921.1 27666.8 19027.6 46904.6  8277.28 8240.64 10241.7 7294.46 17539  
21974 21921.1 27666.8 19027.6 46904.6  8194.97 8173.1 10221.9 7186.4 17431.4  
21974 21921.1 27666.8 19027.6 46904.6  8254.6 8254.76 10265.3 7266.04 17500.7  
21974 21921.1 27666.8 19027.6 46904.6  8129.28 8142.63 10192.5 7118.96 17304.2  
26715.1 26596.5 33110.7 23370.8 56555  6445.67 6514.24 8237.74 5628.67 13834.6  
26715.1 26596.5 33110.7 23370.8 56555  6434.28 6534.46 8219.61 5635.8 13769.1  
26715.1 26596.5 33110.7 23370.8 56555  6406.26 6428.39 8124.39 5602.65 13741.1  
26715.1 26596.5 33110.7 23370.8 56555  6434.63 6486.55 8248.83 5598.67 13855.7  
26715.1 26596.5 33110.7 23370.8 56555  6414.59 6515.71 8147.33 5642.12 13678.1  
26715.1 26596.5 33110.7 23370.8 56555  6434.65 6504.14 8176.82 5642.42 13762.7  
26715.1 26596.5 33110.7 23370.8 56555  6414.59 6515.71 8147.33 5642.12 13678.1  
26715.1 26596.5 33110.7 23370.8 56555  6434.65 6504.14 8176.82 5642.42 13762.7  
26715.1 26596.5 33110.7 23370.8 56555  6410.18 6495.57 8119.79 5641.37 13665.2  
26715.1 26596.5 33110.7 23370.8 56555  6430.45 6467.42 8222.69 5597.96 13843.4  
6303.37 6298.02 7912.33 5475.18 13418.8  5133.3 5150.22 6470.44 4459.36 10932.8  
6303.37 6298.02 7912.33 5475.18 13418.8  5111.14 5114.1 6461.3 4423.71 10921.1  
6303.37 6298.02 7912.33 5475.18 13418.8  5186.54 5168.98 6486.45 4514.4 11035.3  
6303.37 6298.02 7912.33 5475.18 13418.8  5184.47 5192.05 6481.37 4526.26 10998.6  
6303.37 6298.02 7912.33 5475.18 13418.8  5163.41 5132.52 6477.03 4477.76 11021.8  
6303.37 6298.02 7912.33 5475.18 13418.8  5141.19 5172.05 6461.73 4482.5 10914.2  
6303.37 6298.02 7912.33 5475.18 13418.8  5199.12 5182.95 6465.92 4544.35 11023.5  
6303.37 6298.02 7912.33 5475.18 13418.8  5175.82 5169.88 6489.73 4502.36 11015.8  
6303.37 6298.02 7912.33 5475.18 13418.8  5135.47 5127.27 6475 4447.92 10969  
6303.37 6298.02 7912.33 5475.18 13418.8  5199.12 5182.95 6465.92 4544.35 11023.5  
8439.82 8423.68 10476.3 7385.79 17857.8  6401.55 6413.59 8027.83 5579.71 13604.3  
8439.82 8423.68 10476.3 7385.79 17857.8  6402.34 6355.14 7946.12 5592.66 13592.1  
8439.82 8423.68 10476.3 7385.79 17857.8  6402.34 6355.14 7946.12 5592.66 13592.1  
8439.82 8423.68 10476.3 7385.79 17857.8  6415.41 6383.23 7982.83 5601.29 13622.8  
8439.82 8423.68 10476.3 7385.79 17857.8  6408.27 6422.18 7991.14 5609.1 13570.5  
8439.82 8423.68 10476.3 7385.79 17857.8  6401.55 6413.59 8027.83 5579.71 13604.3  
8439.82 8423.68 10476.3 7385.79 17857.8  6401.55 6413.59 8027.83 5579.71 13604.3  
8439.82 8423.68 10476.3 7385.79 17857.8  6394.58 6423.33 7995.35 5593.74 13545.5  
8439.82 8423.68 10476.3 7385.79 17857.8  6402.34 6355.14 7946.12 5592.66 13592.1  
8439.82 8423.68 10476.3 7385.79 17857.8  6415.01 6412.46 8023.69 5594.81 13628.9  
