3 33 3
34376.9 24312.8 22906.9  6241.65 4630.04 4166.17  1131.13 860.591 758.193  
15936.8 11258.9 10608.6  9860.84 7099.44 6603.02  6121.18 4338.14 4076.55  
7504.16 5376.11 5004.43  6125.5 4411.67 4091.78  5066.05 3615.53 3372.57  
6697.13 4781.63 4476.71  5624.63 4023.83 3755.59  4720.72 3349.32 3154.56  
41062.3 29260.8 27411.4  916.466 718.342 573.89  20.5977 20.2799 14.378  
24927.5 17971 16736.7  10142.6 7206.64 6735.42  4139.73 2884.4 2714.38  
12501.3 8963.79 8340.56  8801.67 6286.93 5869.37  6153.44 4361.37 4077.93  
34376.9 24312.8 22906.9  6189.36 4552.4 4141.49  1170.54 927.563 779.616  
6697.13 4781.63 4476.71  5633.4 4002.04 3744.78  4726.42 3384.04 3161.82  
29763.7 21081.8 19846  8674.63 6241.44 5757.93  2503.61 1868.5 1692.1  
39818.4 28311.8 26578.3  2063.38 1598.67 1349.44  111.969 84.2091 68.5529  
34376.9 24312.8 22906.9  6241.49 4596.71 4153.58  1131.27 887.71 768.49  
12501.3 8963.79 8340.56  8801.67 6286.93 5869.37  6153.44 4361.37 4077.93  
7504.16 5376.11 5004.43  6141.51 4422.66 4108.73  5016.86 3580.57 3328.27  
29763.7 21081.8 19846  8649.33 6176.67 5731.71  2521.34 1913.69 1710.6  
29763.7 21081.8 19846  8649.86 6312.14 5784.37  2542.59 1837.05 1678.39  
15936.8 11258.9 10608.6  9889.03 7019.99 6572.88  6119.85 4346.39 4065.06  
15936.8 11258.9 10608.6  9860.25 6947.2 6542.98  6138.13 4408.5 4104.9  
39818.4 28311.8 26578.3  2069.4 1580.64 1343.23  105.973 100.854 74.3379  
24927.5 17971 16736.7  10059.8 7201.26 6691.06  4159.72 2887.11 2733.98  
29763.7 21081.8 19846  8636.94 6300.98 5783.98  2540.55 1849.12 1681.17  
34376.9 24312.8 22906.9  6214.32 4640.65 4172.42  1150.1 837.055 747.39  
34376.9 24312.8 22906.9  6214.32 4640.65 4172.42  1150.1 837.055 747.39  
29763.7 21081.8 19846  8651.16 6314.43 5776.86  2541.3 1834.77 1685.86  
6697.13 4781.63 4476.71  5592.9 4028.94 3751.18  4725.76 3348.51 3155.27  
38155.2 27085.1 25392.3  3493.54 2633.39 2367.25  318.806 252.18 217.071  
24927.5 17971 16736.7  10200.2 7197.55 6743.36  4049.38 2892.4 2685.1  
12501.3 8963.79 8340.56  8744.97 6247.32 5813.85  6193.96 4389.8 4116.33  
29763.7 21081.8 19846  8612.4 6280.95 5775.69  2547.21 1840.86 1679.56  
29763.7 21081.8 19846  8674.63 6241.44 5757.93  2503.61 1868.5 1692.1  
12501.3 8963.79 8340.56  8801.67 6286.93 5869.37  6153.44 4361.37 4077.93  
6697.13 4781.63 4476.71  5615.47 4015.26 3760.22  4742.9 3368.29 3154.45  
7504.16 5376.11 5004.43  6125.5 4411.67 4091.78  5066.05 3615.53 3372.57  
