3 100 3
15936.8 11258.9 10608.6  9860.25 6947.2 6542.98  6121.05 4426.41 4111.6  
15936.8 11258.9 10608.6  9846.59 6983.68 6571.6  6143.25 4426.58 4106.53  
15936.8 11258.9 10608.6  9846.02 7033.81 6591.44  6126.38 4393.89 4093.24  
15936.8 11258.9 10608.6  9860.84 7099.44 6603.02  6121.18 4338.14 4076.55  
15936.8 11258.9 10608.6  9860.84 7099.44 6603.02  6140.5 4387.74 4078.94  
15936.8 11258.9 10608.6  9860.25 6947.2 6542.98  6138.13 4408.5 4104.9  
15936.8 11258.9 10608.6  9889.03 7019.99 6572.88  6119.85 4346.39 4065.06  
15936.8 11258.9 10608.6  9846.37 6935.32 6542.56  6135.53 4472.21 4119  
15936.8 11258.9 10608.6  9873.44 7055.93 6600.73  6133.13 4367.88 4083.07  
15936.8 11258.9 10608.6  9873.44 7055.93 6600.73  6142.8 4376.99 4078.2  
41062.3 29260.8 27411.4  914.782 722.095 576.32  22.3862 16.6326 12.0156  
41062.3 29260.8 27411.4  916.466 718.342 573.89  20.5977 20.2799 14.378  
41062.3 29260.8 27411.4  914.952 722.343 575.564  22.2003 16.3784 12.7048  
41062.3 29260.8 27411.4  917.371 713.618 574.391  19.7851 24.9678 13.8529  
41062.3 29260.8 27411.4  915.965 717.611 576.117  21.2353 20.9988 12.1975  
41062.3 29260.8 27411.4  915.965 717.611 576.117  21.2353 20.9988 12.1975  
41062.3 29260.8 27411.4  917.371 713.618 574.391  19.6915 25.0348 13.8761  
41062.3 29260.8 27411.4  913.384 715.374 575.314  23.6845 23.2721 13.0048  
41062.3 29260.8 27411.4  910.756 718.555 575.471  26.232 20.1564 12.8001  
41062.3 29260.8 27411.4  916.022 712.4 574.361  21.1019 26.1588 13.8828  
39818.4 28311.8 26578.3  2054.31 1590.76 1347.42  120.398 92.2177 70.4982  
39818.4 28311.8 26578.3  2069.42 1592.15 1347.31  106.254 89.6836 70.3521  
39818.4 28311.8 26578.3  2060.15 1583.81 1347.05  115.227 97.6868 70.5192  
39818.4 28311.8 26578.3  2066 1577.35 1344.83  109.671 103.722 72.6079  
39818.4 28311.8 26578.3  2063.38 1598.67 1349.44  111.969 84.2091 68.5529  
39818.4 28311.8 26578.3  2069.4 1580.64 1343.23  106.272 100.428 74.2112  
39818.4 28311.8 26578.3  2067.07 1590.52 1343.78  108.533 91.9632 73.6345  
39818.4 28311.8 26578.3  2066 1577.35 1344.83  109.676 104.484 72.8337  
39818.4 28311.8 26578.3  2069.06 1591.58 1349.03  106.462 91.4483 68.9622  
39818.4 28311.8 26578.3  2069.4 1580.64 1343.23  105.973 100.854 74.3379  
34376.9 24312.8 22906.9  6240.55 4595.08 4158.8  1127.01 884.406 764.064  
34376.9 24312.8 22906.9  6231.52 4620.31 4171.21  1137.54 860.463 752.682  
34376.9 24312.8 22906.9  6234.36 4592.04 4142.86  1137.07 885.058 774.896  
34376.9 24312.8 22906.9  6231.55 4587.15 4158.53  1136.01 879.785 758.632  
34376.9 24312.8 22906.9  6189.36 4552.4 4141.49  1170.54 927.563 779.616  
34376.9 24312.8 22906.9  6240.55 4595.08 4158.8  1127.07 878.067 761.745  
34376.9 24312.8 22906.9  6241.49 4596.71 4153.58  1131.27 887.71 768.49  
34376.9 24312.8 22906.9  6241.65 4630.04 4166.17  1121.66 846.171 753.702  
34376.9 24312.8 22906.9  6241.65 4630.04 4166.17  1131.13 860.591 758.193  
34376.9 24312.8 22906.9  6214.32 4640.65 4172.42  1150.1 837.055 747.39  
6697.13 4781.63 4476.71  5640.03 4006.15 3754.63  4718.27 3352.11 3154.72  
6697.13 4781.63 4476.71  5599.55 4002.5 3754.84  4726.81 3381.68 3147.7  
6697.13 4781.63 4476.71  5633.4 4002.04 3744.78  4726.42 3384.04 3161.82  
6697.13 4781.63 4476.71  5624.63 4023.83 3755.59  4720.72 3349.32 3154.56  
6697.13 4781.63 4476.71  5592.9 4028.94 3751.18  4725.76 3348.51 3155.27  
6697.13 4781.63 4476.71  5615.47 4015.26 3760.22  4696.1 3381.37 3151.33  
6697.13 4781.63 4476.71  5631.03 3997.73 3759.18  4719.69 3353.44 3153.99  
6697.13 4781.63 4476.71  5615.4 3985.2 3753.89  4742.24 3371.86 3159.49  
6697.13 4781.63 4476.71  5615.47 4015.26 3760.22  4742.9 3368.29 3154.45  
6697.13 4781.63 4476.71  5584.39 4021.71 3750.92  4727.11 3349.65 3155.31  
7504.16 5376.11 5004.43  6125.5 4411.67 4091.78  5066.05 3615.53 3372.57  
7504.16 5376.11 5004.43  6135.86 4387.68 4080.27  5064.2 3619.81 3374.62  
7504.16 5376.11 5004.43  6199.99 4400.67 4129.19  5043.89 3636.11 3380.14  
7504.16 5376.11 5004.43  6103.52 4364.47 4052.33  5023.55 3590.86 3338.21  
7504.16 5376.11 5004.43  6141.51 4422.66 4108.73  5016.86 3580.57 3328.27  
7504.16 5376.11 5004.43  6183.06 4420.1 4130.25  5055.79 3614.02 3365.7  
7504.16 5376.11 5004.43  6101.04 4394.37 4069.08  5055.28 3633.39 3381.68  
7504.16 5376.11 5004.43  6192.69 4396.15 4118.37  5007.81 3585.26 3326.58  
7504.16 5376.11 5004.43  6153.62 4368.82 4080.09  5080.08 3635.87 3397.42  
7504.16 5376.11 5004.43  6159.89 4404.69 4102.57  5051.03 3635.39 3384.91  
38155.2 27085.1 25392.3  3493.08 2632.51 2370.28  319.55 255.009 215.818  
38155.2 27085.1 25392.3  3488.03 2627.98 2370.14  323.82 258.919 215.108  
38155.2 27085.1 25392.3  3470.88 2635.78 2351.99  337.529 252.354 230.642  
38155.2 27085.1 25392.3  3493.03 2613.5 2363.07  318.727 273.402 222.444  
38155.2 27085.1 25392.3  3470.88 2635.78 2351.99  339.742 250.234 231.742  
38155.2 27085.1 25392.3  3489.42 2611.64 2353.98  322.539 271.642 229.034  
38155.2 27085.1 25392.3  3489.4 2630.62 2361.03  322.906 256.718 224.229  
38155.2 27085.1 25392.3  3493.54 2633.39 2367.25  318.806 252.18 217.071  
38155.2 27085.1 25392.3  3493.48 2614.36 2360.09  319.186 269.419 224.389  
38155.2 27085.1 25392.3  3489.42 2611.64 2353.98  321.654 274.869 229.784  
29763.7 21081.8 19846  8612.4 6280.95 5775.69  2568.73 1858.37 1686.69  
29763.7 21081.8 19846  8649.86 6312.14 5784.37  2542.59 1837.05 1678.39  
29763.7 21081.8 19846  8649.86 6312.14 5784.37  2542.59 1837.05 1678.39  
29763.7 21081.8 19846  8612.4 6280.95 5775.69  2568.73 1858.37 1686.69  
29763.7 21081.8 19846  8649.33 6176.67 5731.71  2521.34 1913.69 1710.6  
29763.7 21081.8 19846  8674.63 6241.44 5757.93  2503.61 1868.5 1692.1  
29763.7 21081.8 19846  8636.94 6300.98 5783.98  2540.55 1849.12 1681.17  
29763.7 21081.8 19846  8651.16 6314.43 5776.86  2541.3 1834.77 1685.86  
29763.7 21081.8 19846  8612.4 6280.95 5775.69  2547.21 1840.86 1679.56  
29763.7 21081.8 19846  8673.38 6239.22 5765.17  2525.48 1874.15 1688.98  
24927.5 17971 16736.7  10059.8 7201.26 6691.06  4159.72 2887.11 2733.98  
24927.5 17971 16736.7  10012.7 7161.73 6689.68  4194.04 2915.97 2735  
24927.5 17971 16736.7  10142.6 7206.64 6735.42  4139.73 2884.4 2714.38  
24927.5 17971 16736.7  10200.2 7197.55 6743.36  4049.38 2892.4 2685.1  
24927.5 17971 16736.7  10183.5 7182.17 6751.69  4054.13 2898.49 2672.71  
24927.5 17971 16736.7  10047.2 7193.54 6672.45  4167.25 2891.74 2745.11  
24927.5 17971 16736.7  10127.1 7193.68 6734.97  4091.77 2893.58 2693.73  
24927.5 17971 16736.7  10144.1 7209.32 6726.49  4138.84 2882.8 2719.73  
24927.5 17971 16736.7  10042.6 7185.36 6699.68  4141.55 2898.54 2714.7  
24927.5 17971 16736.7  10058.3 7198.53 6700.14  4183.82 2884.12 2735.35  
12501.3 8963.79 8340.56  8695.35 6256.84 5797.91  6191.32 4406.16 4121.64  
12501.3 8963.79 8340.56  8803.95 6244.26 5844.82  6176.37 4390.71 4107.13  
12501.3 8963.79 8340.56  8801.67 6286.93 5869.37  6073.85 4398.99 4067.45  
12501.3 8963.79 8340.56  8770.3 6220.46 5813.6  6186.4 4397.76 4116.41  
12501.3 8963.79 8340.56  8656.88 6274.08 5798.66  6225.27 4414.85 4154.63  
12501.3 8963.79 8340.56  8744.97 6247.32 5813.85  6193.96 4389.8 4116.33  
12501.3 8963.79 8340.56  8836.39 6265.83 5883.57  6063.68 4405.29 4063.27  
12501.3 8963.79 8340.56  8825.99 6259.38 5868.15  6192.55 4401.39 4127.38  
12501.3 8963.79 8340.56  8801.67 6286.93 5869.37  6153.44 4361.37 4077.93  
12501.3 8963.79 8340.56  8695.35 6256.84 5797.91  6208.77 4386.99 4121.07  
