1 18 3
37715.2  23365.5  14516.7  
37715.2  23485.7  14439.3  
37715.2  23554.5  14646.6  
37715.2  23251.5  14674.7  
37715.2  23608.5  14626.3  
37715.2  23554.5  14561.2  
55686.6  24752.8  10869.4  
55686.6  24504.1  10976.1  
55686.6  24555.1  10947.8  
55686.6  24571.1  10998.8  
55686.6  24680.3  10885.9  
55686.6  24571.1  10998.8  
27844.8  20091.2  14425.3  
27844.8  19945.3  14548.5  
27844.8  19989.4  14493.7  
27844.8  20094.7  14413  
27844.8  20094.7  14424.4  
27844.8  20005  14489.4  
