2  34  42.25  19.91  49000  49000  1  1

******************** Using iran model first stage solution ****************
49000  49
------------- Unsatisfy demand per scenario per model ---------------
101920  101930  
0  0  
0  0  
101953  101963  
101953  101963  
0  0  
121636  121636  
102054  102064  
0  0  
121806  121806  
0  0  
0  0  
0  0  
0  0  
102054  102064  
0  0  
0  0  
0  0  
121636  121636  
0  0  
0  0  
0  0  
121563  121563  
121647  121647  
102090  102100  
101869  101879  
0  0  
101910  101920  
0  0  
0  0  
121493  121493  
0  0  
101945  101955  
0  0  
------------- Recours cost per scenario per model ----------------------
1.1884e+07  1.16945e+07  
6.08444e+06  6.08444e+06  
6.09068e+06  6.09068e+06  
1.18927e+07  1.1703e+07  
1.18927e+07  1.1703e+07  
1.96431e+06  1.96431e+06  
1.23168e+07  1.23168e+07  
1.18836e+07  1.16947e+07  
6.09859e+06  6.09859e+06  
1.23055e+07  1.23055e+07  
6.09655e+06  6.09655e+06  
6.09307e+06  6.09307e+06  
6.09068e+06  6.09068e+06  
6.09492e+06  6.09492e+06  
1.18836e+07  1.16947e+07  
6.08001e+06  6.08001e+06  
6.09492e+06  6.09492e+06  
6.06732e+06  6.06732e+06  
1.23168e+07  1.23168e+07  
1.96564e+06  1.96564e+06  
6.08913e+06  6.08913e+06  
6.06732e+06  6.06732e+06  
1.23211e+07  1.23211e+07  
1.2324e+07  1.2324e+07  
1.18885e+07  1.16979e+07  
1.18807e+07  1.16898e+07  
6.08444e+06  6.08444e+06  
1.18789e+07  1.1688e+07  
1.95689e+06  1.95689e+06  
1.94574e+06  1.94574e+06  
1.23298e+07  1.23298e+07  
6.08462e+06  6.08462e+06  
1.18756e+07  1.16847e+07  
6.09492e+06  6.09492e+06  
------------- Number of mobile facility  per scenario per model ----------------------
1  0  
1  1  
1  1  
1  0  
1  0  
1  0  
1  1  
1  0  
1  1  
1  1  
1  1  
1  1  
1  1  
1  1  
1  0  
1  1  
1  1  
1  1  
1  1  
1  0  
1  1  
1  1  
1  1  
1  1  
1  0  
1  0  
1  1  
1  0  
1  1  
1  1  
1  1  
1  1  
1  0  
1  1  
------------- Resolution time per scenario per model ----------------------
0.6  0.18  
0.58  0.14  
0.58  0.14  
0.58  0.17  
0.57  0.16  
0.59  0.13  
0.6  0.16  
0.62  0.17  
0.59  0.13  
0.64  0.15  
0.6  0.13  
0.59  0.13  
0.62  0.13  
0.57  0.13  
0.61  0.17  
0.59  0.14  
0.62  0.14  
0.58  0.14  
0.62  0.17  
0.61  0.13  
0.6  0.13  
0.59  0.13  
0.59  0.14  
0.6  0.15  
0.59  0.17  
0.57  0.16  
0.55  0.14  
0.61  0.18  
0.57  0.12  
0.58  0.12  
0.6  0.15  
0.57  0.13  
0.63  0.17  
0.62  0.14  

******************** Using dbsWc first stage solution ****************
49000  49
------------------- Unsatisfy demand per scenario per model ---------------
101920  101930  
0  0  
0  0  
101953  101963  
101953  101963  
0  0  
121636  121636  
102054  102064  
0  0  
121806  121806  
0  0  
0  0  
0  0  
0  0  
102054  102064  
0  0  
0  0  
0  0  
121636  121636  
0  0  
0  0  
0  0  
121563  121563  
121647  121647  
102090  102100  
101869  101879  
0  0  
101910  101920  
0  0  
0  0  
121493  121493  
0  0  
101945  101955  
0  0  
------------------- Recours cost per scenario per model -------------------
1.1884e+07  1.16945e+07  
6.08444e+06  6.08444e+06  
6.09068e+06  6.09068e+06  
1.18927e+07  1.1703e+07  
1.18927e+07  1.1703e+07  
1.96431e+06  1.96431e+06  
1.23168e+07  1.23168e+07  
1.18836e+07  1.16947e+07  
6.09859e+06  6.09859e+06  
1.23055e+07  1.23055e+07  
6.09655e+06  6.09655e+06  
6.09307e+06  6.09307e+06  
6.09068e+06  6.09068e+06  
6.09492e+06  6.09492e+06  
1.18836e+07  1.16947e+07  
6.08001e+06  6.08001e+06  
6.09492e+06  6.09492e+06  
6.06732e+06  6.06732e+06  
1.23168e+07  1.23168e+07  
1.96564e+06  1.96564e+06  
6.08913e+06  6.08913e+06  
6.06732e+06  6.06732e+06  
1.23211e+07  1.23211e+07  
1.2324e+07  1.2324e+07  
1.18885e+07  1.16979e+07  
1.18807e+07  1.16898e+07  
6.08444e+06  6.08444e+06  
1.18789e+07  1.1688e+07  
1.95689e+06  1.95689e+06  
1.94574e+06  1.94574e+06  
1.23298e+07  1.23298e+07  
6.08462e+06  6.08462e+06  
1.18756e+07  1.16847e+07  
6.09492e+06  6.09492e+06  
------------- Number of mobile facility  per scenario per model ----------------------
1  0  
1  1  
1  1  
1  0  
1  0  
1  0  
1  1  
1  0  
1  1  
1  1  
1  1  
1  1  
1  1  
1  1  
1  0  
1  1  
1  1  
1  1  
1  1  
1  0  
1  1  
1  1  
1  1  
1  1  
1  0  
1  0  
1  1  
1  0  
1  1  
1  1  
1  1  
1  1  
1  0  
1  1  
------------- Resolution time per scenario per model ----------------------
0.59  0.16  
0.57  0.12  
0.58  0.15  
0.59  0.17  
0.6  0.18  
0.58  0.13  
0.61  0.15  
0.62  0.18  
0.62  0.14  
0.62  0.16  
0.59  0.13  
0.58  0.13  
0.57  0.13  
0.6  0.14  
0.64  0.18  
0.57  0.13  
0.58  0.14  
0.58  0.14  
0.62  0.16  
0.58  0.13  
0.57  0.14  
0.59  0.13  
0.58  0.17  
0.59  0.16  
0.63  0.17  
0.59  0.16  
0.6  0.13  
0.61  0.18  
0.57  0.12  
0.59  0.12  
0.61  0.16  
0.6  0.13  
0.56  0.17  
0.56  0.14  
