2  5
resolution time : 19.91
49000  49000
16  0
******************** fixed facilities: 49 ****************
1  2  3  4  5  6  7  8  9  10  11  12  13  14  15  16  17  18  19  20  21  22  23  24  25  26  27  28  29  30  31  32  33  34  35  36  37  38  39  40  41  42  43  44  45  46  47  48  49  
******************** Response cost ****************
0  1.21506e+07  303.849  1.11271e+06  1.23413e+07  1.23413e+07  303.849  1.2338e+07  303.849  151.925  1.23391e+07  303.849  151.925  1.23413e+07  0  1.23413e+07  
******************** Mobile facilities tour:  ****************
 scenario 0 : 0





------------------------------------
 scenario 1 : 0





------------------------------------
 scenario 2 : 0





------------------------------------
 scenario 3 : 0





------------------------------------
 scenario 4 : 0





------------------------------------
 scenario 5 : 1
0  
0  
0  
0  
0  
------------------------------------
 scenario 6 : 0





------------------------------------
 scenario 7 : 0





------------------------------------
 scenario 8 : 0





------------------------------------
 scenario 9 : 0





------------------------------------
 scenario 10 : 0





------------------------------------
 scenario 11 : 0





------------------------------------
 scenario 12 : 0





------------------------------------
 scenario 13 : 0





------------------------------------
 scenario 14 : 0





------------------------------------
 scenario 15 : 0





------------------------------------
******************** Stock in hospital ****************
0  0  0  0  0  0  0  0  0  0  0  0  
0  0  2200  0  0  0  0  0  0  0  0  0  
0  0  0  0  0  0  0  0  0  0  0  0  
0  0  0  0  0  0  0  0  0  0  0  0  
0  0  0  0  0  0  0  0  0  0  0  0  
0  0  2200  0  0  0  420.82  0  0  0  0  0  
0  0  0  0  0  0  0  0  0  0  0  0  
0  0  0  0  2200  0  0  0  0  0  0  0  
0  0  0  0  0  0  0  0  0  0  0  0  
0  0  0  0  0  0  0  0  0  0  0  0  
0  0  2200  0  0  0  0  0  0  0  0  0  
0  0  0  0  0  0  0  0  0  0  0  0  
0  0  0  0  0  0  0  0  0  0  0  0  
0  0  0  2200  0  0  0  0  0  0  0  0  
0  0  0  0  0  0  0  0  0  0  0  0  
0  0  2200  0  0  0  0  0  0  0  0  0  
******************** Quantity of blood collect in hospitals ****************
0  0  0  0  0  0  0  0  0  0  
11824.7  12675.3  12500  12000  14992.9  9507.09  8203.32  4563.76  4038.36  2202.85  
0  0  0  0  0  0  0  0  0  0  
0  0  0  0  0  4782.16  0  0  0  0  
13500  11000  16111.2  8388.77  14860.1  9520.79  8356.8  4567.36  4013.99  2207.6  
0  15298.7  1493.75  18648.1  8000  11568.7  12484.4  7164.4  3134.39  0  
0  0  0  0  0  0  0  0  0  0  
9389.79  15110.2  12000  12364.4  14919.1  9528.18  8320.08  4577.18  4070.16  2206.58  
0  0  0  0  0  0  0  0  0  0  
0  0  0  0  0  0  0  0  0  0  
12351.8  11959.9  16416.7  8083.34  14971.8  9528.18  8320.08  4577.18  4070.16  2206.58  
0  0  0  0  0  0  0  0  0  0  
0  0  0  0  0  0  0  0  0  0  
12977.1  11522.9  8914.64  15585.4  14860.1  9520.79  8356.8  4567.36  4013.99  2207.6  
0  0  0  0  0  0  0  0  0  0  
10000  14404  15228.1  9271.91  14944.5  9555.5  8229.76  4586.63  4024.54  2204.05  
******************** Unsatisfy demand in hospital ****************
9805.05  5535.15  9111.91  5127.01  8450.87  4782.16  7864.91  4448.49  7343.15  4127.72  
62918.3  28429.1  20592.2  7781.4  1948.19  0  0  0  0  0  
9786.31  5520.55  9147.59  5131.82  8443.81  4757.04  7907.16  4432.17  9555.91  6324.22  
9805.05  5535.15  9111.91  5127.01  8450.87  0  7864.91  4448.49  7343.15  4127.72  
59043  30104.4  18962.9  11366.1  2192.79  0  0  0  0  0  
55372.2  14757.1  29416.1  0  12895.5  0  0  0  4773.92  4454.4  
9805.05  5535.15  9028.23  5138.62  8488.12  4784.82  7924.37  4444.52  9569.97  6330.07  
63153.2  25994.2  25145.5  7376.29  0  0  0  0  0  0  
4194.47  2372.79  4049.79  2298.44  3966.54  2224.7  3812.13  2163.12  5929.62  4295.52  
4194.47  2372.79  4049.79  2298.44  3966.54  2224.7  3812.13  2163.12  5929.62  2095.52  
62391.2  29144.5  16328.8  11657.4  2147.28  0  0  0  0  0  
9805.05  5535.15  9111.91  5127.01  8450.87  4782.16  7864.91  4448.49  9543.15  6327.72  
9786.31  5520.55  9023.3  5112.39  8425.87  4775.13  7855.62  4453.07  7313.22  6346.61  
59565.9  31781.5  26159.5  1969.54  2192.79  0  0  0  0  0  
9786.31  5520.55  9148.88  5137.47  8482.21  4791.08  7822.39  4401.74  7371.42  4138.26  
64743  26700.4  17587.7  10416.8  2221.3  0  0  0  0  0  
