2  5
resolution time : 42.25
49000  49000
16  0
******************** fixed facilities: 49 ****************
1  2  3  4  5  6  7  8  9  10  11  12  13  14  15  16  17  18  19  20  21  22  23  24  25  26  27  28  29  30  31  32  33  34  35  36  37  38  39  40  41  42  43  44  45  46  47  48  49  
******************** Response cost ****************
6.09307e+06  1.23184e+07  6.09804e+06  6.09307e+06  1.23393e+07  1.18927e+07  6.09655e+06  1.23413e+07  1.96196e+06  1.96196e+06  1.23413e+07  6.09307e+06  6.06134e+06  1.23393e+07  6.09661e+06  1.23211e+07  
******************** Mobile facilities tour:  ****************
 scenario 0 : 1
0  




------------------------------------
 scenario 1 : 1
0  
0  



------------------------------------
 scenario 2 : 1
0  




------------------------------------
 scenario 3 : 1
0  




------------------------------------
 scenario 4 : 1
0  
0  



------------------------------------
 scenario 5 : 1
0  
0  



------------------------------------
 scenario 6 : 1
0  




------------------------------------
 scenario 7 : 1
0  
0  



------------------------------------
 scenario 8 : 1
0  




------------------------------------
 scenario 9 : 1
0  




------------------------------------
 scenario 10 : 1
0  




------------------------------------
 scenario 11 : 1
0  




------------------------------------
 scenario 12 : 1
0  




------------------------------------
 scenario 13 : 1
0  




------------------------------------
 scenario 14 : 1
0  




------------------------------------
 scenario 15 : 1
0  
0  
0  


------------------------------------
******************** Stock in hospital ****************
0  0  0  0  0  0  0  0  0  0  
0  0  0  0  0  0  0  0  0  0  
0  0  0  0  0  0  0  0  0  0  
0  0  0  0  0  0  0  0  0  0  
0  0  0  0  0  0  0  0  0  0  
0  0  0  0  0  0  0  0  0  0  
0  0  0  0  0  0  0  0  0  0  
0  0  0  0  0  0  0  0  0  0  
0  0  0  0  0  0  0  0  0  0  
0  0  0  0  0  0  0  0  0  0  
0  0  0  0  0  0  0  0  0  0  
0  0  0  0  0  0  0  0  0  0  
0  0  0  0  0  0  0  0  0  0  
0  0  0  0  0  0  0  0  0  0  
0  0  0  0  0  0  0  0  0  0  
0  0  0  0  0  0  0  0  0  0  
******************** Quantity of blood collect in hospitals ****************
9805.05  5535.15  9111.91  5127.01  8450.87  4782.16  7864.91  4448.49  7343.15  4127.72  
13000  11500  13010  11500  14992.9  9507.09  8203.32  4563.76  4038.36  2202.85  
9786.31  5520.55  9147.59  5131.82  8443.81  4757.04  7907.16  4432.17  7355.91  4124.22  
9805.05  5535.15  9111.91  5127.01  8450.87  4782.16  7864.91  4448.49  7343.15  4127.72  
13000  11500  13010  11500  14979.2  9520.79  8356.8  4567.36  4013.99  2207.6  
11151.8  10500  11510  10500  11500  10500  12319.9  7164.4  7908.31  4454.4  
9805.05  5535.15  9028.23  5138.62  8488.12  4784.82  7924.37  4444.52  7369.97  4130.07  
13000  11500  13010  11500  14971.8  9528.18  8320.08  4577.18  4070.16  2206.58  
4194.47  2372.79  4049.79  2298.44  3966.54  2224.7  3812.13  2163.12  3729.62  2095.52  
4194.47  2372.79  4049.79  2298.44  3966.54  2224.7  3812.13  2163.12  3729.62  2095.52  
13010  11500  13000  11500  14971.8  9528.18  8320.08  4577.18  4070.16  2206.58  
9805.05  5535.15  9111.91  5127.01  8450.87  4782.16  7864.91  4448.49  7343.15  4127.72  
9786.31  5520.55  9023.3  5112.39  8425.87  4775.13  7855.62  4453.07  7313.22  4146.61  
13010  11500  13000  11500  14979.2  9520.79  8356.8  4567.36  4013.99  2207.6  
9786.31  5520.55  9148.88  5137.47  8482.21  4791.08  7822.39  4401.74  7371.42  4138.26  
13000  11500  13000  11500  14954.5  9555.5  8229.76  4586.63  4024.54  2204.05  
******************** Unsatisfy demand in hospital ****************
0  0  0  0  0  0  0  0  0  0  
59543  29604.4  22282.2  8281.4  1948.19  0  0  0  0  0  
0  0  0  0  0  0  0  0  0  0  
0  0  0  0  0  0  0  0  0  0  
59543  29604.4  22064.1  8254.9  2073.69  0  0  0  0  0  
42020.4  19555.8  21599.8  8148.1  8974.7  1068.7  585.34  0  0  0  
0  0  0  0  0  0  0  0  0  0  
59543  29604.4  21935.5  8240.7  2147.28  0  0  0  0  0  
0  0  0  0  0  0  0  0  0  0  
0  0  0  0  0  0  0  0  0  0  
59533  29604.4  21945.5  8240.7  2147.28  0  0  0  0  0  
0  0  0  0  0  0  0  0  0  0  
0  0  0  0  0  0  0  0  0  0  
59533  29604.4  22074.1  8254.9  2073.69  0  0  0  0  0  
0  0  0  0  0  0  0  0  0  0  
59543  29604.4  22015.8  8188.7  2211.3  0  0  0  0  0  
