2 16 5
44488.9 32022.2  10335.4 7566.02  2429.18 1828.74  568.799 441.838  136.493 108.014  
21931.6 15823.5  13622.1 9870.92  8510.51 6169.66  5233.02 3769.27  3268.75 2383.48  
44488.9 32022.2  10336.6 7571.84  2438.53 1843.27  563.205 429.907  132.541 101.367  
44488.9 32022.2  10280.3 7518.21  2481.77 1881.28  574.532 441.412  134.05 104.96  
44488.9 32022.2  10335.4 7566.02  2429.18 1828.74  568.799 441.838  136.493 108.014  
44488.9 32022.2  10295.6 7562.12  2463.38 1843.75  577.73 438.192  133.357 101.484  
15578 11271.8  11343.9 8170.56  8358.56 6037.38  6112.31 4452.69  4473.54 3249.45  
35102.5 25448.3  13718.7 9926.09  5550.08 4008.58  2173.67 1569.11  881.972 634.194  
15578 11271.8  11312.5 8179.86  8355.33 6049.89  6084.46 4386.82  4457.43 3220.37  
44488.9 32022.2  10336.6 7571.84  2438.53 1843.27  563.205 429.907  132.541 101.367  
35102.5 25448.3  13881.7 10019  5451.69 3952.51  2135.44 1553.46  868.408 624.19  
15578 11271.8  11315.9 8239.83  8294.74 5986.33  6136.99 4447.78  4485.93 3248.97  
21931.6 15823.5  13563.4 9769.61  8499.4 6186.71  5266.46 3814.11  3308.35 2409.43  
44488.9 32022.2  10379.2 7632.34  2399.39 1786.27  560.374 424.302  131.153 101.983  
44488.9 32022.2  10295.6 7562.12  2466.42 1843.85  573.151 436.867  133.99 102.268  
21931.6 15823.5  13622.1 9870.92  8440.63 6085.4  5247.32 3824.61  3289.51 2394.23  
