2 50 5
21931.6 15823.5  13622.1 9870.92  8440.63 6085.4  5247.32 3824.61  3289.51 2394.23  
21931.6 15823.5  13622.1 9870.92  8474.91 6106.83  5282.96 3842.15  3255.15 2378.75  
21931.6 15823.5  13563.4 9769.61  8477.73 6184.16  5310.29 3844.98  3296.1 2402.63  
21931.6 15823.5  13564.6 9791.53  8496.56 6136.5  5261.17 3836.76  3302.97 2417.61  
21931.6 15823.5  13618.3 9803.9  8501.37 6200.84  5267.98 3835.57  3264.18 2364.63  
21931.6 15823.5  13622.1 9870.92  8510.51 6169.66  5233.02 3769.27  3268.75 2383.48  
21931.6 15823.5  13544.5 9734.73  8504.16 6157.76  5265.89 3850.07  3279.6 2407.61  
21931.6 15823.5  13654.5 9845.75  8416.83 6073.12  5255.98 3814.47  3282.22 2395.89  
21931.6 15823.5  13563.4 9769.61  8499.4 6186.71  5266.46 3814.11  3308.35 2409.43  
21931.6 15823.5  13564.6 9791.53  8519.26 6162.78  5251.27 3801.29  3306.11 2415  
44488.9 32022.2  10336.6 7571.84  2438.53 1843.27  563.205 429.907  132.541 101.367  
44488.9 32022.2  10280.3 7518.21  2481.77 1881.28  574.532 441.412  134.05 104.96  
44488.9 32022.2  10378.5 7644.27  2397.28 1782.98  562.651 420.627  132.625 99.619  
44488.9 32022.2  10363.3 7615.8  2395.12 1779.76  577.487 446.811  134.349 103.226  
44488.9 32022.2  10295.6 7562.12  2463.38 1843.75  577.73 438.192  133.357 101.484  
44488.9 32022.2  10379.2 7632.34  2399.39 1786.27  560.374 424.302  131.153 101.983  
44488.9 32022.2  10339.5 7623.66  2416.26 1779.92  580.241 440.212  133.948 102.376  
44488.9 32022.2  10352.2 7616.58  2423.1 1799.47  561.317 424.117  132.91 104.053  
44488.9 32022.2  10295.6 7562.12  2466.42 1843.85  573.151 436.867  133.99 102.268  
44488.9 32022.2  10335.4 7566.02  2429.18 1828.74  568.799 441.838  136.493 108.014  
35102.5 25448.3  13898.8 10009.7  5425.53 3931.36  2140.47 1565.3  868.595 635.195  
35102.5 25448.3  13828.1 10040.8  5447.95 3937.25  2177.95 1545.98  878.583 624.197  
35102.5 25448.3  13806.2 9947.36  5526.24 4015.05  2136.03 1558.93  866.316 627.16  
35102.5 25448.3  13828.1 10040.8  5468.31 3912.82  2183.1 1581.42  849.497 609.622  
35102.5 25448.3  13882.8 10058.6  5486.65 3943.81  2127.18 1531.97  849.235 615.718  
35102.5 25448.3  13754.7 10009.3  5512.54 3931.74  2192.27 1583.63  871.782 625.159  
35102.5 25448.3  13720.5 9966.36  5541.9 3994.72  2186.04 1556.09  881.922 628.332  
35102.5 25448.3  13881.7 10019  5451.69 3952.51  2135.44 1553.46  868.408 624.19  
35102.5 25448.3  13936.2 10053.4  5369.64 3912.76  2177.32 1564.94  859.704 620.454  
35102.5 25448.3  13718.7 9926.09  5550.08 4008.58  2173.67 1569.11  881.972 634.194  
15578 11271.8  11426.3 8254.92  8336.42 6014.81  6044.24 4413.35  4468.65 3223.77  
15578 11271.8  11393.8 8244.68  8358.21 6054.17  6088.68 4408.13  4448.06 3236.22  
15578 11271.8  11343.9 8170.56  8358.56 6037.38  6112.31 4452.69  4473.54 3249.45  
15578 11271.8  11312.5 8179.86  8355.33 6049.89  6084.46 4386.82  4457.43 3220.37  
15578 11271.8  11394.9 8264.34  8347.33 6054.67  6057.05 4385.07  4432.53 3200.74  
15578 11271.8  11312.5 8179.86  8298.22 6046.29  6135.15 4416.63  4472.09 3230.27  
15578 11271.8  11315.9 8239.83  8294.74 5986.33  6136.99 4447.78  4485.93 3248.97  
15578 11271.8  11394.9 8264.34  8333.24 6027.25  6113.13 4425.91  4428.13 3209.62  
15578 11271.8  11343.9 8170.56  8361.05 6079.95  6111.64 4441.22  4454.54 3240.34  
15578 11271.8  11380.2 8272.39  8277.68 5977.7  6113.9 4421.18  4441.22 3232.99  
19645.7 14220.7  13010.3 9419.49  8597 6201.51  5625.39 4105.54  3766.69 2714.01  
19645.7 14220.7  12883.4 9380.31  8639.19 6224.2  5700.6 4103.27  3738.87 2725.46  
19645.7 14220.7  12899.1 9348.24  8635.6 6239.96  5680.06 4103.36  3746.63 2728.22  
19645.7 14220.7  13009 9397.49  8586.57 6238.91  5661.25 4116.51  3726.44 2690.52  
19645.7 14220.7  13011.5 9404.81  8510.18 6159.45  5654.03 4124.63  3780.65 2733.46  
19645.7 14220.7  13010.2 9383.2  8524.47 6205.72  5704.84 4123.87  3765.49 2737.82  
19645.7 14220.7  12952.6 9350.25  8616.56 6248.96  5686.52 4134  3754.02 2725  
19645.7 14220.7  13010.2 9383.2  8513.21 6211.9  5700.31 4106.44  3770.84 2741.64  
19645.7 14220.7  12883.4 9380.31  8555.58 6212.72  5738.51 4125.77  3780.45 2729.85  
19645.7 14220.7  12973.3 9408.21  8525.46 6203.35  5717.03 4116.22  3777.94 2723.74  
