3 50 50 2
500 200
2200 1000 2200 
1518.23 322.98 1
0.0690567 1 10
430.971
428.958
432.901
430.139
430.813
429.699
430.401
430.489
432.406
431.764
429.141
431.19
430.079
433.792
431.02
430.155
430.459
428.981
430.58
431.617
432.932
430.886
429.64
430.849
430.33
429.376
430.498
430.721
428.93
430.65
429.806
429.036
430.458
432.84
430.651
431.399
432.73
429.535
429.583
432.091
429.265
429.34
430.312
429.258
432.768
431.573
429.714
432.084
429.652
432.187
43.466 -0.2636
44.9659 0.18977
46.4158 -1.25343
44.6129 2.02189
46.145 -0.07953
44.6996 -0.78661
45.3669 2.02552
45.9905 1.12302
43.5282 -1.43975
46.3344 -0.6035
44.8024 1.17262
46.2499 -0.22517
45.8438 -0.03144
46.9166 1.46181
46.1683 1.24071
45.1375 1.9944
43.5732 0.18768
44.6698 0.83612
43.716 1.45826
46.4638 0.53978
46.7485 1.25104
43.914 -1.05916
45.6757 0.50752
43.6219 -0.56361
44.3577 -1.09135
45.2362 -0.30891
43.606 1.03562
45.9882 -0.48628
44.8809 0.22579
43.5354 0.994
43.9209 0.96875
44.7365 -0.04941
43.6244 1.04099
43.4118 -1.49882
43.6824 -0.5079
45.5566 -1.51816
46.709 -0.24729
44.0625 0.06354
45.2868 1.43643
46.1198 -1.27761
44.8909 1.32521
44.5585 1.34443
45.6579 1.66398
45.2738 -0.08025
46.7585 0.9103
43.6304 -1.11712
44.8437 -0.80919
46.0392 -1.38769
45.2298 -0.61341
46.4509 1.5911
44.9877 1.26704
43.6429 -1.50686
44.7104 0.28417
