3 50 2
26841.9 11989.1 35906.8  6831.22 3000.5 9050.64  
13560 6072.45 18144.5  8401.77 3769 11254.1  
25238.6 11354.5 33879  7546.94 3293.15 9950.21  
35588 15728.7 47383.6  406.334 263.722 605.409  
15741.4 7010.47 21001.2  8878.45 3902.11 11778.7  
15817.9 6965.79 21030.7  8844.98 3921.5 11766  
34497.4 15172.5 45862.6  1429.33 771.931 2021.67  
26841.9 11989.1 35906.8  6808.72 3007.09 9036.31  
35588 15728.7 47383.6  405.634 267.849 608.862  
14007 6207.32 18662.6  8530.68 3809.38 11417.3  
35494.3 15809.8 47428.8  492.838 188.12 560.702  
26841.9 11989.1 35906.8  6808.72 3007.09 9036.31  
34497.4 15172.5 45862.6  1429.33 771.931 2021.67  
25238.6 11354.5 33879  7592.66 3295.01 9993.53  
14007 6207.32 18662.6  8530.68 3809.38 11417.3  
14007 6207.32 18662.6  8530.68 3809.38 11417.3  
13560 6072.45 18144.5  8327.09 3756.53 11173.9  
13560 6072.45 18144.5  8473.89 3768.71 11308.6  
35494.3 15809.8 47428.8  499.887 186.361 563.379  
15817.9 6965.79 21030.7  8836.39 3945.25 11827.2  
14007 6207.32 18662.6  8532.85 3807.46 11394.3  
26841.9 11989.1 35906.8  6782.44 3004.7 9019.33  
26841.9 11989.1 35906.8  6782.44 3004.7 9019.33  
14007 6207.32 18662.6  8551.31 3807 11422.6  
35588 15728.7 47383.6  406.828 266.333 608.382  
10419.6 4580.48 13850.1  7350.26 3207.75 9740.31  
15817.9 6965.79 21030.7  8859.79 3940.72 11809.2  
34497.4 15172.5 45862.6  1439.28 787.468 2042.06  
14007 6207.32 18662.6  8561.56 3767.7 11373.4  
14007 6207.32 18662.6  8547.5 3749.56 11332.4  
34497.4 15172.5 45862.6  1429.33 771.931 2021.67  
35588 15728.7 47383.6  406.201 262.823 604.054  
25238.6 11354.5 33879  7546.94 3293.15 9950.21  
13560 6072.45 18144.5  8480.28 3747.76 11271.9  
10419.6 4580.48 13850.1  7350.26 3207.75 9740.31  
26841.9 11989.1 35906.8  6784.43 3003.49 9001.47  
15817.9 6965.79 21030.7  8859.79 3940.72 11809.2  
15741.4 7010.47 21001.2  8849.57 3910.04 11758.7  
25238.6 11354.5 33879  7617.4 3287.82 10009.3  
15817.9 6965.79 21030.7  8859.79 3940.72 11809.2  
14007 6207.32 18662.6  8561.56 3767.7 11373.4  
34497.4 15172.5 45862.6  1439.79 783.607 2039.45  
15741.4 7010.47 21001.2  8896.1 3934.81 11849.1  
15741.4 7010.47 21001.2  8896.1 3934.81 11849.1  
25238.6 11354.5 33879  7544.73 3294.47 9969.96  
10419.6 4580.48 13850.1  7399.31 3284.81 9875.27  
26841.9 11989.1 35906.8  6830.66 2988.49 9011.31  
13560 6072.45 18144.5  8432.22 3758.66 11249.1  
15741.4 7010.47 21001.2  8836.24 3953.95 11835.5  
35494.3 15809.8 47428.8  494.072 187.994 560.948  
