3 150 2
13560 6072.45 18144.5  8422.99 3766.57 11259.6  
13560 6072.45 18144.5  8368.58 3765.94 11232.5  
13560 6072.45 18144.5  8368.58 3765.94 11232.5  
13560 6072.45 18144.5  8401.77 3769 11254.1  
13560 6072.45 18144.5  8480.28 3747.76 11271.9  
13560 6072.45 18144.5  8401.77 3769 11254.1  
13560 6072.45 18144.5  8473.89 3768.71 11308.6  
13560 6072.45 18144.5  8473.89 3768.71 11308.6  
13560 6072.45 18144.5  8368.58 3765.94 11232.5  
13560 6072.45 18144.5  8480.28 3747.76 11271.9  
13560 6072.45 18144.5  8327.09 3756.53 11173.9  
13560 6072.45 18144.5  8432.22 3758.66 11249.1  
13560 6072.45 18144.5  8510.29 3752.83 11316.1  
13560 6072.45 18144.5  8453.03 3771.09 11303.1  
13560 6072.45 18144.5  8453.03 3771.09 11303.1  
15741.4 7010.47 21001.2  8849.57 3910.04 11758.7  
15741.4 7010.47 21001.2  8886.77 3942.82 11859.8  
15741.4 7010.47 21001.2  8878.45 3902.11 11778.7  
15741.4 7010.47 21001.2  8893.33 3921.23 11822  
15741.4 7010.47 21001.2  8836.24 3953.95 11835.5  
15741.4 7010.47 21001.2  8836.24 3953.95 11835.5  
15741.4 7010.47 21001.2  8878.45 3902.11 11778.7  
15741.4 7010.47 21001.2  8867.53 3943.29 11830.3  
15741.4 7010.47 21001.2  8896.1 3934.81 11849.1  
15741.4 7010.47 21001.2  8836.24 3953.95 11835.5  
15741.4 7010.47 21001.2  8896.1 3934.81 11849.1  
15741.4 7010.47 21001.2  8796.2 3907.1 11706  
15741.4 7010.47 21001.2  8867.53 3943.29 11830.3  
15741.4 7010.47 21001.2  8836.24 3953.95 11835.5  
15741.4 7010.47 21001.2  8886.77 3942.82 11859.8  
35494.3 15809.8 47428.8  497.217 188.094 563.488  
35494.3 15809.8 47428.8  497.795 187.797 564.236  
35494.3 15809.8 47428.8  497.795 187.797 564.236  
35494.3 15809.8 47428.8  494.604 187.595 560.392  
35494.3 15809.8 47428.8  494.101 188.072 562.215  
35494.3 15809.8 47428.8  497.74 187.701 562.941  
35494.3 15809.8 47428.8  492.838 188.12 560.702  
35494.3 15809.8 47428.8  492.838 188.12 560.702  
35494.3 15809.8 47428.8  496.004 188.217 563.246  
35494.3 15809.8 47428.8  496.004 188.217 563.246  
35494.3 15809.8 47428.8  494.072 187.994 560.948  
35494.3 15809.8 47428.8  496.004 188.217 563.246  
35494.3 15809.8 47428.8  494.072 187.994 560.948  
35494.3 15809.8 47428.8  499.887 186.361 563.379  
35494.3 15809.8 47428.8  494.072 187.994 560.948  
26841.9 11989.1 35906.8  6830.66 2988.49 9011.31  
26841.9 11989.1 35906.8  6805.39 2998.14 9033.95  
26841.9 11989.1 35906.8  6831.22 3000.5 9050.64  
26841.9 11989.1 35906.8  6830.66 2988.49 9011.31  
26841.9 11989.1 35906.8  6825.52 3005.19 9040.64  
26841.9 11989.1 35906.8  6808.72 3007.09 9036.31  
26841.9 11989.1 35906.8  6808.72 3007.09 9036.31  
26841.9 11989.1 35906.8  6784.43 3003.49 9001.47  
26841.9 11989.1 35906.8  6784.43 3003.49 9001.47  
26841.9 11989.1 35906.8  6808.72 3007.09 9036.31  
26841.9 11989.1 35906.8  6740.62 3002.99 8979.8  
26841.9 11989.1 35906.8  6808.72 3007.09 9036.31  
26841.9 11989.1 35906.8  6831.22 3000.5 9050.64  
26841.9 11989.1 35906.8  6782.44 3004.7 9019.33  
26841.9 11989.1 35906.8  6847.73 2998.63 9054.89  
35588 15728.7 47383.6  405.68 267.707 607.624  
35588 15728.7 47383.6  405.68 267.707 607.624  
35588 15728.7 47383.6  406.201 262.823 604.054  
35588 15728.7 47383.6  405.68 267.707 607.624  
35588 15728.7 47383.6  405.634 267.849 608.862  
35588 15728.7 47383.6  406.334 263.722 605.409  
35588 15728.7 47383.6  406.828 266.333 608.382  
35588 15728.7 47383.6  406.422 263.586 604.24  
35588 15728.7 47383.6  406.881 266.184 607.157  
35588 15728.7 47383.6  406.881 266.184 607.157  
35588 15728.7 47383.6  406.19 264.875 604.914  
35588 15728.7 47383.6  406.881 266.184 607.157  
35588 15728.7 47383.6  406.201 262.823 604.054  
35588 15728.7 47383.6  406.201 262.823 604.054  
35588 15728.7 47383.6  406.828 266.333 608.382  
25238.6 11354.5 33879  7546.94 3293.15 9950.21  
25238.6 11354.5 33879  7527.93 3295.26 9945.34  
25238.6 11354.5 33879  7498.19 3292.59 9926.24  
25238.6 11354.5 33879  7504.94 3287.13 9937.19  
25238.6 11354.5 33879  7573.97 3297.1 9988.74  
25238.6 11354.5 33879  7592.66 3295.01 9993.53  
25238.6 11354.5 33879  7592.66 3295.01 9993.53  
25238.6 11354.5 33879  7617.4 3287.82 10009.3  
25238.6 11354.5 33879  7498.19 3292.59 9926.24  
25238.6 11354.5 33879  7531.18 3280.07 9953.93  
25238.6 11354.5 33879  7460.9 3284.37 9874.39  
25238.6 11354.5 33879  7430.67 3281.65 9854.98  
25238.6 11354.5 33879  7544.73 3294.47 9969.96  
25238.6 11354.5 33879  7570.29 3287.29 9986.14  
25238.6 11354.5 33879  7617.4 3287.82 10009.3  
10419.6 4580.48 13850.1  7406.95 3278.22 9866.52  
10419.6 4580.48 13850.1  7401.33 3283.06 9855.67  
10419.6 4580.48 13850.1  7381.78 3286.83 9870.67  
10419.6 4580.48 13850.1  7399.31 3284.81 9875.27  
10419.6 4580.48 13850.1  7392.54 3251.32 9808.98  
10419.6 4580.48 13850.1  7375.74 3226.5 9771.16  
10419.6 4580.48 13850.1  7401.33 3283.06 9855.67  
10419.6 4580.48 13850.1  7401.33 3283.06 9855.67  
10419.6 4580.48 13850.1  7406.95 3278.22 9866.52  
10419.6 4580.48 13850.1  7381.78 3286.83 9870.67  
10419.6 4580.48 13850.1  7350.26 3207.75 9740.31  
10419.6 4580.48 13850.1  7395.86 3301.13 9887.07  
10419.6 4580.48 13850.1  7395.86 3301.13 9887.07  
10419.6 4580.48 13850.1  7392.54 3251.32 9808.98  
10419.6 4580.48 13850.1  7365.17 3261.37 9831.74  
14007 6207.32 18662.6  8543.33 3767.69 11344.6  
14007 6207.32 18662.6  8530.68 3809.38 11417.3  
14007 6207.32 18662.6  8564.17 3780.57 11398.9  
14007 6207.32 18662.6  8557.63 3786.16 11386.3  
14007 6207.32 18662.6  8551.31 3807 11422.6  
14007 6207.32 18662.6  8530.68 3809.38 11417.3  
14007 6207.32 18662.6  8555.35 3788.18 11409.1  
14007 6207.32 18662.6  8530.68 3809.38 11417.3  
14007 6207.32 18662.6  8547.5 3749.56 11332.4  
14007 6207.32 18662.6  8532.85 3807.46 11394.3  
14007 6207.32 18662.6  8523.71 3815.33 11404.8  
14007 6207.32 18662.6  8551.31 3807 11422.6  
14007 6207.32 18662.6  8561.56 3767.7 11373.4  
14007 6207.32 18662.6  8543.33 3767.69 11344.6  
14007 6207.32 18662.6  8532.85 3807.46 11394.3  
15817.9 6965.79 21030.7  8836.39 3945.25 11827.2  
15817.9 6965.79 21030.7  8846.09 3904.53 11775.7  
15817.9 6965.79 21030.7  8849.26 3902.62 11753.3  
15817.9 6965.79 21030.7  8844.98 3921.5 11766  
15817.9 6965.79 21030.7  8829.15 3872.82 11708  
15817.9 6965.79 21030.7  8859.79 3940.72 11809.2  
15817.9 6965.79 21030.7  8857.37 3942.82 11832.7  
15817.9 6965.79 21030.7  8829.15 3872.82 11708  
15817.9 6965.79 21030.7  8846.09 3904.53 11775.7  
15817.9 6965.79 21030.7  8862.54 3954.36 11836.2  
15817.9 6965.79 21030.7  8853.23 3962.41 11846.9  
15817.9 6965.79 21030.7  8822.87 3878.25 11694.8  
15817.9 6965.79 21030.7  8866.51 3934.9 11822.2  
15817.9 6965.79 21030.7  8846.09 3904.53 11775.7  
15817.9 6965.79 21030.7  8862.54 3954.36 11836.2  
34497.4 15172.5 45862.6  1434.03 773.849 2024.04  
34497.4 15172.5 45862.6  1439.79 783.607 2039.45  
34497.4 15172.5 45862.6  1440.22 786.295 2043.97  
34497.4 15172.5 45862.6  1434.03 773.849 2024.04  
34497.4 15172.5 45862.6  1439.28 787.468 2042.06  
34497.4 15172.5 45862.6  1440.22 786.295 2043.97  
34497.4 15172.5 45862.6  1435.28 781.767 2037.36  
34497.4 15172.5 45862.6  1437.44 779.824 2032.15  
34497.4 15172.5 45862.6  1439.28 787.468 2042.06  
34497.4 15172.5 45862.6  1437.44 779.824 2032.15  
34497.4 15172.5 45862.6  1434.03 773.849 2024.04  
34497.4 15172.5 45862.6  1435.29 788.381 2044.71  
34497.4 15172.5 45862.6  1429.33 771.931 2021.67  
34497.4 15172.5 45862.6  1429.33 771.931 2021.67  
34497.4 15172.5 45862.6  1434.03 773.849 2024.04  
