3 22 22 5
500 200
2200 1000 2200 
1518.23 322.98 1
0.0690567 1 10
1057.24
1056.67
1059.19
1056.69
1062.94
1058.47
1057.31
1056.56
1063.29
1056.73
1058.9
1065.13
1059.31
1058.06
1060.4
1057.83
1057.73
1062.33
1062.57
1057.54
1058.78
1061.58
45.2357 -0.26371
45.5836 0.10546
46.8795 2.01397
45.6756 1.31429
43.3858 0.98393
44.4096 0.96564
44.8504 0.80771
45.5468 0.3189
43.4132 -0.25375
45.3359 1.15005
45.7469 -1.34654
43.5544 -1.56347
45.4415 -1.47789
44.6172 0.07856
46.8974 -1.25609
44.9553 -0.41699
46.5988 0.00037
43.5011 1.04546
43.6203 -0.53676
44.7407 0.67459
47.0092 1.29558
43.8639 -0.64794
44.5898 1.98878
45.3443 1.21673
45.3077 -1.43293
