3 16 5
10725.1 27148.5 21529.3  4355.72 10886.2 8743.47  1810.72 4410.66 3588.32  760.723 1795.56 1486.49  308.255 718.901 597.835  
14456.7 36314.8 28939  2969.1 7291.56 5922.23  600.871 1470.61 1189.63  120.714 297.335 244.72  25.8369 60.3932 51.0206  
14456.7 36314.8 28939  2931.81 7281.7 5875.4  631.298 1479.99 1230.95  126.964 298.083 249.314  26.1379 60.0815 51.7786  
180.18 453.311 362.346  178.57 449.345 357.827  174.559 441.636 353.354  172.849 437.257 349.851  173.891 434.943 348.726  
12150.9 30381.2 24290.2  3999.82 10061.3 8058.92  1346.26 3343.45 2677.96  456.436 1106.75 890.39  151.342 372.536 295.743  
12150.9 30381.2 24290.2  3999.82 10061.3 8058.92  1348.85 3331.21 2680.24  455.474 1116.84 888.31  149.497 374.18 295.143  
12150.9 30381.2 24290.2  4032.08 10033.8 8013.78  1327.4 3368.85 2701.29  447.347 1114.23 903.616  147.765 367.208 301.435  
180.18 453.311 362.346  176.308 446.091 356.902  175.109 442.993 353.63  175.921 440.078 352.012  173.341 433.587 348.44  
180.18 453.311 362.346  176.308 446.091 356.902  175.164 440.681 354.157  172.866 437.299 349.852  172.014 435.145 345.776  
6880.59 17240.1 13779.4  4259.71 10704.9 8529.36  2666.55 6636.82 5326.45  1653.73 4113.39 3309.32  1024.01 2560.78 2038.78  
180.18 453.311 362.346  176.308 446.091 356.902  175.164 440.681 354.157  172.866 437.299 349.852  172.014 435.145 345.776  
10725.1 27148.5 21529.3  4386.72 10905.7 8737.1  1786.15 4385.06 3564.22  757.115 1799.85 1501.75  304.389 715.37 597.392  
180.18 453.311 362.346  178.23 448.418 358.738  177.694 444.639 354.818  173.628 439.283 349.887  173.319 433.556 348.431  
14456.7 36314.8 28939  2969.86 7294.26 5910.48  600.805 1469.36 1205.41  122.009 295.687 242.684  24.0716 60.4238 49.2376  
14456.7 36314.8 28939  2969.86 7294.26 5910.48  599.805 1466.81 1206.14  121.911 298.869 242.003  25.239 59.9438 49.7767  
14456.7 36314.8 28939  2969.86 7294.26 5910.48  592.579 1466.03 1191.96  127.81 298.337 251.612  26.163 61.0274 53.3352  
