3 50 5
6880.59 17240.1 13779.4  4259.71 10704.9 8529.36  2666.55 6636.82 5326.45  1653.73 4113.39 3309.32  1024.01 2560.78 2038.78  
6880.59 17240.1 13779.4  4276.27 10688.9 8514  2660.97 6645.36 5321.69  1636.34 4106.01 3309.09  1031.59 2565.05 2049.55  
6880.59 17240.1 13779.4  4281.19 10699.4 8542.76  2665.12 6619.63 5304.49  1641.05 4132.8 3298.84  1029.88 2554.77 2053.52  
6880.59 17240.1 13779.4  4280.08 10695.5 8559.72  2646.21 6608.35 5314.02  1648.59 4138.58 3288.82  1026.83 2567.15 2050.53  
6880.59 17240.1 13779.4  4289.75 10660.5 8549.84  2621.22 6642.33 5287.07  1660.8 4132.75 3296.78  1027.1 2568.21 2050.61  
6880.59 17240.1 13779.4  4280.08 10695.5 8559.72  2658.84 6640.38 5314.94  1640.7 4117.9 3296.86  1025.31 2563.79 2043.14  
6880.59 17240.1 13779.4  4280.08 10695.5 8559.72  2664.84 6618.62 5308.8  1641.15 4133.18 3297.24  1027.77 2563.95 2052.61  
6880.59 17240.1 13779.4  4282.49 10641.6 8555.09  2632.2 6632.71 5307.31  1644.8 4128.59 3298.98  1038.12 2581.73 2050.2  
6880.59 17240.1 13779.4  4290.88 10664.5 8532.59  2654.75 6652.11 5325.22  1641.33 4110.11 3306  1026.53 2570.16 2042.37  
6880.59 17240.1 13779.4  4282.49 10641.6 8555.09  2655.56 6656.67 5288.29  1636.04 4119.56 3306.2  1027.42 2562.67 2058.39  
10725.1 27148.5 21529.3  4437.41 10965.7 8845.03  1763.03 4363.5 3528.72  732.108 1766.26 1443.59  310.572 721.918 602.312  
10725.1 27148.5 21529.3  4386.72 10905.7 8737.1  1798.34 4391.14 3568.13  755.655 1799.69 1509.05  302.558 718.03 598.712  
10725.1 27148.5 21529.3  4421.13 10929.7 8774.38  1805.34 4415.38 3618.99  725.3 1766.79 1450  299.146 712.107 586.861  
10725.1 27148.5 21529.3  4354.64 10882.4 8760.13  1797.85 4383.24 3529.58  769.327 1806.37 1494.07  311.104 730.598 615.052  
10725.1 27148.5 21529.3  4386.72 10905.7 8737.1  1786.15 4385.06 3564.22  757.115 1799.85 1501.75  304.389 715.37 597.392  
10725.1 27148.5 21529.3  4386.72 10905.7 8737.1  1790.61 4394.94 3580.59  748.8 1781.67 1471.38  311.919 728.143 616.383  
10725.1 27148.5 21529.3  4436.28 10961.7 8862.31  1790.19 4383.32 3531.06  731.204 1771.41 1453.58  290.448 704.636 581.018  
10725.1 27148.5 21529.3  4354.64 10882.4 8760.13  1810.91 4411.4 3585.31  764.636 1796.21 1470.26  309.884 724.255 602.603  
10725.1 27148.5 21529.3  4350.85 10875.9 8715.22  1813.56 4416.77 3604.97  765.301 1796.86 1485.19  310.083 724.276 609.906  
10725.1 27148.5 21529.3  4355.72 10886.2 8743.47  1810.72 4410.66 3588.32  760.723 1795.56 1486.49  308.255 718.901 597.835  
14456.7 36314.8 28939  2969.86 7294.26 5910.48  600.805 1469.36 1205.41  122.009 295.687 242.684  24.0716 60.4238 49.2376  
14456.7 36314.8 28939  2964.15 7278.94 5925.82  602.465 1482.94 1188.91  124.718 297.438 244.526  25.35 60.6086 49.062  
14456.7 36314.8 28939  2951.56 7290.93 5881.52  607.645 1470.05 1218.72  129.152 298.162 254.355  27.9176 60.5228 52.7986  
14456.7 36314.8 28939  2931.81 7281.7 5875.4  631.298 1479.99 1230.95  126.964 298.083 249.314  26.1379 60.0815 51.7786  
14456.7 36314.8 28939  2944.08 7274.1 5853.93  620.788 1484.57 1243.82  125.877 299.63 255.307  25.8499 61.1841 53.6311  
14456.7 36314.8 28939  2969.1 7291.56 5922.23  600.871 1470.61 1189.63  120.714 297.335 244.72  25.8369 60.3932 51.0206  
14456.7 36314.8 28939  2969.86 7294.26 5910.48  599.805 1466.81 1206.14  121.911 298.869 242.003  25.239 59.9438 49.7767  
14456.7 36314.8 28939  2951.56 7290.93 5881.52  614.833 1471.14 1221.93  124.667 296.921 250.808  25.7565 60.6341 53.0569  
14456.7 36314.8 28939  2949.32 7282.97 5916.17  618.748 1474.1 1197.13  122.183 301.29 244.052  26.2044 61.3424 50.6766  
14456.7 36314.8 28939  2969.86 7294.26 5910.48  592.579 1466.03 1191.96  127.81 298.337 251.612  26.163 61.0274 53.3352  
180.18 453.311 362.346  178.57 449.345 357.827  174.559 441.636 353.354  172.849 437.257 349.851  173.891 434.943 348.726  
180.18 453.311 362.346  176.308 446.091 356.902  175.109 442.993 353.63  175.921 440.078 352.012  173.341 433.587 348.44  
180.18 453.311 362.346  178.57 449.345 357.827  176.801 442.323 355.469  175.047 437.931 351.923  174.137 435.683 348.474  
180.18 453.311 362.346  178.23 448.418 358.738  177.694 444.639 354.818  173.628 439.283 349.887  173.319 433.556 348.431  
180.18 453.311 362.346  179.471 449.115 358.389  177.635 444.468 355.525  174.694 439.513 351.624  173.25 435.874 347.914  
180.18 453.311 362.346  176.308 446.091 356.902  175.164 440.681 354.157  172.866 437.299 349.852  172.014 435.145 345.776  
180.18 453.311 362.346  178.23 448.418 358.738  176.802 444.867 354.261  172.831 437.235 349.833  173.004 435.159 348.147  
180.18 453.311 362.346  177.688 447.056 358.464  175.15 440.671 354.142  175.953 440.255 351.294  173.863 434.945 348.697  
180.18 453.311 362.346  176.841 447.429 357.171  175.942 442.61 354.908  172.853 437.267 349.842  173.358 433.606 348.446  
180.18 453.311 362.346  176.841 447.429 357.171  176.816 444.877 354.277  175.605 439.285 352.215  171.922 434.915 346.415  
12150.9 30381.2 24290.2  4032.08 10033.8 8013.78  1327.4 3368.85 2701.29  447.347 1114.23 903.616  147.765 367.208 301.435  
12150.9 30381.2 24290.2  4023.04 10066.9 8023.89  1333.44 3327.48 2703.65  448.489 1117.33 897.632  149 370.578 297.101  
12150.9 30381.2 24290.2  4023.04 10066.9 8023.89  1343.17 3333.88 2695.49  440.514 1115.62 901.12  148.287 368.614 300.456  
12150.9 30381.2 24290.2  4007.51 10024.5 8065.62  1343.73 3375.02 2666.74  452.99 1110.21 893.397  149.486 371.906 296.71  
12150.9 30381.2 24290.2  4028.9 10022.3 8062.6  1333.65 3367.53 2679.85  446.192 1118.6 886.074  146.324 374.6 292.897  
12150.9 30381.2 24290.2  4028.9 10022.3 8062.6  1329.18 3375.26 2674.01  449.303 1113.91 888.19  147.392 372.922 296.347  
12150.9 30381.2 24290.2  4007.51 10024.5 8065.62  1350.92 3354.84 2674.76  449.065 1126 885.666  148.394 375.524 295.608  
12150.9 30381.2 24290.2  3999.82 10061.3 8058.92  1348.85 3331.21 2680.24  455.474 1116.84 888.31  149.497 374.18 295.143  
12150.9 30381.2 24290.2  4002.9 10072.4 8011.78  1346.82 3323.91 2711.74  453.344 1117.36 894.96  150.221 371.324 301.134  
12150.9 30381.2 24290.2  3999.82 10061.3 8058.92  1346.26 3343.45 2677.96  456.436 1106.75 890.39  151.342 372.536 295.743  
