2 33 4
10035 10900.2  7955.16 8568.67  6282.13 6812.29  4948.53 5394.67  
10543.8 11390.5  8214.3 8908.93  6419.09 6923.78  4992.21 5444.02  
31535.9 34268.2  10801.4 11671.6  3728.97 3982.26  1263.86 1362.33  
31535.9 34268.2  10764.1 11675  3702.33 3983.62  1315.54 1358.43  
10035 10900.2  7955.16 8568.67  6282.13 6812.29  4948.53 5394.67  
31535.9 34268.2  10694.3 11662.5  3757.28 3985.91  1325.29 1369.09  
29179 31570.5  11404.7 12266.6  4514.88 4964.75  1764.23 1945.32  
0 0  0 0  0 0  0 0  
29179 31570.5  11435.2 12282.8  4500.81 4932.98  1748.2 1929.56  
31535.9 34268.2  10801.4 11671.6  3701.14 3973.12  1290.45 1373.59  
0 0  0 0  0 0  0 0  
28290.3 30484.1  11603.2 12602.6  4755.39 5252.19  1965.34 2154.24  
10543.8 11390.5  8214.3 8908.93  6388.98 6895.32  4989.61 5427.52  
10035 10900.2  7866.82 8588.35  6243.37 6811.34  4980.83 5375.09  
10035 10900.2  7964.6 8567.8  6280.16 6812.47  4952.75 5379.14  
18215.8 19561.7  11250.4 12131.1  7009.75 7570.97  4367.01 4769.55  
10035 10900.2  7866.82 8588.35  6290.29 6769.46  4975.66 5359.92  
18032.4 19722.3  11322.3 12250.1  7062.75 7589.07  4292.17 4680.49  
29179 31570.5  11435.2 12282.8  4462.99 4957.63  1766.13 1940.71  
10035 10900.2  7897.77 8610.35  6230.27 6789.09  4939.26 5370.41  
24648.9 26940.4  12014.6 12907.2  5832.73 6259.12  2797.33 3045.85  
0 0  0 0  0 0  0 0  
31535.9 34268.2  10814.1 11603.6  3707.56 4039.52  1279.42 1374.51  
31535.9 34268.2  10814.1 11603.6  3707.56 4039.52  1279.42 1374.51  
0 0  0 0  0 0  0 0  
18032.4 19722.3  11235.7 12237.8  7077.33 7584.21  4328.74 4704.26  
10543.8 11390.5  8222.28 8869.61  6394.57 6973.97  5010.08 5385.09  
10035 10900.2  7955.16 8568.67  6282.13 6812.29  4948.53 5394.67  
24648.9 26940.4  11994 13000.3  5832.02 6247.3  2855.79 3014.14  
24648.9 26940.4  12014.6 12907.2  5832.73 6259.12  2797.33 3045.85  
29179 31570.5  11435.2 12282.8  4462.99 4957.63  1766.13 1940.71  
10543.8 11390.5  8178.06 8885.59  6404.23 6970.46  5025.98 5397.87  
29179 31570.5  11455.6 12371.9  4483.02 4879.52  1754.37 1930.15  
