2 100 4
18215.8 19561.7  11250.4 12131.1  7009.75 7570.97  4367.01 4769.55  
18215.8 19561.7  11274.3 12238.2  6991.69 7554.19  4364.78 4735.75  
18215.8 19561.7  11286.6 12148.1  7001.14 7599.33  4355.48 4745.33  
18215.8 19561.7  11264.9 12093.9  7021.93 7674.94  4360.28 4800.27  
18215.8 19561.7  11293.2 12237.5  7012.54 7653.84  4345 4733.64  
18215.8 19561.7  11283.9 12129.6  7010.62 7605.43  4360.62 4784.64  
18215.8 19561.7  11274.3 12238.2  7006.59 7620.96  4358.07 4703.58  
18215.8 19561.7  11274.3 12238.2  7013.31 7586.56  4358.92 4772.13  
18215.8 19561.7  11250.4 12131.1  7027.43 7660.96  4360.31 4735.88  
18215.8 19561.7  11306.6 12236.2  7012.75 7609.15  4346.94 4764.34  
10543.8 11390.5  8214.3 8908.93  6396.31 6965.33  4996.04 5427.15  
10543.8 11390.5  8214.3 8908.93  6419.09 6923.78  4992.21 5444.02  
10543.8 11390.5  8208.58 8870.13  6390.2 6903.73  4994.04 5457.5  
10543.8 11390.5  8183.68 8923.71  6403 6962.09  5020.25 5399.96  
10543.8 11390.5  8178.06 8885.59  6404.23 6970.46  5025.98 5397.87  
10543.8 11390.5  8232.03 8868.7  6390.97 6964.24  5013.25 5434.94  
10543.8 11390.5  8208.58 8870.13  6420.36 6932.26  5002.62 5418.47  
10543.8 11390.5  8214.3 8908.93  6388.98 6895.32  4989.61 5427.52  
10543.8 11390.5  8222.28 8869.61  6417.11 6952.29  5013.43 5405.29  
10543.8 11390.5  8222.28 8869.61  6394.57 6973.97  5010.08 5385.09  
31535.9 34268.2  10801.4 11671.6  3701.14 3973.12  1290.45 1373.59  
31535.9 34268.2  10801.4 11671.6  3728.97 3982.26  1263.86 1362.33  
31535.9 34268.2  10764.1 11675  3702.33 3983.62  1315.54 1358.43  
31535.9 34268.2  10733.4 11675.5  3722.29 3983.34  1312.64 1359.07  
31535.9 34268.2  10842.4 11618.5  3664.92 4025.36  1274.17 1374.98  
31535.9 34268.2  10721.8 11645.2  3739.31 3997.25  1300.89 1374.19  
31535.9 34268.2  10814.1 11603.6  3707.56 4039.52  1279.42 1374.51  
31535.9 34268.2  10733.4 11675.5  3746.61 3987.64  1291.94 1362.26  
31535.9 34268.2  10814.1 11603.6  3703.26 4039.9  1277.44 1376.56  
31535.9 34268.2  10694.3 11662.5  3757.28 3985.91  1325.29 1369.09  
10035 10900.2  7866.82 8588.35  6243.37 6811.34  4980.83 5375.09  
10035 10900.2  7875.23 8610.65  6241.62 6806.66  4961.05 5380.45  
10035 10900.2  7866.28 8611.48  6261.35 6806.25  4977.12 5386.44  
10035 10900.2  7897.77 8610.35  6230.27 6789.09  4939.26 5370.41  
10035 10900.2  7964.6 8567.8  6216.46 6798  4989.59 5364.58  
10035 10900.2  7926.93 8620.08  6271.81 6812.14  4962.36 5368.29  
10035 10900.2  7866.82 8588.35  6290.29 6769.46  4975.66 5359.92  
10035 10900.2  7964.6 8567.8  6280.16 6812.47  4952.75 5379.14  
10035 10900.2  7955.16 8568.67  6282.13 6812.29  4948.53 5394.67  
10035 10900.2  7955.16 8568.67  6241.1 6786.04  4962.8 5399.65  
8151.43 8793.9  6733.87 7325.32  5613.91 6011.46  4670.41 5040.59  
8151.43 8793.9  6733.87 7325.32  5607.14 6012.1  4648.4 5064.04  
8151.43 8793.9  6759.15 7312.98  5619.52 6057.16  4643.1 5065.71  
8151.43 8793.9  6765.82 7280.45  5611.73 6063.26  4656.02 4995.5  
8151.43 8793.9  6767.41 7291.27  5618.11 6060.81  4658.3 5053.01  
8151.43 8793.9  6752.84 7324.35  5603.92 6012.25  4658.82 5063.5  
8151.43 8793.9  6735.51 7315.19  5596.93 6093.76  4667.47 5028.94  
8151.43 8793.9  6760.72 7323.61  5619.25 6055.36  4664.94 5033.47  
8151.43 8793.9  6767.41 7291.27  5618.11 6060.81  4655.79 5001.7  
8151.43 8793.9  6760.72 7323.61  5609.36 6011.74  4658.41 5004.51  
0 0  0 0  0 0  0 0  
0 0  0 0  0 0  0 0  
0 0  0 0  0 0  0 0  
0 0  0 0  0 0  0 0  
0 0  0 0  0 0  0 0  
0 0  0 0  0 0  0 0  
0 0  0 0  0 0  0 0  
0 0  0 0  0 0  0 0  
0 0  0 0  0 0  0 0  
0 0  0 0  0 0  0 0  
29179 31570.5  11435.2 12282.8  4462.99 4957.63  1766.13 1940.71  
29179 31570.5  11401.8 12447.5  4495.74 4792.7  1779.4 1931.38  
29179 31570.5  11369.6 12378.9  4535.31 4875.32  1768.57 1929.01  
29179 31570.5  11372.9 12432.2  4534.26 4864.13  1770.41 1883.74  
29179 31570.5  11415 12411.2  4491.7 4884.98  1774.15 1905.72  
29179 31570.5  11404.7 12266.6  4514.88 4964.75  1764.23 1945.32  
29179 31570.5  11455.6 12371.9  4483.02 4879.52  1754.37 1930.15  
29179 31570.5  11435.2 12282.8  4500.81 4932.98  1748.2 1929.56  
29179 31570.5  11455.2 12407.6  4467.39 4873.45  1751.36 1915.98  
29179 31570.5  11328.2 12400.4  4544.31 4891.59  1789.88 1897.61  
28290.3 30484.1  11595 12546.4  4759.12 5277.72  1967.98 2172.25  
28290.3 30484.1  11583.9 12603.3  4765.55 5174.81  1980.09 2185.74  
28290.3 30484.1  11603.2 12602.6  4755.39 5252.19  1965.34 2154.24  
28290.3 30484.1  11562 12678.3  4801.14 5168.21  1969 2133.48  
28290.3 30484.1  11559.4 12660.3  4786.14 5126.11  1971.18 2175.43  
28290.3 30484.1  11592 12658.6  4771 5188.34  1960.98 2140.17  
28290.3 30484.1  11592 12658.6  4775.6 5164.89  1958.29 2153.83  
28290.3 30484.1  11574.2 12454.6  4781.42 5307.65  1965.27 2189.44  
28290.3 30484.1  11617 12601.3  4760.34 5175.37  1956.87 2164.33  
28290.3 30484.1  11574.2 12454.6  4771.35 5331.72  1971.18 2175.43  
24648.9 26940.4  11881.9 12950.2  5890.92 6282.03  2824.91 2987.36  
24648.9 26940.4  11825.8 12846.8  5951.84 6343.33  2832.69 3033.51  
24648.9 26940.4  11868.5 12951.5  5929.71 6288.93  2846.92 3006.48  
24648.9 26940.4  11972.3 12946.9  5843.2 6274.91  2856.66 3019.12  
24648.9 26940.4  12014.6 12907.2  5832.73 6259.12  2797.33 3045.85  
24648.9 26940.4  11860.5 12897.9  5845.36 6276.16  2896.21 3053.59  
24648.9 26940.4  11994 13000.3  5832.02 6247.3  2855.79 3014.14  
24648.9 26940.4  12059 13015.9  5798.72 6239.25  2808.12 2986.8  
24648.9 26940.4  11825.8 12846.8  5913.06 6336.34  2879.3 3048.88  
24648.9 26940.4  11825.8 12846.8  5853.77 6285.68  2885.08 3058.72  
18032.4 19722.3  11207.5 12223  7033.57 7603.53  4327.89 4685.28  
18032.4 19722.3  11322.3 12250.1  7044.61 7579.58  4394.26 4716.93  
18032.4 19722.3  11105.4 12145.7  7054.13 7623.6  4456.1 4747.64  
18032.4 19722.3  11309.3 12251.3  7049.43 7600.45  4357.39 4710.76  
18032.4 19722.3  11248.5 12236.6  7090.72 7594.17  4319.03 4700.95  
18032.4 19722.3  11248.5 12236.6  6973.55 7570.15  4403.93 4715.5  
18032.4 19722.3  11143.3 12189.5  7065.7 7615.51  4367.34 4710.65  
18032.4 19722.3  11280.7 12236.2  7060.25 7606.16  4308.51 4679.24  
18032.4 19722.3  11235.7 12237.8  7077.33 7584.21  4328.74 4704.26  
18032.4 19722.3  11322.3 12250.1  7062.75 7589.07  4292.17 4680.49  
