5 50 4
17860.5 17714.4 22336.6 15490.9 38092.6  8760.7 8799.4 11021.8 7649.15 18642.7  4334.39 4371.18 5414.15 3827.27 9174.53  2134.75 2146.29 2642.28 1901.35 4506.81  
21074.6 21069.7 26131.1 18474.4 44520.5  8424.9 8422.33 10519.2 7389.1 17904.5  3405.46 3423.2 4382.03 2948.36 7359.28  1360.78 1360.55 1735.72 1188.53 2939.07  
7697.66 7699.84 9668.23 6687.69 16382.5  5934.31 5965.51 7497.28 5153.37 12643.4  4731.41 4707.22 5895.11 4130.64 10058.2  3639.76 3639.22 4582.21 3165.78 7766.79  
33192.6 33036.1 41711.2 28744.8 70859.8  1882.74 2025.78 2167.25 1905.02 3715.85  117.334 129.417 115.165 139.766 212.168  6.88671 8.0446 6.00602 9.6116 11.4579  
21074.6 21069.7 26131.1 18474.4 44520.5  8375.3 8414.42 10452.2 7368.4 17744  3444.96 3421.81 4411.22 2972.73 7471.9  1377.25 1363.05 1773.3 1188.03 3008.47  
12603.2 12600.2 15823.1 10949.6 26823.9  8067.09 8075.35 10125.9 7029.42 17166.6  5192.49 5158.6 6479.6 4533.83 11064.4  3354.18 3344.85 4152.09 2958.29 7102.82  
26334.8 26164.5 32876.6 22892.5 56054.1  6617.03 6673.58 8251.43 5871.03 14005.3  1685.42 1764.76 2144.05 1522.6 3547.39  421.629 444.821 541.643 384.139 892.079  
26334.8 26164.5 32876.6 22892.5 56054.1  6617.03 6673.58 8251.43 5871.03 14005.3  1685.42 1764.76 2144.05 1522.6 3547.39  421.629 444.821 541.643 384.139 892.079  
17860.5 17714.4 22336.6 15490.9 38092.6  8799.7 8861.93 11038 7711.54 18665.2  4292.42 4277.09 5354.41 3768.59 9138.7  2159.99 2202.48 2684.3 1933.9 4535.35  
14028.4 14068.6 17434.2 12298.9 29624.3  8456.15 8433.57 10534.1 7396.5 17952.1  5026.33 5064.08 6323.37 4401.61 10680.9  3039.43 3044.45 3829.16 2656.9 6490.23  
26334.8 26164.5 32876.6 22892.5 56054.1  6641.64 6731.07 8277.34 5911.48 14014.8  1655.61 1697.43 2117.88 1472.15 3538.13  424.8 450.235 542.591 389.529 893.215  
16879.2 16802.2 20942.4 14754.1 35757.8  8783.79 8811.89 11037.4 7668.33 18689.2  4572.73 4570.36 5724.62 4008.28 9738.44  2376.17 2381.23 3002.48 2079.37 5086.63  
17860.5 17714.4 22336.6 15490.9 38092.6  8800.75 8782.2 10927.7 7729.23 18648.7  4294.59 4329.12 5426.6 3760.28 9154.81  2144.58 2181.64 2674.5 1912.78 4518.08  
21074.6 21069.7 26131.1 18474.4 44520.5  8375.3 8414.42 10452.2 7368.4 17744  3444.96 3421.81 4411.22 2972.73 7471.9  1377.25 1363.05 1773.3 1188.03 3008.47  
33192.6 33036.1 41711.2 28744.8 70859.8  1893.05 2027.85 2167.89 1917.82 3733.85  106.857 126.211 114.057 126.447 194.369  7.0487 9.08871 6.43454 10.0975 11.2781  
11217.4 11205.4 14066.6 9749.49 23868.5  7671.07 7649.61 9534.67 6715.3 16261  5213.64 5219.1 6509.76 4567.18 11064.3  3521.74 3533.76 4436.69 3074.71 7508.14  
12603.2 12600.2 15823.1 10949.6 26823.9  8117.37 8071.14 10110.5 7086.06 17258.3  5186.97 5197.66 6497.83 4538.6 11025.5  3317.42 3334.14 4157.36 2912.9 7046.2  
11217.4 11205.4 14066.6 9749.49 23868.5  7602.86 7576.48 9555.79 6599.42 16230.2  5172.88 5201.12 6495.4 4523.8 10988  3575.94 3566.38 4435.94 3146.02 7579.12  
14028.4 14068.6 17434.2 12298.9 29624.3  8343.7 8404.56 10386.3 7342.58 17606.3  5070.64 5052.45 6309.21 4447.13 10770.5  3096.04 3067.78 3921.2 2679.62 6672.39  
7697.66 7699.84 9668.23 6687.69 16382.5  5973.82 5962.71 7528.83 5176.06 12759.3  4730.79 4728.02 5880.54 4147.74 10017.4  3691.22 3690.1 4590.35 3239.23 7819.6  
16879.2 16802.2 20942.4 14754.1 35757.8  8769.37 8734.78 10996.5 7636.31 18709.5  4574.83 4613.76 5720.14 4033.94 9686.98  2386.12 2407.36 3019.85 2093.55 5093.71  
11217.4 11205.4 14066.6 9749.49 23868.5  7671.07 7649.61 9534.67 6715.3 16261  5176.22 5191.44 6516.16 4512.34 11027.3  3555.64 3540.69 4427.92 3116.88 7560.08  
17860.5 17714.4 22336.6 15490.9 38092.6  8760.7 8799.4 11021.8 7649.15 18642.7  4334.39 4371.18 5414.15 3827.27 9174.53  2134.75 2146.29 2642.28 1901.35 4506.81  
26334.8 26164.5 32876.6 22892.5 56054.1  6641.24 6761.93 8319.76 5904.64 14021.1  1666.18 1693.68 2086.26 1497.28 3532.32  416.362 428.26 532.133 375.355 890.882  
7697.66 7699.84 9668.23 6687.69 16382.5  5980.47 6014.79 7513.39 5216.31 12695.4  4724.63 4689.14 5880.77 4122.16 10051.2  3670.52 3683.33 4592.19 3213.96 7787.34  
21074.6 21069.7 26131.1 18474.4 44520.5  8375.3 8414.42 10452.2 7368.4 17744  3444.96 3421.81 4411.22 2972.73 7471.9  1377.25 1363.05 1773.3 1188.03 3008.47  
12603.2 12600.2 15823.1 10949.6 26823.9  8108.37 8119.82 10121.2 7095.65 17193.2  5149.7 5137.54 6479.28 4480.35 11002  3330.57 3318.68 4157.55 2918.31 7091.42  
16879.2 16802.2 20942.4 14754.1 35757.8  8769.37 8734.78 10996.5 7636.31 18709.5  4562.67 4567.77 5726.13 3996.07 9722.11  2376.17 2407.54 2972 2107.44 5024.84  
16879.2 16802.2 20942.4 14754.1 35757.8  8775.11 8784.36 10935.4 7696.95 18600.6  4562.59 4569.55 5722.05 3998.6 9716.34  2380.38 2384.26 3038.56 2067.2 5128.27  
16879.2 16802.2 20942.4 14754.1 35757.8  8781 8811.08 10971.6 7697.95 18617.7  4543.9 4529.85 5670.07 3986.12 9672.37  2391.3 2400.84 3059.87 2075.82 5152.5  
11217.4 11205.4 14066.6 9749.49 23868.5  7602.86 7576.48 9555.79 6599.42 16230.2  5239.22 5234.17 6490.88 4610.03 11079.2  3518.28 3542.97 4426.43 3080.67 7479.83  
12603.2 12600.2 15823.1 10949.6 26823.9  8108.37 8119.82 10121.2 7095.65 17193.2  5198.85 5202.47 6485.62 4559.26 11031.6  3301.84 3291.69 4151.92 2878.82 7059.19  
14028.4 14068.6 17434.2 12298.9 29624.3  8424.1 8422.9 10461.5 7395.14 17825.4  5035 5053.58 6292.58 4420.2 10679.7  3074.95 3055.91 3915.91 2655.39 6637.94  
5945.14 5948.75 7469.9 5164.63 12653.3  4931.91 4935.69 6199.23 4286.83 10500.9  4063.14 4063.52 5128.88 3521.96 8678.45  3399.06 3408.34 4267.62 2964.63 7227.86  
5945.14 5948.75 7469.9 5164.63 12653.3  4959.12 4940.81 6201.2 4315.88 10552.2  4091.76 4078 5143.58 3550.74 8734.5  3406.07 3413.9 4274 2971.34 7241.99  
12603.2 12600.2 15823.1 10949.6 26823.9  8040.67 8088.53 10090.5 7027.06 17061.2  5191.32 5154.81 6495.54 4522.69 11083  3361.69 3346.71 4166.71 2959.35 7130.9  
5945.14 5948.75 7469.9 5164.63 12653.3  4931.91 4935.69 6199.23 4286.83 10500.9  4080.76 4092.22 5136.13 3550.35 8687.75  3381.44 3379.64 4260.37 2936.24 7218.57  
17860.5 17714.4 22336.6 15490.9 38092.6  8818.43 8820.51 10977.3 7741.01 18690  4282.75 4316.67 5411.2 3749.76 9129.97  2156.91 2199.97 2681.38 1930.98 4529.13  
12603.2 12600.2 15823.1 10949.6 26823.9  8094.85 8085.13 10134.2 7058.18 17220  5152.33 5172.91 6470.01 4505.07 10956.1  3356.24 3341.45 4160.17 2954.53 7119.4  
26334.8 26164.5 32876.6 22892.5 56054.1  6586.92 6686.68 8322.54 5810.2 14000.8  1693.01 1722.69 2074.95 1544.52 3540.9  438.793 467.797 541.915 413.279 901.086  
14028.4 14068.6 17434.2 12298.9 29624.3  8343.7 8404.56 10386.3 7342.58 17606.3  5119.82 5087.45 6427.78 4455.21 10950.4  3079.65 3049.17 3889.98 2669.58 6629.39  
14028.4 14068.6 17434.2 12298.9 29624.3  8464.93 8421.02 10577.4 7377.52 18029.1  5066.12 5074.08 6381.12 4417.98 10809.4  3020.24 3045.47 3789.37 2657.94 6409.69  
14028.4 14068.6 17434.2 12298.9 29624.3  8424.1 8422.9 10461.5 7395.14 17825.4  5035 5053.58 6292.58 4420.2 10679.7  3074.95 3055.91 3915.91 2655.39 6637.94  
33192.6 33036.1 41711.2 28744.8 70859.8  1893.23 2018.81 2157.2 1920.02 3732.37  107.475 135.951 124.69 125.807 196.566  6.34499 8.53499 6.53288 8.74409 10.6408  
5945.14 5948.75 7469.9 5164.63 12653.3  4931.91 4935.69 6199.23 4286.83 10500.9  4063.14 4063.52 5128.88 3521.96 8678.45  3399.06 3408.34 4267.62 2964.63 7227.86  
14028.4 14068.6 17434.2 12298.9 29624.3  8456.15 8433.57 10534.1 7396.5 17952.1  5026.33 5064.08 6323.37 4401.61 10680.9  3039.43 3044.45 3829.16 2656.9 6490.23  
21074.6 21069.7 26131.1 18474.4 44520.5  8407.07 8383.99 10468.6 7377.36 17862.3  3390.54 3421.83 4328.47 2958.12 7276.33  1388.37 1385.48 1808.18 1193.06 3039.65  
5945.14 5948.75 7469.9 5164.63 12653.3  4910.29 4900.94 6190.25 4252.32 10488.8  4125.11 4131.35 5146.33 3609.43 8742.1  3427.49 3415.17 4276.75 2992.3 7286.89  
11217.4 11205.4 14066.6 9749.49 23868.5  7636.7 7630.31 9569.77 6653.24 16249.6  5204.96 5203.85 6510.3 4550.41 11065.2  3563.54 3557.99 4412.7 3141.24 7540.17  
7697.66 7699.84 9668.23 6687.69 16382.5  6043.51 6036.99 7532.35 5281.49 12816.8  4666.29 4694.39 5864.96 4073.74 9910.04  3645.97 3652.16 4587.61 3175.97 7769.59  
