5 150 4
12603.2 12600.2 15823.1 10949.6 26823.9  8040.67 8088.53 10090.5 7027.06 17061.2  5234.13 5212.8 6493.29 4596.2 11099  3346.33 3325.97 4167.52 2933.14 7125.13  
12603.2 12600.2 15823.1 10949.6 26823.9  8108.37 8119.82 10121.2 7095.65 17193.2  5149.7 5137.54 6479.28 4480.35 11002  3330.57 3318.68 4157.55 2918.31 7091.42  
12603.2 12600.2 15823.1 10949.6 26823.9  8108.37 8119.82 10121.2 7095.65 17193.2  5198.85 5202.47 6485.62 4559.26 11031.6  3301.84 3291.69 4151.92 2878.82 7059.19  
12603.2 12600.2 15823.1 10949.6 26823.9  8080.12 8109.87 10112.7 7066.38 17138.8  5177.26 5147.23 6487.57 4508.82 11055.1  3303.82 3306.3 4145.46 2890.99 7039.31  
12603.2 12600.2 15823.1 10949.6 26823.9  8094.85 8085.13 10134.2 7058.18 17220  5152.33 5172.91 6470.01 4505.07 10956.1  3356.24 3341.45 4160.17 2954.53 7119.4  
12603.2 12600.2 15823.1 10949.6 26823.9  8040.67 8088.53 10090.5 7027.06 17061.2  5191.32 5154.81 6495.54 4522.69 11083  3361.69 3346.71 4166.71 2959.35 7130.9  
12603.2 12600.2 15823.1 10949.6 26823.9  8125.43 8118.39 10116 7114.87 17224.3  5141.47 5161.06 6476.56 4485.11 10954.6  3319.85 3335.78 4148.49 2920.65 7040.18  
12603.2 12600.2 15823.1 10949.6 26823.9  8067.09 8075.35 10125.9 7029.42 17166.6  5192.49 5158.6 6479.6 4533.83 11064.4  3354.18 3344.85 4152.09 2958.29 7102.82  
12603.2 12600.2 15823.1 10949.6 26823.9  8117.37 8071.14 10110.5 7086.06 17258.3  5186.97 5197.66 6497.83 4538.6 11025.5  3317.42 3334.14 4157.36 2912.9 7046.2  
12603.2 12600.2 15823.1 10949.6 26823.9  8117.37 8071.14 10110.5 7086.06 17258.3  5177.53 5213.56 6484.02 4543.88 10973.6  3339.12 3331.91 4163.65 2930.76 7099.38  
12603.2 12600.2 15823.1 10949.6 26823.9  8067.09 8075.35 10125.9 7029.42 17166.6  5139.89 5140.08 6463.86 4479.1 10963.3  3336.03 3344.5 4155.08 2937.77 7069.62  
12603.2 12600.2 15823.1 10949.6 26823.9  8094.85 8085.13 10134.2 7058.18 17220  5177.2 5186.37 6483.96 4529.97 11005  3314.33 3309.7 4147.81 2902.27 7059.12  
12603.2 12600.2 15823.1 10949.6 26823.9  7993.67 7997.9 10089.8 6934.89 17072  5196.23 5226.05 6477.2 4572.09 10990  3354.88 3330.55 4169.55 2942.65 7139.14  
12603.2 12600.2 15823.1 10949.6 26823.9  8108.37 8119.82 10121.2 7095.65 17193.2  5209.79 5201.56 6482.28 4571.61 11051.6  3315.91 3295.39 4154.43 2893.77 7086  
12603.2 12600.2 15823.1 10949.6 26823.9  8125.43 8118.39 10116 7114.87 17224.3  5166.3 5174.49 6490.53 4509.9 11003.5  3307.35 3302.12 4152.02 2889.41 7058.14  
7697.66 7699.84 9668.23 6687.69 16382.5  5934.31 5965.51 7497.28 5153.37 12643.4  4731.41 4707.22 5895.11 4130.64 10058.2  3639.76 3639.22 4582.21 3165.78 7766.79  
7697.66 7699.84 9668.23 6687.69 16382.5  5973.82 5962.71 7528.83 5176.06 12759.3  4730.79 4728.02 5880.54 4147.74 10017.4  3691.22 3690.1 4590.35 3239.23 7819.6  
7697.66 7699.84 9668.23 6687.69 16382.5  6030.82 6038.05 7536.23 5267.23 12793.7  4661.88 4674.34 5872.01 4055.78 9932  3671.11 3643.72 4589.89 3196.04 7833.1  
7697.66 7699.84 9668.23 6687.69 16382.5  6037.51 6001.86 7528.31 5260.1 12842.1  4699.05 4700.09 5891.27 4096.43 9996.79  3680.54 3666.17 4585.65 3218.97 7821.35  
7697.66 7699.84 9668.23 6687.69 16382.5  6000.12 6004.99 7539.75 5218.06 12773.9  4725.01 4718.74 5878.14 4138.54 10014.2  3672.83 3667.77 4596.77 3206.29 7815.15  
7697.66 7699.84 9668.23 6687.69 16382.5  5934.31 5965.51 7497.28 5153.37 12643.4  4653.81 4671.42 5860.03 4051.96 9906.89  3713.13 3680.37 4599.31 3251.96 7884.8  
7697.66 7699.84 9668.23 6687.69 16382.5  5971.3 5989.4 7523.52 5189.38 12717.1  4713.53 4702.81 5892.32 4111.8 10024.2  3628.76 3646.07 4567.55 3165.48 7721.38  
7697.66 7699.84 9668.23 6687.69 16382.5  6006.33 5968.82 7531.18 5210.79 12820.6  4705.87 4707.31 5890.64 4107.15 10001.5  3622.87 3649.56 4566.26 3161.9 7703.93  
7697.66 7699.84 9668.23 6687.69 16382.5  5971.3 5989.4 7523.52 5189.38 12717.1  4654.61 4652.07 5866.51 4039.97 9938.01  3702.2 3685.11 4600.57 3242.59 7858.23  
7697.66 7699.84 9668.23 6687.69 16382.5  6006.33 5968.82 7531.18 5210.79 12820.6  4689.73 4701.62 5885.79 4090.41 9970.46  3626.35 3650.8 4567.31 3165.48 7710.64  
7697.66 7699.84 9668.23 6687.69 16382.5  5980.47 6014.79 7513.39 5216.31 12695.4  4724.63 4689.14 5880.77 4122.16 10051.2  3670.52 3683.33 4592.19 3213.96 7787.34  
7697.66 7699.84 9668.23 6687.69 16382.5  6043.51 6036.99 7532.35 5281.49 12816.8  4666.29 4694.39 5864.96 4073.74 9910.04  3645.97 3652.16 4587.61 3175.97 7769.59  
7697.66 7699.84 9668.23 6687.69 16382.5  6030.82 6038.05 7536.23 5267.23 12793.7  4718.26 4711.48 5878.9 4127.77 10009.9  3677.79 3655.79 4586.63 3210.58 7829.11  
7697.66 7699.84 9668.23 6687.69 16382.5  6006.33 5968.82 7531.18 5210.79 12820.6  4667.21 4689.42 5873.13 4067.93 9926.16  3667.8 3656.1 4593.02 3197.14 7814.84  
7697.66 7699.84 9668.23 6687.69 16382.5  6006.33 5968.82 7531.18 5210.79 12820.6  4697.31 4721.72 5878.12 4111.92 9954.34  3670.84 3686.26 4588.88 3217.39 7781.17  
33192.6 33036.1 41711.2 28744.8 70859.8  1897.59 2042.69 2172.31 1928.35 3731.88  102.268 112.309 109.817 116.283 195.635  7.14354 8.27549 6.27441 9.86523 11.9816  
33192.6 33036.1 41711.2 28744.8 70859.8  1893.05 2027.85 2167.89 1917.82 3733.85  106.857 126.211 114.057 126.447 194.369  7.0487 9.08871 6.43454 10.0975 11.2781  
33192.6 33036.1 41711.2 28744.8 70859.8  1875.5 2008.06 2159.69 1891.77 3712.41  123.255 144.562 121.781 150.423 214.551  8.10277 10.4975 6.91075 11.9841 12.3948  
33192.6 33036.1 41711.2 28744.8 70859.8  1882.74 2025.78 2167.25 1905.02 3715.85  117.334 129.417 115.165 139.766 212.168  6.88671 8.0446 6.00602 9.6116 11.4579  
33192.6 33036.1 41711.2 28744.8 70859.8  1894.41 2024.72 2163.96 1920.25 3735.54  106.659 130.188 118.002 126.086 193.984  6.01926 8.46422 6.47666 8.31652 10.0751  
33192.6 33036.1 41711.2 28744.8 70859.8  1882.74 2025.78 2167.25 1905.02 3715.85  117.448 130.188 115.254 140.33 211.764  6.76598 7.33093 5.92584 9.06682 11.8178  
33192.6 33036.1 41711.2 28744.8 70859.8  1901.55 2042.33 2171.2 1933.52 3738.57  99.8583 113.382 110.828 113.669 190.969  5.64304 7.55765 6.36599 7.39587 10.0364  
33192.6 33036.1 41711.2 28744.8 70859.8  1879.31 2007.72 2158.62 1896.76 3718.85  120.566 146.345 123.342 147.455 209.338  7.10905 9.19291 6.4725 10.2239 11.3283  
33192.6 33036.1 41711.2 28744.8 70859.8  1889.16 2028.2 2168.99 1912.75 3727.29  111.294 127.149 113.519 132.574 201.359  6.53511 7.89157 5.90999 9.12781 10.8756  
33192.6 33036.1 41711.2 28744.8 70859.8  1893.23 2018.81 2157.2 1920.02 3732.37  107.112 135.792 124.594 125.3 195.968  6.64354 8.58411 6.58246 9.12788 11.1668  
33192.6 33036.1 41711.2 28744.8 70859.8  1873.79 2020.59 2162.69 1894.64 3699.56  125.756 134.286 119.495 149.424 227.579  7.39539 8.42244 6.25691 10.3208 12.2826  
33192.6 33036.1 41711.2 28744.8 70859.8  1894.41 2024.72 2163.96 1920.25 3735.54  106.583 130.392 118.219 125.927 193.897  6.09075 8.27226 6.27042 8.46571 10.1567  
33192.6 33036.1 41711.2 28744.8 70859.8  1902.93 2039.14 2167.19 1935.99 3740.29  98.783 117.739 115.408 111.846 189.308  5.3575 6.47539 5.8246 6.79928 9.97623  
33192.6 33036.1 41711.2 28744.8 70859.8  1889.16 2028.2 2168.99 1912.75 3727.29  110.383 126.671 113.19 131.317 199.851  7.47042 8.49216 6.26922 10.4759 12.3604  
33192.6 33036.1 41711.2 28744.8 70859.8  1893.23 2018.81 2157.2 1920.02 3732.37  107.475 135.951 124.69 125.807 196.566  6.34499 8.53499 6.53288 8.74409 10.6408  
17860.5 17714.4 22336.6 15490.9 38092.6  8779.09 8758.72 10962.2 7678.09 18667.2  4333.93 4390.88 5441.76 3822.91 9178.13  2135.41 2181.99 2675.84 1902.71 4500.83  
17860.5 17714.4 22336.6 15490.9 38092.6  8760.7 8799.4 11021.8 7649.15 18642.7  4303.6 4289.75 5339.06 3793.86 9130.43  2150.23 2186.78 2680.19 1917.92 4529.13  
17860.5 17714.4 22336.6 15490.9 38092.6  8799.7 8861.93 11038 7711.54 18665.2  4292.42 4277.09 5354.41 3768.59 9138.7  2159.99 2202.48 2684.3 1933.9 4535.35  
17860.5 17714.4 22336.6 15490.9 38092.6  8800.75 8782.2 10927.7 7729.23 18648.7  4294.59 4329.12 5426.6 3760.28 9154.81  2144.58 2181.64 2674.5 1912.78 4518.08  
17860.5 17714.4 22336.6 15490.9 38092.6  8698.42 8635.51 10869 7582.36 18553.1  4365.87 4453.64 5491.86 3860.64 9220.11  2174.27 2217.72 2686.84 1954.88 4548.97  
17860.5 17714.4 22336.6 15490.9 38092.6  8824.15 8846.58 11012.2 7741.98 18706.5  4322.02 4338.94 5372.8 3820.47 9145.11  2128.35 2159.68 2662.56 1891.6 4499.04  
17860.5 17714.4 22336.6 15490.9 38092.6  8779.09 8758.72 10962.2 7678.09 18667.2  4302.52 4347.44 5418.79 3780.93 9141.51  2157.18 2200.06 2681.31 1931.2 4529.25  
17860.5 17714.4 22336.6 15490.9 38092.6  8800.75 8782.2 10927.7 7729.23 18648.7  4352.87 4422.12 5450.01 3853.77 9189.02  2124.57 2150.24 2666.22 1881.23 4506.1  
17860.5 17714.4 22336.6 15490.9 38092.6  8760.7 8799.4 11021.8 7649.15 18642.7  4334.39 4371.18 5414.15 3827.27 9174.53  2134.75 2146.29 2642.28 1901.35 4506.81  
17860.5 17714.4 22336.6 15490.9 38092.6  8784.7 8784.32 10996.5 7679.05 18683.4  4341.52 4409.9 5435.05 3843.43 9164.95  2128.74 2159.55 2661.83 1891.97 4499.28  
17860.5 17714.4 22336.6 15490.9 38092.6  8761.73 8721.1 10913.6 7666.52 18626.6  4362.43 4421.15 5447.12 3864.45 9206.03  2118.77 2154.13 2672.1 1874.05 4495.16  
17860.5 17714.4 22336.6 15490.9 38092.6  8698.42 8635.51 10869 7582.36 18553.1  4346.05 4402.06 5456.17 3833.13 9203.21  2174.59 2227.99 2701.14 1952.78 4551.94  
17860.5 17714.4 22336.6 15490.9 38092.6  8799.7 8861.93 11038 7711.54 18665.2  4292.42 4277.09 5354.41 3768.59 9138.7  2150.48 2177.19 2667.18 1920.37 4527.79  
17860.5 17714.4 22336.6 15490.9 38092.6  8818.43 8820.51 10977.3 7741.01 18690  4282.75 4316.67 5411.2 3749.76 9129.97  2156.91 2199.97 2681.38 1930.98 4529.13  
17860.5 17714.4 22336.6 15490.9 38092.6  8800.75 8782.2 10927.7 7729.23 18648.7  4322.97 4379.07 5459.31 3797.29 9187.53  2118.88 2154.21 2671.78 1874.15 4495.27  
11217.4 11205.4 14066.6 9749.49 23868.5  7671.07 7649.61 9534.67 6715.3 16261  5213.64 5219.1 6509.76 4567.18 11064.3  3521.74 3533.76 4436.69 3074.71 7508.14  
11217.4 11205.4 14066.6 9749.49 23868.5  7610.51 7621.09 9561.9 6626.13 16199.2  5227.8 5197.78 6497.59 4576.98 11105.9  3536.45 3549.58 4431.87 3099.69 7514.57  
11217.4 11205.4 14066.6 9749.49 23868.5  7573.96 7601.31 9541.32 6589.71 16127.2  5239.48 5204.06 6504.16 4588.54 11128.9  3563.92 3557.55 4437.76 3128.58 7566.99  
11217.4 11205.4 14066.6 9749.49 23868.5  7652.51 7628.99 9564.94 6671.04 16278.5  5191.09 5158.71 6487.38 4525.64 11066.9  3562.92 3572.8 4421.54 3143.46 7530.44  
11217.4 11205.4 14066.6 9749.49 23868.5  7622.8 7653.66 9549.43 6660.97 16173  5229.07 5217.81 6505.04 4584.49 11092.4  3560.27 3546.11 4420.84 3127.9 7555.93  
11217.4 11205.4 14066.6 9749.49 23868.5  7602.86 7576.48 9555.79 6599.42 16230.2  5172.88 5201.12 6495.4 4523.8 10988  3575.94 3566.38 4435.94 3146.02 7579.12  
11217.4 11205.4 14066.6 9749.49 23868.5  7665.54 7661.7 9552.52 6706.67 16253.7  5183.32 5156.34 6503.07 4508.76 11069.9  3552.61 3553.52 4434.53 3116.8 7545.43  
11217.4 11205.4 14066.6 9749.49 23868.5  7623.71 7563.52 9533.82 6625.22 16265.6  5200.24 5179.34 6497.27 4540.06 11071  3560.56 3577.42 4442.35 3132.69 7541.31  
11217.4 11205.4 14066.6 9749.49 23868.5  7573.96 7601.31 9541.32 6589.71 16127.2  5235.76 5212.17 6516.1 4582.71 11123.9  3545.52 3551.29 4432.53 3109.35 7531.7  
11217.4 11205.4 14066.6 9749.49 23868.5  7657.93 7617.11 9547.4 6679.52 16285.7  5185.74 5170.41 6504.69 4517.29 11059.7  3534.76 3559.54 4434.24 3101.68 7501.77  
11217.4 11205.4 14066.6 9749.49 23868.5  7665.54 7661.7 9552.52 6706.67 16253.7  5186.95 5148.4 6491.35 4514.43 11074.8  3528.41 3531.57 4434.02 3081.55 7521.49  
11217.4 11205.4 14066.6 9749.49 23868.5  7636.7 7630.31 9569.77 6653.24 16249.6  5204.96 5203.85 6510.3 4550.41 11065.2  3563.54 3557.99 4412.7 3141.24 7540.17  
11217.4 11205.4 14066.6 9749.49 23868.5  7671.07 7649.61 9534.67 6715.3 16261  5176.22 5191.44 6516.16 4512.34 11027.3  3555.64 3540.69 4427.92 3116.88 7560.08  
11217.4 11205.4 14066.6 9749.49 23868.5  7602.86 7576.48 9555.79 6599.42 16230.2  5239.22 5234.17 6490.88 4610.03 11079.2  3518.28 3542.97 4426.43 3080.67 7479.83  
11217.4 11205.4 14066.6 9749.49 23868.5  7623.71 7563.52 9533.82 6625.22 16265.6  5209.1 5225.09 6521.79 4559.27 11060.1  3550.38 3563.5 4436.76 3118.26 7531.4  
14028.4 14068.6 17434.2 12298.9 29624.3  8424.1 8422.9 10461.5 7395.14 17825.4  5035 5053.58 6292.58 4420.2 10679.7  3078.18 3059.99 3897.95 2669.39 6621.41  
14028.4 14068.6 17434.2 12298.9 29624.3  8456.15 8433.57 10534.1 7396.5 17952.1  5026.33 5064.08 6323.37 4401.61 10680.9  3039.43 3044.45 3829.16 2656.9 6490.23  
14028.4 14068.6 17434.2 12298.9 29624.3  8449.94 8447.11 10554.2 7386.85 17943.8  5048.58 5065.04 6359.01 4406.85 10761.6  3030.7 3029.82 3771.6 2669.56 6431.26  
14028.4 14068.6 17434.2 12298.9 29624.3  8418.35 8396.9 10426.2 7394.17 17808.7  5090.36 5066.93 6378.63 4439.83 10865.2  3055.18 3060.95 3895.7 2647.99 6570.82  
14028.4 14068.6 17434.2 12298.9 29624.3  8343.7 8404.56 10386.3 7342.58 17606.3  5114.44 5080.66 6457.36 4431.85 10977.7  3078.56 3056.5 3862.39 2685.72 6590.11  
14028.4 14068.6 17434.2 12298.9 29624.3  8464.93 8421.02 10577.4 7377.52 18029.1  5071.77 5057.34 6318.89 4446.49 10777.7  3037.89 3050.46 3807.74 2668.92 6458.75  
14028.4 14068.6 17434.2 12298.9 29624.3  8464.93 8421.02 10577.4 7377.52 18029.1  5066.12 5074.08 6381.12 4417.98 10809.4  3020.24 3045.47 3789.37 2657.94 6409.69  
14028.4 14068.6 17434.2 12298.9 29624.3  8343.7 8404.56 10386.3 7342.58 17606.3  5119.82 5087.45 6427.78 4455.21 10950.4  3079.65 3049.17 3889.98 2669.58 6629.39  
14028.4 14068.6 17434.2 12298.9 29624.3  8456.15 8433.57 10534.1 7396.5 17952.1  5069.62 5069.07 6398.42 4410.45 10840.1  3054.78 3044.92 3842.77 2665.93 6535.48  
14028.4 14068.6 17434.2 12298.9 29624.3  8399.42 8438.2 10487.6 7364.76 17783.3  5048.62 5039.09 6269.76 4438.29 10701.4  3043.82 3044.24 3834.49 2658.26 6504.69  
14028.4 14068.6 17434.2 12298.9 29624.3  8424.1 8422.9 10461.5 7395.14 17825.4  5088.07 5056.59 6364.67 4439.44 10858.5  3057.2 3044.61 3849.23 2664.84 6547.47  
14028.4 14068.6 17434.2 12298.9 29624.3  8464.93 8421.02 10577.4 7377.52 18029.1  5018.89 5054.34 6247.4 4427.22 10600.3  3065.1 3056.35 3887.69 2659.61 6588.47  
14028.4 14068.6 17434.2 12298.9 29624.3  8424.1 8422.9 10461.5 7395.14 17825.4  5035 5053.58 6292.58 4420.2 10679.7  3074.95 3055.91 3915.91 2655.39 6637.94  
14028.4 14068.6 17434.2 12298.9 29624.3  8368.78 8389 10359.7 7373.46 17649.1  5118.88 5077.94 6452.58 4437.27 10985.5  3048.44 3060.57 3850.36 2663.24 6511.22  
14028.4 14068.6 17434.2 12298.9 29624.3  8343.7 8404.56 10386.3 7342.58 17606.3  5070.64 5052.45 6309.21 4447.13 10770.5  3096.04 3067.78 3921.2 2679.62 6672.39  
21074.6 21069.7 26131.1 18474.4 44520.5  8471.53 8446.54 10672 7372.45 18126.3  3365.04 3372.36 4216.32 2964.65 7169.28  1365.14 1377.69 1754.57 1192.08 2946.93  
21074.6 21069.7 26131.1 18474.4 44520.5  8439.54 8395.76 10543.3 7378.92 17990.7  3393.58 3428.63 4327.01 2965.88 7273.18  1373.86 1374.26 1785.05 1184.64 2999.76  
21074.6 21069.7 26131.1 18474.4 44520.5  8438.46 8474.24 10654.1 7361.56 18007.2  3408.44 3370.88 4295.03 2968.82 7340  1350.98 1360.8 1707.8 1192.76 2890.28  
21074.6 21069.7 26131.1 18474.4 44520.5  8471.53 8446.54 10672 7372.45 18126.3  3388.4 3402.9 4306.31 2958.87 7271.99  1356.28 1367.64 1722.56 1194.36 2908.18  
21074.6 21069.7 26131.1 18474.4 44520.5  8375.3 8414.42 10452.2 7368.4 17744  3435.08 3427.94 4421.96 2960.72 7454.65  1387.4 1369.81 1791.91 1192.64 3040.12  
21074.6 21069.7 26131.1 18474.4 44520.5  8465.96 8421.32 10637.5 7371.51 18110  3368.35 3387.31 4236.5 2965.21 7178.88  1366.49 1383.81 1762.97 1192.31 2950.88  
21074.6 21069.7 26131.1 18474.4 44520.5  8424.36 8462.24 10575.6 7380.28 17912.9  3392.65 3395.06 4318.63 2952.88 7301.85  1382.99 1360.74 1769.23 1194.82 3018.88  
21074.6 21069.7 26131.1 18474.4 44520.5  8424.36 8462.24 10575.6 7380.28 17912.9  3393.12 3363.04 4272.7 2959.97 7295.09  1368.42 1372.6 1766.7 1186.86 2971.76  
21074.6 21069.7 26131.1 18474.4 44520.5  8465.43 8459.9 10692 7362.98 18118.1  3368.22 3396.47 4249.85 2963.21 7180.82  1364 1349.2 1714.78 1196.72 2938.05  
21074.6 21069.7 26131.1 18474.4 44520.5  8375.3 8414.42 10452.2 7368.4 17744  3444.96 3421.81 4411.22 2972.73 7471.9  1377.25 1363.05 1773.3 1188.03 3008.47  
21074.6 21069.7 26131.1 18474.4 44520.5  8424.9 8422.33 10519.2 7389.1 17904.5  3405.46 3423.2 4382.03 2948.36 7359.28  1360.78 1360.55 1735.72 1188.53 2939.07  
21074.6 21069.7 26131.1 18474.4 44520.5  8439.54 8395.76 10543.3 7378.92 17990.7  3383.66 3434.89 4337.83 2953.71 7256.04  1378.36 1372.51 1771.14 1194.99 2997.05  
21074.6 21069.7 26131.1 18474.4 44520.5  8407.07 8383.99 10468.6 7377.36 17862.3  3390.54 3421.83 4328.47 2958.12 7276.33  1388.37 1385.48 1808.18 1193.06 3039.65  
21074.6 21069.7 26131.1 18474.4 44520.5  8424.9 8422.33 10519.2 7389.1 17904.5  3399.98 3402.2 4326.5 2959.39 7317.24  1364.03 1373.04 1768.17 1181.94 2963.68  
21074.6 21069.7 26131.1 18474.4 44520.5  8471.53 8446.54 10672 7372.45 18126.3  3371.96 3403.85 4259.4 2965.82 7189.58  1360.92 1365.38 1738.46 1189.96 2936.29  
16879.2 16802.2 20942.4 14754.1 35757.8  8783.79 8811.89 11037.4 7668.33 18689.2  4575.74 4584.05 5743.16 4008.79 9747.2  2377.88 2395.49 2986.82 2095.91 5057.48  
16879.2 16802.2 20942.4 14754.1 35757.8  8784.32 8771.7 10981.2 7677.21 18680.8  4558.19 4575.57 5700.47 4008.05 9678.27  2371.18 2386.41 2991.22 2082.19 5059.14  
16879.2 16802.2 20942.4 14754.1 35757.8  8726.38 8693.25 10817.4 7661.86 18489.3  4575.13 4579.63 5767.77 3993.34 9776.38  2406.46 2454.64 3098.26 2098.33 5158.64  
16879.2 16802.2 20942.4 14754.1 35757.8  8769.37 8734.78 10996.5 7636.31 18709.5  4574.83 4613.76 5720.14 4033.94 9686.98  2386.12 2407.36 3019.85 2093.55 5093.71  
16879.2 16802.2 20942.4 14754.1 35757.8  8790.11 8797.97 11016.8 7678.19 18697.6  4567.96 4597.55 5729.43 4014.38 9701.52  2376.83 2399.54 3008.9 2085.78 5072.87  
16879.2 16802.2 20942.4 14754.1 35757.8  8775.11 8784.36 10935.4 7696.95 18600.6  4562.59 4569.55 5722.05 3998.6 9716.34  2380.38 2384.26 3038.56 2067.2 5128.27  
16879.2 16802.2 20942.4 14754.1 35757.8  8769.37 8734.78 10996.5 7636.31 18709.5  4562.67 4567.77 5726.13 3996.07 9722.11  2376.17 2407.54 2972 2107.44 5024.84  
16879.2 16802.2 20942.4 14754.1 35757.8  8751.79 8696.84 10946.9 7624.69 18668.1  4583.25 4631.87 5743.67 4039.52 9706.68  2385.64 2406.16 3018.32 2093.21 5092.56  
16879.2 16802.2 20942.4 14754.1 35757.8  8751.79 8696.84 10946.9 7624.69 18668.1  4557.78 4583.81 5681.68 4021.1 9648.53  2398.63 2429.44 3066.08 2094.04 5139.78  
16879.2 16802.2 20942.4 14754.1 35757.8  8781 8811.08 10971.6 7697.95 18617.7  4543.9 4529.85 5670.07 3986.12 9672.37  2391.3 2400.84 3059.87 2075.82 5152.5  
16879.2 16802.2 20942.4 14754.1 35757.8  8751.79 8696.84 10946.9 7624.69 18668.1  4591.09 4639.05 5786.4 4029.68 9757.3  2371.01 2391.79 2967 2096.95 5027.75  
16879.2 16802.2 20942.4 14754.1 35757.8  8783.79 8811.89 11037.4 7668.33 18689.2  4572.73 4570.36 5724.62 4008.28 9738.44  2376.17 2381.23 3002.48 2079.37 5086.63  
16879.2 16802.2 20942.4 14754.1 35757.8  8726.38 8693.25 10817.4 7661.86 18489.3  4583.19 4587.4 5811.18 3983.92 9827.37  2402.59 2450.92 3077.49 2102.83 5134.23  
16879.2 16802.2 20942.4 14754.1 35757.8  8741.73 8772.77 10859.2 7695.53 18469  4585.07 4569.69 5817.61 3973.98 9858.92  2393.56 2421.09 3036.15 2099.56 5109.19  
16879.2 16802.2 20942.4 14754.1 35757.8  8736.43 8682.13 10865.2 7642.71 18571.3  4598.46 4646.08 5825.42 4021.05 9803.63  2381.73 2396.41 3022.8 2082.31 5100.52  
5945.14 5948.75 7469.9 5164.63 12653.3  4959.12 4940.81 6201.2 4315.88 10552.2  4091.76 4078 5143.58 3550.74 8734.5  3406.07 3413.9 4274 2971.34 7241.99  
5945.14 5948.75 7469.9 5164.63 12653.3  4957.14 4962.86 6196.34 4327.22 10517.1  4078.25 4069.42 5140.25 3534.53 8713.79  3433.33 3429.81 4271.19 3008.29 7275.8  
5945.14 5948.75 7469.9 5164.63 12653.3  4931.91 4935.69 6199.23 4286.83 10500.9  4121.44 4125.46 5144.81 3603.61 8740.06  3368.28 3384.36 4250.04 2930.57 7175.63  
5945.14 5948.75 7469.9 5164.63 12653.3  4931.91 4935.69 6199.23 4286.83 10500.9  4055.48 4075.89 5118.21 3525.71 8637.35  3400.35 3406.26 4269.42 2964 7234.77  
5945.14 5948.75 7469.9 5164.63 12653.3  4931.91 4935.69 6199.23 4286.83 10500.9  4082.48 4073.98 5139.76 3541.23 8716.53  3397.25 3391.39 4268.79 2953.82 7245.38  
5945.14 5948.75 7469.9 5164.63 12653.3  4931.91 4935.69 6199.23 4286.83 10500.9  4080.76 4092.22 5136.13 3550.35 8687.75  3381.44 3379.64 4260.37 2936.24 7218.57  
5945.14 5948.75 7469.9 5164.63 12653.3  4910.29 4900.94 6190.25 4252.32 10488.8  4133.78 4130.63 5143.68 3619.2 8757.91  3376.2 3379.03 4260.61 2930.58 7208.81  
5945.14 5948.75 7469.9 5164.63 12653.3  4957.14 4962.86 6196.34 4327.22 10517.1  4058.93 4058.98 5129.37 3515.3 8675.73  3430.76 3416.93 4278.59 2995.54 7293.35  
5945.14 5948.75 7469.9 5164.63 12653.3  4931.91 4935.69 6199.23 4286.83 10500.9  4107.08 4120.4 5140.49 3588.74 8712.41  3413.57 3422.18 4269.27 2985.46 7242.65  
5945.14 5948.75 7469.9 5164.63 12653.3  4931.91 4935.69 6199.23 4286.83 10500.9  4055.48 4075.89 5118.21 3525.71 8637.35  3400.35 3406.26 4269.42 2964 7234.77  
5945.14 5948.75 7469.9 5164.63 12653.3  4887.03 4888.36 6177.16 4229.18 10443  4122.16 4115.83 5155.19 3594.25 8763.49  3424.84 3420.51 4279.63 2990.75 7278.12  
5945.14 5948.75 7469.9 5164.63 12653.3  4910.29 4900.94 6190.25 4252.32 10488.8  4125.11 4131.35 5146.33 3609.43 8742.1  3427.49 3415.17 4276.75 2992.3 7286.89  
5945.14 5948.75 7469.9 5164.63 12653.3  4887.03 4888.36 6177.16 4229.18 10443  4112.28 4086.09 5145.1 3574.62 8768.25  3383.68 3388.57 4262.58 2941.75 7214.76  
5945.14 5948.75 7469.9 5164.63 12653.3  4937.01 4905.96 6192.19 4280.85 10539.3  4062.3 4068.48 5130.07 3522.95 8672.01  3426.51 3425.53 4281.34 2994.05 7277.32  
5945.14 5948.75 7469.9 5164.63 12653.3  4931.91 4935.69 6199.23 4286.83 10500.9  4063.14 4063.52 5128.88 3521.96 8678.45  3399.06 3408.34 4267.62 2964.63 7227.86  
26334.8 26164.5 32876.6 22892.5 56054.1  6641.64 6731.07 8277.34 5911.48 14014.8  1655.61 1697.43 2117.88 1472.15 3538.13  424.8 450.235 542.591 389.529 893.215  
26334.8 26164.5 32876.6 22892.5 56054.1  6629.93 6733.03 8330.53 5873.26 14042.5  1674.65 1715.2 2078.26 1520.74 3516.38  418.479 433.706 530.076 381.236 886.842  
26334.8 26164.5 32876.6 22892.5 56054.1  6616.25 6734.22 8334.77 5857.59 14017.7  1684.9 1714.32 2075.11 1532.45 3534.96  420.27 433.583 532.606 381.676 893.182  
26334.8 26164.5 32876.6 22892.5 56054.1  6587.69 6627.13 8240.72 5823.39 13988.7  1703.37 1786.5 2148.04 1549.71 3562.02  428.528 463.45 550.452 395.845 893.758  
26334.8 26164.5 32876.6 22892.5 56054.1  6616.25 6734.22 8334.77 5857.59 14017.7  1683.11 1712.14 2084.61 1524.47 3543.48  423.917 440.861 526.555 392.326 886.149  
26334.8 26164.5 32876.6 22892.5 56054.1  6586.92 6686.68 8322.54 5810.2 14000.8  1700.55 1734.78 2077.67 1557.15 3545.13  432.112 455.459 538.868 401.628 898.476  
26334.8 26164.5 32876.6 22892.5 56054.1  6617.03 6673.58 8251.43 5871.03 14005.3  1685.42 1764.76 2144.05 1522.6 3547.39  421.629 444.821 541.643 384.139 892.079  
26334.8 26164.5 32876.6 22892.5 56054.1  6634.63 6722.53 8315.23 5880.72 14048.7  1657.36 1711.66 2101.06 1489.2 3508.21  429.019 447.345 528.577 399.772 891.056  
26334.8 26164.5 32876.6 22892.5 56054.1  6641.24 6761.93 8319.76 5904.64 14021.1  1666.18 1693.68 2086.26 1497.28 3532.32  416.362 428.26 532.133 375.355 890.882  
26334.8 26164.5 32876.6 22892.5 56054.1  6641.64 6731.07 8277.34 5911.48 14014.8  1655.52 1705.04 2128.36 1470.49 3539.68  422.947 443.453 536.693 387.151 891.354  
26334.8 26164.5 32876.6 22892.5 56054.1  6604.97 6675.19 8303.35 5832.91 14031.3  1682.91 1738.57 2098.46 1530.09 3525.77  429.859 459.979 539.58 401.117 889.428  
26334.8 26164.5 32876.6 22892.5 56054.1  6617.03 6673.58 8251.43 5871.03 14005.3  1680.86 1751.71 2127.26 1520.05 3536.16  421.553 451.547 557.176 379.431 899.602  
26334.8 26164.5 32876.6 22892.5 56054.1  6586.92 6686.68 8322.54 5810.2 14000.8  1693.01 1722.69 2074.95 1544.52 3540.9  438.793 467.797 541.915 413.279 901.086  
26334.8 26164.5 32876.6 22892.5 56054.1  6641.64 6731.07 8277.34 5911.48 14014.8  1655.52 1705.04 2128.36 1470.49 3539.68  422.947 443.453 536.693 387.151 891.354  
26334.8 26164.5 32876.6 22892.5 56054.1  6587.69 6627.13 8240.72 5823.39 13988.7  1707.42 1799.46 2152.06 1558.21 3559.83  424.498 448.486 543.651 387.85 895.462  
