1 50 5
86801.9  11436.8  1516.98  202.496  27.6098  
83724.5  13532.8  2277.86  378.24  64.1324  
86556  11635.7  1557.45  208.108  28.3728  
37892.2  23521.7  14595.7  9045.16  5638.86  
70731.4  20577.1  6136.86  1783.75  536.654  
86801.9  11416.4  1533.16  207.064  27.2803  
18924.5  15257.6  12411.2  10063.2  8180.53  
86556  11635.7  1549.12  213.629  30.8589  
70731.4  20527.9  6178.74  1800.03  532.378  
71606.2  20270.4  5793.9  1665.38  468.081  
63350.5  23080.8  8462.48  3209.59  1177.15  
37892.2  23495.5  14592.4  9094.59  5625.9  
76815.3  17699.7  4197.41  980.067  227.951  
83724.5  13594.6  2233.62  365.706  59.9579  
4986.36  4729.79  4499.71  4256.84  4065.39  
18924.5  15257.6  12411.2  10063.2  8180.53  
86801.9  11399.3  1548.4  208.518  27.6222  
83724.5  13532.8  2277.86  378.24  64.1324  
63350.5  23383.7  8427.7  3069.54  1117.4  
71606.2  20334.4  5779.37  1610.59  471.664  
37892.2  23495.5  14637  9020.87  5625.11  
86556  11599.4  1573.23  225.011  31.1176  
83724.5  13603.2  2230.12  362.082  58.7255  
4986.36  4724.72  4499.51  4263.06  4062.78  
83724.5  13597.8  2219.09  375.777  60.5658  
18924.5  15257.6  12411.2  10063.2  8180.53  
86801.9  11441.7  1512.82  202.175  27.2452  
86556  11553  1620.07  226.363  29.785  
63350.5  23160.1  8569.6  3101.92  1142.12  
70731.4  20683.9  6042.66  1792.99  520.441  
86556  11574.8  1604.91  220.613  29.0183  
18924.5  15303.9  12354.2  10027.7  8149.23  
86801.9  11413.3  1536.56  206.25  27.7975  
86801.9  11413.3  1536.56  206.25  27.7975  
4986.36  4729.79  4499.71  4256.84  4065.39  
63350.5  23080.8  8462.48  3209.59  1177.15  
71606.2  20106.3  5911.02  1698.33  473.233  
83724.5  13603.5  2214.46  374.216  61.176  
71606.2  20383.6  5667.01  1666.12  478.185  
83724.5  13594.6  2233.62  365.706  59.9579  
4986.36  4737.98  4500.69  4274.53  4059.3  
63350.5  22871.1  8694.18  3205.73  1168.87  
76815.3  17729.6  4181.56  969.737  224.325  
63350.5  23080.8  8462.48  3209.59  1177.15  
63350.5  23281.3  8337.84  3200.84  1138.34  
86556  11574.8  1601.11  223.352  30.0692  
63350.5  23136.9  8525.88  3134.51  1174.51  
83724.5  13500.6  2306.99  382.678  63.0427  
71606.2  20270.4  5793.9  1665.38  468.081  
18924.5  15362.8  12343.2  10112.1  8156.26  
