1 150 5
37892.2  23536.4  14545.1  9067.5  5655.94  
37892.2  23545.9  14602.8  9042.29  5634.95  
37892.2  23486.3  14603.2  9103.23  5627.41  
37892.2  23531.4  14517.3  9109.39  5623.46  
37892.2  23531.4  14561.5  9102.03  5633.52  
37892.2  23474.2  14607.9  9082.87  5619.84  
37892.2  23495.5  14534.1  9102.68  5668.71  
37892.2  23380.6  14571.3  9129.82  5681.32  
37892.2  23495.5  14592.4  9094.59  5625.9  
37892.2  23446.1  14579  9061.04  5677.32  
37892.2  23524  14523.4  9115.51  5662.85  
37892.2  23495.5  14530.5  9127.33  5663.08  
37892.2  23495.5  14637  9020.87  5625.11  
37892.2  23536.4  14515.2  9112.09  5638.42  
37892.2  23521.7  14595.7  9045.16  5638.86  
63350.5  23080.8  8462.48  3209.59  1177.15  
63350.5  23226.1  8522.74  3099.96  1141.68  
63350.5  23361.2  8364.35  3066.86  1166.87  
63350.5  23160.1  8569.6  3101.92  1142.12  
63350.5  23281.3  8443.47  3136.58  1119.99  
63350.5  23138.6  8578.28  3108.13  1157.97  
63350.5  23160.1  8544.32  3108.38  1161.9  
63350.5  23226.1  8527.77  3107.28  1112.63  
63350.5  23383.7  8427.7  3069.54  1117.4  
63350.5  23281.3  8337.84  3200.84  1138.34  
63350.5  23307  8479.85  3086.74  1126.99  
63350.5  23136.9  8525.88  3105.84  1181.23  
63350.5  23294.6  8488.93  3078.14  1122.56  
63350.5  22871.1  8694.18  3205.73  1168.87  
63350.5  23136.9  8525.88  3134.51  1174.51  
18924.5  15288.9  12457.6  10055.8  8181.35  
18924.5  15362.8  12456.4  10073.2  8181.74  
18924.5  15369  12442.4  10023  8135.24  
18924.5  15255.2  12463.9  10021.8  8196.16  
18924.5  15353.2  12338.3  10076.1  8191.05  
18924.5  15257.6  12411.2  10063.2  8180.53  
18924.5  15353.2  12458.3  10004.6  8156.7  
18924.5  15303.9  12432.6  10067.6  8158.89  
18924.5  15330.2  12397.5  10020.2  8194.84  
18924.5  15362.8  12403.6  10083.1  8189.83  
18924.5  15257.6  12468.6  10052.4  8157.89  
18924.5  15288.9  12350.3  10068.8  8211.53  
18924.5  15303.9  12354.2  10027.7  8149.23  
18924.5  15362.8  12343.2  10112.1  8156.26  
18924.5  15288.9  12396.4  10094.6  8206.39  
86801.9  11413.3  1536.56  206.25  27.7975  
86801.9  11436.8  1518.7  201.289  27.1699  
86801.9  11448.4  1505.98  202.443  27.0443  
86801.9  11416.4  1533.16  207.064  27.2803  
86801.9  11399.3  1548.4  208.518  27.6222  
86801.9  11423.6  1530.25  203.139  26.8805  
86801.9  11412  1538.41  205.651  27.774  
86801.9  11423.6  1526.91  206.051  27.3673  
86801.9  11416.4  1537.96  202.602  26.9709  
86801.9  11412  1537.81  205.914  28.0876  
86801.9  11441.7  1512.82  202.175  27.2452  
86801.9  11436.8  1520.27  200.109  26.8235  
86801.9  11436.8  1516.98  202.496  27.6098  
86801.9  11437.9  1515.15  203.45  27.425  
86801.9  11448.4  1506.86  201.94  26.7749  
86556  11599.4  1573.23  225.011  31.1176  
86556  11635.7  1557.45  208.108  28.3728  
86556  11574.8  1604.91  220.613  29.0183  
86556  11625.4  1569.18  206.68  28.4083  
86556  11656.4  1524.62  217.88  30.2632  
86556  11635.7  1557.45  208.585  27.7524  
86556  11656.4  1539.55  205.713  27.9712  
86556  11635.7  1548.91  215.784  28.9581  
86556  11630.7  1564.54  206.769  27.4254  
86556  11574.8  1601.11  223.352  30.0692  
86556  11518  1646.85  231.754  32.0094  
86556  11635.7  1549.12  213.629  30.8589  
86556  11518  1650.08  228.871  31.9394  
86556  11625.4  1564.92  208.973  29.7475  
86556  11553  1620.07  226.363  29.785  
70731.4  20683.9  6038.54  1787.16  530.384  
70731.4  20683.5  6048.79  1784.68  522.262  
70731.4  20619.5  6113.95  1770.06  533.718  
70731.4  20675.5  6078.02  1764.11  524.668  
70731.4  20715.7  5989  1796.02  536.39  
70731.4  20683.9  6042.66  1792.99  520.441  
70731.4  20527.9  6148  1828.82  530.821  
70731.4  20619.5  6117.61  1786.29  515.73  
70731.4  20670  6052.45  1779.12  533.404  
70731.4  20527.9  6178.74  1800.03  532.378  
70731.4  20619.5  6102.93  1788.89  523.775  
70731.4  20715.7  6052.28  1759.55  516.502  
70731.4  20728.3  6017.35  1778.45  520.05  
70731.4  20577.1  6136.86  1783.75  536.654  
70731.4  20604.9  6085.62  1818.25  527.992  
76815.3  17729.6  4181.56  969.737  224.325  
76815.3  17805.5  4121.34  952.999  226.145  
76815.3  17767.4  4150.26  962.815  225.351  
76815.3  17789.1  4128.88  964.622  224.279  
76815.3  17755.6  4161.78  961.801  226.387  
76815.3  17805.5  4123.43  954.578  222.678  
76815.3  17760.2  4150.83  965.684  228.29  
76815.3  17789.1  4133.6  961.505  222.685  
76815.3  17712.2  4178.55  981.049  232.535  
76815.3  17729.6  4174.21  974.162  227.405  
76815.3  17767.4  4142.84  970.496  225.758  
76815.3  17699.7  4202.06  972.757  230.25  
76815.3  17767.4  4152.67  961.387  224.592  
76815.3  17789.1  4135.32  960.588  221.603  
76815.3  17699.7  4197.41  980.067  227.951  
71606.2  20270.4  5773.67  1671.99  479.445  
71606.2  20178.7  5877.91  1667.1  473.17  
71606.2  20106.3  5911.02  1698.33  473.233  
71606.2  20270.4  5803.04  1652.43  470.202  
71606.2  20334.4  5779.37  1610.59  471.664  
71606.2  20383.6  5667.01  1666.12  478.185  
71606.2  20347.9  5692.14  1680.04  476.519  
71606.2  20106.3  5922.96  1680.92  482.929  
71606.2  20383.6  5713.23  1633.13  468.392  
71606.2  20264.6  5809.58  1641.87  479.502  
71606.2  20370.6  5722.5  1644.66  462.254  
71606.2  20264.6  5751.03  1683.33  489.759  
71606.2  20383.6  5713.23  1634.28  466.071  
71606.2  20138.8  5849.44  1702.94  497.282  
71606.2  20270.4  5793.9  1665.38  468.081  
4986.36  4724.72  4480.41  4251.5  4056.11  
4986.36  4721.49  4489.91  4269.51  4063.51  
4986.36  4732.43  4490.06  4250.64  4051.9  
4986.36  4707.64  4481.26  4277.02  4046.6  
4986.36  4737.98  4500.69  4274.53  4059.3  
4986.36  4724.72  4489.75  4278.44  4045.26  
4986.36  4739.89  4498.75  4269.84  4052.91  
4986.36  4721.49  4502.51  4272.95  4038.83  
4986.36  4725.45  4501.32  4272.82  4044.93  
4986.36  4736.93  4498.9  4276.43  4065.74  
4986.36  4707.64  4481.26  4272.31  4058  
4986.36  4736.93  4503.55  4272.13  4059.32  
4986.36  4727.92  4494.4  4266.73  4060.5  
4986.36  4724.72  4499.51  4263.06  4062.78  
4986.36  4729.79  4499.71  4256.84  4065.39  
83724.5  13597.8  2219.09  375.777  60.5658  
83724.5  13532.8  2285.15  373.368  61.9982  
83724.5  13532.8  2284.09  373.067  63.1248  
83724.5  13500.6  2306.99  382.678  63.0427  
83724.5  13532.8  2277.86  378.24  64.1324  
83724.5  13633  2190.11  369.942  60.5794  
83724.5  13597.8  2235.82  359.794  60.2767  
83724.5  13620.6  2207.27  364.63  61.2281  
83724.5  13594.6  2222.01  375.39  61.4767  
83724.5  13574.3  2233.33  383.583  62.1676  
83724.5  13603.2  2230.12  362.082  58.7255  
83724.5  13633  2184.93  374.121  61.2466  
83724.5  13597.8  2230.84  363.937  60.9421  
83724.5  13594.6  2233.62  365.706  59.9579  
83724.5  13603.5  2214.46  374.216  61.176  
