4 16 5
33097.7 18291.9 10985.9 18375.6  6312 3561.74 2137.65 3515.93  1208.48 695.556 410.34 671.01  231.476 140.587 80.3384 130.382  44.7608 28.1591 16.597 25.834  
5293.82 2948.3 1768.61 2952.81  4589.75 2567.08 1538.69 2565.66  4025.21 2219.21 1337.55 2232.35  3451.73 1942.19 1162.64 1934.93  3027.25 1693.57 1006.99 1685.88  
22754.2 12641.6 7633.96 12701.3  10123.5 5582.01 3349.22 5592.78  4461.55 2479.89 1478.54 2464.83  1973.5 1123.98 656.804 1096.76  878.373 493.053 288.105 482.012  
19562.8 10807 6529.19 10880.8  10229.8 5649.44 3372.92 5652.29  5326.43 2971.4 1771.89 2954.89  2765.36 1575.56 940.451 1552.67  1444.04 816.88 488.209 805.524  
22754.2 12641.6 7633.96 12701.3  10013.3 5539.52 3347.55 5558.17  4552.23 2529.17 1477.77 2496.36  1977.08 1114.64 657.5 1095.07  891.562 497.592 289.769 486.818  
5293.82 2948.3 1768.61 2952.81  4620.76 2550.23 1536.83 2565.22  4014.9 2234.05 1339.27 2235.99  3473.73 1941.99 1167.86 1942.07  3042.14 1688.99 1016.02 1692.57  
15468.8 8593.29 5178.12 8627.54  9647.58 5326.73 3201.52 5346.27  5988.39 3318.89 1989.52 3318.77  3711.27 2079.69 1237.72 2063.48  2286.8 1285.24 770.411 1275.3  
33097.7 18291.9 10985.9 18375.6  6317.26 3568.96 2133.91 3516.93  1204.66 691.602 411.355 669.686  230.725 138.606 83.7514 131.591  44.1887 27.2517 16.1687 25.2169  
5293.82 2948.3 1768.61 2952.81  4609.62 2559.5 1541.27 2568.59  3986.06 2234.67 1328.31 2224.3  3489.3 1932.33 1169.01 1942.71  3024.9 1693.83 1007.03 1685.53  
5293.82 2948.3 1768.61 2952.81  4589.75 2567.08 1538.69 2565.66  3996.15 2235.36 1334.85 2230.27  3501.2 1941.97 1165.96 1946.12  3052.38 1680.53 1013.67 1690.52  
33097.7 18291.9 10985.9 18375.6  6312 3561.74 2137.65 3515.93  1208.48 695.556 410.34 671.01  231.476 140.587 80.3384 130.382  44.7608 28.1591 16.597 25.834  
19562.8 10807 6529.19 10880.8  10141.8 5647.71 3405.7 5654.49  5322.34 2971.35 1773.4 2954.98  2809.2 1555.37 916.482 1540.72  1461.61 818.126 480.07 804.468  
5293.82 2948.3 1768.61 2952.81  4620.76 2550.23 1536.83 2565.22  4014.9 2234.05 1339.27 2235.99  3473.73 1941.99 1167.86 1942.07  3042.14 1688.99 1016.02 1692.57  
22754.2 12641.6 7633.96 12701.3  10088.2 5555.16 3345.92 5576.03  4446.05 2505.28 1484.83 2473.42  2007.86 1131.12 653.687 1103.52  882.588 490.228 288.198 482.011  
19562.8 10807 6529.19 10880.8  10141.8 5647.71 3405.7 5654.49  5366.04 2985.44 1769.37 2965.06  2779.45 1551.15 922.713 1537.54  1461.31 830.159 482.568 809.46  
33097.7 18291.9 10985.9 18375.6  6311.98 3548.21 2115.35 3498.92  1209.93 712.349 429.915 687.697  230.365 139.404 83.8445 131.802  44.4012 26.4872 15.8546 24.8648  
