4 50 5
15468.8 8593.29 5178.12 8627.54  9627.71 5360.66 3194.91 5349.04  5937.17 3309.32 1998.84 3311.68  3707.32 2060.7 1239.55 2058.05  2337.91 1281.97 766.066 1281.32  
15468.8 8593.29 5178.12 8627.54  9626.83 5308.55 3202.75 5337.51  5962.52 3298.45 1987.86 3306.71  3706.46 2091.83 1240.25 2067.8  2323.33 1298.67 769.207 1285.56  
15468.8 8593.29 5178.12 8627.54  9624.33 5346.09 3210.78 5353.29  5963.48 3284.42 1984.82 3300.76  3718.13 2073.92 1238.67 2063.6  2314.39 1292.06 768.21 1281.29  
15468.8 8593.29 5178.12 8627.54  9582.84 5361.92 3205.4 5347.18  6017.95 3312.36 1984.57 3319.37  3730.43 2057.09 1236.75 2059.6  2310.76 1289.87 766.968 1279.19  
15468.8 8593.29 5178.12 8627.54  9518.36 5305.45 3209.21 5319.98  6022.82 3339.01 1992.35 3333.11  3702.69 2060.05 1235.32 2054.54  2330.83 1297.63 767.02 1285.38  
15468.8 8593.29 5178.12 8627.54  9593.36 5283.02 3199.59 5321.53  5999.56 3354.4 1992.46 3333.49  3725.36 2063.91 1236.44 2060.59  2309.74 1293.23 770.406 1282.06  
15468.8 8593.29 5178.12 8627.54  9647.58 5326.73 3201.52 5346.27  5988.39 3318.89 1989.52 3318.77  3711.27 2079.69 1237.72 2063.48  2286.8 1285.24 770.411 1275.3  
15468.8 8593.29 5178.12 8627.54  9655.61 5337.56 3195.92 5347.8  5951.71 3287.61 1990.44 3302.84  3706.96 2058.56 1237.37 2056.07  2321.94 1299.65 769.686 1285.89  
15468.8 8593.29 5178.12 8627.54  9518.36 5305.45 3209.21 5319.98  6024.38 3315.57 1987.37 3323.28  3744.33 2070.07 1234.72 2065.04  2314.59 1302.72 769.141 1285.13  
15468.8 8593.29 5178.12 8627.54  9655.61 5337.56 3195.92 5347.8  5972.48 3303.49 1992.4 3312.76  3689.8 2059.85 1240.2 2054.87  2315.57 1288.76 768.17 1280.49  
33097.7 18291.9 10985.9 18375.6  6317.26 3568.96 2133.91 3516.93  1205.23 691.164 412.629 670.393  229.852 138.317 81.4954 130.073  44.4157 27.6533 16.8655 25.7678  
33097.7 18291.9 10985.9 18375.6  6296.79 3574.76 2143.84 3520.56  1222.22 691.017 406.969 670.206  233.267 134.698 79.1408 128.276  44.4137 26.358 15.4345 24.5846  
33097.7 18291.9 10985.9 18375.6  6311.98 3548.21 2115.35 3498.92  1205.96 703.949 428.398 683.603  232.856 145.391 85.2549 134.854  45.5979 28.4178 15.9392 25.7021  
33097.7 18291.9 10985.9 18375.6  6309.84 3538.85 2125.57 3501.63  1210.64 718.439 422.42 685.316  231.797 140.321 81.0881 130.793  44.4178 28.5556 15.9645 25.5179  
33097.7 18291.9 10985.9 18375.6  6311.98 3548.21 2115.35 3498.92  1209.93 712.349 429.915 687.697  230.365 139.404 83.8445 131.802  44.4012 26.4872 15.8546 24.8648  
33097.7 18291.9 10985.9 18375.6  6302.79 3568.66 2117.65 3504.67  1211.6 698.409 425.969 681.517  236.893 133.736 84.6639 131.832  45.1987 26.1049 16.725 25.3819  
33097.7 18291.9 10985.9 18375.6  6299.01 3584.46 2133.24 3517.76  1220.42 683.199 415.505 672.47  232.839 132.317 80.3463 128.187  44.4979 26.6762 16.0296 25.0328  
33097.7 18291.9 10985.9 18375.6  6302.79 3568.66 2117.65 3504.67  1214.18 691.32 422.447 677.916  234.722 138.529 87.0019 134.193  44.959 27.6707 17.5295 26.2435  
33097.7 18291.9 10985.9 18375.6  6317.26 3568.96 2133.91 3516.93  1204.66 691.602 411.355 669.686  230.725 138.606 83.7514 131.591  44.1887 27.2517 16.1687 25.2169  
33097.7 18291.9 10985.9 18375.6  6312 3561.74 2137.65 3515.93  1208.48 695.556 410.34 671.01  231.476 140.587 80.3384 130.382  44.7608 28.1591 16.597 25.834  
5293.82 2948.3 1768.61 2952.81  4553.24 2562.31 1534.61 2554.91  4021.63 2233.96 1335.32 2234.91  3502.62 1942.77 1166.43 1946.91  3048.85 1690.81 1015.2 1693.92  
5293.82 2948.3 1768.61 2952.81  4589.75 2567.08 1538.69 2565.66  4025.21 2219.21 1337.55 2232.35  3451.73 1942.19 1162.64 1934.93  3027.25 1693.57 1006.99 1685.88  
5293.82 2948.3 1768.61 2952.81  4589.75 2567.08 1538.69 2565.66  3996.15 2235.36 1334.85 2230.27  3506.69 1930.95 1164.67 1943  3044.32 1688.07 1016.77 1693.14  
5293.82 2948.3 1768.61 2952.81  4609.62 2559.5 1541.27 2568.59  3986.06 2234.67 1328.31 2224.3  3489.3 1932.33 1169.01 1942.71  3024.9 1693.83 1007.03 1685.53  
5293.82 2948.3 1768.61 2952.81  4620.76 2550.23 1536.83 2565.22  4014.9 2234.05 1339.27 2235.99  3473.73 1941.99 1167.86 1942.07  3042.14 1688.99 1016.02 1692.57  
5293.82 2948.3 1768.61 2952.81  4575.48 2552.7 1542.08 2560.55  4028.43 2227.03 1330.6 2231.27  3472.49 1946.5 1157.02 1936.85  3048.99 1692.47 1016.06 1694.96  
5293.82 2948.3 1768.61 2952.81  4589.75 2567.08 1538.69 2565.66  3985.77 2221.35 1342.13 2228.29  3508.03 1932.76 1163.73 1943.26  3053.89 1688.05 1008.08 1689.82  
5293.82 2948.3 1768.61 2952.81  4589.75 2567.08 1538.69 2565.66  3996.15 2235.36 1334.85 2230.27  3501.2 1941.97 1165.96 1946.12  3052.38 1680.53 1013.67 1690.52  
5293.82 2948.3 1768.61 2952.81  4553.24 2562.31 1534.61 2554.91  3990.46 2221.96 1342.66 2229.68  3498.45 1944.18 1156.47 1940.69  3051.91 1693.31 1012.32 1693.57  
5293.82 2948.3 1768.61 2952.81  4624.59 2555.42 1534.14 2565.95  3990.25 2230.7 1342.19 2232.04  3479.42 1945.82 1165.72 1943.06  3045.16 1692.85 1011.25 1691.52  
22754.2 12641.6 7633.96 12701.3  10009.3 5578.74 3355.98 5574.41  4505.92 2504.63 1480.71 2482.03  2027.14 1115 651.462 1100.87  897.612 494.41 286.455 484.96  
22754.2 12641.6 7633.96 12701.3  10088.2 5555.16 3345.92 5576.03  4423.65 2489.2 1481.22 2462.24  2006.59 1128.09 656.481 1104.1  904.899 503.606 289.32 490.841  
22754.2 12641.6 7633.96 12701.3  10088.2 5555.16 3345.92 5576.03  4446.05 2505.28 1484.83 2473.42  2007.86 1131.12 653.687 1103.52  882.588 490.228 288.198 482.011  
22754.2 12641.6 7633.96 12701.3  10088.2 5555.16 3345.92 5576.03  4446.05 2505.28 1484.83 2473.42  2009.99 1114.47 652.503 1098.21  891.144 506.904 289.743 489.506  
22754.2 12641.6 7633.96 12701.3  10077.2 5638.13 3352 5602.92  4491.9 2469.64 1482.73 2469.76  1985.64 1092.22 652.16 1086.64  884.815 488.378 287.495 481.408  
22754.2 12641.6 7633.96 12701.3  10013.3 5539.52 3347.55 5558.17  4552.23 2529.17 1477.77 2496.36  1977.08 1114.64 657.5 1095.07  891.562 497.592 289.769 486.818  
22754.2 12641.6 7633.96 12701.3  10009.3 5578.74 3355.98 5574.41  4543.51 2516.53 1477.3 2490.57  2012.75 1106.61 650.346 1094.97  869.749 484.569 288.654 478.158  
22754.2 12641.6 7633.96 12701.3  10098.6 5602.03 3358.92 5599.98  4470.52 2505.75 1475.8 2472.7  1990.68 1088.4 650.285 1085.3  880.542 493.296 288.873 482.918  
22754.2 12641.6 7633.96 12701.3  10123.5 5582.01 3349.22 5592.78  4461.55 2479.89 1478.54 2464.83  1973.5 1123.98 656.804 1096.76  878.373 493.053 288.105 482.012  
22754.2 12641.6 7633.96 12701.3  10062.7 5574.7 3355.57 5582.93  4499.91 2504.88 1480.73 2480.92  2000.72 1117.12 651.679 1096.72  883.186 492.612 287.172 482.182  
19562.8 10807 6529.19 10880.8  10229.8 5649.44 3372.92 5652.29  5326.43 2971.4 1771.89 2954.89  2765.36 1575.56 940.451 1552.67  1444.04 816.88 488.209 805.524  
19562.8 10807 6529.19 10880.8  10092 5612.07 3397.56 5629.42  5365.08 3002.89 1779.08 2976.01  2820.91 1565.72 915.719 1545.59  1464.89 824.34 484.811 809.736  
19562.8 10807 6529.19 10880.8  10118.5 5592.88 3387.92 5622.88  5307.14 2978.41 1777.67 2956.89  2818.56 1580.35 927.246 1556.5  1472.09 837.02 485.505 815.345  
19562.8 10807 6529.19 10880.8  10203 5655.1 3399.26 5664.47  5306.71 2957.44 1771.39 2946.58  2795.67 1566.85 918.567 1542.91  1451.44 830.798 487.539 810.728  
19562.8 10807 6529.19 10880.8  10199.9 5619.09 3380.04 5641.56  5326.74 2988.81 1782.32 2966.39  2773.39 1576.27 932.396 1549.7  1450.79 825.644 485.067 807.605  
19562.8 10807 6529.19 10880.8  10141.8 5647.71 3405.7 5654.49  5366.04 2985.44 1769.37 2965.06  2779.45 1551.15 922.713 1537.54  1461.31 830.159 482.568 809.46  
19562.8 10807 6529.19 10880.8  10141.8 5647.71 3405.7 5654.49  5322.34 2971.35 1773.4 2954.98  2809.2 1555.37 916.482 1540.72  1461.61 818.126 480.07 804.468  
19562.8 10807 6529.19 10880.8  10167.5 5627.9 3395.91 5647.51  5323.59 2970.28 1772.98 2954.66  2802.27 1570.5 920.989 1546.7  1461.92 834.567 484.959 812.333  
19562.8 10807 6529.19 10880.8  10203 5655.1 3399.26 5664.47  5267.27 2949.13 1772.25 2937.14  2806.43 1583.5 927.649 1555.33  1465.5 821.002 481.562 806.906  
19562.8 10807 6529.19 10880.8  10092 5612.07 3397.56 5629.42  5376.66 2973.11 1763.91 2960.17  2786.39 1588.37 932.952 1556.2  1470.7 823.743 483.347 809.8  
