5 16 5
3858.08 3839.64 4831.08 3349.64 8219.16  3424.83 3398.09 4288.39 2969.81 7309.27  3028.45 2999.97 3802.89 2619.4 6480.88  2698.06 2682.2 3394.3 2336.21 5769.76  2433.99 2435.08 3040.79 2126.98 5166.07  
2809.22 2807.55 3514.56 2446.38 5967.59  2569.69 2572.1 3233.16 2231.24 5473.2  2363.44 2354.01 2973.06 2047.37 5047.61  2181.84 2190.27 2733.96 1904.5 4629.13  2016.29 2009.11 2520 1756.49 4289.42  
3858.08 3839.64 4831.08 3349.64 8219.16  3422.64 3388.2 4275.03 2969.44 7302.94  3064.52 3052.43 3825.78 2670.26 6515.61  2714.22 2692.34 3390.88 2359.36 5787.24  2400.15 2388.33 3022.91 2078.68 5134.15  
11934.8 11934.4 14936.3 10394.1 25350  7893.17 7847.32 9849.37 6879.65 16800.2  5185.35 5233.27 6486.45 4558.74 10967.4  3440.16 3451.82 4314.23 3014.91 7315.39  2291.16 2284.36 2852.8 2015.01 4871.44  
33312.8 33378.4 41307.7 29237.6 70289  1783.36 1724.35 2517.06 1483.18 4226.36  98.209 92.3045 165.356 74.8779 267.924  5.33732 4.64688 9.31519 4.08668 15.7727  0.271697 0.241182 0.539049 0.205774 0.877827  
2809.22 2807.55 3514.56 2446.38 5967.59  2569.69 2572.1 3233.16 2231.24 5473.2  2363.44 2354.01 2973.06 2047.37 5047.61  2181.84 2190.27 2733.96 1904.5 4629.13  2016.29 2009.11 2520 1756.49 4289.42  
11934.8 11934.4 14936.3 10394.1 25350  7836.4 7805.47 9858.03 6797.16 16742.9  5243.5 5236.84 6499.91 4612.64 11095.1  3439.7 3464.79 4306.75 3024.52 7291.64  2286.95 2283.15 2851.56 2010.7 4863.02  
2809.22 2807.55 3514.56 2446.38 5967.59  2587.44 2585.58 3210.74 2267.08 5470.62  2381.51 2379.41 2973.83 2077.79 5055.13  2192.79 2186.01 2731.45 1914.75 4653.93  2011.76 2015.32 2519.95 1755.03 4272.79  
3858.08 3839.64 4831.08 3349.64 8219.16  3446.1 3436.77 4288.78 3010.19 7307.25  3053.46 3052.42 3833.24 2655.33 6500.72  2693.05 2672.41 3390.96 2328.06 5767.83  2433.76 2425.49 3018.39 2133.35 5154.17  
34423.1 34474.9 42909.6 30091.4 72879.9  756.665 709.289 1053.4 693.018 1854.47  19.6891 15.4237 36.2541 15.108 64.0897  0.49385 0.403674 0.756397 0.489643 1.47769  0.0105466 0.00893742 0.0174692 0.0119508 0.0341737  
11934.8 11934.4 14936.3 10394.1 25350  7871.28 7860.92 9872.45 6852.59 16763  5222.38 5234.23 6480.79 4599.66 11035.8  3441.31 3436.37 4317.53 3006.75 7339.48  2272.87 2282.26 2844.86 1999.36 4828.58  
2809.22 2807.55 3514.56 2446.38 5967.59  2572.34 2556.61 3229.48 2228.13 5493.2  2377.71 2382.14 2973.86 2075.27 5044.21  2192.72 2191.56 2735.07 1915.6 4650.89  2005.09 1993.84 2516.48 1739.42 4281.09  
34423.1 34474.9 42909.6 30091.4 72879.9  756.053 708.346 1065.06 686.651 1866.71  20.2416 16.3902 24.7636 21.2934 51.8623  0.551189 0.381484 0.580125 0.669076 1.46053  0.012397 0.00784832 0.0161583 0.0145848 0.0404679  
3858.08 3839.64 4831.08 3349.64 8219.16  3424.83 3398.09 4288.39 2969.81 7309.27  3062.11 3056.11 3831.35 2666.83 6512.02  2725.15 2734.25 3407.84 2382.56 5777.29  2418.19 2402.46 3026.3 2102.22 5157.73  
3858.08 3839.64 4831.08 3349.64 8219.16  3446.1 3436.77 4288.78 3010.19 7307.25  3029.65 3027.26 3824.54 2623.22 6473.13  2695.63 2675.12 3391.91 2331.49 5770.84  2405.07 2384.02 3016.06 2084.93 5142.32  
34423.1 34474.9 42909.6 30091.4 72879.9  754.965 709.426 1053.93 691.071 1850.86  21.4228 15.3505 35.4252 17.1968 67.344  0.459176 0.340457 1.03384 0.353076 1.80252  0.0116169 0.0080307 0.0385028 0.007306 0.0622351  
