5 50 5
11934.8 11934.4 14936.3 10394.1 25350  7871.28 7860.92 9872.45 6852.59 16763  5222.38 5234.23 6480.79 4599.66 11035.8  3441.31 3436.37 4317.53 3006.75 7339.48  2272.87 2282.26 2844.86 1999.36 4828.58  
11934.8 11934.4 14936.3 10394.1 25350  7818.6 7864.23 9829.84 6822.38 16608.4  5208.08 5197.48 6528.03 4542.94 11098.4  3463.96 3447.66 4315.95 3035.94 7370.69  2299.96 2291.97 2827.8 2040.48 4854.74  
11934.8 11934.4 14936.3 10394.1 25350  7893.17 7847.32 9849.37 6879.65 16800.2  5224.2 5222.66 6502.83 4584.67 11075.7  3439.04 3459.65 4312.31 3018.64 7301.98  2275.96 2288.76 2836.35 2010.09 4818.55  
11934.8 11934.4 14936.3 10394.1 25350  7856.95 7884.97 9851.45 6860.56 16684  5195.15 5190.48 6520.7 4530.18 11072.8  3432.22 3444.47 4292.47 3014.06 7285.83  2304.49 2284.99 2842.55 2034.05 4887.36  
11934.8 11934.4 14936.3 10394.1 25350  7836.4 7805.47 9858.03 6797.16 16742.9  5243.5 5236.84 6499.91 4612.64 11095.1  3439.7 3464.79 4306.75 3024.52 7291.64  2286.95 2283.15 2851.56 2010.7 4863.02  
11934.8 11934.4 14936.3 10394.1 25350  7893.17 7847.32 9849.37 6879.65 16800.2  5185.35 5233.27 6486.45 4558.74 10967.4  3440.16 3451.82 4314.23 3014.91 7315.39  2291.16 2284.36 2852.8 2015.01 4871.44  
11934.8 11934.4 14936.3 10394.1 25350  7844.29 7851.42 9864.33 6824.67 16711  5235.38 5229.07 6471.16 4615.16 11058.5  3435.8 3457.03 4296.8 3021.82 7282.62  2293.9 2279.02 2853.49 2014.78 4884.12  
11934.8 11934.4 14936.3 10394.1 25350  7901.01 7893.26 9854.64 6907.63 16767.2  5180.31 5187.69 6519.62 4514.44 11044.7  3439.21 3451.69 4301.2 3020.4 7300.44  2288.12 2287.74 2832.64 2023.84 4840.67  
11934.8 11934.4 14936.3 10394.1 25350  7893.17 7847.32 9849.37 6879.65 16800.2  5220.44 5230.91 6515.01 4578.78 11070.7  3446.46 3455.93 4280.3 3040.51 7288.94  2260.76 2271.65 2857.45 1975.55 4829.18  
11934.8 11934.4 14936.3 10394.1 25350  7898.51 7892.55 9795.93 6934.31 16703.1  5183.54 5217.92 6504.43 4540.32 10999.9  3422.17 3432.64 4316.73 2986.01 7303.88  2280.61 2281.75 2851.36 2003.71 4851.45  
3858.08 3839.64 4831.08 3349.64 8219.16  3418.9 3423.96 4301.03 2970.22 7279.48  3056.43 3053.82 3831.9 2659.67 6503.76  2697.53 2669.56 3383.74 2334.78 5773.01  2437.53 2434.31 3027.77 2136.79 5160.95  
3858.08 3839.64 4831.08 3349.64 8219.16  3437.97 3412.09 4280.9 2993.77 7311.87  3060.85 3040.84 3813.02 2667.26 6508.88  2725.1 2709.99 3396.28 2376.37 5794.08  2425.07 2436.88 3037.91 2120.34 5142.89  
3858.08 3839.64 4831.08 3349.64 8219.16  3422.64 3388.2 4275.03 2969.44 7302.94  3064.52 3052.43 3825.78 2670.26 6515.61  2714.22 2692.34 3390.88 2359.36 5787.24  2400.15 2388.33 3022.91 2078.68 5134.15  
3858.08 3839.64 4831.08 3349.64 8219.16  3424.83 3398.09 4288.39 2969.81 7309.27  3062.11 3056.11 3831.35 2666.83 6512.02  2725.15 2734.25 3407.84 2382.56 5777.29  2418.19 2402.46 3026.3 2102.22 5157.73  
3858.08 3839.64 4831.08 3349.64 8219.16  3422.64 3388.2 4275.03 2969.44 7302.94  3048.69 3035.63 3827.24 2645.22 6504.71  2734.57 2732.78 3401.63 2394.49 5791.86  2399.66 2385.79 3021.58 2077.6 5134.83  
3858.08 3839.64 4831.08 3349.64 8219.16  3446.1 3436.77 4288.78 3010.19 7307.25  3053.46 3052.42 3833.24 2655.33 6500.72  2693.05 2672.41 3390.96 2328.06 5767.83  2433.76 2425.49 3018.39 2133.35 5154.17  
3858.08 3839.64 4831.08 3349.64 8219.16  3422.64 3388.2 4275.03 2969.44 7302.94  3045.55 3054.03 3831.6 2648.92 6481.03  2722.66 2723.88 3413.67 2371.96 5790.39  2428.69 2436.53 3034.6 2125.48 5147.32  
3858.08 3839.64 4831.08 3349.64 8219.16  3424.83 3398.09 4288.39 2969.81 7309.27  3028.45 2999.97 3802.89 2619.4 6480.88  2698.06 2682.2 3394.3 2336.21 5769.76  2433.99 2435.08 3040.79 2126.98 5166.07  
3858.08 3839.64 4831.08 3349.64 8219.16  3446.1 3436.77 4288.78 3010.19 7307.25  3029.65 3027.26 3824.54 2623.22 6473.13  2695.63 2675.12 3391.91 2331.49 5770.84  2405.07 2384.02 3016.06 2084.93 5142.32  
3858.08 3839.64 4831.08 3349.64 8219.16  3399.98 3364.54 4270.45 2937.17 7280.1  3034.66 3035.09 3826.55 2631.06 6476.09  2732.14 2715.79 3395.95 2386.49 5801.17  2423.14 2410.37 3030.08 2109.2 5162.25  
2809.22 2807.55 3514.56 2446.38 5967.59  2569.69 2572.1 3233.16 2231.24 5473.2  2382.17 2380.27 2954.33 2088.68 5035.62  2190.27 2193.79 2725.24 1919.17 4633.26  2005.14 1992.59 2518.53 1737.84 4284.78  
2809.22 2807.55 3514.56 2446.38 5967.59  2590.13 2581.73 3223.95 2261.27 5494.08  2372.33 2369.97 2978.14 2061.69 5052.01  2183.48 2181.56 2740.11 1898.79 4649.04  2017.25 2016.38 2516.56 1762.8 4279.29  
2809.22 2807.55 3514.56 2446.38 5967.59  2580.02 2590.19 3218.58 2257.93 5458  2366.09 2380.11 2960.16 2069.42 5008.97  2177.29 2177.44 2739.72 1890.71 4640.91  2011.45 2006.97 2523.01 1749.05 4285.18  
2809.22 2807.55 3514.56 2446.38 5967.59  2582.83 2586.27 3231.65 2252.26 5481.68  2379.37 2382.96 2960.11 2084.28 5032.62  2178.26 2164.41 2735.58 1887.35 4654.11  2017.69 2016.35 2517.75 1762.63 4281.42  
2809.22 2807.55 3514.56 2446.38 5967.59  2587.44 2585.58 3210.74 2267.08 5470.62  2377.46 2369.25 2977.69 2066.75 5062.84  2189.35 2177.53 2734.8 1905.42 4660.37  2009 2008.19 2522.63 1747.37 4278.33  
2809.22 2807.55 3514.56 2446.38 5967.59  2569.69 2572.1 3233.16 2231.24 5473.2  2363.44 2354.01 2973.06 2047.37 5047.61  2181.84 2190.27 2733.96 1904.5 4629.13  2016.29 2009.11 2520 1756.49 4289.42  
2809.22 2807.55 3514.56 2446.38 5967.59  2587.44 2585.58 3210.74 2267.08 5470.62  2381.51 2379.41 2973.83 2077.79 5055.13  2192.79 2186.01 2731.45 1914.75 4653.93  2011.76 2015.32 2519.95 1755.03 4272.79  
2809.22 2807.55 3514.56 2446.38 5967.59  2588.26 2585.81 3229.99 2258.36 5491.59  2381.44 2379.39 2972.29 2078.48 5053.46  2173.23 2165.1 2736.1 1882.34 4643.56  2015.49 2004.88 2515.52 1755.86 4288.24  
2809.22 2807.55 3514.56 2446.38 5967.59  2572.34 2556.61 3229.48 2228.13 5493.2  2369.43 2379.22 2971.37 2066.71 5028.26  2192.68 2191.6 2718.98 1923.68 4634.4  2014.73 2008.23 2521.62 1753.69 4288.95  
2809.22 2807.55 3514.56 2446.38 5967.59  2572.34 2556.61 3229.48 2228.13 5493.2  2377.71 2382.14 2973.86 2075.27 5044.21  2192.72 2191.56 2735.07 1915.6 4650.89  2005.09 1993.84 2516.48 1739.42 4281.09  
33312.8 33378.4 41307.7 29237.6 70289  1783.36 1724.35 2517.06 1483.18 4226.36  97.4068 91.3514 161.58 74.9388 263.676  6.07078 5.52525 12.7306 4.02765 19.6158  0.337403 0.313495 0.88321 0.203805 1.26308  
33312.8 33378.4 41307.7 29237.6 70289  1790.74 1726.75 2550.4 1477.74 4273.4  91.5279 89.8732 134.43 80.0386 225.084  4.67503 4.68684 7.06161 4.3471 11.8138  0.241391 0.234934 0.392642 0.224613 0.66114  
33312.8 33378.4 41307.7 29237.6 70289  1766.27 1720.63 2498.54 1472.62 4173.93  113.924 95.7192 181.503 84.8386 314.93  6.64774 4.94204 11.6272 4.63672 20.9742  0.336632 0.255575 0.601455 0.25145 1.08573  
33312.8 33378.4 41307.7 29237.6 70289  1788.83 1729.35 2539.69 1481.51 4254.74  92.8908 87.0172 142.168 76.7437 239.832  5.16953 4.90043 9.73767 3.8982 15.379  0.287834 0.276384 0.67027 0.198023 0.990005  
33312.8 33378.4 41307.7 29237.6 70289  1766.27 1720.63 2498.54 1472.62 4173.93  114.744 95.6819 183.536 84.8792 319.28  5.8638 4.96133 9.61072 4.61572 16.7742  0.304968 0.27312 0.595044 0.23359 0.963186  
33312.8 33378.4 41307.7 29237.6 70289  1770.24 1720.29 2497.19 1476.83 4182.1  109.711 95.1751 179.876 80.9553 304.665  6.79213 5.76066 14.1245 4.33276 22.4579  0.423627 0.322391 1.05213 0.237332 1.6687  
33312.8 33378.4 41307.7 29237.6 70289  1790.74 1726.75 2550.4 1477.74 4273.4  91.4303 90.01 133.858 80.2431 224.093  4.76831 4.53566 7.56139 4.15826 12.7432  0.248009 0.249835 0.46742 0.210469 0.731035  
33312.8 33378.4 41307.7 29237.6 70289  1784.98 1729.68 2540.99 1477.45 4246.84  96.6686 87.2438 142.783 80.2993 248.648  5.25973 4.39276 8.04008 4.38477 14.6421  0.269317 0.229153 0.470588 0.221147 0.822258  
33312.8 33378.4 41307.7 29237.6 70289  1789 1721.3 2526.56 1483.27 4252.91  93.0894 94.7358 155.525 75.0889 243.298  4.79821 5.2094 9.46557 3.79032 13.7213  0.295862 0.29955 0.716448 0.203217 1.01042  
33312.8 33378.4 41307.7 29237.6 70289  1783.36 1724.35 2517.06 1483.18 4226.36  98.209 92.3045 165.356 74.8779 267.924  5.33732 4.64688 9.31519 4.08668 15.7727  0.271697 0.241182 0.539049 0.205774 0.877827  
34423.1 34474.9 42909.6 30091.4 72879.9  759.572 710.158 1060.91 693.16 1867.93  16.8622 14.6616 28.7181 15.0878 50.6122  0.412154 0.299494 0.776615 0.369199 1.48079  0.0117821 0.00649159 0.0221995 0.0107097 0.0492093  
34423.1 34474.9 42909.6 30091.4 72879.9  754.965 709.426 1053.93 691.071 1850.86  21.4228 15.3505 35.4252 17.1968 67.344  0.459176 0.340457 1.03384 0.353076 1.80252  0.0116169 0.0080307 0.0385028 0.007306 0.0622351  
34423.1 34474.9 42909.6 30091.4 72879.9  759.572 710.158 1060.91 693.16 1867.93  16.9239 14.5685 28.6937 15.1102 50.9306  0.354026 0.390457 0.805224 0.348121 1.18284  0.00822474 0.00858268 0.0181627 0.009384 0.0291865  
34423.1 34474.9 42909.6 30091.4 72879.9  759.718 706.854 1055.47 694.008 1867.29  16.7598 17.8937 33.9988 14.3016 51.3385  0.370213 0.369841 0.924294 0.311016 1.39269  0.0105278 0.00799606 0.0324146 0.00769253 0.0520126  
34423.1 34474.9 42909.6 30091.4 72879.9  757.281 708.123 1051.38 693.955 1855.45  19.1205 16.6296 38.1635 14.2775 63.0115  0.444752 0.363945 0.864033 0.383665 1.5597  0.0120677 0.00838219 0.0205854 0.0119252 0.0443222  
34423.1 34474.9 42909.6 30091.4 72879.9  760.388 709.074 1065.48 691.394 1876.22  16.1033 15.7198 24.2614 16.8574 42.6547  0.358204 0.323806 0.656356 0.368768 1.15897  0.00898854 0.00761035 0.0241848 0.00757398 0.0395369  
34423.1 34474.9 42909.6 30091.4 72879.9  757.281 708.123 1051.38 693.955 1855.45  19.0985 16.6546 37.9896 14.3133 62.7193  0.468727 0.339886 1.0275 0.352751 1.84557  0.010103 0.0075396 0.0306425 0.00722554 0.0504971  
34423.1 34474.9 42909.6 30091.4 72879.9  756.665 709.289 1053.4 693.018 1854.47  19.6891 15.4237 36.2541 15.108 64.0897  0.49385 0.403674 0.756397 0.489643 1.47769  0.0105466 0.00893742 0.0174692 0.0119508 0.0341737  
34423.1 34474.9 42909.6 30091.4 72879.9  756.053 708.346 1065.06 686.651 1866.71  20.2416 16.3902 24.7636 21.2934 51.8623  0.551189 0.381484 0.580125 0.669076 1.46053  0.012397 0.00784832 0.0161583 0.0145848 0.0404679  
34423.1 34474.9 42909.6 30091.4 72879.9  754.965 709.426 1053.93 691.071 1850.86  21.3456 15.2898 35.7354 16.9925 67.6122  0.536014 0.400848 0.742429 0.552526 1.55463  0.0119891 0.00826232 0.0203829 0.0120962 0.0426082  
