2 50 50 5
500 200
2200 1000 
1518.23 322.98 1
0.0690567 1 10
242.531
242.71
249.921
242.447
247.52
247.971
246.78
244.626
242.558
247.047
242.48
245.882
244.665
243.649
248.266
245.391
243.091
243.095
250.083
242.496
250.109
248.651
250.009
242.801
243.528
243.392
242.828
245.366
247.095
243.717
248.685
242.762
249.024
246.987
244.36
245.127
244.123
244.792
248.893
244.777
245.544
242.642
244.35
242.873
242.691
243.574
246.289
242.557
243.599
244.269
47.0055 -0.26383
46.2013 0.02115
43.6085 1.52112
46.7382 0.60669
44.3615 2.04738
44.1195 -1.04237
44.334 -0.41009
45.1031 -0.48522
47.0329 0.93224
44.3373 -0.85666
46.6915 -0.10545
44.5936 0.85849
45.0392 0.83592
46.0526 -1.30469
43.8918 0.00737
44.7731 0.93188
45.8898 -0.18693
46.0671 1.2548
43.5245 1.22847
46.7524 0.80939
43.5351 1.34012
43.8138 -0.23673
43.504 -0.29022
47.0667 -0.7632
46.2576 1.98575
45.9016 -0.8051
46.5966 1.40339
44.748 -0.01294
44.204 0.63138
45.4606 -0.03505
43.7858 0.07672
46.4087 -0.5395
43.8043 1.44283
44.4356 1.77578
45.2136 1.06346
45.2834 -1.53943
45.5492 -1.06197
45.1248 -0.83133
43.7903 -0.54839
45.5161 -1.62399
44.88 -1.0157
46.3974 0.8671
45.5222 1.86712
46.0084 0.33414
46.353 0.92661
45.6824 -0.61159
44.4471 -0.08768
46.9062 -0.36832
46.2304 2.03139
45.244 1.00999
45.9462 0.14486
45.7843 1.13397
