2  12  8.34  5.73  3000  23000  1  1

******************** Using iran model first stage solution ****************
3000  3
------------- Unsatisfy demand per scenario per model ---------------
87902.5  87902.5  
87022.7  87022.7  
87017.9  87017.9  
78587.5  78587.5  
78538.4  78538.4  
78538.4  78538.4  
87899.2  87899.2  
78587.5  78587.5  
78558.5  78558.5  
87898.3  87898.3  
87000.2  87000.2  
87017.9  87017.9  
------------- Recours cost per scenario per model ----------------------
1.06226e+06  1.06226e+06  
1.03965e+06  1.03964e+06  
1.03965e+06  1.03964e+06  
1.03965e+06  1.03964e+06  
1.03965e+06  1.03964e+06  
1.03965e+06  1.03964e+06  
1.0614e+06  1.0614e+06  
1.03965e+06  1.03964e+06  
1.03965e+06  1.03964e+06  
1.06075e+06  1.06075e+06  
1.03965e+06  1.03964e+06  
1.03965e+06  1.03964e+06  
------------- Number of mobile facility  per scenario per model ----------------------
47  20  
47  17  
47  16  
47  17  
47  20  
47  20  
47  18  
47  17  
47  19  
47  19  
47  17  
47  16  
------------- Resolution time per scenario per model ----------------------
0.87  0.59  
0.87  0.59  
0.93  0.59  
0.89  0.58  
0.89  0.55  
0.9  0.57  
0.92  0.59  
0.87  0.57  
0.86  0.55  
0.84  0.58  
0.84  0.58  
0.93  0.56  

******************** Using dbsWc first stage solution ****************
23000  23
------------------- Unsatisfy demand per scenario per model ---------------
87902.5  87902.5  
87022.7  87022.7  
87017.9  87017.9  
78587.5  78587.5  
78538.4  78538.4  
78538.4  78538.4  
87899.2  87899.2  
78587.5  78587.5  
78558.5  78558.5  
87898.3  87898.3  
87000.2  87000.2  
87017.9  87017.9  
------------------- Recours cost per scenario per model -------------------
1.02163e+06  1.02163e+06  
1.00928e+06  1.00928e+06  
1.00928e+06  1.00928e+06  
1.00928e+06  1.00928e+06  
1.00928e+06  1.00928e+06  
1.00928e+06  1.00928e+06  
1.02109e+06  1.02109e+06  
1.00928e+06  1.00928e+06  
1.00928e+06  1.00928e+06  
1.02079e+06  1.02079e+06  
1.00928e+06  1.00928e+06  
1.00928e+06  1.00928e+06  
------------- Number of mobile facility  per scenario per model ----------------------
27  0  
27  0  
27  0  
27  0  
27  0  
27  0  
27  0  
27  0  
27  0  
27  0  
27  0  
27  0  
------------- Resolution time per scenario per model ----------------------
0.69  0.22  
0.73  0.24  
0.71  0.23  
0.73  0.22  
0.68  0.23  
0.72  0.26  
0.73  0.24  
0.71  0.22  
0.72  0.23  
0.7  0.23  
0.72  0.23  
0.73  0.23  
