2  5
resolution time : 5.73
23000  23000
6  0
******************** fixed facilities: 23 ****************
0  1  4  7  9  11  12  13  15  16  17  27  28  29  31  35  37  39  42  44  45  46  48  
******************** Response cost ****************
1.01273e+06  1.02478e+06  1.04939e+06  1.04729e+06  1.0386e+06  737615  
******************** Mobile facilities tour:  ****************
 scenario 0 : 0





------------------------------------
 scenario 1 : 3
43  33  47  
33  43  47  
33  43  47  
33  43  47  
33  43  47  
------------------------------------
 scenario 2 : 0





------------------------------------
 scenario 3 : 4
6  43  19  33  
6  19  33  43  
6  19  33  43  
6  19  33  43  
6  19  33  43  
------------------------------------
 scenario 4 : 0





------------------------------------
 scenario 5 : 4
5  32  41  30  
5  2  30  41  
6  5  20  24  
5  33  18  24  
5  21  24  18  
------------------------------------
******************** Stock in hospital ****************
0  0  0  0  508.787  0  0  0  0  0  0  0  
0  0  0  0  2200  0  0  0  0  0  0  0  
0  0  0  0  0  0  0  0  0  105.703  0  0  
0  0  0  0  0  0  0  0  0  0  0  0  
0  0  0  0  2200  0  0  0  0  0  0  0  
0  0  0  0  0  0  0  0  0  0  0  0  
******************** Quantity of blood collect in hospitals ****************
1242.45  1484.16  1235.47  3610.26  1969.36  1224.25  575.703  441.48  134.789  106.434  
554.278  782.927  244.35  775.169  1435.6  2450.12  2196.27  1232.41  858.915  613.055  
1722.39  990.588  2112.35  3424.46  987.924  1628.2  591.164  495.638  70.7952  0  
696.418  981.768  250.083  1221.28  1947.9  859.047  2160.58  1561.69  840.888  613.196  
248.266  735.407  0  981.595  3342.93  846.069  2206.79  1410.36  867.349  493.016  
10  487.717  0  248.685  515.603  242.48  0  488.077  200  497.156  
******************** Unsatisfy demand in hospital ****************
43246.5  30538  9553.62  3907.95  0  653.093  0  0  0  0  
34548.2  24665.4  15838.4  9283.43  1766  1459.47  0  338.203  0  0  
42766.5  31031.6  8167.95  4093.75  1473.31  231.323  0  69.805  64.8968  0  
34406.1  24466.5  13596.2  8793.52  3539.2  3097.6  0  0  0  0  
34854.2  24712.9  15918.7  8944.5  0  3173.03  0  165.782  0  130.017  
21921.6  15335.8  13622.1  9622.24  7959.31  5864.35  5282.96  3354.07  3055.15  1881.59  
