2  5
resolution time : 8.34
3000  3000
6  0
******************** fixed facilities: 3 ****************
13  16  17  
******************** Response cost ****************
1.06939e+06  1.04741e+06  1.06762e+06  1.04979e+06  1.05888e+06  1.04659e+06  
******************** Mobile facilities tour:  ****************
 scenario 0 : 47
0  1  2  3  4  5  6  7  8  9  10  11  12  14  15  18  19  20  21  22  23  24  25  26  27  28  29  30  31  32  33  34  35  36  37  38  39  40  41  42  43  44  45  46  47  48  49  
0  1  4  7  11  15  27  29  33  35  37  39  45  46  
0  1  7  11  27  29  33  35  37  39  45  46  


------------------------------------
 scenario 1 : 47
0  1  2  3  4  5  6  7  8  9  10  11  12  14  15  18  19  20  21  22  23  24  25  26  27  28  29  30  31  32  33  34  35  36  37  38  39  40  41  42  43  44  45  46  47  48  49  
0  4  7  11  15  27  29  33  35  37  39  45  46  
0  4  7  11  15  27  29  33  35  39  45  46  
7  11  15  27  29  33  35  45  
11  15  29  35  45  
------------------------------------
 scenario 2 : 47
0  1  2  3  4  5  6  7  8  9  10  11  12  14  15  18  19  20  21  22  23  24  25  26  27  28  29  30  31  32  33  34  35  36  37  38  39  40  41  42  43  44  45  46  47  48  49  
1  4  7  11  15  27  29  33  35  37  39  45  46  
1  7  11  27  29  35  37  39  45  46  


------------------------------------
 scenario 3 : 47
0  1  2  3  4  5  6  7  8  9  10  11  12  14  15  18  19  20  21  22  23  24  25  26  27  28  29  30  31  32  33  34  35  36  37  38  39  40  41  42  43  44  45  46  47  48  49  
0  1  4  7  11  15  27  29  33  35  37  39  45  46  
0  1  4  7  11  15  27  29  33  35  37  39  45  46  
0  4  7  11  27  29  33  35  37  45  46  
11  27  35  37  
------------------------------------
 scenario 4 : 47
0  1  2  3  4  5  6  7  8  9  10  11  12  14  15  18  19  20  21  22  23  24  25  26  27  28  29  30  31  32  33  34  35  36  37  38  39  40  41  42  43  44  45  46  47  48  49  
0  1  4  7  11  15  27  29  33  35  37  39  45  46  
0  4  7  11  15  27  35  37  39  45  46  
0  15  35  37  39  45  46  
0  15  35  45  
------------------------------------
 scenario 5 : 47
0  1  2  3  4  5  6  7  8  9  10  11  12  14  15  18  19  20  21  22  23  24  25  26  27  28  29  30  31  32  33  34  35  36  37  38  39  40  41  42  43  44  45  46  47  48  49  
0  1  4  7  11  15  27  29  33  35  37  39  45  46  
0  1  4  7  11  15  27  29  33  35  37  39  45  46  
1  4  7  11  15  27  29  35  37  45  46  
4  11  15  29  
------------------------------------
******************** Stock in hospital ****************
0  0  0  0  0  0  0  0  0  0  
0  0  0  0  0  0  0  0  0  0  
0  0  0  0  0  0  0  0  0  0  
0  0  0  0  0  0  0  0  0  0  
0  0  0  0  0  0  0  0  0  0  
0  0  0  0  0  0  0  0  0  0  
******************** Quantity of blood collect in hospitals ****************
1694.45  2102.97  1787.72  1852.7  1526.46  1877.34  500  441.48  134.789  106.434  
1371.3  1750.51  633.443  1742.5  1443.33  1510  1336.91  764.4  858.915  613.055  
1910.54  2170.5  1800  1785.47  1297.19  1859.52  500  459.74  135.692  105.703  
1128.21  1566.5  1450.11  1100  1385.92  1742.5  838.767  1358.27  840.888  613.196  
1418.35  2054.58  1665.37  1721.45  964.989  1037.09  727.363  944.777  867.349  623.033  
1423.76  1148.44  844.616  1100  1543.09  2110  1100  1344.78  732.428  677.241  
******************** Unsatisfy demand in hospital ****************
42794.4  29919.2  8492.57  5665.51  951.693  0  75.703  0  0  0  
33731.2  23697.8  13249.4  8316.1  3958.27  2399.59  859.357  806.21  0  0  
42578.4  29851.7  8480.3  5732.74  1164.04  0  91.164  0  0  0  
33974.3  23881.8  12396.2  8914.8  4101.18  2214.15  1321.81  203.424  0  0  
33684.1  23393.7  12053.3  8204.64  4577.94  2982.01  1479.43  631.363  0  0  
20507.8  14675.1  12777.5  8770.92  6931.82  3996.83  4182.96  2497.37  2522.72  1701.51  
