2 18 5
21931.6 15823.5  13622.1 9870.92  8440.63 6085.4  5247.32 3824.61  3289.51 2394.23  
21931.6 15823.5  13622.1 9870.92  8474.91 6106.83  5282.96 3842.15  3255.15 2378.75  
21931.6 15823.5  13563.4 9769.61  8477.73 6184.16  5310.29 3844.98  3296.1 2402.63  
21931.6 15823.5  13564.6 9791.53  8496.56 6136.5  5261.17 3836.76  3302.97 2417.61  
21931.6 15823.5  13618.3 9803.9  8501.37 6200.84  5267.98 3835.57  3264.18 2364.63  
21931.6 15823.5  13622.1 9870.92  8510.51 6169.66  5233.02 3769.27  3268.75 2383.48  
44488.9 32022.2  10280.3 7518.21  2478.15 1877.34  575.703 441.48  134.789 106.434  
44488.9 32022.2  10336.6 7571.84  2435.07 1833.56  562.547 431.218  134.561 106.353  
44488.9 32022.2  10280.3 7518.21  2461.23 1859.52  591.164 459.74  135.692 105.703  
44488.9 32022.2  10339.5 7623.66  2416.26 1779.92  579.361 437.592  134.034 103.52  
44488.9 32022.2  10364.3 7604.37  2394.26 1788.23  577.267 445.963  134.106 105.653  
44488.9 32022.2  10378.5 7644.27  2397.28 1782.98  563.988 420.233  130.331 98.1947  
35102.5 25448.3  13754.7 10009.3  5498.63 3930.12  2209.2 1590.06  864.318 617.382  
35102.5 25448.3  13846.3 10014.8  5487.1 3956.65  2160.58 1561.69  840.888 613.196  
35102.5 25448.3  13880.9 10074.7  5436.67 3892.61  2144.67 1549.7  859.755 620.381  
35102.5 25448.3  13718.7 9926.09  5542.93 4019.1  2206.79 1576.14  867.349 623.033  
35102.5 25448.3  13918.9 10062.8  5443.27 3927.7  2123.66 1548.74  855.913 615.234  
35102.5 25448.3  13882.8 10058.6  5401.6 3909.59  2196.27 1570.61  858.915 613.055  
