3 50 50 4
500 200
2200 1000 2200 
1518.23 322.98 1
0.0690567 1 10
184.114
183.916
183.587
183.639
183.441
183.576
185.187
186.096
188.097
183.532
183.973
183.528
186.533
185.011
188.03
185.185
189.035
188.047
185.873
184.029
183.862
184.67
183.868
185.998
183.6
187.849
183.631
183.959
185.905
184.017
183.462
187.678
183.571
183.742
188.501
185.939
185.549
183.588
184.114
184.474
185.421
183.474
186.026
183.406
187.834
183.57
183.72
183.777
183.523
184.303
46.7095 -0.26363
46.9877 1.10876
45.5981 0.50348
45.8122 1.84499
46.3889 1.1264
46.4945 1.53159
45.2378 -1.09913
44.0122 0.92199
43.4995 -0.20319
46.0848 1.71502
45.9722 -0.39724
46.5097 1.32038
43.8758 0.54701
44.4744 1.11599
43.5495 -0.32355
46.0256 -1.42864
43.3959 -0.79921
43.444 1.82852
44.6258 -0.92063
45.0993 0.57348
46.8137 0.32211
44.8352 -0.01629
45.4042 1.8179
44.0525 0.82154
46.4626 1.64345
43.452 0.56913
46.314 0.14153
45.3663 1.92305
45.2631 -1.60364
47.044 1.33541
45.7714 1.32727
43.545 1.76946
45.5142 1.09122
46.8077 1.26066
43.4069 -0.31148
44.1219 0.35931
47.0309 -1.28919
46.0627 1.83181
45.0997 1.65836
46.978 -0.38084
44.4227 1.97266
45.7221 1.28476
47.0415 -1.60085
46.2993 0.91161
43.4399 0.91234
46.2211 1.76626
46.6615 1.63116
46.6144 0.14983
45.8217 1.59732
44.8995 0.57839
46.4437 1.23402
43.367 0.072
45.6462 1.94656
