3 18 4
15936.8 11258.9 10608.6  9860.25 6947.2 6542.98  6121.05 4426.41 4111.6  3808.85 2745.38 2545.58  
15936.8 11258.9 10608.6  9873.44 7055.93 6600.73  6116.04 4385.6 4089.72  3805.53 2739.61 2539.69  
15936.8 11258.9 10608.6  9860.84 7099.44 6603.02  6121.18 4338.14 4076.55  3814.13 2766.69 2548.29  
15936.8 11258.9 10608.6  9877.63 7063.52 6575.46  6123.35 4328.75 4069.16  3811.86 2746.94 2552.89  
15936.8 11258.9 10608.6  9889.03 7019.99 6572.88  6119.85 4346.39 4065.06  3798.39 2729.01 2540.58  
15936.8 11258.9 10608.6  9860.84 7099.44 6603.02  6137.88 4383.02 4094.62  3812.7 2713.26 2532.84  
41062.3 29260.8 27411.4  915.965 717.611 576.117  21.2361 20.8442 12.1595  0.454942 0.727632 0.311521  
41062.3 29260.8 27411.4  917.339 718.852 576.148  19.8701 19.7698 12.1353  0.445233 0.562769 0.304829  
41062.3 29260.8 27411.4  914.952 722.343 575.564  22.2003 16.3784 12.7048  0.503894 0.462422 0.318254  
41062.3 29260.8 27411.4  913.893 721.576 574.021  23.2269 17.1092 14.2654  0.535403 0.501072 0.301375  
41062.3 29260.8 27411.4  915.965 717.611 576.117  21.2353 20.9988 12.1975  0.457011 0.569595 0.273338  
41062.3 29260.8 27411.4  909.701 723.347 574.907  27.2361 15.3397 13.3807  0.712231 0.501147 0.300921  
39818.4 28311.8 26578.3  2054.31 1590.76 1347.42  120.304 92.1681 70.2202  6.63968 4.87391 3.83332  
39818.4 28311.8 26578.3  2061.36 1597.59 1344.09  113.256 85.3415 73.5442  6.63068 4.94022 3.84629  
39818.4 28311.8 26578.3  2069.42 1592.15 1347.31  106.254 89.6836 70.3521  5.61404 5.92284 3.81213  
39818.4 28311.8 26578.3  2069.4 1580.64 1343.23  106.272 100.428 74.2112  5.64449 6.623 4.01403  
39818.4 28311.8 26578.3  2063.38 1598.67 1349.44  111.969 84.2091 68.5529  5.95555 4.93524 3.49205  
39818.4 28311.8 26578.3  2066 1577.35 1344.83  109.559 104.378 72.6435  5.74482 6.04747 3.98267  
