5 66 3
28166.4 14024.4 23464.1 14056.5 23372  14896.9 7505.05 12370.9 7397.91 12466.5  7946.98 3947.59 6653.38 4010.66 6611  
14969.4 7426.47 12489.2 7492.35 12394.6  11238 5627.51 9342.64 5592.17 9353.78  8394.5 4166.24 6999.49 4214.25 6927.3  
50671.8 25319.8 42266.6 25219.6 42441.5  7856.76 3905.2 6546.66 4036.79 6371.61  1239.18 649.897 1002.98 625.44 1004.45  
5954.68 2998.68 4936.9 2944.23 4974.92  5347.29 2690.85 4445.79 2647.41 4492.66  4849.87 2428.58 4035.17 2412.05 4046.89  
28163.7 14007.6 23477.3 14067.8 23366.6  14878.4 7380.01 12445.5 7482.53 12360  7955.09 4015.81 6602.19 3962 6648.19  
53241.4 26381.2 44480.1 26675.7 44148  5960.79 3161.73 4892.7 2939.36 5164.86  705.961 399.434 557.259 342.337 603.682  
31080.1 15372 25972.6 15594.4 25710.2  14953.2 7468.54 12474.1 7485.3 12471.4  7180.62 3616.12 5974.51 3589.8 6009.64  
11979.7 5974.16 9966.73 5970.67 9933.07  9577.45 4755.44 8003.07 4797.15 7966.34  7673.96 3823.61 6392.41 3837.4 6362.46  
31080.1 15372 25972.6 15594.4 25710.2  14996.7 7527.86 12488.7 7477.31 12556.4  7141.23 3574.44 5960.34 3588.09 5963.51  
31080.1 15372 25972.6 15594.4 25710.2  14953.2 7468.54 12474.1 7485.3 12471.4  7180.62 3616.12 5974.51 3589.8 6009.64  
14969.4 7426.47 12489.2 7492.35 12394.6  11166.9 5522.72 9352 5613.38 9278.26  8425.27 4195.57 7016.71 4218.19 6970.91  
28166.4 14024.4 23464.1 14056.5 23372  14920.3 7430.84 12466.3 7479.83 12441.6  7914.77 4014.18 6559.17 3927.2 6641.69  
14969.4 7426.47 12489.2 7492.35 12394.6  11240.7 5624.46 9356.98 5597.44 9375.21  8425.25 4214.81 7024.18 4203.76 7044.16  
53241.4 26381.2 44480.1 26675.7 44148  5981.02 3162.3 4904.73 2956.4 5142.08  690.702 403.103 546.3 326.664 626.025  
14969.4 7426.47 12489.2 7492.35 12394.6  11142.5 5491.86 9324.22 5615.34 9185.99  8433.27 4200.94 7034.02 4221.52 7009.23  
28163.7 14007.6 23477.3 14067.8 23366.6  14878.4 7380.01 12445.5 7482.53 12360  7956.33 4036.43 6591.54 3946.81 6674.55  
19142.1 9501.99 15947.9 9575.59 15805.9  12992 6520.32 10778.5 6457.16 10791  8900.1 4437.49 7431.66 4459.01 7421.68  
28166.4 14024.4 23464.1 14056.5 23372  14893.4 7386.39 12449.5 7490.65 12346.8  7923.65 3973.37 6598.96 3967.76 6606.99  
28163.7 14007.6 23477.3 14067.8 23366.6  14891.2 7398.04 12425 7478.58 12321.7  7950.3 4027.97 6601.15 3948.65 6692.4  
14969.4 7426.47 12489.2 7492.35 12394.6  11186.2 5549.79 9321.05 5607.46 9220.87  8438.87 4233.39 7033.14 4201.27 7082.66  
50671.8 25319.8 42266.6 25219.6 42441.5  7907.72 3957.06 6560.11 4040.4 6412.52  1205.58 612.638 995.14 625.705 971.363  
28166.4 14024.4 23464.1 14056.5 23372  14900.6 7500.93 12390.3 7405.05 12495.5  7925.94 3979.07 6604.93 3965.72 6631.83  
19142.1 9501.99 15947.9 9575.59 15805.9  13051.7 6540.91 10855.9 6495.45 10886.7  8841.09 4417.18 7355.15 4421.13 7327.22  
21566.7 10744.8 17951.3 10757.2 17875.3  13811.8 6912.37 11494.4 6884.63 11506.4  8807.06 4394.58 7332.14 4412.88 7292.1  
50671.8 25319.8 42266.6 25219.6 42441.5  7791.7 3930.97 6460.08 3955.73 6394.58  1286.97 624.337 1071.97 690.526 981.77  
21566.7 10744.8 17951.3 10757.2 17875.3  13811.8 6912.37 11494.4 6884.63 11506.4  8807.73 4416.97 7319.3 4395.4 7320.08  
50671.8 25319.8 42266.6 25219.6 42441.5  7835.16 3933.31 6507 3993.91 6404.57  1262.33 629.362 1039.14 663.557 978.457  
5954.68 2998.68 4936.9 2944.23 4974.92  5347.29 2690.85 4445.79 2647.41 4492.66  4840.76 2427.77 4016.96 2404.1 4022.34  
5954.68 2998.68 4936.9 2944.23 4974.92  5326.72 2689.03 4404.7 2629.47 4437.19  4825.93 2427.76 4010.47 2391.1 4046.2  
11979.7 5974.16 9966.73 5970.67 9933.07  9577.45 4755.44 8003.07 4797.15 7966.34  7673.96 3823.61 6392.41 3837.4 6362.46  
31080.1 15372 25972.6 15594.4 25710.2  14833.1 7364.18 12411.4 7460.53 12345.5  7311.25 3747.34 6027.51 3602.94 6155.07  
21566.7 10744.8 17951.3 10757.2 17875.3  13776 6928.64 11444.1 6839.11 11520  8845.76 4398.7 7380.87 4444.9 7324.28  
5954.68 2998.68 4936.9 2944.23 4974.92  5347.29 2690.85 4445.79 2647.41 4492.66  4849.87 2428.58 4035.17 2412.05 4046.89  
5954.68 2998.68 4936.9 2944.23 4974.92  5386.45 2690.2 4476.5 2682.74 4463.18  4780.69 2419.97 3963.51 2356.51 4026.24  
28163.7 14007.6 23477.3 14067.8 23366.6  14894.6 7394.13 12443.4 7485.35 12349.3  7921.86 4006.22 6596.17 3940.83 6697.33  
19142.1 9501.99 15947.9 9575.59 15805.9  13051.7 6540.91 10855.9 6495.45 10886.7  8882.45 4453.71 7395 4429.74 7420.59  
19142.1 9501.99 15947.9 9575.59 15805.9  13029.1 6501.91 10842.7 6505.9 10804.3  8880.59 4432.4 7423.7 4445.85 7440.74  
50671.8 25319.8 42266.6 25219.6 42441.5  7906.74 3936.98 6570.48 4055.91 6386.94  1205 628.406 986.515 612.336 993.911  
53241.4 26381.2 44480.1 26675.7 44148  5983.61 3176.79 4904.84 2948.23 5174.65  686.434 387.225 545.584 334.286 593.257  
28163.7 14007.6 23477.3 14067.8 23366.6  14921.6 7438.62 12460.1 7474.53 12444.2  7936.67 3986.34 6605.29 3969.4 6623.93  
5954.68 2998.68 4936.9 2944.23 4974.92  5308.54 2689.29 4393.42 2613.23 4458.47  4829.91 2422.31 4004.65 2398.53 4004.8  
19142.1 9501.99 15947.9 9575.59 15805.9  13030.8 6535.23 10824.6 6480.64 10846.5  8848.4 4441.49 7352.18 4408.3 7368.03  
5954.68 2998.68 4936.9 2944.23 4974.92  5343.29 2695.37 4424.4 2639.53 4460.81  4815.01 2426.31 3990 2382.02 4018.85  
28166.4 14024.4 23464.1 14056.5 23372  14920.3 7430.84 12466.3 7479.83 12441.6  7914.77 4014.18 6559.17 3927.2 6641.69  
5954.68 2998.68 4936.9 2944.23 4974.92  5343.29 2695.37 4424.4 2639.53 4460.81  4815.01 2426.31 3990 2382.02 4018.85  
28163.7 14007.6 23477.3 14067.8 23366.6  14894.6 7394.13 12443.4 7485.35 12349.3  7921.86 4006.22 6596.17 3940.83 6697.33  
11979.7 5974.16 9966.73 5970.67 9933.07  9562.42 4802.93 7941.83 4744.61 7982.25  7678.76 3812.14 6414.27 3851.43 6373.69  
11979.7 5974.16 9966.73 5970.67 9933.07  9577.45 4755.44 8003.07 4797.15 7966.34  7668.34 3833.66 6393.05 3824.79 6407.95  
21566.7 10744.8 17951.3 10757.2 17875.3  13811.8 6912.37 11494.4 6884.63 11506.4  8807.73 4416.97 7319.3 4395.4 7320.08  
11979.7 5974.16 9966.73 5970.67 9933.07  9587.3 4791.65 7976.72 4776.19 7972.85  7637.49 3804.56 6352.93 3819.42 6306  
5954.68 2998.68 4936.9 2944.23 4974.92  5309.9 2687.75 4400.67 2615.9 4469.26  4848.01 2424.07 4040.41 2414.19 4052.88  
21566.7 10744.8 17951.3 10757.2 17875.3  13812.9 6873.38 11530.3 6917.5 11486.9  8822.79 4384.93 7373.4 4435.47 7329.62  
5954.68 2998.68 4936.9 2944.23 4974.92  5382.41 2697.39 4476.84 2673.67 4495.46  4779.86 2420.63 3956.95 2354.99 4013.32  
21566.7 10744.8 17951.3 10757.2 17875.3  13779.4 6924.83 11462.1 6845.71 11546.8  8860.63 4401.48 7406.54 4456.57 7358.11  
5954.68 2998.68 4936.9 2944.23 4974.92  5386.45 2690.2 4476.5 2682.74 4463.18  4780.69 2419.97 3963.51 2356.51 4026.24  
53241.4 26381.2 44480.1 26675.7 44148  5960.79 3161.73 4892.7 2939.36 5164.86  708.926 405.454 556.943 340.802 609.787  
14969.4 7426.47 12489.2 7492.35 12394.6  11166.9 5522.72 9352 5613.38 9278.26  8425.27 4195.57 7016.71 4218.19 6970.91  
53241.4 26381.2 44480.1 26675.7 44148  6004.67 3211.7 4894.31 2940.37 5181.75  669.945 361.128 555.494 339.911 594.793  
21566.7 10744.8 17951.3 10757.2 17875.3  13811.8 6912.37 11494.4 6884.63 11506.4  8807.06 4394.58 7332.14 4412.88 7292.1  
28163.7 14007.6 23477.3 14067.8 23366.6  14913 7488.76 12383.2 7424.92 12408.3  7926.25 3961.69 6612.6 3980.1 6601.53  
11979.7 5974.16 9966.73 5970.67 9933.07  9577.45 4755.44 8003.07 4797.15 7966.34  7673.96 3823.61 6392.41 3837.4 6362.46  
21566.7 10744.8 17951.3 10757.2 17875.3  13753.4 6922.53 11410.3 6823.14 11476.7  8827.92 4390.96 7362.11 4434.83 7302.6  
5954.68 2998.68 4936.9 2944.23 4974.92  5299.44 2686.83 4379.78 2606.78 4441.08  4804.4 2421.45 3976.59 2376.13 3999.52  
21566.7 10744.8 17951.3 10757.2 17875.3  13811.8 6912.37 11494.4 6884.63 11506.4  8807.06 4394.58 7332.14 4412.88 7292.1  
11979.7 5974.16 9966.73 5970.67 9933.07  9542.72 4752.36 7933.76 4766.92 7872.56  7646.9 3831.75 6350.29 3806.12 6349.96  
19142.1 9501.99 15947.9 9575.59 15805.9  13038.3 6491.48 10891.8 6523.96 10877.8  8846.08 4455.42 7330.94 4394.62 7358.16  
