5 200 3
21566.7 10744.8 17951.3 10757.2 17875.3  13748.1 6816.91 11467.8 6903.45 11342.9  8830.47 4451.13 7328.75 4388.7 7378.12  
21566.7 10744.8 17951.3 10757.2 17875.3  13811.8 6912.37 11494.4 6884.63 11506.4  8807.73 4416.97 7319.3 4395.4 7320.08  
21566.7 10744.8 17951.3 10757.2 17875.3  13789.7 6906.37 11461.2 6868.94 11463.9  8856.21 4433.07 7383.77 4427.08 7400.25  
21566.7 10744.8 17951.3 10757.2 17875.3  13812.9 6873.38 11530.3 6917.5 11486.9  8822.79 4384.93 7373.4 4435.47 7329.62  
21566.7 10744.8 17951.3 10757.2 17875.3  13779.4 6924.83 11462.1 6845.71 11546.8  8860.63 4401.48 7406.54 4456.57 7358.11  
21566.7 10744.8 17951.3 10757.2 17875.3  13753.4 6922.53 11410.3 6823.14 11476.7  8846.21 4437.69 7369.63 4414.09 7404.38  
21566.7 10744.8 17951.3 10757.2 17875.3  13748.1 6816.91 11467.8 6903.45 11342.9  8829.78 4428.56 7341.61 4406.15 7349.9  
21566.7 10744.8 17951.3 10757.2 17875.3  13753.4 6922.53 11410.3 6823.14 11476.7  8828.27 4366.12 7384.9 4455.61 7290.57  
21566.7 10744.8 17951.3 10757.2 17875.3  13776 6928.64 11444.1 6839.11 11520  8845.76 4398.7 7380.87 4444.9 7324.28  
21566.7 10744.8 17951.3 10757.2 17875.3  13815.2 6908.63 11512 6891.13 11532.7  8822 4372.45 7379.96 4444.96 7313.37  
21566.7 10744.8 17951.3 10757.2 17875.3  13815.2 6908.63 11512 6891.13 11532.7  8839.23 4421.21 7378.21 4421.57 7399.05  
21566.7 10744.8 17951.3 10757.2 17875.3  13787.9 6871.16 11480.4 6895.71 11419.2  8849.06 4434.64 7389.6 4419.94 7439.82  
21566.7 10744.8 17951.3 10757.2 17875.3  13748.6 6890.62 11412.4 6844.05 11405.2  8856.66 4434.87 7379.85 4425.87 7393.82  
21566.7 10744.8 17951.3 10757.2 17875.3  13811.8 6912.37 11494.4 6884.63 11506.4  8807.06 4394.58 7332.14 4412.88 7292.1  
21566.7 10744.8 17951.3 10757.2 17875.3  13799.6 6895.14 11514.1 6888.42 11543  8831.82 4445.1 7344.09 4395.13 7397.83  
21566.7 10744.8 17951.3 10757.2 17875.3  13753.4 6922.53 11410.3 6823.14 11476.7  8827.92 4390.96 7362.11 4434.83 7302.6  
21566.7 10744.8 17951.3 10757.2 17875.3  13812.9 6873.38 11530.3 6917.5 11486.9  8806.69 4408.46 7319.35 4401.14 7298.98  
21566.7 10744.8 17951.3 10757.2 17875.3  13797.7 6860.13 11532.4 6914.84 11497  8812.87 4435.67 7305.8 4384.66 7323.44  
21566.7 10744.8 17951.3 10757.2 17875.3  13789.7 6906.37 11461.2 6868.94 11463.9  8814.94 4396.71 7343.97 4418.48 7307.13  
21566.7 10744.8 17951.3 10757.2 17875.3  13809.7 6877.06 11513 6911.12 11461  8839.96 4410.01 7389.56 4431.35 7395.21  
50671.8 25319.8 42266.6 25219.6 42441.5  7866.54 3952.6 6523.84 4006.56 6417.07  1229.05 616.337 1014.36 643.591 968.096  
50671.8 25319.8 42266.6 25219.6 42441.5  7791.7 3930.97 6460.08 3955.73 6394.58  1286.97 624.337 1071.97 690.526 981.77  
50671.8 25319.8 42266.6 25219.6 42441.5  7866.54 3952.6 6523.84 4006.56 6417.07  1220.85 607.597 1013.72 643.552 963.895  
50671.8 25319.8 42266.6 25219.6 42441.5  7896.31 3974.12 6530.48 4015.39 6414.69  1206 589.18 1018.37 646.009 964.209  
50671.8 25319.8 42266.6 25219.6 42441.5  7835.16 3933.31 6507 3993.91 6404.57  1246.97 623.696 1027.82 654.057 974.44  
50671.8 25319.8 42266.6 25219.6 42441.5  7815.21 3900.16 6510.45 4003.11 6375.66  1282.37 656.184 1039.08 659.476 999.467  
50671.8 25319.8 42266.6 25219.6 42441.5  7907.72 3957.06 6560.11 4040.4 6412.52  1205.58 612.638 995.14 625.705 971.363  
50671.8 25319.8 42266.6 25219.6 42441.5  7844.34 3964.42 6485.17 3975.88 6410.72  1246.22 601.556 1050.32 672.141 972.554  
50671.8 25319.8 42266.6 25219.6 42441.5  7887.05 3923.84 6562.92 4049 6383.68  1213.73 631.127 990.878 617.609 990.277  
50671.8 25319.8 42266.6 25219.6 42441.5  7835.16 3933.31 6507 3993.91 6404.57  1262.33 629.362 1039.14 663.557 978.457  
50671.8 25319.8 42266.6 25219.6 42441.5  7896.31 3974.12 6530.48 4015.39 6414.69  1210.75 594.986 1019.26 645.462 969.89  
50671.8 25319.8 42266.6 25219.6 42441.5  7906.74 3936.98 6570.48 4055.91 6386.94  1197.21 623.265 982.866 609.379 991.486  
50671.8 25319.8 42266.6 25219.6 42441.5  7866.54 3952.6 6523.84 4006.56 6417.07  1229.05 616.337 1014.36 643.591 968.096  
50671.8 25319.8 42266.6 25219.6 42441.5  7856.76 3905.2 6546.66 4036.79 6371.61  1239.18 649.897 1002.98 625.44 1004.45  
50671.8 25319.8 42266.6 25219.6 42441.5  7835.16 3933.31 6507 3993.91 6404.57  1246.97 623.696 1027.82 654.057 974.44  
50671.8 25319.8 42266.6 25219.6 42441.5  7907.72 3957.06 6560.11 4040.4 6412.52  1191.3 610.425 982.74 614.325 971.448  
50671.8 25319.8 42266.6 25219.6 42441.5  7906.74 3936.98 6570.48 4055.91 6386.94  1205 628.406 986.515 612.336 993.911  
50671.8 25319.8 42266.6 25219.6 42441.5  7887.05 3923.84 6562.92 4049 6383.68  1210.36 635.664 984.879 611.045 995.452  
50671.8 25319.8 42266.6 25219.6 42441.5  7835.16 3933.31 6507 3993.91 6404.57  1262.26 626.199 1040.81 666.134 974.558  
50671.8 25319.8 42266.6 25219.6 42441.5  7815.21 3900.16 6510.45 4003.11 6375.66  1272.16 660.744 1025.6 646.451 1003.24  
28163.7 14007.6 23477.3 14067.8 23366.6  14923.7 7476.59 12440.4 7445.97 12494  7935.69 3968.65 6614.54 3982.81 6600.71  
28163.7 14007.6 23477.3 14067.8 23366.6  14891.2 7398.04 12425 7478.58 12321.7  7950.3 4027.97 6601.15 3948.65 6692.4  
28163.7 14007.6 23477.3 14067.8 23366.6  14921.6 7438.62 12460.1 7474.53 12444.2  7913.56 3954.86 6597.6 3973.62 6579.16  
28163.7 14007.6 23477.3 14067.8 23366.6  14894.6 7394.13 12443.4 7485.35 12349.3  7921.86 4006.22 6596.17 3940.83 6697.33  
28163.7 14007.6 23477.3 14067.8 23366.6  14913 7488.76 12383.2 7424.92 12408.3  7926.25 3961.69 6612.6 3980.1 6601.53  
28163.7 14007.6 23477.3 14067.8 23366.6  14913 7488.76 12383.2 7424.92 12408.3  7921.42 3992.64 6602.09 3951.26 6675.31  
28163.7 14007.6 23477.3 14067.8 23366.6  14938.1 7453 12457.9 7477.41 12433.3  7928.29 4002.22 6585.75 3949.2 6640.26  
28163.7 14007.6 23477.3 14067.8 23366.6  14937 7495.27 12419.1 7441.88 12454.4  7910.19 3989.58 6585.35 3943.38 6653.72  
28163.7 14007.6 23477.3 14067.8 23366.6  14938.1 7453 12457.9 7477.41 12433.3  7905.82 3948.21 6598.64 3972.27 6584.2  
28163.7 14007.6 23477.3 14067.8 23366.6  14921.6 7438.62 12460.1 7474.53 12444.2  7936.67 3986.34 6605.29 3969.4 6623.93  
28163.7 14007.6 23477.3 14067.8 23366.6  14878.4 7380.01 12445.5 7482.53 12360  7956.33 4036.43 6591.54 3946.81 6674.55  
28163.7 14007.6 23477.3 14067.8 23366.6  14891.2 7398.04 12425 7478.58 12321.7  7950.94 4005.25 6621.79 3967.5 6681.05  
28163.7 14007.6 23477.3 14067.8 23366.6  14886.5 7451.39 12425.9 7433.1 12487.5  7944.31 3972.71 6622.55 3987.31 6609.47  
28163.7 14007.6 23477.3 14067.8 23366.6  14921.6 7438.62 12460.1 7474.53 12444.2  7936.67 3986.34 6605.29 3969.4 6623.93  
28163.7 14007.6 23477.3 14067.8 23366.6  14913 7488.76 12383.2 7424.92 12408.3  7926.25 3961.69 6612.6 3980.1 6601.53  
28163.7 14007.6 23477.3 14067.8 23366.6  14878.4 7380.01 12445.5 7482.53 12360  7931.95 3984.07 6594.66 3966.28 6603.4  
28163.7 14007.6 23477.3 14067.8 23366.6  14913 7488.76 12383.2 7424.92 12408.3  7915.7 3933.75 6623.85 3993.31 6581.08  
28163.7 14007.6 23477.3 14067.8 23366.6  14878.4 7380.01 12445.5 7482.53 12360  7955.09 4015.81 6602.19 3962 6648.19  
28163.7 14007.6 23477.3 14067.8 23366.6  14868.1 7391.76 12390.4 7462.23 12277.3  7947.27 4006.88 6609.25 3962.65 6662.28  
28163.7 14007.6 23477.3 14067.8 23366.6  14923.7 7476.59 12440.4 7445.97 12494  7910.78 3939.39 6597.07 3983.44 6541.48  
28166.4 14024.4 23464.1 14056.5 23372  14883.8 7406.12 12452 7467.18 12435.3  7952.55 4016.35 6594.68 3959.25 6636.78  
28166.4 14024.4 23464.1 14056.5 23372  14922.4 7468.77 12446.6 7451.25 12491.4  7935 3964.5 6617.82 3985.63 6599.36  
28166.4 14024.4 23464.1 14056.5 23372  14911.7 7480.93 12389.3 7430.18 12405.8  7911.88 3938.06 6638.32 3987.24 6641.78  
28166.4 14024.4 23464.1 14056.5 23372  14889.9 7390.3 12431.1 7483.88 12319.2  7927.1 3969.46 6617.36 3974.53 6634.52  
28166.4 14024.4 23464.1 14056.5 23372  14900.6 7500.93 12390.3 7405.05 12495.5  7925.94 3979.07 6604.93 3965.72 6631.83  
28166.4 14024.4 23464.1 14056.5 23372  14900.6 7500.93 12390.3 7405.05 12495.5  7944.65 3971.92 6623.55 3988.27 6608.61  
28166.4 14024.4 23464.1 14056.5 23372  14920.3 7430.84 12466.3 7479.83 12441.6  7914.77 4014.18 6559.17 3927.2 6641.69  
28166.4 14024.4 23464.1 14056.5 23372  14896.9 7505.05 12370.9 7397.91 12466.5  7925.71 3979.32 6603.62 3965.21 6630  
28166.4 14024.4 23464.1 14056.5 23372  14883.8 7406.12 12452 7467.18 12435.3  7929.99 3962.15 6607.57 3982.38 6580.73  
28166.4 14024.4 23464.1 14056.5 23372  14889.9 7390.3 12431.1 7483.88 12319.2  7925.23 3971.56 6607.57 3970.93 6619.73  
28166.4 14024.4 23464.1 14056.5 23372  14920.3 7430.84 12466.3 7479.83 12441.6  7922.66 4001.29 6568.95 3944.34 6609.31  
28166.4 14024.4 23464.1 14056.5 23372  14939.3 7483.38 12444.3 7454.18 12480.3  7927.11 3957.69 6618.89 3984.26 6604.52  
28166.4 14024.4 23464.1 14056.5 23372  14896.9 7505.05 12370.9 7397.91 12466.5  7946.98 3947.59 6653.38 4010.66 6611  
28166.4 14024.4 23464.1 14056.5 23372  14877.1 7372.29 12451.7 7487.83 12357.4  7933.09 3977.79 6607.7 3972.68 6616.8  
28166.4 14024.4 23464.1 14056.5 23372  14896.9 7505.05 12370.9 7397.91 12466.5  7927.66 3977.14 6613.99 3969.04 6645.45  
28166.4 14024.4 23464.1 14056.5 23372  14900.6 7500.93 12390.3 7405.05 12495.5  7917.02 3928.77 6637.85 3998.99 6599.88  
28166.4 14024.4 23464.1 14056.5 23372  14909.8 7442.79 12410.1 7459.14 12357.5  7933.32 3989.2 6625.68 3965.19 6694.37  
28166.4 14024.4 23464.1 14056.5 23372  14883.8 7406.12 12452 7467.18 12435.3  7952.55 4016.35 6594.68 3959.25 6636.78  
28166.4 14024.4 23464.1 14056.5 23372  14893.4 7386.39 12449.5 7490.65 12346.8  7923.65 3973.37 6598.96 3967.76 6606.99  
28166.4 14024.4 23464.1 14056.5 23372  14933.4 7449.18 12445.3 7475.81 12402.7  7929.24 3996.16 6597.79 3955.22 6652  
31080.1 15372 25972.6 15594.4 25710.2  14996.7 7527.86 12488.7 7477.31 12556.4  7141.23 3574.44 5960.34 3588.09 5963.51  
31080.1 15372 25972.6 15594.4 25710.2  14833.1 7364.18 12411.4 7460.53 12345.5  7248.59 3677.73 5997.17 3600.8 6054.99  
31080.1 15372 25972.6 15594.4 25710.2  14833.1 7364.18 12411.4 7460.53 12345.5  7278.69 3714.57 6003.89 3598.95 6091.55  
31080.1 15372 25972.6 15594.4 25710.2  14833.1 7364.18 12411.4 7460.53 12345.5  7311.25 3747.34 6027.51 3602.94 6155.07  
31080.1 15372 25972.6 15594.4 25710.2  14884.5 7402.35 12423 7475.49 12341.1  7252.02 3695.04 5997.84 3591.19 6093.79  
31080.1 15372 25972.6 15594.4 25710.2  14966.1 7486.79 12453.5 7481.36 12432.8  7218.18 3662.8 6008.88 3587.99 6126.15  
31080.1 15372 25972.6 15594.4 25710.2  14986.1 7539.97 12432.4 7456.63 12471.5  7234.67 3673.44 6016.1 3594.53 6128.35  
31080.1 15372 25972.6 15594.4 25710.2  14996.7 7527.86 12488.7 7477.31 12556.4  7214.97 3659.77 5970.43 3586.23 6024.43  
31080.1 15372 25972.6 15594.4 25710.2  14986.1 7539.97 12432.4 7456.63 12471.5  7187.24 3607 6012.93 3604.77 6064.88  
31080.1 15372 25972.6 15594.4 25710.2  15013.3 7542.4 12486.4 7480.19 12545.4  7190.51 3617.67 5991.62 3598.51 6029.96  
31080.1 15372 25972.6 15594.4 25710.2  14884.5 7402.35 12423 7475.49 12341.1  7239.6 3677.02 6017.76 3594.98 6131.69  
31080.1 15372 25972.6 15594.4 25710.2  15013.3 7542.4 12486.4 7480.19 12545.4  7196.69 3626.51 5981.71 3596.62 6011.32  
31080.1 15372 25972.6 15594.4 25710.2  14986.1 7539.97 12432.4 7456.63 12471.5  7207.86 3635.52 6019.84 3600.81 6106.2  
31080.1 15372 25972.6 15594.4 25710.2  14953.2 7468.54 12474.1 7485.3 12471.4  7227.78 3664.31 5988.13 3593.96 6049.19  
31080.1 15372 25972.6 15594.4 25710.2  14953.2 7468.54 12474.1 7485.3 12471.4  7180.62 3616.12 5974.51 3589.8 6009.64  
31080.1 15372 25972.6 15594.4 25710.2  14959.9 7502.8 12474.4 7464.66 12550  7218.09 3637.88 5997.89 3606.57 6027.59  
31080.1 15372 25972.6 15594.4 25710.2  14986.1 7539.97 12432.4 7456.63 12471.5  7199.45 3624.66 5992.98 3600.95 6027.34  
31080.1 15372 25972.6 15594.4 25710.2  15013.3 7542.4 12486.4 7480.19 12545.4  7206.31 3652.27 5971.57 3584.73 6030.05  
31080.1 15372 25972.6 15594.4 25710.2  15015.7 7581.08 12466.7 7451.66 12595.5  7189.26 3597.92 6001.89 3613.33 6004.28  
31080.1 15372 25972.6 15594.4 25710.2  14868.5 7388.33 12425.2 7472.72 12351.7  7231.97 3663.57 5998.77 3597.67 6065.27  
14969.4 7426.47 12489.2 7492.35 12394.6  11198.9 5566.39 9362.75 5607.2 9341.39  8428.57 4214.55 7002.15 4205.78 6977.01  
14969.4 7426.47 12489.2 7492.35 12394.6  11166.9 5522.72 9352 5613.38 9278.26  8451.16 4250.71 7013.38 4197.49 7045.95  
14969.4 7426.47 12489.2 7492.35 12394.6  11166.9 5522.72 9352 5613.38 9278.26  8397.68 4171.56 7020.4 4213.41 6989.01  
14969.4 7426.47 12489.2 7492.35 12394.6  11240.7 5624.46 9356.98 5597.44 9375.21  8425.25 4214.81 7024.18 4203.76 7044.16  
14969.4 7426.47 12489.2 7492.35 12394.6  11236.3 5598.76 9357.74 5613.69 9316.91  8433.84 4231.76 7011.94 4197.41 7036.33  
14969.4 7426.47 12489.2 7492.35 12394.6  11218.5 5593.96 9331.23 5601.17 9282.96  8424.7 4229.27 6998.26 4190.95 7018.74  
14969.4 7426.47 12489.2 7492.35 12394.6  11186.2 5549.79 9321.05 5607.46 9220.87  8446.34 4243.96 7021.08 4198.96 7060.21  
14969.4 7426.47 12489.2 7492.35 12394.6  11186.2 5549.79 9321.05 5607.46 9220.87  8438.87 4233.39 7033.14 4201.27 7082.66  
14969.4 7426.47 12489.2 7492.35 12394.6  11142.5 5491.86 9324.22 5615.34 9185.99  8433.27 4200.94 7034.02 4221.52 7009.23  
14969.4 7426.47 12489.2 7492.35 12394.6  11220 5622.62 9315.66 5579.42 9319.23  8438.57 4201.97 7044.36 4226.01 7023.86  
14969.4 7426.47 12489.2 7492.35 12394.6  11238 5627.51 9342.64 5592.17 9353.78  8433.41 4224.59 7015.7 4202.76 7027.16  
14969.4 7426.47 12489.2 7492.35 12394.6  11198.9 5566.39 9362.75 5607.2 9341.39  8389.73 4160.87 7017.72 4214.95 6973.45  
14969.4 7426.47 12489.2 7492.35 12394.6  11240.7 5624.46 9356.98 5597.44 9375.21  8361.07 4123.5 6998.31 4218.85 6895.86  
14969.4 7426.47 12489.2 7492.35 12394.6  11186.2 5549.79 9321.05 5607.46 9220.87  8445.01 4222.28 7032.42 4215.12 7032.37  
14969.4 7426.47 12489.2 7492.35 12394.6  11206.2 5551.57 9360.9 5624.83 9274.9  8432.68 4211.45 7034.32 4213.05 7041  
14969.4 7426.47 12489.2 7492.35 12394.6  11220 5622.62 9315.66 5579.42 9319.23  8429.24 4193.87 7045.63 4224.38 7030  
14969.4 7426.47 12489.2 7492.35 12394.6  11238 5627.51 9342.64 5592.17 9353.78  8394.5 4166.24 6999.49 4214.25 6927.3  
14969.4 7426.47 12489.2 7492.35 12394.6  11206.2 5551.57 9360.9 5624.83 9274.9  8408.26 4178.26 7026.1 4217.55 6993.35  
14969.4 7426.47 12489.2 7492.35 12394.6  11166.9 5522.72 9352 5613.38 9278.26  8425.27 4195.57 7016.71 4218.19 6970.91  
14969.4 7426.47 12489.2 7492.35 12394.6  11220 5622.62 9315.66 5579.42 9319.23  8413.99 4168.78 7036.16 4230.49 6976.41  
11979.7 5974.16 9966.73 5970.67 9933.07  9577.45 4755.44 8003.07 4797.15 7966.34  7661.87 3820.33 6374.3 3828.84 6339.27  
11979.7 5974.16 9966.73 5970.67 9933.07  9571.92 4787.49 7953.68 4765.3 7943.39  7656.33 3845.88 6363.96 3803.69 6399.74  
11979.7 5974.16 9966.73 5970.67 9933.07  9557.92 4729.49 7980.51 4799.74 7888  7661 3855.35 6368.63 3800.56 6425.71  
11979.7 5974.16 9966.73 5970.67 9933.07  9542.72 4752.36 7933.76 4766.92 7872.56  7646.9 3831.75 6350.29 3806.12 6349.96  
11979.7 5974.16 9966.73 5970.67 9933.07  9546.77 4798.69 7918.39 4733.53 7952.29  7663.21 3841.52 6380.97 3813.65 6412.87  
11979.7 5974.16 9966.73 5970.67 9933.07  9570.69 4763.08 7966.98 4783.88 7912.49  7677.11 3820.05 6409.24 3843.59 6387.53  
11979.7 5974.16 9966.73 5970.67 9933.07  9587.3 4791.65 7976.72 4776.19 7972.85  7649.66 3786.25 6390.37 3845.72 6318.37  
11979.7 5974.16 9966.73 5970.67 9933.07  9577.45 4755.44 8003.07 4797.15 7966.34  7673.96 3823.61 6392.41 3837.4 6362.46  
11979.7 5974.16 9966.73 5970.67 9933.07  9588.06 4764.62 8001.64 4798.99 7959.38  7637.35 3809.91 6347.99 3814.9 6308.64  
11979.7 5974.16 9966.73 5970.67 9933.07  9578.8 4779.71 7990.42 4778.82 7998.2  7676.72 3836.32 6394.41 3829.94 6395.92  
11979.7 5974.16 9966.73 5970.67 9933.07  9577.45 4755.44 8003.07 4797.15 7966.34  7668.34 3833.66 6393.05 3824.79 6407.95  
11979.7 5974.16 9966.73 5970.67 9933.07  9557.92 4729.49 7980.51 4799.74 7888  7643.61 3795.26 6371.82 3832.62 6312.23  
11979.7 5974.16 9966.73 5970.67 9933.07  9571.92 4787.49 7953.68 4765.3 7943.39  7656.33 3845.88 6363.96 3803.69 6399.74  
11979.7 5974.16 9966.73 5970.67 9933.07  9585.8 4767.17 7989.61 4794.57 7941.43  7660.18 3818 6376.97 3829.35 6344.18  
11979.7 5974.16 9966.73 5970.67 9933.07  9587.3 4791.65 7976.72 4776.19 7972.85  7653.27 3845.04 6359.4 3801.55 6393.87  
11979.7 5974.16 9966.73 5970.67 9933.07  9578.8 4779.71 7990.42 4778.82 7998.2  7675.49 3816.75 6404.56 3844.6 6370.51  
11979.7 5974.16 9966.73 5970.67 9933.07  9562.42 4802.93 7941.83 4744.61 7982.25  7678.76 3812.14 6414.27 3851.43 6373.69  
11979.7 5974.16 9966.73 5970.67 9933.07  9589.6 4789.06 7988.97 4780.7 7991.12  7649.21 3786.77 6387.93 3844.82 6314.77  
11979.7 5974.16 9966.73 5970.67 9933.07  9562.42 4802.93 7941.83 4744.61 7982.25  7671.35 3824.21 6405.28 3835.24 6404.77  
11979.7 5974.16 9966.73 5970.67 9933.07  9587.3 4791.65 7976.72 4776.19 7972.85  7637.49 3804.56 6352.93 3819.42 6306  
19142.1 9501.99 15947.9 9575.59 15805.9  12991.5 6450.57 10830.8 6513.2 10732  8874.36 4424.38 7406.52 4445.91 7390.27  
19142.1 9501.99 15947.9 9575.59 15805.9  13038.3 6491.48 10891.8 6523.96 10877.8  8846.08 4455.42 7330.94 4394.62 7358.16  
19142.1 9501.99 15947.9 9575.59 15805.9  13029.1 6501.91 10842.7 6505.9 10804.3  8875.37 4462.27 7377.84 4416.32 7419.31  
19142.1 9501.99 15947.9 9575.59 15805.9  13030.8 6535.23 10824.6 6480.64 10846.5  8891.29 4453.11 7416.38 4438.64 7450.44  
19142.1 9501.99 15947.9 9575.59 15805.9  13029.1 6501.91 10842.7 6505.9 10804.3  8798.52 4357.1 7353.66 4431.25 7270.98  
19142.1 9501.99 15947.9 9575.59 15805.9  13011.7 6456.06 10861.1 6527.48 10770.8  8867.94 4422.65 7396.88 4441.35 7378.05  
19142.1 9501.99 15947.9 9575.59 15805.9  12918 6381.21 10789.1 6502.55 10629.7  8925.89 4479.26 7439.5 4448.62 7489.7  
19142.1 9501.99 15947.9 9575.59 15805.9  13029.1 6501.91 10842.7 6505.9 10804.3  8880.59 4432.4 7423.7 4445.85 7440.74  
19142.1 9501.99 15947.9 9575.59 15805.9  13014.7 6452.64 10877.2 6533.39 10794.9  8853.54 4467.76 7335.57 4391.63 7384.32  
19142.1 9501.99 15947.9 9575.59 15805.9  13038.3 6491.48 10891.8 6523.96 10877.8  8845.4 4432.83 7343.81 4412.09 7330.02  
19142.1 9501.99 15947.9 9575.59 15805.9  13038.3 6491.48 10891.8 6523.96 10877.8  8871.34 4442.84 7374.56 4427.79 7367.2  
19142.1 9501.99 15947.9 9575.59 15805.9  13051.7 6540.91 10855.9 6495.45 10886.7  8882.45 4453.71 7395 4429.74 7420.59  
19142.1 9501.99 15947.9 9575.59 15805.9  12937.8 6386.6 10818.7 6516.56 10667.8  8919.55 4477.55 7430.01 4444.15 7477.59  
19142.1 9501.99 15947.9 9575.59 15805.9  13030.8 6535.23 10824.6 6480.64 10846.5  8848.4 4441.49 7352.18 4408.3 7368.03  
19142.1 9501.99 15947.9 9575.59 15805.9  13049.7 6507.5 10873.5 6520.45 10843.8  8841.73 4427.75 7349.59 4413.2 7340.7  
19142.1 9501.99 15947.9 9575.59 15805.9  12992 6520.32 10778.5 6457.16 10791  8900.1 4437.49 7431.66 4459.01 7421.68  
19142.1 9501.99 15947.9 9575.59 15805.9  12991.5 6450.57 10830.8 6513.2 10732  8860.87 4468.42 7350.21 4398.01 7404.15  
19142.1 9501.99 15947.9 9575.59 15805.9  13052.7 6504.02 10889.8 6526.47 10868.3  8882.12 4465.48 7384.2 4419.88 7426.45  
19142.1 9501.99 15947.9 9575.59 15805.9  13051.7 6540.91 10855.9 6495.45 10886.7  8841.09 4417.18 7355.15 4421.13 7327.22  
19142.1 9501.99 15947.9 9575.59 15805.9  12937.8 6386.6 10818.7 6516.56 10667.8  8904.48 4499.03 7385.46 4412.94 7462.6  
5954.68 2998.68 4936.9 2944.23 4974.92  5326.72 2689.03 4404.7 2629.47 4437.19  4825.93 2427.76 4010.47 2391.1 4046.2  
5954.68 2998.68 4936.9 2944.23 4974.92  5386.45 2690.2 4476.5 2682.74 4463.18  4780.69 2419.97 3963.51 2356.51 4026.24  
5954.68 2998.68 4936.9 2944.23 4974.92  5376.22 2692.04 4477.68 2672.59 4499.51  4837.88 2427.65 4013.81 2401.62 4021.66  
5954.68 2998.68 4936.9 2944.23 4974.92  5386.45 2690.2 4476.5 2682.74 4463.18  4771.27 2419.13 3944.7 2348.3 4000.85  
5954.68 2998.68 4936.9 2944.23 4974.92  5308.54 2689.29 4393.42 2613.23 4458.47  4844.61 2427.93 4022.14 2407.46 4025.73  
5954.68 2998.68 4936.9 2944.23 4974.92  5343.29 2695.37 4424.4 2639.53 4460.81  4775.5 2418.62 3949.76 2352.47 4001.07  
5954.68 2998.68 4936.9 2944.23 4974.92  5299.44 2686.83 4379.78 2606.78 4441.08  4804.4 2421.45 3976.59 2376.13 3999.52  
5954.68 2998.68 4936.9 2944.23 4974.92  5386.45 2690.2 4476.5 2682.74 4463.18  4845.97 2428.64 4032.12 2408.56 4049.84  
5954.68 2998.68 4936.9 2944.23 4974.92  5347.29 2690.85 4445.79 2647.41 4492.66  4849.87 2428.58 4035.17 2412.05 4046.89  
5954.68 2998.68 4936.9 2944.23 4974.92  5353.58 2696.28 4444.95 2648.5 4488.55  4840.13 2427.23 4017.04 2403.99 4022.74  
5954.68 2998.68 4936.9 2944.23 4974.92  5386.45 2690.2 4476.5 2682.74 4463.18  4818.81 2429 3996.97 2383.52 4034.05  
5954.68 2998.68 4936.9 2944.23 4974.92  5382.41 2697.39 4476.84 2673.67 4495.46  4822.59 2421.5 3996.44 2392.6 4001.15  
5954.68 2998.68 4936.9 2944.23 4974.92  5299.44 2686.83 4379.78 2606.78 4441.08  4804.4 2421.45 3976.59 2376.13 3999.52  
5954.68 2998.68 4936.9 2944.23 4974.92  5343.29 2695.37 4424.4 2639.53 4460.81  4815.01 2426.31 3990 2382.02 4018.85  
5954.68 2998.68 4936.9 2944.23 4974.92  5308.54 2689.29 4393.42 2613.23 4458.47  4829.91 2422.31 4004.65 2398.53 4004.8  
5954.68 2998.68 4936.9 2944.23 4974.92  5382.41 2697.39 4476.84 2673.67 4495.46  4779.86 2420.63 3956.95 2354.99 4013.32  
5954.68 2998.68 4936.9 2944.23 4974.92  5356 2690.25 4437.27 2654.96 4444.95  4821.83 2429 4000.83 2386.24 4035.86  
5954.68 2998.68 4936.9 2944.23 4974.92  5347.29 2690.85 4445.79 2647.41 4492.66  4840.76 2427.77 4016.96 2404.1 4022.34  
5954.68 2998.68 4936.9 2944.23 4974.92  5309.9 2687.75 4400.67 2615.9 4469.26  4848.01 2424.07 4040.41 2414.19 4052.88  
5954.68 2998.68 4936.9 2944.23 4974.92  5386.45 2690.2 4476.5 2682.74 4463.18  4780.69 2419.97 3963.51 2356.51 4026.24  
53241.4 26381.2 44480.1 26675.7 44148  5944.12 3137.07 4887.28 2942.77 5129.87  721.036 425.035 561.179 337.045 641.046  
53241.4 26381.2 44480.1 26675.7 44148  5966.52 3151.87 4899.2 2951.48 5139.48  703.701 414.428 550.33 329.764 630.86  
53241.4 26381.2 44480.1 26675.7 44148  5987.61 3168.36 4903.87 2957.53 5137.66  682.625 397.451 546.473 324.02 634.143  
53241.4 26381.2 44480.1 26675.7 44148  5981.02 3162.3 4904.73 2956.4 5142.08  690.702 403.103 546.3 326.664 626.025  
53241.4 26381.2 44480.1 26675.7 44148  5960.79 3161.73 4892.7 2939.36 5164.86  708.926 405.454 556.943 340.802 609.787  
53241.4 26381.2 44480.1 26675.7 44148  5983.61 3176.79 4904.84 2948.23 5174.65  686.434 387.225 545.584 334.286 593.257  
53241.4 26381.2 44480.1 26675.7 44148  5998.38 3187.41 4910.47 2953.24 5177.29  674.663 379.986 542.109 329.64 596.845  
53241.4 26381.2 44480.1 26675.7 44148  5984.17 3192.87 4896.98 2936.84 5195.5  688.053 375.908 554.016 344.341 580.248  
53241.4 26381.2 44480.1 26675.7 44148  6004.67 3211.7 4894.31 2940.37 5181.75  669.195 360.422 555.602 339.777 595.323  
53241.4 26381.2 44480.1 26675.7 44148  5960.79 3161.73 4892.7 2939.36 5164.86  705.961 399.434 557.259 342.337 603.682  
53241.4 26381.2 44480.1 26675.7 44148  6003.74 3195.3 4902.22 2951.69 5161.14  666.378 368.882 548.197 330.829 606.665  
53241.4 26381.2 44480.1 26675.7 44148  6003.74 3195.3 4902.22 2951.69 5161.14  670.491 373.961 548.513 330.848 609.227  
53241.4 26381.2 44480.1 26675.7 44148  6005.09 3193.58 4909.6 2954.39 5172.79  665.169 370.377 541.644 328.422 596.426  
53241.4 26381.2 44480.1 26675.7 44148  5947.14 3128.34 4885.49 2951.43 5092.56  720.244 434.221 563.438 329.978 674.524  
53241.4 26381.2 44480.1 26675.7 44148  6003.74 3195.3 4902.22 2951.69 5161.14  664.897 366.82 546.558 330.945 600.589  
53241.4 26381.2 44480.1 26675.7 44148  6004.67 3211.7 4894.31 2940.37 5181.75  669.945 361.128 555.494 339.911 594.793  
53241.4 26381.2 44480.1 26675.7 44148  5960.79 3161.73 4892.7 2939.36 5164.86  707.994 402.603 557.914 341.969 607.84  
53241.4 26381.2 44480.1 26675.7 44148  5960.79 3161.73 4892.7 2939.36 5164.86  705.961 399.434 557.259 342.337 603.682  
53241.4 26381.2 44480.1 26675.7 44148  5999.2 3203.67 4902.71 2941.95 5198.19  667.8 359.881 546.419 338.46 573.064  
53241.4 26381.2 44480.1 26675.7 44148  5986.29 3170.05 4896.63 2954.88 5126.21  686.103 398.293 552.586 326.757 642.594  
